(1, 2)
(6713281, 2)
(4, 14)
(26853124, 14)
(7, 10)
(46992967, 17)
(10, 16)
(67132810, 16)
(13, 26)
(87272653, 26)
(16, 10)
(107412496, 10)
(19, 0)
(127552339, 0)
(22, 4)
(147692182, 4)
(25, 16)
(167832025, 16)
(28, 16)
(187971868, 11)
(31, 24)
(208111711, 3)
(34, 14)
(228251554, 13)
(37, 14)
(248391397, 14)
(40, 23)
(268531240, 23)
(43, 0)
(288671083, 0)
(46, 17)
(308810926, 17)
(49, 9)
(328950769, 9)
(52, 20)
(349090612, 20)
(55, 16)
(369230455, 16)
(58, 25)
(389370298, 2)
(61, 18)
(409510141, 9)
(64, 11)
(429649984, 11)
(67, 0)
(449789827, 0)
(70, 14)
(469929670, 13)
(73, 16)
(490069513, 16)
(76, 0)
(510209356, 0)
(79, 2)
(530349199, 2)
(82, 5)
(550489042, 5)
(85, 10)
(570628885, 17)
(88, 26)
(590768728, 26)
(91, 0)
(610908571, 0)
(94, 19)
(631048414, 8)
(97, 1)
(651188257, 26)
(100, 4)
(671328100, 4)
(103, 26)
(691467943, 1)
(106, 6)
(711607786, 6)
(109, 12)
(731747629, 12)
(112, 23)
(751887472, 4)
(115, 0)
(772027315, 0)
(118, 0)
(792167158, 0)
(121, 26)
(812307001, 26)
(124, 6)
(832446844, 21)
(127, 2)
(852586687, 2)
(130, 20)
(872726530, 20)
(133, 25)
(892866373, 25)
(136, 10)
(913006216, 17)
(139, 0)
(933146059, 0)
(142, 2)
(953285902, 2)
(145, 23)
(973425745, 4)
(148, 17)
(993565588, 17)
(151, 4)
(1013705431, 4)
(154, 22)
(1033845274, 5)
(157, 18)
(1053985117, 9)
(160, 1)
(1074124960, 1)
(163, 0)
(1094264803, 0)
(166, 23)
(1114404646, 23)
(169, 5)
(1134544489, 5)
(172, 0)
(1154684332, 0)
(175, 16)
(1174824175, 11)
(178, 25)
(1194964018, 25)
(181, 10)
(1215103861, 17)
(184, 16)
(1235243704, 16)
(187, 0)
(1255383547, 0)
(190, 17)
(1275523390, 10)
(193, 13)
(1295663233, 14)
(196, 9)
(1315803076, 9)
(199, 15)
(1335942919, 12)
(202, 6)
(1356082762, 21)
(205, 2)
(1376222605, 2)
(208, 22)
(1396362448, 22)
(211, 0)
(1416502291, 0)
(214, 3)
(1436642134, 24)
(217, 11)
(1456781977, 11)
(220, 4)
(1476921820, 4)
(223, 16)
(1497061663, 11)
(226, 13)
(1517201506, 13)
(229, 22)
(1537341349, 5)
(232, 14)
(1557481192, 13)
(235, 0)
(1577621035, 0)
(238, 19)
(1597760878, 19)
(241, 18)
(1617900721, 18)
(244, 18)
(1638040564, 9)
(247, 18)
(1658180407, 9)
(250, 12)
(1678320250, 12)
(253, 4)
(1698460093, 4)
(256, 4)
(1718599936, 4)
(259, 0)
(1738739779, 0)
(262, 24)
(1758879622, 3)
(265, 17)
(1779019465, 17)
(268, 0)
(1799159308, 0)
(271, 8)
(1819299151, 8)
(274, 15)
(1839438994, 12)
(277, 9)
(1859578837, 18)
(280, 10)
(1879718680, 17)
(283, 0)
(1899858523, 0)
(286, 24)
(1919998366, 24)
(289, 16)
(1940138209, 16)
(292, 4)
(1960278052, 4)
(295, 11)
(1980417895, 11)
(298, 24)
(2000557738, 3)
(301, 14)
(2020697581, 14)
(304, 0)
(2040837424, 0)
(307, 0)
(2060977267, 0)
(310, 4)
(2081117110, 23)
(313, 17)
(2101256953, 17)
(316, 14)
(2121396796, 14)
(319, 16)
(2141536639, 11)
(322, 25)
(2161676482, 2)
(325, 20)
(2181816325, 20)
(328, 19)
(2201956168, 19)
(331, 0)
(2222096011, 0)
(334, 24)
(2242235854, 24)
(337, 11)
(2262375697, 16)
(340, 16)
(2282515540, 11)
(343, 20)
(2302655383, 7)
(346, 5)
(2322795226, 5)
(349, 2)
(2342935069, 2)
(352, 7)
(2363074912, 7)
(355, 0)
(2383214755, 0)
(358, 24)
(2403354598, 3)
(361, 24)
(2423494441, 24)
(364, 0)
(2443634284, 0)
(367, 6)
(2463774127, 6)
(370, 15)
(2483913970, 15)
(373, 19)
(2504053813, 8)
(376, 2)
(2524193656, 25)
(379, 0)
(2544333499, 0)
(382, 19)
(2564473342, 8)
(385, 2)
(2584613185, 25)
(388, 7)
(2604753028, 20)
(391, 2)
(2624892871, 25)
(394, 20)
(2645032714, 7)
(397, 3)
(2665172557, 3)
(400, 26)
(2685312400, 26)
(403, 0)
(2705452243, 0)
(406, 26)
(2725592086, 26)
(409, 19)
(2745731929, 19)
(412, 20)
(2765871772, 7)
(415, 19)
(2786011615, 19)
(418, 19)
(2806151458, 8)
(421, 4)
(2826291301, 23)
(424, 12)
(2846431144, 12)
(427, 0)
(2866570987, 0)
(430, 3)
(2886710830, 24)
(433, 24)
(2906850673, 3)
(436, 3)
(2926990516, 3)
(439, 21)
(2947130359, 6)
(442, 13)
(2967270202, 14)
(445, 5)
(2987410045, 5)
(448, 1)
(3007549888, 26)
(451, 0)
(3027689731, 0)
(454, 10)
(3047829574, 10)
(457, 17)
(3067969417, 17)
(460, 0)
(3088109260, 0)
(463, 7)
(3108249103, 20)
(466, 1)
(3128388946, 1)
(469, 19)
(3148528789, 8)
(472, 0)
(3168668632, 0)
(475, 0)
(3188808475, 0)
(478, 10)
(3208948318, 17)
(481, 25)
(3229088161, 25)
(484, 20)
(3249228004, 20)
(487, 10)
(3269367847, 17)
(490, 19)
(3289507690, 19)
(493, 18)
(3309647533, 18)
(496, 12)
(3329787376, 15)
(499, 0)
(3349927219, 0)
(502, 16)
(3370067062, 11)
(505, 20)
(3390206905, 7)
(508, 14)
(3410346748, 14)
(511, 23)
(3430486591, 4)
(514, 17)
(3450626434, 17)
(517, 0)
(3470766277, 0)
(520, 22)
(3490906120, 22)
(523, 0)
(3511045963, 0)
(526, 21)
(3531185806, 21)
(529, 5)
(3551325649, 5)
(532, 13)
(3571465492, 13)
(535, 23)
(3591605335, 4)
(538, 2)
(3611745178, 2)
(541, 25)
(3631885021, 2)
(544, 11)
(3652024864, 16)
(547, 0)
(3672164707, 0)
(550, 1)
(3692304550, 1)
(553, 2)
(3712444393, 25)
(556, 0)
(3732584236, 0)
(559, 13)
(3752724079, 14)
(562, 16)
(3772863922, 16)
(565, 21)
(3793003765, 21)
(568, 13)
(3813143608, 13)
(571, 0)
(3833283451, 0)
(574, 5)
(3853423294, 22)
(577, 14)
(3873563137, 14)
(580, 26)
(3893702980, 1)
(583, 5)
(3913842823, 5)
(586, 21)
(3933982666, 21)
(589, 1)
(3954122509, 1)
(592, 16)
(3974262352, 16)
(595, 0)
(3994402195, 0)
(598, 19)
(4014542038, 19)
(601, 20)
(4034681881, 20)
(604, 1)
(4054821724, 1)
(607, 19)
(4074961567, 19)
(610, 9)
(4095101410, 18)
(613, 19)
(4115241253, 19)
(616, 8)
(4135381096, 19)
(619, 0)
(4155520939, 0)
(622, 0)
(4175660782, 0)
(625, 23)
(4195800625, 23)
(628, 18)
(4215940468, 9)
(631, 22)
(4236080311, 5)
(634, 4)
(4256220154, 23)
(637, 14)
(4276359997, 14)
(640, 20)
(4296499840, 20)
(643, 0)
(4316639683, 0)
(646, 26)
(4336779526, 26)
(649, 20)
(4356919369, 20)
(652, 0)
(4377059212, 0)
(655, 15)
(4397199055, 12)
(658, 4)
(4417338898, 4)
(661, 3)
(4437478741, 3)
(664, 1)
(4457618584, 1)
(667, 0)
(4477758427, 0)
(670, 6)
(4497898270, 6)
(673, 21)
(4518038113, 6)
(676, 8)
(4538177956, 8)
(679, 24)
(4558317799, 24)
(682, 3)
(4578457642, 24)
(685, 9)
(4598597485, 18)
(688, 0)
(4618737328, 0)
(691, 0)
(4638877171, 0)
(694, 2)
(4659017014, 2)
(697, 5)
(4679156857, 22)
(700, 4)
(4699296700, 23)
(703, 23)
(4719436543, 4)
(706, 6)
(4739576386, 6)
(709, 10)
(4759716229, 10)
(712, 14)
(4779856072, 14)
(715, 0)
(4799995915, 0)
(718, 6)
(4820135758, 6)
(721, 22)
(4840275601, 22)
(724, 16)
(4860415444, 11)
(727, 19)
(4880555287, 8)
(730, 15)
(4900695130, 15)
(733, 26)
(4920834973, 1)
(736, 23)
(4940974816, 23)
(739, 0)
(4961114659, 0)
(742, 4)
(4981254502, 23)
(745, 25)
(5001394345, 2)
(748, 0)
(5021534188, 0)
(751, 15)
(5041674031, 12)
(754, 13)
(5061813874, 14)
(757, 10)
(5081953717, 17)
(760, 16)
(5102093560, 11)
(763, 0)
(5122233403, 0)
(766, 24)
(5142373246, 3)
(769, 2)
(5162513089, 25)
(772, 10)
(5182652932, 17)
(775, 3)
(5202792775, 24)
(778, 16)
(5222932618, 11)
(781, 11)
(5243072461, 11)
(784, 18)
(5263212304, 18)
(787, 0)
(5283352147, 0)
(790, 17)
(5303491990, 17)
(793, 23)
(5323631833, 4)
(796, 24)
(5343771676, 3)
(799, 16)
(5363911519, 16)
(802, 9)
(5384051362, 18)
(805, 10)
(5404191205, 17)
(808, 12)
(5424331048, 15)
(811, 0)
(5444470891, 0)
(814, 24)
(5464610734, 24)
(817, 15)
(5484750577, 15)
(820, 14)
(5504890420, 14)
(823, 3)
(5525030263, 3)
(826, 9)
(5545170106, 18)
(829, 16)
(5565309949, 11)
(832, 8)
(5585449792, 8)
(835, 0)
(5605589635, 0)
(838, 19)
(5625729478, 19)
(841, 7)
(5645869321, 7)
(844, 0)
(5666009164, 0)
(847, 8)
(5686149007, 19)
(850, 4)
(5706288850, 23)
(853, 22)
(5726428693, 5)
(856, 6)
(5746568536, 21)
(859, 0)
(5766708379, 0)
(862, 16)
(5786848222, 11)
(865, 10)
(5806988065, 10)
(868, 23)
(5827127908, 23)
(871, 16)
(5847267751, 16)
(874, 16)
(5867407594, 11)
(877, 7)
(5887547437, 7)
(880, 26)
(5907687280, 26)
(883, 0)
(5927827123, 0)
(886, 9)
(5947966966, 9)
(889, 22)
(5968106809, 5)
(892, 4)
(5988246652, 23)
(895, 1)
(6008386495, 26)
(898, 24)
(6028526338, 3)
(901, 21)
(6048666181, 6)
(904, 17)
(6068806024, 17)
(907, 0)
(6088945867, 0)
(910, 23)
(6109085710, 4)
(913, 6)
(6129225553, 6)
(916, 19)
(6149365396, 8)
(919, 19)
(6169505239, 19)
(922, 21)
(6189645082, 6)
(925, 17)
(6209784925, 17)
(928, 10)
(6229924768, 17)
(931, 0)
(6250064611, 0)
(934, 7)
(6270204454, 20)
(937, 2)
(6290344297, 2)
(940, 0)
(6310484140, 0)
(943, 16)
(6330623983, 16)
(946, 5)
(6350763826, 22)
(949, 12)
(6370903669, 12)
(952, 2)
(6391043512, 2)
(955, 0)
(6411183355, 0)
(958, 26)
(6431323198, 1)
(961, 21)
(6451463041, 21)
(964, 18)
(6471602884, 18)
(967, 20)
(6491742727, 7)
(970, 9)
(6511882570, 18)
(973, 18)
(6532022413, 18)
(976, 9)
(6552162256, 18)
(979, 0)
(6572302099, 0)
(982, 23)
(6592441942, 23)
(985, 12)
(6612581785, 15)
(988, 18)
(6632721628, 9)
(991, 23)
(6652861471, 4)
(994, 2)
(6673001314, 25)
(997, 11)
(6693141157, 11)
(1000, 24)
(6713281000, 24)
(1003, 0)
(6733420843, 0)
(1006, 19)
(6753560686, 19)
(1009, 17)
(6773700529, 17)
(1012, 1)
(6793840372, 1)
(1015, 7)
(6813980215, 7)
(1018, 3)
(6834120058, 24)
(1021, 7)
(6854259901, 7)
(1024, 26)
(6874399744, 26)
(1027, 0)
(6894539587, 0)
(1030, 9)
(6914679430, 18)
(1033, 6)
(6934819273, 6)
(1036, 0)
(6954959116, 0)
(1039, 11)
(6975098959, 11)
(1042, 18)
(6995238802, 9)
(1045, 16)
(7015378645, 11)
(1048, 21)
(7035518488, 6)
(1051, 0)
(7055658331, 0)
(1054, 23)
(7075798174, 23)
(1057, 7)
(7095938017, 20)
(1060, 11)
(7116077860, 11)
(1063, 25)
(7136217703, 25)
(1066, 19)
(7156357546, 19)
(1069, 3)
(7176497389, 24)
(1072, 0)
(7196637232, 0)
(1075, 0)
(7216777075, 0)
(1078, 18)
(7236916918, 18)
(1081, 7)
(7257056761, 20)
(1084, 2)
(7277196604, 2)
(1087, 3)
(7297336447, 3)
(1090, 12)
(7317476290, 12)
(1093, 10)
(7337616133, 17)
(1096, 3)
(7357755976, 24)
(1099, 0)
(7377895819, 0)
(1102, 25)
(7398035662, 25)
(1105, 25)
(7418175505, 2)
(1108, 9)
(7438315348, 18)
(1111, 22)
(7458455191, 5)
(1114, 14)
(7478595034, 13)
(1117, 14)
(7498734877, 13)
(1120, 11)
(7518874720, 16)
(1123, 0)
(7539014563, 0)
(1126, 5)
(7559154406, 22)
(1129, 10)
(7579294249, 17)
(1132, 0)
(7599434092, 0)
(1135, 21)
(7619573935, 21)
(1138, 9)
(7639713778, 9)
(1141, 15)
(7659853621, 15)
(1144, 21)
(7679993464, 21)
(1147, 0)
(7700133307, 0)
(1150, 1)
(7720273150, 1)
(1153, 1)
(7740412993, 1)
(1156, 4)
(7760552836, 4)
(1159, 22)
(7780692679, 22)
(1162, 21)
(7800832522, 6)
(1165, 20)
(7820972365, 20)
(1168, 26)
(7841112208, 26)
(1171, 0)
(7861252051, 0)
(1174, 24)
(7881391894, 3)
(1177, 18)
(7901531737, 9)
(1180, 23)
(7921671580, 23)
(1183, 24)
(7941811423, 3)
(1186, 24)
(7961951266, 3)
(1189, 20)
(7982091109, 7)
(1192, 21)
(8002230952, 6)
(1195, 0)
(8022370795, 0)
(1198, 3)
(8042510638, 24)
(1201, 16)
(8062650481, 16)
(1204, 17)
(8082790324, 17)
(1207, 9)
(8102930167, 18)
(1210, 2)
(8123070010, 2)
(1213, 22)
(8143209853, 5)
(1216, 0)
(8163349696, 0)
(1219, 0)
(8183489539, 0)
(1222, 0)
(8203629382, 0)
(1225, 18)
(8223769225, 18)
(1228, 0)
(8243909068, 0)
(1231, 12)
(8264048911, 12)
(1234, 12)
(8284188754, 15)
(1237, 8)
(8304328597, 19)
(1240, 26)
(8324468440, 1)
(1243, 0)
(8344608283, 0)
(1246, 17)
(8364748126, 10)
(1249, 8)
(8384887969, 8)
(1252, 11)
(8405027812, 11)
(1255, 9)
(8425167655, 18)
(1258, 9)
(8445307498, 18)
(1261, 23)
(8465447341, 4)
(1264, 10)
(8485587184, 10)
(1267, 0)
(8505727027, 0)
(1270, 4)
(8525866870, 4)
(1273, 17)
(8546006713, 10)
(1276, 4)
(8566146556, 23)
(1279, 5)
(8586286399, 22)
(1282, 21)
(8606426242, 6)
(1285, 15)
(8626566085, 15)
(1288, 14)
(8646705928, 13)
(1291, 0)
(8666845771, 0)
(1294, 26)
(8686985614, 1)
(1297, 3)
(8707125457, 3)
(1300, 5)
(8727265300, 5)
(1303, 17)
(8747405143, 17)
(1306, 9)
(8767544986, 18)
(1309, 15)
(8787684829, 15)
(1312, 2)
(8807824672, 2)
(1315, 0)
(8827964515, 0)
(1318, 11)
(8848104358, 11)
(1321, 24)
(8868244201, 3)
(1324, 0)
(8888384044, 0)
(1327, 9)
(8908523887, 18)
(1330, 21)
(8928663730, 21)
(1333, 8)
(8948803573, 8)
(1336, 21)
(8968943416, 21)
(1339, 0)
(8989083259, 0)
(1342, 16)
(9009223102, 11)
(1345, 7)
(9029362945, 7)
(1348, 23)
(9049502788, 4)
(1351, 6)
(9069642631, 6)
(1354, 2)
(9089782474, 2)
(1357, 4)
(9109922317, 4)
(1360, 23)
(9130062160, 4)
(1363, 0)
(9150202003, 0)
(1366, 24)
(9170341846, 3)
(1369, 2)
(9190481689, 2)
(1372, 5)
(9210621532, 22)
(1375, 12)
(9230761375, 12)
(1378, 19)
(9250901218, 19)
(1381, 26)
(9271041061, 1)
(1384, 19)
(9291180904, 19)
(1387, 0)
(9311320747, 0)
(1390, 22)
(9331460590, 5)
(1393, 13)
(9351600433, 13)
(1396, 14)
(9371740276, 14)
(1399, 9)
(9391880119, 9)
(1402, 10)
(9412019962, 10)
(1405, 3)
(9432159805, 3)
(1408, 5)
(9452299648, 5)
(1411, 0)
(9472439491, 0)
(1414, 26)
(9492579334, 26)
(1417, 1)
(9512719177, 1)
(1420, 0)
(9532859020, 0)
(1423, 18)
(9552998863, 9)
(1426, 19)
(9573138706, 8)
(1429, 1)
(9593278549, 1)
(1432, 21)
(9613418392, 6)
(1435, 0)
(9633558235, 0)
(1438, 23)
(9653698078, 4)
(1441, 4)
(9673837921, 23)
(1444, 6)
(9693977764, 6)
(1447, 2)
(9714117607, 25)
(1450, 13)
(9734257450, 14)
(1453, 11)
(9754397293, 16)
(1456, 0)
(9774537136, 0)
(1459, 0)
(9794676979, 0)
(1462, 11)
(9814816822, 11)
(1465, 7)
(9834956665, 7)
(1468, 15)
(9855096508, 15)
(1471, 2)
(9875236351, 2)
(1474, 26)
(9895376194, 26)
(1477, 13)
(9915516037, 13)
(1480, 3)
(9935655880, 3)
(1483, 0)
(9955795723, 0)
(1486, 25)
(9975935566, 25)
(1489, 8)
(9996075409, 19)
(1492, 25)
(10016215252, 2)
(1495, 23)
(10036355095, 23)
(1498, 23)
(10056494938, 23)
(1501, 15)
(10076634781, 12)
(1504, 13)
(10096774624, 14)
(1507, 0)
(10116914467, 0)
(1510, 26)
(10137054310, 26)
(1513, 22)
(10157194153, 5)
(1516, 0)
(10177333996, 0)
(1519, 15)
(10197473839, 12)
(1522, 25)
(10217613682, 25)
(1525, 9)
(10237753525, 18)
(1528, 2)
(10257893368, 25)
(1531, 0)
(10278033211, 0)
(1534, 22)
(10298173054, 22)
(1537, 16)
(10318312897, 11)
(1540, 14)
(10338452740, 13)
(1543, 1)
(10358592583, 1)
(1546, 2)
(10378732426, 2)
(1549, 6)
(10398872269, 6)
(1552, 5)
(10419012112, 22)
(1555, 0)
(10439151955, 0)
(1558, 12)
(10459291798, 15)
(1561, 11)
(10479431641, 11)
(1564, 14)
(10499571484, 13)
(1567, 6)
(10519711327, 21)
(1570, 7)
(10539851170, 20)
(1573, 10)
(10559991013, 10)
(1576, 22)
(10580130856, 5)
(1579, 0)
(10600270699, 0)
(1582, 23)
(10620410542, 4)
(1585, 21)
(10640550385, 6)
(1588, 21)
(10660690228, 21)
(1591, 13)
(10680830071, 14)
(1594, 17)
(10700969914, 10)
(1597, 20)
(10721109757, 20)
(1600, 7)
(10741249600, 7)
(1603, 0)
(10761389443, 0)
(1606, 26)
(10781529286, 26)
(1609, 10)
(10801669129, 17)
(1612, 0)
(10821808972, 0)
(1615, 12)
(10841948815, 12)
(1618, 3)
(10862088658, 24)
(1621, 12)
(10882228501, 12)
(1624, 7)
(10902368344, 7)
(1627, 0)
(10922508187, 0)
(1630, 23)
(10942648030, 4)
(1633, 4)
(10962787873, 4)
(1636, 25)
(10982927716, 25)
(1639, 22)
(11003067559, 5)
(1642, 16)
(11023207402, 11)
(1645, 22)
(11043347245, 22)
(1648, 22)
(11063487088, 5)
(1651, 0)
(11083626931, 0)
(1654, 8)
(11103766774, 19)
(1657, 16)
(11123906617, 16)
(1660, 25)
(11144046460, 25)
(1663, 26)
(11164186303, 26)
(1666, 20)
(11184326146, 7)
(1669, 14)
(11204465989, 14)
(1672, 2)
(11224605832, 25)
(1675, 0)
(11244745675, 0)
(1678, 10)
(11264885518, 17)
(1681, 16)
(11285025361, 16)
(1684, 1)
(11305165204, 26)
(1687, 3)
(11325305047, 24)
(1690, 13)
(11345444890, 13)
(1693, 13)
(11365584733, 13)
(1696, 24)
(11385724576, 24)
(1699, 0)
(11405864419, 0)
(1702, 22)
(11426004262, 22)
(1705, 19)
(11446144105, 8)
(1708, 0)
(11466283948, 0)
(1711, 10)
(11486423791, 17)
(1714, 7)
(11506563634, 20)
(1717, 25)
(11526703477, 25)
(1720, 6)
(11546843320, 21)
(1723, 0)
(11566983163, 0)
(1726, 9)
(11587123006, 18)
(1729, 3)
(11607262849, 3)
(1732, 6)
(11627402692, 21)
(1735, 5)
(11647542535, 5)
(1738, 5)
(11667682378, 5)
(1741, 17)
(11687822221, 17)
(1744, 6)
(11707962064, 6)
(1747, 0)
(11728101907, 0)
(1750, 24)
(11748241750, 3)
(1753, 2)
(11768381593, 25)
(1756, 12)
(11788521436, 15)
(1759, 24)
(11808661279, 3)
(1762, 9)
(11828801122, 9)
(1765, 2)
(11848940965, 2)
(1768, 17)
(11869080808, 10)
(1771, 0)
(11889220651, 0)
(1774, 19)
(11909360494, 8)
(1777, 6)
(11929500337, 21)
(1780, 8)
(11949640180, 8)
(1783, 23)
(11969780023, 23)
(1786, 22)
(11989919866, 22)
(1789, 20)
(12010059709, 20)
(1792, 20)
(12030199552, 7)
(1795, 0)
(12050339395, 0)
(1798, 7)
(12070479238, 7)
(1801, 4)
(12090619081, 23)
(1804, 0)
(12110758924, 0)
(1807, 3)
(12130898767, 24)
(1810, 16)
(12151038610, 11)
(1813, 9)
(12171178453, 9)
(1816, 11)
(12191318296, 11)
(1819, 0)
(12211458139, 0)
(1822, 17)
(12231597982, 17)
(1825, 4)
(12251737825, 4)
(1828, 11)
(12271877668, 11)
(1831, 19)
(12292017511, 19)
(1834, 6)
(12312157354, 6)
(1837, 0)
(12332297197, 0)
(1840, 0)
(12352437040, 0)
(1843, 0)
(12372576883, 0)
(1846, 11)
(12392716726, 11)
(1849, 9)
(12412856569, 9)
(1852, 22)
(12432996412, 5)
(1855, 19)
(12453136255, 8)
(1858, 25)
(12473276098, 25)
(1861, 11)
(12493415941, 16)
(1864, 20)
(12513555784, 20)
(1867, 0)
(12533695627, 0)
(1870, 11)
(12553835470, 16)
(1873, 24)
(12573975313, 3)
(1876, 25)
(12594115156, 2)
(1879, 12)
(12614254999, 15)
(1882, 24)
(12634394842, 3)
(1885, 4)
(12654534685, 23)
(1888, 0)
(12674674528, 0)
(1891, 0)
(12694814371, 0)
(1894, 0)
(12714954214, 0)
(1897, 1)
(12735094057, 26)
(1900, 0)
(12755233900, 0)
(1903, 16)
(12775373743, 16)
(1906, 10)
(12795513586, 10)
(1909, 4)
(12815653429, 4)
(1912, 11)
(12835793272, 16)
(1915, 0)
(12855933115, 0)
(1918, 11)
(12876072958, 11)
(1921, 16)
(12896212801, 11)
(1924, 13)
(12916352644, 13)
(1927, 6)
(12936492487, 21)
(1930, 4)
(12956632330, 23)
(1933, 12)
(12976772173, 15)
(1936, 22)
(12996912016, 22)
(1939, 0)
(13017051859, 0)
(1942, 23)
(13037191702, 4)
(1945, 4)
(13057331545, 23)
(1948, 16)
(13077471388, 11)
(1951, 18)
(13097611231, 9)
(1954, 23)
(13117751074, 4)
(1957, 13)
(13137890917, 13)
(1960, 2)
(13158030760, 2)
(1963, 0)
(13178170603, 0)
(1966, 6)
(13198310446, 21)
(1969, 26)
(13218450289, 1)
(1972, 18)
(13238590132, 18)
(1975, 16)
(13258729975, 16)
(1978, 12)
(13278869818, 15)
(1981, 8)
(13299009661, 8)
(1984, 24)
(13319149504, 3)
(1987, 0)
(13339289347, 0)
(1990, 3)
(13359429190, 24)
(1993, 0)
(13379569033, 0)
(1996, 0)
(13399708876, 0)
(1999, 21)
(13419848719, 6)
(2002, 20)
(13439988562, 7)
(2005, 14)
(13460128405, 13)
(2008, 23)
(13480268248, 4)
(2011, 0)
(13500408091, 0)
(2014, 3)
(13520547934, 24)
(2017, 9)
(13540687777, 9)
(2020, 5)
(13560827620, 22)
(2023, 10)
(13580967463, 17)
(2026, 2)
(13601107306, 25)
(2029, 19)
(13621247149, 8)
(2032, 10)
(13641386992, 10)
(2035, 0)
(13661526835, 0)
(2038, 12)
(13681666678, 12)
(2041, 14)
(13701806521, 13)
(2044, 26)
(13721946364, 1)
(2047, 18)
(13742086207, 18)
(2050, 8)
(13762226050, 8)
(2053, 15)
(13782365893, 12)
(2056, 16)
(13802505736, 16)
(2059, 0)
(13822645579, 0)
(2062, 15)
(13842785422, 12)
(2065, 12)
(13862925265, 15)
(2068, 0)
(13883065108, 0)
(2071, 9)
(13903204951, 18)
(2074, 22)
(13923344794, 22)
(2077, 22)
(13943484637, 5)
(2080, 8)
(13963624480, 8)
(2083, 0)
(13983764323, 0)
(2086, 24)
(14003904166, 24)
(2089, 8)
(14024044009, 8)
(2092, 0)
(14044183852, 0)
(2095, 1)
(14064323695, 1)
(2098, 24)
(14084463538, 3)
(2101, 11)
(14104603381, 16)
(2104, 15)
(14124743224, 15)
(2107, 0)
(14144883067, 0)
(2110, 20)
(14165022910, 7)
(2113, 19)
(14185162753, 19)
(2116, 8)
(14205302596, 8)
(2119, 16)
(14225442439, 11)
(2122, 15)
(14245582282, 15)
(2125, 21)
(14265722125, 6)
(2128, 17)
(14285861968, 17)
(2131, 0)
(14306001811, 0)
(2134, 7)
(14326141654, 20)
(2137, 1)
(14346281497, 26)
(2140, 26)
(14366421340, 1)
(2143, 16)
(14386561183, 16)
(2146, 5)
(14406701026, 22)
(2149, 1)
(14426840869, 1)
(2152, 13)
(14446980712, 13)
(2155, 0)
(14467120555, 0)
(2158, 7)
(14487260398, 7)
(2161, 3)
(14507400241, 3)
(2164, 13)
(14527540084, 14)
(2167, 24)
(14547679927, 3)
(2170, 26)
(14567819770, 26)
(2173, 17)
(14587959613, 17)
(2176, 4)
(14608099456, 23)
(2179, 0)
(14628239299, 0)
(2182, 26)
(14648379142, 1)
(2185, 0)
(14668518985, 0)
(2188, 0)
(14688658828, 0)
(2191, 18)
(14708798671, 9)
(2194, 1)
(14728938514, 26)
(2197, 7)
(14749078357, 7)
(2200, 20)
(14769218200, 20)
(2203, 0)
(14789358043, 0)
(2206, 4)
(14809497886, 4)
(2209, 8)
(14829637729, 8)
(2212, 14)
(14849777572, 13)
(2215, 19)
(14869917415, 19)
(2218, 13)
(14890057258, 13)
(2221, 3)
(14910197101, 24)
(2224, 0)
(14930336944, 0)
(2227, 0)
(14950476787, 0)
(2230, 22)
(14970616630, 5)
(2233, 25)
(14990756473, 25)
(2236, 10)
(15010896316, 17)
(2239, 11)
(15031036159, 16)
(2242, 11)
(15051176002, 16)
(2245, 26)
(15071315845, 1)
(2248, 23)
(15091455688, 23)
(2251, 0)
(15111595531, 0)
(2254, 9)
(15131735374, 9)
(2257, 24)
(15151875217, 3)
(2260, 12)
(15172015060, 12)
(2263, 13)
(15192154903, 14)
(2266, 15)
(15212294746, 12)
(2269, 6)
(15232434589, 6)
(2272, 17)
(15252574432, 17)
(2275, 0)
(15272714275, 0)
(2278, 18)
(15292854118, 9)
(2281, 2)
(15312993961, 2)
(2284, 0)
(15333133804, 0)
(2287, 11)
(15353273647, 11)
(2290, 25)
(15373413490, 2)
(2293, 26)
(15393553333, 26)
(2296, 19)
(15413693176, 8)
(2299, 0)
(15433833019, 0)
(2302, 8)
(15453972862, 19)
(2305, 15)
(15474112705, 12)
(2308, 17)
(15494252548, 17)
(2311, 23)
(15514392391, 23)
(2314, 5)
(15534532234, 5)
(2317, 0)
(15554672077, 0)
(2320, 7)
(15574811920, 20)
(2323, 0)
(15594951763, 0)
(2326, 23)
(15615091606, 4)
(2329, 8)
(15635231449, 8)
(2332, 8)
(15655371292, 8)
(2335, 11)
(15675511135, 16)
(2338, 21)
(15695650978, 6)
(2341, 21)
(15715790821, 6)
(2344, 15)
(15735930664, 15)
(2347, 0)
(15756070507, 0)
(2350, 17)
(15776210350, 10)
(2353, 10)
(15796350193, 17)
(2356, 7)
(15816490036, 7)
(2359, 16)
(15836629879, 16)
(2362, 7)
(15856769722, 7)
(2365, 14)
(15876909565, 13)
(2368, 23)
(15897049408, 23)
(2371, 0)
(15917189251, 0)
(2374, 5)
(15937329094, 22)
(2377, 16)
(15957468937, 16)
(2380, 0)
(15977608780, 0)
(2383, 17)
(15997748623, 10)
(2386, 19)
(16017888466, 8)
(2389, 7)
(16038028309, 7)
(2392, 2)
(16058168152, 2)
(2395, 0)
(16078307995, 0)
(2398, 25)
(16098447838, 25)
(2401, 25)
(16118587681, 25)
(2404, 5)
(16138727524, 5)
(2407, 8)
(16158867367, 19)
(2410, 8)
(16179007210, 8)
(2413, 24)
(16199147053, 3)
(2416, 20)
(16219286896, 20)
(2419, 0)
(16239426739, 0)
(2422, 1)
(16259566582, 26)
(2425, 7)
(16279706425, 20)
(2428, 25)
(16299846268, 25)
(2431, 10)
(16319986111, 17)
(2434, 25)
(16340125954, 25)
(2437, 18)
(16360265797, 18)
(2440, 18)
(16380405640, 9)
(2443, 0)
(16400545483, 0)
(2446, 8)
(16420685326, 8)
(2449, 19)
(16440825169, 8)
(2452, 25)
(16460965012, 25)
(2455, 4)
(16481104855, 4)
(2458, 15)
(16501244698, 12)
(2461, 3)
(16521384541, 24)
(2464, 25)
(16541524384, 2)
(2467, 0)
(16561664227, 0)
(2470, 7)
(16581804070, 20)
(2473, 26)
(16601943913, 1)
(2476, 0)
(16622083756, 0)
(2479, 15)
(16642223599, 15)
(2482, 0)
(16662363442, 0)
(2485, 15)
(16682503285, 12)
(2488, 0)
(16702643128, 0)
(2491, 0)
(16722782971, 0)
(2494, 10)
(16742922814, 10)
(2497, 25)
(16763062657, 25)
(2500, 26)
(16783202500, 26)
(2503, 12)
(16803342343, 15)
(2506, 7)
(16823482186, 7)
(2509, 10)
(16843622029, 17)
(2512, 9)
(16863761872, 18)
(2515, 0)
(16883901715, 0)
(2518, 3)
(16904041558, 24)
(2521, 8)
(16924181401, 8)
(2524, 19)
(16944321244, 8)
(2527, 12)
(16964461087, 15)
(2530, 15)
(16984600930, 15)
(2533, 13)
(17004740773, 13)
(2536, 26)
(17024880616, 1)
(2539, 0)
(17045020459, 0)
(2542, 2)
(17065160302, 25)
(2545, 9)
(17085300145, 18)
(2548, 17)
(17105439988, 17)
(2551, 8)
(17125579831, 19)
(2554, 4)
(17145719674, 23)
(2557, 12)
(17165859517, 12)
(2560, 22)
(17185999360, 22)
(2563, 0)
(17206139203, 0)
(2566, 21)
(17226279046, 6)
(2569, 11)
(17246418889, 16)
(2572, 0)
(17266558732, 0)
(2575, 20)
(17286698575, 7)
(2578, 26)
(17306838418, 1)
