(2, 4)
(46060802, 4)
(3, 8)
(69091203, 8)
(7, 14)
(161212807, 11)
(8, 0)
(184243208, 0)
(12, 4)
(276364812, 4)
(13, 3)
(299395213, 22)
(17, 14)
(391516817, 11)
(18, 23)
(414547218, 23)
(22, 13)
(506668822, 12)
(23, 3)
(529699223, 3)
(27, 8)
(621820827, 8)
(28, 18)
(644851228, 7)
(32, 12)
(736972832, 12)
(33, 6)
(760003233, 19)
(37, 17)
(852124837, 17)
(38, 11)
(875155238, 14)
(42, 21)
(967276842, 4)
(43, 14)
(990307243, 14)
(47, 5)
(1082428847, 5)
(48, 24)
(1105459248, 24)
(52, 0)
(1197580852, 0)
(53, 4)
(1220611253, 4)
(57, 19)
(1312732857, 6)
(58, 22)
(1335763258, 3)
(62, 12)
(1427884862, 13)
(63, 10)
(1450915263, 15)
(67, 1)
(1543036867, 1)
(68, 0)
(1566067268, 0)
(72, 0)
(1658188872, 0)
(73, 11)
(1681219273, 11)
(77, 23)
(1773340877, 23)
(78, 4)
(1796371278, 21)
(82, 21)
(1888492882, 21)
(83, 22)
(1911523283, 3)
(87, 19)
(2003644887, 6)
(88, 0)
(2026675288, 0)
(92, 11)
(2118796892, 11)
(93, 16)
(2141827293, 9)
(97, 24)
(2233948897, 1)
(98, 14)
(2256979298, 14)
(102, 21)
(2349100902, 4)
(103, 15)
(2372131303, 10)
(107, 13)
(2464252907, 13)
(108, 4)
(2487283308, 4)
(112, 24)
(2579404912, 1)
(113, 12)
(2602435313, 12)
(117, 20)
(2694556917, 5)
(118, 6)
(2717587318, 19)
(122, 20)
(2809708922, 20)
(123, 3)
(2832739323, 3)
(127, 20)
(2924860927, 5)
(128, 19)
(2947891328, 19)
(132, 0)
(3040012932, 0)
(133, 6)
(3063043333, 6)
(137, 8)
(3155164937, 8)
(138, 23)
(3178195338, 23)
(142, 6)
(3270316942, 6)
(143, 5)
(3293347343, 5)
(147, 19)
(3385468947, 19)
(148, 0)
(3408499348, 0)
(152, 0)
(3500620952, 0)
(153, 18)
(3523651353, 7)
(157, 1)
(3615772957, 1)
(158, 23)
(3638803358, 23)
(162, 21)
(3730924962, 21)
(163, 9)
(3753955363, 9)
(167, 19)
(3846076967, 19)
(168, 0)
(3869107368, 0)
(172, 7)
(3961228972, 7)
(173, 21)
(3984259373, 4)
(177, 19)
(4076380977, 6)
(178, 3)
(4099411378, 22)
(182, 18)
(4191532982, 18)
(183, 18)
(4214563383, 18)
(187, 2)
(4306684987, 2)
(188, 10)
(4329715388, 10)
(192, 0)
(4421836992, 0)
(193, 6)
(4444867393, 19)
(197, 5)
(4536988997, 20)
(198, 20)
(4560019398, 5)
(202, 14)
(4652141002, 14)
(203, 11)
(4675171403, 11)
(207, 11)
(4767293007, 11)
(208, 16)
(4790323408, 9)
(212, 0)
(4882445012, 0)
(213, 7)
(4905475413, 7)
(217, 13)
(4997597017, 13)
(218, 15)
(5020627418, 15)
(222, 13)
(5112749022, 13)
(223, 17)
(5135779423, 8)
(227, 20)
(5227901027, 20)
(228, 0)
(5250931428, 0)
(232, 0)
(5343053032, 0)
(233, 3)
(5366083433, 22)
(237, 7)
(5458205037, 7)
(238, 8)
(5481235438, 8)
(242, 14)
(5573357042, 14)
(243, 4)
(5596387443, 4)
(247, 9)
(5688509047, 9)
(248, 0)
(5711539448, 0)
(252, 20)
(5803661052, 5)
(253, 21)
(5826691453, 4)
(257, 1)
(5918813057, 1)
(258, 3)
(5941843458, 3)
(262, 4)
(6033965062, 4)
(263, 18)
(6056995463, 18)
(267, 12)
(6149117067, 13)
(268, 13)
(6172147468, 13)
(272, 8)
(6264269072, 17)
(273, 22)
(6287299473, 22)
(277, 11)
(6379421077, 11)
(278, 14)
(6402451478, 14)
(282, 17)
(6494573082, 17)
(283, 7)
(6517603483, 18)
(287, 1)
(6609725087, 24)
(288, 19)
(6632755488, 19)
(292, 0)
(6724877092, 0)
(293, 2)
(6747907493, 23)
(297, 6)
(6840029097, 19)
(298, 1)
(6863059498, 1)
(302, 23)
(6955181102, 2)
(303, 15)
(6978211503, 15)
(307, 13)
(7070333107, 13)
(308, 0)
(7093363508, 0)
(312, 0)
(7185485112, 0)
(313, 12)
(7208515513, 12)
(317, 5)
(7300637117, 5)
(318, 12)
(7323667518, 12)
(322, 17)
(7415789122, 8)
(323, 6)
(7438819523, 6)
(327, 8)
(7530941127, 8)
(328, 0)
(7553971528, 0)
(332, 11)
(7646093132, 14)
(333, 5)
(7669123533, 5)
(337, 23)
(7761245137, 23)
(338, 0)
(7784275538, 0)
(342, 7)
(7876397142, 18)
(343, 13)
(7899427543, 12)
(347, 15)
(7991549147, 15)
(348, 3)
(8014579548, 22)
(352, 14)
(8106701152, 11)
(353, 14)
(8129731553, 11)
(357, 3)
(8221853157, 3)
(358, 6)
(8244883558, 19)
(362, 7)
(8337005162, 18)
(363, 24)
(8360035563, 24)
(367, 16)
(8452157167, 9)
(368, 23)
(8475187568, 23)
(372, 0)
(8567309172, 0)
(373, 5)
(8590339573, 20)
(377, 1)
(8682461177, 1)
(378, 21)
(8705491578, 4)
(382, 2)
(8797613182, 23)
(383, 2)
(8820643583, 23)
(387, 10)
(8912765187, 10)
(388, 0)
(8935795588, 0)
(392, 0)
(9027917192, 0)
(393, 3)
(9050947593, 3)
(397, 11)
(9143069197, 11)
(398, 10)
(9166099598, 15)
(402, 24)
(9258221202, 24)
(403, 8)
(9281251603, 8)
(407, 24)
(9373373207, 1)
(408, 0)
(9396403608, 0)
(412, 5)
(9488525212, 20)
(413, 10)
(9511555613, 10)
(417, 12)
(9603677217, 12)
(418, 8)
(9626707618, 8)
(422, 15)
(9718829222, 15)
(423, 10)
(9741859623, 10)
(427, 22)
(9833981227, 3)
(428, 19)
(9857011628, 19)
(432, 24)
(9949133232, 24)
(433, 18)
(9972163633, 18)
(437, 0)
(10064285237, 0)
(438, 23)
(10087315638, 23)
(442, 17)
(10179437242, 17)
(443, 0)
(10202467643, 0)
(447, 16)
(10294589247, 16)
(448, 17)
(10317619648, 8)
(452, 0)
(10409741252, 0)
(453, 18)
(10432771653, 7)
(457, 13)
(10524893257, 13)
(458, 6)
(10547923658, 19)
(462, 22)
(10640045262, 22)
(463, 22)
(10663075663, 3)
(467, 12)
(10755197267, 13)
(468, 0)
(10778227668, 0)
(472, 0)
(10870349272, 0)
(473, 3)
(10893379673, 22)
(477, 23)
(10985501277, 23)
(478, 8)
(11008531678, 8)
(482, 5)
(11100653282, 20)
(483, 11)
(11123683683, 14)
(487, 3)
(11215805287, 3)
(488, 0)
(11238835688, 0)
(492, 14)
(11330957292, 14)
(493, 23)
(11353987693, 23)
(497, 9)
(11446109297, 16)
(498, 23)
(11469139698, 2)
(502, 11)
(11561261302, 11)
(503, 1)
(11584291703, 1)
(507, 11)
(11676413307, 11)
(508, 15)
(11699443708, 10)
(512, 14)
(11791565312, 14)
(513, 19)
(11814595713, 6)
(517, 17)
(11906717317, 8)
(518, 11)
(11929747718, 14)
(522, 5)
(12021869322, 20)
(523, 20)
(12044899723, 5)
(527, 12)
(12137021327, 12)
(528, 7)
(12160051728, 18)
(532, 0)
(12252173332, 0)
(533, 3)
(12275203733, 22)
(537, 12)
(12367325337, 13)
(538, 10)
(12390355738, 10)
(542, 11)
(12482477342, 11)
(543, 2)
(12505507743, 23)
(547, 18)
(12597629347, 7)
(548, 0)
(12620659748, 0)
(552, 0)
(12712781352, 0)
(553, 12)
(12735811753, 13)
(557, 13)
(12827933357, 13)
(558, 19)
(12850963758, 6)
(562, 22)
(12943085362, 3)
(563, 21)
(12966115763, 21)
(567, 3)
(13058237367, 22)
(568, 0)
(13081267768, 0)
(572, 10)
(13173389372, 10)
(573, 9)
(13196419773, 16)
(577, 18)
(13288541377, 7)
(578, 22)
(13311571778, 22)
(582, 4)
(13403693382, 21)
(583, 18)
(13426723783, 7)
(587, 2)
(13518845387, 2)
(588, 22)
(13541875788, 22)
(592, 24)
(13633997392, 24)
(593, 21)
(13657027793, 21)
(597, 2)
(13749149397, 23)
(598, 18)
(13772179798, 7)
(602, 1)
(13864301402, 24)
(603, 15)
(13887331803, 15)
(607, 22)
(13979453407, 3)
(608, 8)
(14002483808, 17)
(612, 0)
(14094605412, 0)
(613, 10)
(14117635813, 15)
(617, 7)
(14209757417, 7)
(618, 22)
(14232787818, 3)
(622, 23)
(14324909422, 2)
(623, 22)
(14347939823, 22)
(627, 9)
(14440061427, 9)
(628, 0)
(14463091828, 0)
(632, 0)
(14555213432, 0)
(633, 15)
(14578243833, 15)
(637, 4)
(14670365437, 21)
(638, 5)
(14693395838, 5)
(642, 24)
(14785517442, 24)
(643, 12)
(14808547843, 12)
(647, 2)
(14900669447, 2)
(648, 0)
(14923699848, 0)
(652, 17)
(15015821452, 17)
(653, 1)
(15038851853, 24)
(657, 15)
(15130973457, 15)
(658, 8)
(15154003858, 17)
(662, 23)
(15246125462, 2)
(663, 16)
(15269155863, 16)
(667, 14)
(15361277467, 11)
(668, 3)
(15384307868, 3)
(672, 13)
(15476429472, 12)
(673, 13)
(15499459873, 12)
(677, 20)
(15591581477, 20)
(678, 5)
(15614611878, 5)
(682, 18)
(15706733482, 18)
(683, 15)
(15729763883, 15)
(687, 13)
(15821885487, 12)
(688, 17)
(15844915888, 17)
(692, 0)
(15937037492, 0)
(693, 1)
(15960067893, 1)
(697, 8)
(16052189497, 17)
(698, 11)
(16075219898, 11)
(702, 4)
(16167341502, 21)
(703, 9)
(16190371903, 16)
(707, 1)
(16282493507, 24)
(708, 0)
(16305523908, 0)
(712, 0)
(16397645512, 0)
(713, 21)
(16420675913, 4)
(717, 11)
(16512797517, 11)
(718, 22)
(16535827918, 3)
(722, 11)
(16627949522, 11)
(723, 11)
(16650979923, 14)
(727, 22)
(16743101527, 22)
(728, 0)
(16766131928, 0)
(732, 16)
(16858253532, 16)
(733, 11)
(16881283933, 11)
(737, 10)
(16973405537, 15)
(738, 15)
(16996435938, 15)
(742, 22)
(17088557542, 3)
(743, 16)
(17111587943, 9)
(747, 14)
(17203709547, 11)
(748, 1)
(17226739948, 1)
(752, 5)
(17318861552, 5)
(753, 13)
(17341891953, 13)
(757, 0)
(17434013557, 0)
(758, 22)
(17457043958, 3)
(762, 18)
(17549165562, 7)
(763, 21)
(17572195963, 4)
(767, 8)
(17664317567, 8)
(768, 22)
(17687347968, 22)
(772, 0)
(17779469572, 0)
(773, 9)
(17802499973, 9)
(777, 16)
(17894621577, 9)
(778, 4)
(17917651978, 21)
(782, 11)
(18009773582, 14)
(783, 19)
(18032803983, 6)
(787, 20)
(18124925587, 5)
(788, 0)
(18147955988, 0)
(792, 0)
(18240077592, 0)
(793, 17)
(18263107993, 8)
(797, 15)
(18355229597, 15)
(798, 21)
(18378259998, 21)
(802, 23)
(18470381602, 2)
(803, 15)
(18493412003, 10)
(807, 21)
(18585533607, 21)
(808, 0)
(18608564008, 0)
(812, 18)
(18700685612, 18)
(813, 18)
(18723716013, 18)
(817, 22)
(18815837617, 3)
(818, 13)
(18838868018, 13)
(822, 0)
(18930989622, 0)
(823, 9)
(18954020023, 9)
(827, 2)
(19046141627, 2)
(828, 7)
(19069172028, 7)
(832, 17)
(19161293632, 8)
(833, 2)
(19184324033, 23)
(837, 16)
(19276445637, 9)
(838, 14)
(19299476038, 11)
(842, 9)
(19391597642, 16)
(843, 19)
(19414628043, 6)
(847, 24)
(19506749647, 1)
(848, 13)
(19529780048, 13)
(852, 0)
(19621901652, 0)
(853, 10)
(19644932053, 10)
(857, 7)
(19737053657, 18)
(858, 21)
(19760084058, 21)
(862, 12)
(19852205662, 13)
(863, 6)
(19875236063, 19)
(867, 13)
(19967357667, 13)
(868, 0)
(19990388068, 0)
(872, 0)
(20082509672, 0)
(873, 10)
(20105540073, 15)
(877, 0)
(20197661677, 0)
(878, 0)
(20220692078, 0)
(882, 18)
(20312813682, 18)
(883, 7)
(20335844083, 18)
(887, 21)
(20427965687, 4)
(888, 0)
(20450996088, 0)
(892, 4)
(20543117692, 21)
(893, 12)
(20566148093, 13)
(897, 1)
(20658269697, 24)
(898, 7)
(20681300098, 7)
(902, 12)
(20773421702, 13)
(903, 11)
(20796452103, 14)
(907, 13)
(20888573707, 13)
(908, 10)
(20911604108, 10)
(912, 18)
(21003725712, 7)
(913, 13)
(21026756113, 13)
(917, 15)
(21118877717, 10)
(918, 21)
(21141908118, 4)
(922, 12)
(21234029722, 12)
(923, 0)
(21257060123, 0)
(927, 0)
(21349181727, 0)
(928, 16)
(21372212128, 9)
(932, 0)
(21464333732, 0)
(933, 24)
(21487364133, 1)
(937, 10)
(21579485737, 10)
(938, 21)
(21602516138, 4)
(942, 23)
(21694637742, 23)
(943, 11)
(21717668143, 11)
(947, 10)
(21809789747, 15)
(948, 0)
(21832820148, 0)
(952, 0)
(21924941752, 0)
(953, 8)
(21947972153, 8)
(957, 16)
(22040093757, 16)
(958, 6)
(22063124158, 19)
(962, 2)
(22155245762, 23)
(963, 6)
(22178276163, 6)
(967, 14)
(22270397767, 14)
(968, 0)
(22293428168, 0)
(972, 2)
(22385549772, 2)
(973, 23)
(22408580173, 2)
(977, 15)
(22500701777, 15)
(978, 9)
(22523732178, 9)
(982, 15)
(22615853782, 15)
(983, 7)
(22638884183, 18)
(987, 8)
(22731005787, 17)
(988, 8)
(22754036188, 8)
(992, 11)
(22846157792, 14)
(993, 13)
(22869188193, 12)
(997, 9)
(22961309797, 16)
(998, 6)
(22984340198, 19)
(1002, 9)
(23076461802, 9)
(1003, 6)
(23099492203, 6)
(1007, 5)
(23191613807, 20)
(1008, 10)
(23214644208, 15)
(1012, 0)
(23306765812, 0)
(1013, 9)
(23329796213, 9)
(1017, 19)
(23421917817, 19)
(1018, 23)
(23444948218, 2)
(1022, 13)
(23537069822, 12)
(1023, 11)
(23560100223, 11)
(1027, 19)
(23652221827, 6)
(1028, 0)
(23675252228, 0)
(1032, 0)
(23767373832, 0)
(1033, 23)
(23790404233, 23)
(1037, 5)
(23882525837, 20)
(1038, 7)
(23905556238, 18)
(1042, 3)
(23997677842, 3)
(1043, 7)
(24020708243, 18)
(1047, 14)
(24112829847, 14)
(1048, 0)
(24135860248, 0)
(1052, 16)
(24227981852, 16)
(1053, 6)
(24251012253, 19)
(1057, 21)
(24343133857, 21)
(1058, 15)
(24366164258, 15)
(1062, 15)
(24458285862, 10)
(1063, 24)
(24481316263, 24)
(1067, 7)
(24573437867, 7)
(1068, 6)
(24596468268, 19)
(1072, 3)
(24688589872, 3)
(1073, 6)
(24711620273, 19)
(1077, 4)
(24803741877, 21)
(1078, 8)
(24826772278, 17)
(1082, 8)
(24918893882, 17)
(1083, 22)
(24941924283, 22)
(1087, 21)
(25034045887, 21)
(1088, 21)
(25057076288, 4)
(1092, 0)
(25149197892, 0)
(1093, 5)
(25172228293, 5)
(1097, 6)
(25264349897, 19)
(1098, 15)
(25287380298, 15)
(1102, 0)
(25379501902, 0)
(1103, 8)
(25402532303, 17)
(1107, 3)
(25494653907, 3)
(1108, 0)
(25517684308, 0)
(1112, 0)
(25609805912, 0)
(1113, 14)
(25632836313, 11)
(1117, 4)
(25724957917, 4)
(1118, 21)
(25747988318, 4)
(1122, 9)
(25840109922, 9)
(1123, 15)
(25863140323, 10)
(1127, 23)
(25955261927, 23)
(1128, 0)
(25978292328, 0)
(1132, 16)
(26070413932, 9)
(1133, 12)
(26093444333, 12)
(1137, 15)
(26185565937, 10)
(1138, 2)
(26208596338, 23)
(1142, 22)
(26300717942, 3)
(1143, 0)
(26323748343, 0)
(1147, 21)
(26415869947, 4)
(1148, 12)
(26438900348, 13)
(1152, 3)
(26531021952, 3)
(1153, 24)
(26554052353, 1)
(1157, 18)
(26646173957, 18)
(1158, 9)
(26669204358, 16)
(1162, 8)
(26761325962, 8)
(1163, 3)
(26784356363, 22)
(1167, 8)
(26876477967, 17)
(1168, 17)
(26899508368, 17)
(1172, 0)
(26991629972, 0)
(1173, 16)
(27014660373, 9)
(1177, 12)
(27106781977, 13)
(1178, 21)
(27129812378, 21)
(1182, 0)
(27221933982, 0)
(1183, 0)
(27244964383, 0)
(1187, 24)
(27337085987, 24)
(1188, 0)
(27360116388, 0)
(1192, 0)
(27452237992, 0)
(1193, 4)
(27475268393, 21)
(1197, 15)
(27567389997, 15)
(1198, 12)
(27590420398, 12)
(1202, 1)
(27682542002, 1)
(1203, 9)
(27705572403, 16)
(1207, 2)
(27797694007, 23)
(1208, 0)
(27820724408, 0)
(1212, 5)
(27912846012, 5)
(1213, 10)
(27935876413, 10)
(1217, 12)
(28027998017, 12)
(1218, 4)
(28051028418, 4)
(1222, 3)
(28143150022, 22)
(1223, 15)
(28166180423, 10)
(1227, 19)
(28258302027, 19)
(1228, 19)
(28281332428, 19)
(1232, 6)
(28373454032, 6)
(1233, 21)
(28396484433, 21)
(1237, 9)
(28488606037, 9)
(1238, 7)
(28511636438, 18)
(1242, 23)
(28603758042, 23)
(1243, 6)
(28626788443, 19)
(1247, 4)
(28718910047, 21)
(1248, 12)
(28741940448, 13)
(1252, 0)
(28834062052, 0)
(1253, 3)
(28857092453, 3)
(1257, 15)
(28949214057, 10)
(1258, 17)
(28972244458, 8)
(1262, 19)
(29064366062, 6)
(1263, 0)
(29087396463, 0)
(1267, 21)
(29179518067, 21)
(1268, 0)
(29202548468, 0)
(1272, 0)
(29294670072, 0)
(1273, 20)
(29317700473, 5)
(1277, 4)
(29409822077, 21)
(1278, 15)
(29432852478, 15)
(1282, 23)
(29524974082, 2)
(1283, 24)
(29548004483, 24)
(1287, 10)
(29640126087, 10)
(1288, 0)
(29663156488, 0)
(1292, 3)
(29755278092, 3)
(1293, 6)
(29778308493, 19)
(1297, 2)
(29870430097, 23)
(1298, 7)
(29893460498, 7)
(1302, 4)
(29985582102, 4)
(1303, 11)
(30008612503, 11)
(1307, 16)
(30100734107, 16)
(1308, 21)
(30123764508, 21)
(1312, 13)
(30215886112, 13)
(1313, 1)
(30238916513, 24)
(1317, 15)
(30331038117, 10)
(1318, 5)
(30354068518, 20)
(1322, 3)
(30446190122, 3)
(1323, 19)
(30469220523, 19)
(1327, 20)
(30561342127, 5)
(1328, 16)
(30584372528, 9)
(1332, 0)
(30676494132, 0)
(1333, 10)
(30699524533, 15)
(1337, 19)
(30791646137, 19)
(1338, 10)
(30814676538, 15)
(1342, 5)
(30906798142, 20)
(1343, 19)
(30929828543, 6)
(1347, 6)
(31021950147, 6)
(1348, 0)
(31044980548, 0)
(1352, 0)
(31137102152, 0)
(1353, 4)
(31160132553, 21)
(1357, 16)
(31252254157, 9)
(1358, 9)
(31275284558, 9)
(1362, 6)
(31367406162, 6)
(1363, 4)
(31390436563, 21)
(1367, 10)
(31482558167, 15)
(1368, 0)
(31505588568, 0)
(1372, 6)
(31597710172, 19)
(1373, 7)
(31620740573, 7)
(1377, 11)
(31712862177, 14)
(1378, 15)
(31735892578, 10)
(1382, 7)
(31828014182, 7)
(1383, 3)
(31851044583, 3)
(1387, 9)
(31943166187, 16)
(1388, 20)
(31966196588, 20)
(1392, 4)
(32058318192, 21)
(1393, 24)
(32081348593, 24)
(1397, 19)
(32173470197, 19)
(1398, 0)
(32196500598, 0)
(1402, 21)
(32288622202, 4)
(1403, 6)
(32311652603, 6)
(1407, 6)
(32403774207, 19)
(1408, 18)
(32426804608, 7)
(1412, 0)
(32518926212, 0)
(1413, 15)
(32541956613, 15)
(1417, 16)
(32634078217, 9)
(1418, 4)
(32657108618, 21)
(1422, 1)
(32749230222, 1)
(1423, 4)
(32772260623, 21)
(1427, 0)
(32864382227, 0)
(1428, 0)
(32887412628, 0)
(1432, 0)
(32979534232, 0)
(1433, 24)
(33002564633, 1)
(1437, 9)
(33094686237, 16)
(1438, 21)
(33117716638, 21)
(1442, 11)
(33209838242, 11)
(1443, 12)
(33232868643, 13)
(1447, 17)
(33324990247, 17)
(1448, 0)
(33348020648, 0)
(1452, 12)
(33440142252, 12)
(1453, 16)
(33463172653, 16)
(1457, 4)
(33555294257, 21)
(1458, 22)
(33578324658, 22)
(1462, 24)
(33670446262, 1)
(1463, 22)
(33693476663, 3)
(1467, 10)
(33785598267, 10)
(1468, 17)
(33808628668, 8)
(1472, 9)
(33900750272, 9)
(1473, 17)
(33923780673, 17)
(1477, 11)
(34015902277, 14)
(1478, 0)
(34038932678, 0)
(1482, 11)
(34131054282, 11)
(1483, 8)
(34154084683, 8)
(1487, 3)
(34246206287, 22)
(1488, 2)
(34269236688, 23)
(1492, 0)
(34361358292, 0)
(1493, 13)
(34384388693, 12)
(1497, 15)
(34476510297, 10)
(1498, 6)
(34499540698, 19)
(1502, 1)
(34591662302, 1)
(1503, 3)
(34614692703, 3)
(1507, 9)
(34706814307, 16)
(1508, 0)
(34729844708, 0)
(1512, 0)
(34821966312, 0)
(1513, 4)
(34844996713, 4)
(1517, 23)
(34937118317, 23)
(1518, 9)
(34960148718, 16)
(1522, 20)
(35052270322, 20)
(1523, 23)
(35075300723, 2)
(1527, 16)
(35167422327, 9)
(1528, 0)
(35190452728, 0)
(1532, 24)
(35282574332, 1)
(1533, 21)
(35305604733, 4)
(1537, 1)
(35397726337, 24)
(1538, 9)
(35420756738, 16)
(1542, 5)
(35512878342, 5)
(1543, 24)
(35535908743, 24)
(1547, 2)
(35628030347, 23)
(1548, 5)
(35651060748, 5)
(1552, 3)
(35743182352, 22)
(1553, 15)
(35766212753, 15)
(1557, 2)
(35858334357, 23)
(1558, 2)
(35881364758, 23)
(1562, 22)
(35973486362, 3)
(1563, 4)
(35996516763, 4)
(1567, 15)
(36088638367, 10)
(1568, 17)
(36111668768, 17)
(1572, 0)
(36203790372, 0)
(1573, 23)
(36226820773, 2)
(1577, 18)
(36318942377, 18)
(1578, 6)
(36341972778, 6)
(1582, 4)
(36434094382, 21)
(1583, 23)
(36457124783, 2)
(1587, 5)
(36549246387, 5)
(1588, 0)
(36572276788, 0)
(1592, 0)
(36664398392, 0)
(1593, 19)
(36687428793, 6)
(1597, 4)
(36779550397, 21)
(1598, 2)
(36802580798, 23)
(1602, 20)
(36894702402, 5)
(1603, 9)
(36917732803, 9)
(1607, 8)
(37009854407, 17)
(1608, 0)
(37032884808, 0)
(1612, 4)
(37125006412, 4)
(1613, 18)
(37148036813, 18)
(1617, 8)
(37240158417, 17)
(1618, 7)
(37263188818, 18)
(1622, 5)
(37355310422, 5)
(1623, 8)
(37378340823, 17)
(1627, 12)
(37470462427, 12)
(1628, 13)
(37493492828, 12)
(1632, 13)
(37585614432, 12)
(1633, 14)
(37608644833, 14)
(1637, 13)
(37700766437, 12)
(1638, 16)
(37723796838, 16)
(1642, 11)
(37815918442, 14)
(1643, 0)
(37838948843, 0)
(1647, 18)
(37931070447, 18)
(1648, 15)
(37954100848, 10)
(1652, 0)
(38046222452, 0)
(1653, 19)
(38069252853, 19)
(1657, 6)
(38161374457, 6)
(1658, 2)
(38184404858, 23)
(1662, 15)
(38276526462, 15)
(1663, 7)
(38299556863, 18)
(1667, 23)
(38391678467, 23)
(1668, 0)
(38414708868, 0)
(1672, 0)
(38506830472, 0)
(1673, 18)
(38529860873, 7)
(1677, 1)
(38621982477, 24)
(1678, 15)
(38645012878, 15)
(1682, 19)
(38737134482, 19)
(1683, 5)
(38760164883, 5)
(1687, 12)
(38852286487, 12)
(1688, 0)
(38875316888, 0)
(1692, 20)
(38967438492, 20)
(1693, 23)
(38990468893, 2)
(1697, 18)
(39082590497, 18)
(1698, 6)
(39105620898, 19)
(1702, 0)
(39197742502, 0)
(1703, 13)
(39220772903, 12)
(1707, 5)
(39312894507, 20)
(1708, 11)
(39335924908, 14)
(1712, 14)
(39428046512, 14)
(1713, 4)
(39451076913, 21)
(1717, 21)
(39543198517, 4)
(1718, 1)
(39566228918, 1)
(1722, 1)
(39658350522, 24)
(1723, 20)
(39681380923, 20)
(1727, 14)
(39773502527, 11)
(1728, 0)
(39796532928, 0)
(1732, 0)
(39888654532, 0)
(1733, 1)
(39911684933, 1)
(1737, 15)
(40003806537, 10)
(1738, 16)
(40026836938, 9)
(1742, 21)
(40118958542, 4)
(1743, 14)
(40141988943, 14)
(1747, 20)
(40234110547, 20)
(1748, 0)
(40257140948, 0)
(1752, 0)
(40349262552, 0)
(1753, 10)
(40372292953, 10)
(1757, 23)
(40464414557, 2)
(1758, 0)
(40487444958, 0)
(1762, 16)
(40579566562, 16)
(1763, 23)
(40602596963, 23)
(1767, 3)
(40694718567, 3)
(1768, 0)
(40717748968, 0)
(1772, 0)
(40809870572, 0)
(1773, 10)
(40832900973, 15)
(1777, 19)
(40925022577, 19)
(1778, 20)
(40948052978, 20)
(1782, 1)
(41040174582, 24)
(1783, 7)
(41063204983, 18)
(1787, 22)
(41155326587, 3)
(1788, 17)
(41178356988, 17)
(1792, 1)
(41270478592, 24)
(1793, 19)
(41293508993, 6)
(1797, 24)
(41385630597, 24)
(1798, 20)
(41408660998, 20)
(1802, 18)
(41500782602, 7)
(1803, 17)
(41523813003, 17)
(1807, 23)
(41615934607, 2)
(1808, 14)
(41638965008, 14)
(1812, 0)
(41731086612, 0)
(1813, 22)
(41754117013, 22)
(1817, 10)
(41846238617, 10)
(1818, 10)
(41869269018, 10)
(1822, 4)
(41961390622, 21)
(1823, 10)
(41984421023, 10)
(1827, 7)
(42076542627, 7)
(1828, 0)
(42099573028, 0)
(1832, 0)
(42191694632, 0)
(1833, 16)
(42214725033, 9)
(1837, 24)
(42306846637, 1)
(1838, 23)
(42329877038, 23)
(1842, 9)
(42421998642, 9)
(1843, 14)
(42445029043, 14)
(1847, 17)
(42537150647, 8)
(1848, 0)
(42560181048, 0)
(1852, 14)
(42652302652, 11)
(1853, 9)
(42675333053, 16)
(1857, 15)
(42767454657, 10)
(1858, 20)
(42790485058, 5)
(1862, 23)
(42882606662, 2)
(1863, 22)
(42905637063, 22)
(1867, 15)
(42997758667, 10)
(1868, 6)
(43020789068, 19)
(1872, 15)
(43112910672, 10)
(1873, 8)
(43135941073, 8)
(1877, 19)
(43228062677, 6)
(1878, 14)
(43251093078, 14)
(1882, 2)
(43343214682, 23)
(1883, 1)
(43366245083, 24)
(1887, 15)
(43458366687, 10)
(1888, 18)
(43481397088, 7)
(1892, 0)
(43573518692, 0)
(1893, 15)
(43596549093, 10)
(1897, 1)
(43688670697, 24)
(1898, 18)
(43711701098, 7)
(1902, 24)
(43803822702, 24)
(1903, 17)
(43826853103, 17)
(1907, 18)
(43918974707, 18)
(1908, 0)
(43942005108, 0)
(1912, 0)
(44034126712, 0)
(1913, 24)
(44057157113, 24)
(1917, 7)
(44149278717, 7)
(1918, 16)
(44172309118, 9)
(1922, 12)
(44264430722, 12)
(1923, 5)
(44287461123, 20)
(1927, 17)
(44379582727, 17)
(1928, 0)
(44402613128, 0)
(1932, 18)
(44494734732, 7)
(1933, 22)
(44517765133, 22)
(1937, 23)
(44609886737, 2)
(1938, 7)
(44632917138, 7)
(1942, 13)
(44725038742, 12)
(1943, 7)
(44748069143, 18)
(1947, 13)
(44840190747, 13)
(1948, 11)
(44863221148, 11)
(1952, 10)
(44955342752, 10)
(1953, 20)
(44978373153, 20)
(1957, 6)
(45070494757, 6)
(1958, 2)
(45093525158, 2)
(1962, 5)
(45185646762, 5)
(1963, 4)
(45208677163, 4)
(1967, 24)
(45300798767, 24)
(1968, 9)
(45323829168, 9)
(1972, 0)
(45415950772, 0)
(1973, 8)
(45438981173, 17)
(1977, 6)
(45531102777, 19)
(1978, 7)
(45554133178, 7)
(1982, 6)
(45646254782, 19)
(1983, 21)
(45669285183, 21)
(1987, 22)
(45761406787, 22)
(1988, 0)
(45784437188, 0)
(1992, 0)
(45876558792, 0)
(1993, 11)
(45899589193, 14)
(1997, 7)
(45991710797, 7)
(1998, 13)
(46014741198, 13)
(2002, 19)
(46106862802, 6)
(2003, 6)
(46129893203, 6)
(2007, 5)
(46222014807, 20)
(2008, 0)
(46245045208, 0)
(2012, 12)
(46337166812, 12)
(2013, 4)
(46360197213, 21)
(2017, 22)
(46452318817, 22)
(2018, 23)
(46475349218, 23)
(2022, 11)
(46567470822, 11)
(2023, 4)
(46590501223, 21)
(2027, 21)
(46682622827, 4)
(2028, 18)
(46705653228, 18)
(2032, 20)
(46797774832, 5)
(2033, 17)
(46820805233, 8)
(2037, 19)
(46912926837, 19)
(2038, 13)
(46935957238, 13)
(2042, 5)
(47028078842, 20)
(2043, 15)
(47051109243, 15)
(2047, 2)
(47143230847, 23)
(2048, 0)
(47166261248, 0)
(2052, 0)
(47258382852, 0)
(2053, 12)
(47281413253, 13)
(2057, 24)
(47373534857, 1)
(2058, 7)
(47396565258, 18)
(2062, 8)
(47488686862, 17)
(2063, 15)
(47511717263, 15)
(2067, 18)
(47603838867, 7)
(2068, 0)
(47626869268, 0)
(2072, 0)
(47718990872, 0)
(2073, 5)
(47742021273, 5)
(2077, 11)
(47834142877, 14)
(2078, 10)
(47857173278, 15)
(2082, 11)
(47949294882, 11)
(2083, 3)
(47972325283, 22)
(2087, 0)
(48064446887, 0)
(2088, 0)
(48087477288, 0)
(2092, 10)
(48179598892, 15)
(2093, 5)
(48202629293, 5)
(2097, 11)
(48294750897, 14)
(2098, 14)
(48317781298, 11)
(2102, 19)
(48409902902, 6)
(2103, 9)
(48432933303, 16)
(2107, 24)
(48525054907, 24)
(2108, 19)
(48548085308, 19)
(2112, 9)
(48640206912, 16)
(2113, 4)
(48663237313, 4)
(2117, 1)
(48755358917, 24)
(2118, 0)
(48778389318, 0)
(2122, 22)
(48870510922, 3)
(2123, 16)
(48893541323, 16)
(2127, 22)
(48985662927, 3)
(2128, 7)
(49008693328, 7)
(2132, 0)
(49100814932, 0)
(2133, 7)
(49123845333, 7)
(2137, 1)
(49215966937, 1)
(2138, 12)
(49238997338, 12)
(2142, 20)
(49331118942, 20)
(2143, 8)
(49354149343, 8)
(2147, 4)
(49446270947, 21)
(2148, 0)
(49469301348, 0)
(2152, 0)
(49561422952, 0)
(2153, 8)
(49584453353, 17)
(2157, 24)
(49676574957, 24)
(2158, 0)
(49699605358, 0)
(2162, 9)
(49791726962, 9)
(2163, 7)
(49814757363, 7)
(2167, 17)
(49906878967, 17)
(2168, 0)
(49929909368, 0)
(2172, 24)
(50022030972, 1)
(2173, 20)
(50045061373, 20)
(2177, 5)
(50137182977, 5)
(2178, 18)
(50160213378, 18)
(2182, 23)
(50252334982, 23)
(2183, 7)
(50275365383, 18)
(2187, 0)
(50367486987, 0)
(2188, 9)
(50390517388, 16)
(2192, 1)
(50482638992, 1)
(2193, 21)
(50505669393, 4)
(2197, 13)
(50597790997, 12)
(2198, 11)
(50620821398, 14)
(2202, 0)
(50712943002, 0)
(2203, 5)
(50735973403, 20)
(2207, 21)
(50828095007, 4)
(2208, 19)
(50851125408, 19)
(2212, 0)
(50943247012, 0)
(2213, 13)
(50966277413, 13)
(2217, 3)
(51058399017, 22)
(2218, 6)
(51081429418, 19)
(2222, 18)
(51173551022, 7)
(2223, 10)
(51196581423, 10)
(2227, 21)
(51288703027, 4)
(2228, 0)
(51311733428, 0)
(2232, 0)
(51403855032, 0)
(2233, 14)
(51426885433, 11)
(2237, 15)
(51519007037, 15)
(2238, 8)
(51542037438, 17)
(2242, 14)
(51634159042, 14)
(2243, 10)
(51657189443, 15)
(2247, 15)
(51749311047, 10)
(2248, 0)
(51772341448, 0)
(2252, 23)
(51864463052, 23)
(2253, 19)
(51887493453, 19)
(2257, 19)
(51979615057, 19)
(2258, 13)
(52002645458, 13)
(2262, 11)
(52094767062, 11)
(2263, 7)
(52117797463, 18)
(2267, 11)
(52209919067, 14)
(2268, 11)
(52232949468, 14)
(2272, 18)
(52325071072, 18)
(2273, 7)
(52348101473, 7)
(2277, 15)
(52440223077, 10)
(2278, 19)
(52463253478, 6)
(2282, 10)
(52555375082, 15)
(2283, 9)
(52578405483, 9)
(2287, 16)
(52670527087, 9)
(2288, 5)
(52693557488, 5)
(2292, 0)
(52785679092, 0)
(2293, 1)
(52808709493, 24)
(2297, 5)
(52900831097, 20)
(2298, 2)
(52923861498, 23)
(2302, 19)
(53015983102, 19)
(2303, 15)
(53039013503, 15)
(2307, 8)
(53131135107, 17)
(2308, 0)
(53154165508, 0)
(2312, 0)
(53246287112, 0)
(2313, 12)
(53269317513, 12)
(2317, 4)
(53361439117, 4)
(2318, 11)
(53384469518, 14)
(2322, 3)
(53476591122, 3)
(2323, 7)
(53499621523, 7)
(2327, 2)
(53591743127, 2)
(2328, 0)
(53614773528, 0)
(2332, 16)
(53706895132, 9)
(2333, 1)
(53729925533, 24)
(2337, 22)
(53822047137, 3)
(2338, 14)
(53845077538, 11)
(2342, 8)
(53937199142, 17)
(2343, 2)
(53960229543, 23)
(2347, 15)
(54052351147, 15)
(2348, 1)
(54075381548, 1)
(2352, 7)
(54167503152, 7)
(2353, 9)
(54190533553, 9)
(2357, 7)
(54282655157, 7)
(2358, 10)
(54305685558, 10)
(2362, 24)
(54397807162, 1)
(2363, 5)
(54420837563, 20)
(2367, 16)
(54512959167, 16)
(2368, 13)
(54535989568, 13)
(2372, 0)
(54628111172, 0)
(2373, 21)
(54651141573, 4)
(2377, 21)
(54743263177, 4)
(2378, 15)
(54766293578, 10)
(2382, 7)
(54858415182, 7)
(2383, 24)
(54881445583, 24)
(2387, 2)
(54973567187, 23)
(2388, 0)
(54996597588, 0)
(2392, 0)
(55088719192, 0)
(2393, 0)
(55111749593, 0)
(2397, 2)
(55203871197, 23)
(2398, 15)
(55226901598, 10)
(2402, 20)
(55319023202, 20)
(2403, 12)
(55342053603, 13)
(2407, 0)
(55434175207, 0)
(2408, 0)
(55457205608, 0)
(2412, 20)
(55549327212, 20)
(2413, 11)
(55572357613, 11)
(2417, 6)
(55664479217, 19)
(2418, 4)
(55687509618, 4)
(2422, 0)
(55779631222, 0)
(2423, 23)
(55802661623, 23)
(2427, 19)
(55894783227, 6)
(2428, 14)
(55917813628, 11)
(2432, 21)
(56009935232, 4)
(2433, 15)
(56032965633, 15)
(2437, 3)
(56125087237, 3)
(2438, 18)
(56148117638, 18)
(2442, 3)
(56240239242, 22)
(2443, 4)
(56263269643, 21)
(2447, 8)
(56355391247, 17)
(2448, 21)
(56378421648, 4)
(2452, 0)
(56470543252, 0)
(2453, 18)
(56493573653, 18)
(2457, 22)
(56585695257, 22)
(2458, 8)
(56608725658, 17)
(2462, 13)
(56700847262, 13)
(2463, 19)
(56723877663, 6)
(2467, 22)
(56815999267, 22)
(2468, 0)
(56839029668, 0)
(2472, 0)
(56931151272, 0)
(2473, 20)
(56954181673, 20)
(2477, 3)
(57046303277, 22)
(2478, 12)
(57069333678, 12)
(2482, 6)
(57161455282, 19)
(2483, 5)
(57184485683, 5)
(2487, 0)
(57276607287, 0)
(2488, 0)
(57299637688, 0)
(2492, 14)
(57391759292, 14)
(2493, 15)
(57414789693, 15)
(2497, 23)
(57506911297, 2)
(2498, 20)
(57529941698, 5)
(2502, 18)
(57622063302, 18)
(2503, 6)
(57645093703, 6)
(2507, 9)
(57737215307, 9)
(2508, 17)
(57760245708, 17)
(2512, 22)
(57852367312, 22)
(2513, 13)
(57875397713, 13)
(2517, 9)
(57967519317, 9)
(2518, 0)
(57990549718, 0)
(2522, 9)
(58082671322, 9)
(2523, 13)
(58105701723, 13)
(2527, 24)
(58197823327, 1)
(2528, 19)
(58220853728, 19)
(2532, 0)
(58312975332, 0)
(2533, 24)
(58336005733, 1)
(2537, 0)
(58428127337, 0)
(2538, 17)
(58451157738, 17)
(2542, 4)
(58543279342, 21)
(2543, 20)
(58566309743, 5)
(2547, 5)
(58658431347, 20)
(2548, 0)
(58681461748, 0)
(2552, 0)
(58773583352, 0)
(2553, 16)
(58796613753, 16)
(2557, 3)
(58888735357, 22)
(2558, 4)
(58911765758, 4)
(2562, 16)
(59003887362, 9)
(2563, 24)
(59026917763, 24)
(2567, 6)
(59119039367, 6)
(2568, 0)
(59142069768, 0)
(2572, 6)
(59234191372, 6)
(2573, 21)
(59257221773, 21)
(2577, 20)
(59349343377, 20)
(2578, 1)
(59372373778, 1)
(2582, 0)
(59464495382, 0)
(2583, 12)
(59487525783, 13)
(2587, 3)
(59579647387, 3)
(2588, 24)
(59602677788, 24)
(2592, 13)
(59694799392, 13)
(2593, 16)
(59717829793, 16)
(2597, 14)
(59809951397, 14)
(2598, 9)
(59832981798, 9)
(2602, 19)
(59925103402, 19)
(2603, 15)
(59948133803, 10)
(2607, 22)
(60040255407, 3)
(2608, 2)
(60063285808, 2)
(2612, 0)
(60155407412, 0)
(2613, 1)
(60178437813, 24)
(2617, 17)
(60270559417, 8)
(2618, 20)
(60293589818, 5)
(2622, 11)
(60385711422, 14)
(2623, 7)
(60408741823, 7)
(2627, 17)
(60500863427, 17)
(2628, 0)
(60523893828, 0)
(2632, 0)
(60616015432, 0)
(2633, 3)
(60639045833, 22)
(2637, 24)
(60731167437, 1)
(2638, 15)
(60754197838, 15)
(2642, 8)
(60846319442, 17)
(2643, 10)
(60869349843, 10)
(2647, 0)
(60961471447, 0)
(2648, 0)
(60984501848, 0)
(2652, 17)
(61076623452, 17)
(2653, 11)
(61099653853, 11)
(2657, 17)
(61191775457, 8)
(2658, 4)
(61214805858, 21)
(2662, 11)
(61306927462, 14)
(2663, 13)
(61329957863, 13)
(2667, 3)
(61422079467, 3)
(2668, 7)
(61445109868, 18)
(2672, 4)
(61537231472, 4)
(2673, 3)
(61560261873, 22)
(2677, 22)
(61652383477, 22)
(2678, 20)
(61675413878, 20)
(2682, 15)
(61767535482, 15)
(2683, 20)
(61790565883, 5)
(2687, 9)
(61882687487, 9)
(2688, 6)
(61905717888, 19)
(2692, 0)
(61997839492, 0)
(2693, 8)
(62020869893, 8)
(2697, 9)
(62112991497, 9)
(2698, 19)
(62136021898, 6)
(2702, 22)
(62228143502, 22)
(2703, 8)
(62251173903, 17)
(2707, 2)
(62343295507, 2)
(2708, 0)
(62366325908, 0)
(2712, 0)
(62458447512, 0)
(2713, 11)
(62481477913, 11)
(2717, 17)
(62573599517, 8)
(2718, 1)
(62596629918, 24)
(2722, 15)
(62688751522, 15)
(2723, 3)
(62711781923, 3)
(2727, 15)
(62803903527, 15)
(2728, 0)
(62826933928, 0)
(2732, 20)
(62919055532, 20)
(2733, 13)
(62942085933, 12)
(2737, 6)
(63034207537, 6)
(2738, 4)
(63057237938, 4)
(2742, 23)
(63149359542, 23)
(2743, 5)
(63172389943, 20)
(2747, 18)
(63264511547, 18)
(2748, 6)
(63287541948, 19)
(2752, 0)
(63379663552, 0)
(2753, 12)
(63402693953, 13)
(2757, 4)
(63494815557, 4)
(2758, 4)
(63517845958, 4)
(2762, 19)
(63609967562, 6)
(2763, 20)
(63632997963, 20)
(2767, 14)
(63725119567, 14)
(2768, 12)
(63748149968, 13)
(2772, 0)
(63840271572, 0)
(2773, 4)
(63863301973, 21)
(2777, 5)
(63955423577, 20)
(2778, 6)
(63978453978, 19)
(2782, 7)
(64070575582, 18)
(2783, 9)
(64093605983, 9)
(2787, 1)
(64185727587, 24)
(2788, 0)
(64208757988, 0)
(2792, 0)
(64300879592, 0)
(2793, 4)
(64323909993, 21)
(2797, 18)
(64416031597, 18)
(2798, 9)
(64439061998, 9)
(2802, 11)
(64531183602, 14)
(2803, 21)
(64554214003, 21)
(2807, 18)
(64646335607, 18)
(2808, 0)
(64669366008, 0)
(2812, 8)
(64761487612, 17)
(2813, 15)
(64784518013, 15)
(2817, 5)
(64876639617, 5)
(2818, 5)
(64899670018, 20)
(2822, 7)
(64991791622, 7)
(2823, 11)
(65014822023, 14)
(2827, 18)
(65106943627, 7)
(2828, 13)
(65129974028, 12)
(2832, 18)
(65222095632, 7)
(2833, 13)
(65245126033, 13)
(2837, 16)
(65337247637, 9)
(2838, 15)
(65360278038, 10)
(2842, 2)
(65452399642, 23)
(2843, 15)
(65475430043, 10)
(2847, 13)
(65567551647, 12)
(2848, 9)
(65590582048, 16)
(2852, 0)
(65682703652, 0)
(2853, 10)
(65705734053, 10)
(2857, 10)
(65797855657, 10)
(2858, 23)
(65820886058, 2)
(2862, 12)
(65913007662, 12)
(2863, 17)
(65936038063, 8)
(2867, 2)
(66028159667, 2)
(2868, 0)
(66051190068, 0)
(2872, 0)
(66143311672, 0)
(2873, 13)
(66166342073, 12)
(2877, 10)
(66258463677, 15)
(2878, 21)
(66281494078, 21)
(2882, 11)
(66373615682, 14)
(2883, 18)
(66396646083, 18)
(2887, 20)
(66488767687, 5)
(2888, 0)
(66511798088, 0)
(2892, 18)
(66603919692, 7)
(2893, 19)
(66626950093, 6)
(2897, 11)
(66719071697, 14)
(2898, 5)
(66742102098, 20)
(2902, 7)
(66834223702, 7)
(2903, 14)
(66857254103, 11)
(2907, 22)
(66949375707, 22)
(2908, 14)
(66972406108, 14)
(2912, 4)
(67064527712, 4)
(2913, 17)
(67087558113, 8)
(2917, 17)
(67179679717, 17)
(2918, 14)
(67202710118, 11)
(2922, 16)
(67294831722, 16)
(2923, 9)
(67317862123, 9)
(2927, 14)
(67409983727, 14)
(2928, 13)
(67433014128, 13)
(2932, 0)
(67525135732, 0)
(2933, 11)
(67548166133, 11)
(2937, 24)
(67640287737, 24)
(2938, 19)
(67663318138, 6)
(2942, 20)
(67755439742, 20)
(2943, 8)
(67778470143, 8)
(2947, 8)
(67870591747, 8)
(2948, 0)
(67893622148, 0)
(2952, 0)
(67985743752, 0)
(2953, 21)
(68008774153, 21)
(2957, 4)
(68100895757, 21)
(2958, 22)
(68123926158, 22)
(2962, 9)
(68216047762, 9)
(2963, 12)
(68239078163, 12)
(2967, 11)
(68331199767, 11)
(2968, 0)
(68354230168, 0)
(2972, 17)
(68446351772, 8)
(2973, 12)
(68469382173, 13)
(2977, 19)
(68561503777, 19)
(2978, 5)
(68584534178, 5)
(2982, 1)
(68676655782, 24)
(2983, 0)
(68699686183, 0)
(2987, 15)
(68791807787, 15)
(2988, 7)
(68814838188, 18)
(2992, 6)
(68906959792, 6)
(2993, 17)
(68929990193, 17)
(2997, 9)
(69022111797, 9)
(2998, 3)
(69045142198, 3)
(3002, 4)
(69137263802, 21)
(3003, 7)
(69160294203, 18)
(3007, 15)
(69252415807, 15)
(3008, 15)
(69275446208, 15)
(3012, 0)
(69367567812, 0)
(3013, 3)
(69390598213, 3)
(3017, 8)
(69482719817, 8)
(3018, 4)
(69505750218, 4)
(3022, 7)
(69597871822, 18)
(3023, 12)
(69620902223, 13)
(3027, 7)
(69713023827, 7)
(3028, 0)
(69736054228, 0)
(3032, 0)
(69828175832, 0)
(3033, 20)
(69851206233, 20)
(3037, 3)
(69943327837, 22)
(3038, 16)
(69966358238, 9)
(3042, 0)
(70058479842, 0)
(3043, 8)
(70081510243, 8)
(3047, 7)
(70173631847, 18)
(3048, 0)
(70196662248, 0)
(3052, 23)
(70288783852, 2)
(3053, 10)
(70311814253, 10)
(3057, 3)
(70403935857, 3)
(3058, 17)
(70426966258, 8)
(3062, 4)
(70519087862, 4)
(3063, 21)
(70542118263, 4)
(3067, 12)
(70634239867, 13)
(3068, 21)
(70657270268, 21)
(3072, 14)
(70749391872, 14)
(3073, 6)
(70772422273, 6)
(3077, 9)
(70864543877, 9)
(3078, 14)
(70887574278, 11)
(3082, 0)
(70979695882, 0)
(3083, 22)
(71002726283, 3)
(3087, 20)
(71094847887, 5)
(3088, 7)
(71117878288, 18)
(3092, 0)
(71209999892, 0)
(3093, 7)
(71233030293, 18)
(3097, 13)
(71325151897, 12)
(3098, 24)
(71348182298, 24)
(3102, 16)
(71440303902, 9)
(3103, 5)
(71463334303, 20)
(3107, 18)
(71555455907, 7)
(3108, 0)
(71578486308, 0)
(3112, 0)
(71670607912, 0)
(3113, 11)
(71693638313, 11)
(3117, 10)
(71785759917, 15)
(3118, 15)
(71808790318, 10)
(3122, 8)
(71900911922, 8)
(3123, 5)
(71923942323, 5)
(3127, 1)
(72016063927, 24)
(3128, 0)
(72039094328, 0)
(3132, 3)
(72131215932, 22)
(3133, 15)
(72154246333, 15)
(3137, 6)
(72246367937, 19)
(3138, 24)
(72269398338, 1)
(3142, 10)
(72361519942, 15)
(3143, 16)
(72384550343, 9)
(3147, 5)
(72476671947, 20)
(3148, 10)
(72499702348, 15)
(3152, 10)
(72591823952, 15)
(3153, 24)
(72614854353, 1)
(3157, 24)
(72706975957, 24)
(3158, 2)
(72730006358, 2)
(3162, 0)
(72822127962, 0)
(3163, 1)
(72845158363, 24)
(3167, 22)
(72937279967, 22)
(3168, 10)
(72960310368, 15)
(3172, 0)
(73052431972, 0)
(3173, 20)
(73075462373, 5)
(3177, 18)
(73167583977, 7)
(3178, 20)
(73190614378, 5)
(3182, 22)
(73282735982, 22)
(3183, 19)
(73305766383, 6)
(3187, 12)
(73397887987, 13)
(3188, 0)
(73420918388, 0)
(3192, 0)
(73513039992, 0)
(3193, 4)
(73536070393, 4)
(3197, 14)
(73628191997, 14)
(3198, 17)
(73651222398, 8)
(3202, 6)
(73743344002, 6)
(3203, 9)
(73766374403, 16)
(3207, 18)
(73858496007, 18)
(3208, 0)
(73881526408, 0)
(3212, 20)
(73973648012, 5)
(3213, 3)
(73996678413, 3)
(3217, 11)
(74088800017, 11)
(3218, 21)
(74111830418, 4)
(3222, 15)
(74203952022, 10)
(3223, 5)
(74226982423, 5)
(3227, 4)
(74319104027, 21)
(3228, 2)
(74342134428, 2)
(3232, 17)
(74434256032, 17)
(3233, 19)
(74457286433, 19)
(3237, 22)
(74549408037, 22)
(3238, 23)
(74572438438, 2)
(3242, 8)
(74664560042, 8)
(3243, 2)
(74687590443, 2)
(3247, 23)
(74779712047, 23)
(3248, 8)
(74802742448, 8)
(3252, 0)
(74894864052, 0)
(3253, 1)
(74917894453, 24)
(3257, 6)
(75010016057, 19)
(3258, 9)
(75033046458, 16)
(3262, 23)
(75125168062, 23)
(3263, 18)
(75148198463, 7)
(3267, 24)
(75240320067, 24)
(3268, 0)
(75263350468, 0)
(3272, 0)
(75355472072, 0)
(3273, 4)
(75378502473, 4)
(3277, 8)
(75470624077, 17)
(3278, 16)
(75493654478, 9)
(3282, 15)
(75585776082, 10)
(3283, 16)
(75608806483, 16)
(3287, 1)
(75700928087, 1)
(3288, 0)
(75723958488, 0)
(3292, 8)
(75816080092, 8)
(3293, 21)
(75839110493, 4)
(3297, 15)
(75931232097, 10)
(3298, 1)
(75954262498, 1)
(3302, 1)
(76046384102, 1)
(3303, 15)
(76069414503, 10)
(3307, 14)
(76161536107, 14)
(3308, 1)
(76184566508, 1)
(3312, 1)
(76276688112, 1)
(3313, 1)
(76299718513, 1)
(3317, 11)
(76391840117, 14)
(3318, 2)
(76414870518, 23)
(3322, 24)
(76506992122, 24)
(3323, 8)
(76530022523, 17)
(3327, 24)
(76622144127, 1)
(3328, 2)
(76645174528, 23)
(3332, 0)
(76737296132, 0)
(3333, 18)
(76760326533, 7)
(3337, 4)
(76852448137, 4)
(3338, 20)
(76875478538, 5)
(3342, 9)
(76967600142, 9)
(3343, 14)
(76990630543, 11)
(3347, 11)
(77082752147, 14)
(3348, 0)
(77105782548, 0)
(3352, 0)
(77197904152, 0)
(3353, 10)
(77220934553, 10)
(3357, 0)
(77313056157, 0)
(3358, 7)
(77336086558, 7)
(3362, 19)
(77428208162, 19)
(3363, 9)
(77451238563, 9)
(3367, 20)
(77543360167, 20)
(3368, 0)
(77566390568, 0)
(3372, 22)
(77658512172, 3)
(3373, 9)
(77681542573, 9)
(3377, 13)
(77773664177, 12)
(3378, 24)
(77796694578, 24)
(3382, 10)
(77888816182, 10)
(3383, 16)
(77911846583, 16)
(3387, 7)
(78003968187, 7)
(3388, 13)
(78026998588, 12)
(3392, 6)
(78119120192, 6)
(3393, 12)
(78142150593, 12)
(3397, 0)
(78234272197, 0)
(3398, 13)
(78257302598, 13)
(3402, 23)
(78349424202, 2)
(3403, 17)
(78372454603, 8)
(3407, 18)
(78464576207, 18)
(3408, 4)
(78487606608, 4)
(3412, 0)
(78579728212, 0)
(3413, 13)
(78602758613, 12)
(3417, 14)
(78694880217, 11)
(3418, 22)
(78717910618, 22)
(3422, 13)
(78810032222, 13)
(3423, 10)
(78833062623, 15)
(3427, 21)
(78925184227, 21)
(3428, 0)
(78948214628, 0)
(3432, 0)
(79040336232, 0)
(3433, 11)
(79063366633, 14)
(3437, 22)
(79155488237, 3)
(3438, 5)
(79178518638, 20)
(3442, 5)
(79270640242, 5)
(3443, 14)
(79293670643, 11)
(3447, 24)
(79385792247, 1)
(3448, 0)
(79408822648, 0)
(3452, 22)
(79500944252, 3)
(3453, 3)
(79523974653, 3)
(3457, 23)
(79616096257, 23)
(3458, 0)
(79639126658, 0)
(3462, 3)
(79731248262, 22)
(3463, 24)
(79754278663, 1)
(3467, 19)
(79846400267, 6)
(3468, 19)
(79869430668, 19)
(3472, 11)
(79961552272, 11)
(3473, 15)
(79984582673, 10)
(3477, 2)
(80076704277, 23)
(3478, 9)
(80099734678, 9)
(3482, 4)
(80191856282, 4)
(3483, 3)
(80214886683, 3)
(3487, 22)
(80307008287, 3)
(3488, 20)
(80330038688, 20)
(3492, 0)
(80422160292, 0)
(3493, 23)
(80445190693, 23)
(3497, 7)
(80537312297, 18)
(3498, 10)
(80560342698, 15)
(3502, 19)
(80652464302, 19)
(3503, 12)
(80675494703, 13)
(3507, 23)
(80767616307, 2)
(3508, 0)
(80790646708, 0)
(3512, 0)
(80882768312, 0)
(3513, 24)
(80905798713, 1)
(3517, 5)
(80997920317, 5)
(3518, 8)
(81020950718, 8)
(3522, 8)
(81113072322, 8)
(3523, 24)
(81136102723, 1)
(3527, 0)
(81228224327, 0)
(3528, 0)
(81251254728, 0)
(3532, 16)
(81343376332, 9)
(3533, 10)
(81366406733, 15)
(3537, 3)
(81458528337, 3)
(3538, 8)
(81481558738, 17)
(3542, 2)
(81573680342, 2)
(3543, 3)
(81596710743, 22)
(3547, 14)
(81688832347, 11)
(3548, 2)
(81711862748, 23)
(3552, 14)
(81803984352, 14)
(3553, 11)
(81827014753, 14)
(3557, 4)
(81919136357, 21)
(3558, 23)
(81942166758, 23)
(3562, 12)
(82034288362, 13)
(3563, 3)
(82057318763, 3)
(3567, 0)
(82149440367, 0)
(3568, 22)
(82172470768, 3)
