(2, 4)
(169243202, 4)
(3, 8)
(253864803, 17)
(7, 14)
(592351207, 11)
(8, 0)
(676972808, 0)
(12, 4)
(1015459212, 21)
(13, 3)
(1100080813, 22)
(17, 14)
(1438567217, 14)
(18, 23)
(1523188818, 23)
(22, 13)
(1861675222, 12)
(23, 3)
(1946296823, 3)
(27, 8)
(2284783227, 17)
(28, 18)
(2369404828, 7)
(32, 12)
(2707891232, 12)
(33, 6)
(2792512833, 6)
(37, 17)
(3130999237, 8)
(38, 11)
(3215620838, 11)
(42, 21)
(3554107242, 21)
(43, 14)
(3638728843, 11)
(47, 5)
(3977215247, 20)
(48, 24)
(4061836848, 1)
(52, 0)
(4400323252, 0)
(53, 4)
(4484944853, 21)
(57, 19)
(4823431257, 6)
(58, 22)
(4908052858, 22)
(62, 12)
(5246539262, 12)
(63, 10)
(5331160863, 15)
(67, 1)
(5669647267, 1)
(68, 0)
(5754268868, 0)
(72, 0)
(6092755272, 0)
(73, 11)
(6177376873, 11)
(77, 23)
(6515863277, 23)
(78, 4)
(6600484878, 4)
(82, 21)
(6938971282, 4)
(83, 22)
(7023592883, 3)
(87, 19)
(7362079287, 6)
(88, 0)
(7446700888, 0)
(92, 11)
(7785187292, 11)
(93, 16)
(7869808893, 9)
(97, 24)
(8208295297, 24)
(98, 14)
(8292916898, 14)
(102, 21)
(8631403302, 4)
(103, 15)
(8716024903, 10)
(107, 13)
(9054511307, 13)
(108, 4)
(9139132908, 21)
(112, 24)
(9477619312, 1)
(113, 12)
(9562240913, 13)
(117, 20)
(9900727317, 5)
(118, 6)
(9985348918, 6)
(122, 20)
(10323835322, 20)
(123, 3)
(10408456923, 3)
(127, 20)
(10746943327, 20)
(128, 19)
(10831564928, 19)
(132, 0)
(11170051332, 0)
(133, 6)
(11254672933, 19)
(137, 8)
(11593159337, 17)
(138, 23)
(11677780938, 2)
(142, 6)
(12016267342, 19)
(143, 5)
(12100888943, 5)
(147, 19)
(12439375347, 6)
(148, 0)
(12523996948, 0)
(152, 0)
(12862483352, 0)
(153, 18)
(12947104953, 18)
(157, 1)
(13285591357, 1)
(158, 23)
(13370212958, 23)
(162, 21)
(13708699362, 21)
(163, 9)
(13793320963, 16)
(167, 19)
(14131807367, 6)
(168, 0)
(14216428968, 0)
(172, 7)
(14554915372, 18)
(173, 21)
(14639536973, 4)
(177, 19)
(14978023377, 6)
(178, 3)
(15062644978, 3)
(182, 18)
(15401131382, 18)
(183, 18)
(15485752983, 7)
(187, 2)
(15824239387, 23)
(188, 10)
(15908860988, 15)
(192, 0)
(16247347392, 0)
(193, 6)
(16331968993, 6)
(197, 5)
(16670455397, 5)
(198, 20)
(16755076998, 5)
(202, 14)
(17093563402, 11)
(203, 11)
(17178185003, 14)
(207, 11)
(17516671407, 11)
(208, 16)
(17601293008, 9)
(212, 0)
(17939779412, 0)
(213, 7)
(18024401013, 7)
(217, 13)
(18362887417, 12)
(218, 15)
(18447509018, 15)
(222, 13)
(18785995422, 13)
(223, 17)
(18870617023, 8)
(227, 20)
(19209103427, 20)
(228, 0)
(19293725028, 0)
(232, 0)
(19632211432, 0)
(233, 3)
(19716833033, 3)
(237, 7)
(20055319437, 18)
(238, 8)
(20139941038, 17)
(242, 14)
(20478427442, 14)
(243, 4)
(20563049043, 21)
(247, 9)
(20901535447, 16)
(248, 0)
(20986157048, 0)
(252, 20)
(21324643452, 5)
(253, 21)
(21409265053, 4)
(257, 1)
(21747751457, 24)
(258, 3)
(21832373058, 3)
(262, 4)
(22170859462, 4)
(263, 18)
(22255481063, 18)
(267, 12)
(22593967467, 13)
(268, 13)
(22678589068, 13)
(272, 8)
(23017075472, 8)
(273, 22)
(23101697073, 3)
(277, 11)
(23440183477, 14)
(278, 14)
(23524805078, 11)
(282, 17)
(23863291482, 17)
(283, 7)
(23947913083, 18)
(287, 1)
(24286399487, 1)
(288, 19)
(24371021088, 19)
(292, 0)
(24709507492, 0)
(293, 2)
(24794129093, 23)
(297, 6)
(25132615497, 6)
(298, 1)
(25217237098, 1)
(302, 23)
(25555723502, 2)
(303, 15)
(25640345103, 15)
(307, 13)
(25978831507, 13)
(308, 0)
(26063453108, 0)
(312, 0)
(26401939512, 0)
(313, 12)
(26486561113, 13)
(317, 5)
(26825047517, 5)
(318, 12)
(26909669118, 12)
(322, 17)
(27248155522, 8)
(323, 6)
(27332777123, 6)
(327, 8)
(27671263527, 17)
(328, 0)
(27755885128, 0)
(332, 11)
(28094371532, 14)
(333, 5)
(28178993133, 20)
(337, 23)
(28517479537, 23)
(338, 0)
(28602101138, 0)
(342, 7)
(28940587542, 7)
(343, 13)
(29025209143, 12)
(347, 15)
(29363695547, 10)
(348, 3)
(29448317148, 22)
(352, 14)
(29786803552, 11)
(353, 14)
(29871425153, 14)
(357, 3)
(30209911557, 3)
(358, 6)
(30294533158, 19)
(362, 7)
(30633019562, 18)
(363, 24)
(30717641163, 1)
(367, 16)
(31056127567, 16)
(368, 23)
(31140749168, 23)
(372, 0)
(31479235572, 0)
(373, 5)
(31563857173, 20)
(377, 1)
(31902343577, 24)
(378, 21)
(31986965178, 21)
(382, 2)
(32325451582, 2)
(383, 2)
(32410073183, 23)
(387, 10)
(32748559587, 15)
(388, 0)
(32833181188, 0)
(392, 0)
(33171667592, 0)
(393, 3)
(33256289193, 22)
(397, 11)
(33594775597, 14)
(398, 10)
(33679397198, 15)
(402, 24)
(34017883602, 1)
(403, 8)
(34102505203, 17)
(407, 24)
(34440991607, 24)
(408, 0)
(34525613208, 0)
(412, 5)
(34864099612, 20)
(413, 10)
(34948721213, 15)
(417, 12)
(35287207617, 12)
(418, 8)
(35371829218, 17)
(422, 15)
(35710315622, 10)
(423, 10)
(35794937223, 15)
(427, 22)
(36133423627, 3)
(428, 19)
(36218045228, 19)
(432, 24)
(36556531632, 1)
(433, 18)
(36641153233, 18)
(437, 0)
(36979639637, 0)
(438, 23)
(37064261238, 2)
(442, 17)
(37402747642, 8)
(443, 0)
(37487369243, 0)
(447, 16)
(37825855647, 9)
(448, 17)
(37910477248, 8)
(452, 0)
(38248963652, 0)
(453, 18)
(38333585253, 18)
(457, 13)
(38672071657, 12)
(458, 6)
(38756693258, 19)
(462, 22)
(39095179662, 3)
(463, 22)
(39179801263, 22)
(467, 12)
(39518287667, 12)
(468, 0)
(39602909268, 0)
(472, 0)
(39941395672, 0)
(473, 3)
(40026017273, 3)
(477, 23)
(40364503677, 2)
(478, 8)
(40449125278, 8)
(482, 5)
(40787611682, 5)
(483, 11)
(40872233283, 11)
(487, 3)
(41210719687, 22)
(488, 0)
(41295341288, 0)
(492, 14)
(41633827692, 14)
(493, 23)
(41718449293, 23)
(497, 9)
(42056935697, 9)
(498, 23)
(42141557298, 23)
(502, 11)
(42480043702, 11)
(503, 1)
(42564665303, 24)
(507, 11)
(42903151707, 14)
(508, 15)
(42987773308, 15)
(512, 14)
(43326259712, 14)
(513, 19)
(43410881313, 6)
(517, 17)
(43749367717, 17)
(518, 11)
(43833989318, 11)
(522, 5)
(44172475722, 5)
(523, 20)
(44257097323, 5)
(527, 12)
(44595583727, 12)
(528, 7)
(44680205328, 7)
(532, 0)
(45018691732, 0)
(533, 3)
(45103313333, 3)
(537, 12)
(45441799737, 12)
(538, 10)
(45526421338, 10)
(542, 11)
(45864907742, 14)
(543, 2)
(45949529343, 2)
(547, 18)
(46288015747, 18)
(548, 0)
(46372637348, 0)
(552, 0)
(46711123752, 0)
(553, 12)
(46795745353, 13)
(557, 13)
(47134231757, 12)
(558, 19)
(47218853358, 19)
(562, 22)
(47557339762, 3)
(563, 21)
(47641961363, 4)
(567, 3)
(47980447767, 22)
(568, 0)
(48065069368, 0)
(572, 10)
(48403555772, 10)
(573, 9)
(48488177373, 16)
(577, 18)
(48826663777, 18)
(578, 22)
(48911285378, 22)
(582, 4)
(49249771782, 21)
(583, 18)
(49334393383, 18)
(587, 2)
(49672879787, 2)
(588, 22)
(49757501388, 3)
(592, 24)
(50095987792, 1)
(593, 21)
(50180609393, 21)
(597, 2)
(50519095797, 2)
(598, 18)
(50603717398, 7)
(602, 1)
(50942203802, 1)
(603, 15)
(51026825403, 15)
(607, 22)
(51365311807, 3)
(608, 8)
(51449933408, 8)
(612, 0)
(51788419812, 0)
(613, 10)
(51873041413, 10)
(617, 7)
(52211527817, 7)
(618, 22)
(52296149418, 22)
(622, 23)
(52634635822, 2)
(623, 22)
(52719257423, 3)
(627, 9)
(53057743827, 9)
(628, 0)
(53142365428, 0)
(632, 0)
(53480851832, 0)
(633, 15)
(53565473433, 15)
(637, 4)
(53903959837, 21)
(638, 5)
(53988581438, 20)
(642, 24)
(54327067842, 1)
(643, 12)
(54411689443, 12)
(647, 2)
(54750175847, 2)
(648, 0)
(54834797448, 0)
(652, 17)
(55173283852, 8)
(653, 1)
(55257905453, 24)
(657, 15)
(55596391857, 15)
(658, 8)
(55681013458, 8)
(662, 23)
(56019499862, 23)
(663, 16)
(56104121463, 16)
(667, 14)
(56442607867, 14)
(668, 3)
(56527229468, 22)
(672, 13)
(56865715872, 13)
(673, 13)
(56950337473, 13)
(677, 20)
(57288823877, 5)
(678, 5)
(57373445478, 5)
(682, 18)
(57711931882, 7)
(683, 15)
(57796553483, 15)
(687, 13)
(58135039887, 13)
(688, 17)
(58219661488, 8)
(692, 0)
(58558147892, 0)
(693, 1)
(58642769493, 1)
(697, 8)
(58981255897, 17)
(698, 11)
(59065877498, 11)
(702, 4)
(59404363902, 4)
(703, 9)
(59488985503, 16)
(707, 1)
(59827471907, 1)
(708, 0)
(59912093508, 0)
(712, 0)
(60250579912, 0)
(713, 21)
(60335201513, 21)
(717, 11)
(60673687917, 14)
(718, 22)
(60758309518, 22)
(722, 11)
(61096795922, 11)
(723, 11)
(61181417523, 14)
(727, 22)
(61519903927, 22)
(728, 0)
(61604525528, 0)
(732, 16)
(61943011932, 9)
(733, 11)
(62027633533, 14)
(737, 10)
(62366119937, 15)
(738, 15)
(62450741538, 10)
(742, 22)
(62789227942, 22)
(743, 16)
(62873849543, 9)
(747, 14)
(63212335947, 11)
(748, 1)
(63296957548, 24)
(752, 5)
(63635443952, 20)
(753, 13)
(63720065553, 12)
(757, 0)
(64058551957, 0)
(758, 22)
(64143173558, 3)
(762, 18)
(64481659962, 7)
(763, 21)
(64566281563, 4)
(767, 8)
(64904767967, 17)
(768, 22)
(64989389568, 3)
(772, 0)
(65327875972, 0)
(773, 9)
(65412497573, 16)
(777, 16)
(65750983977, 9)
(778, 4)
(65835605578, 4)
(782, 11)
(66174091982, 11)
(783, 19)
(66258713583, 6)
(787, 20)
(66597199987, 5)
(788, 0)
(66681821588, 0)
(792, 0)
(67020307992, 0)
(793, 17)
(67104929593, 8)
(797, 15)
(67443415997, 10)
(798, 21)
(67528037598, 21)
(802, 23)
(67866524002, 2)
(803, 15)
(67951145603, 10)
(807, 21)
(68289632007, 4)
(808, 0)
(68374253608, 0)
(812, 18)
(68712740012, 7)
(813, 18)
(68797361613, 18)
(817, 22)
(69135848017, 3)
(818, 13)
(69220469618, 12)
(822, 0)
(69558956022, 0)
(823, 9)
(69643577623, 9)
(827, 2)
(69982064027, 23)
(828, 7)
(70066685628, 7)
(832, 17)
(70405172032, 8)
(833, 2)
(70489793633, 2)
(837, 16)
(70828280037, 9)
(838, 14)
(70912901638, 11)
(842, 9)
(71251388042, 9)
(843, 19)
(71336009643, 19)
(847, 24)
(71674496047, 1)
(848, 13)
(71759117648, 12)
(852, 0)
(72097604052, 0)
(853, 10)
(72182225653, 15)
(857, 7)
(72520712057, 7)
(858, 21)
(72605333658, 4)
(862, 12)
(72943820062, 12)
(863, 6)
(73028441663, 6)
(867, 13)
(73366928067, 12)
(868, 0)
(73451549668, 0)
(872, 0)
(73790036072, 0)
(873, 10)
(73874657673, 10)
(877, 0)
(74213144077, 0)
(878, 0)
(74297765678, 0)
(882, 18)
(74636252082, 18)
(883, 7)
(74720873683, 7)
(887, 21)
(75059360087, 4)
(888, 0)
(75143981688, 0)
(892, 4)
(75482468092, 21)
(893, 12)
(75567089693, 13)
(897, 1)
(75905576097, 1)
(898, 7)
(75990197698, 7)
(902, 12)
(76328684102, 12)
(903, 11)
(76413305703, 14)
(907, 13)
(76751792107, 12)
(908, 10)
(76836413708, 10)
(912, 18)
(77174900112, 7)
(913, 13)
(77259521713, 13)
(917, 15)
(77598008117, 10)
(918, 21)
(77682629718, 4)
(922, 12)
(78021116122, 12)
(923, 0)
(78105737723, 0)
(927, 0)
(78444224127, 0)
(928, 16)
(78528845728, 16)
(932, 0)
(78867332132, 0)
(933, 24)
(78951953733, 24)
(937, 10)
(79290440137, 10)
(938, 21)
(79375061738, 4)
(942, 23)
(79713548142, 2)
(943, 11)
(79798169743, 14)
(947, 10)
(80136656147, 15)
(948, 0)
(80221277748, 0)
(952, 0)
(80559764152, 0)
(953, 8)
(80644385753, 8)
(957, 16)
(80982872157, 16)
(958, 6)
(81067493758, 19)
(962, 2)
(81405980162, 2)
(963, 6)
(81490601763, 6)
(967, 14)
(81829088167, 11)
(968, 0)
(81913709768, 0)
(972, 2)
(82252196172, 23)
(973, 23)
(82336817773, 23)
(977, 15)
(82675304177, 15)
(978, 9)
(82759925778, 9)
(982, 15)
(83098412182, 10)
(983, 7)
(83183033783, 7)
(987, 8)
(83521520187, 17)
(988, 8)
(83606141788, 17)
(992, 11)
(83944628192, 11)
(993, 13)
(84029249793, 12)
(997, 9)
(84367736197, 9)
(998, 6)
(84452357798, 6)
(1002, 9)
(84790844202, 9)
(1003, 6)
(84875465803, 6)
(1007, 5)
(85213952207, 20)
(1008, 10)
(85298573808, 15)
(1012, 0)
(85637060212, 0)
(1013, 9)
(85721681813, 9)
(1017, 19)
(86060168217, 6)
(1018, 23)
(86144789818, 23)
(1022, 13)
(86483276222, 12)
(1023, 11)
(86567897823, 11)
(1027, 19)
(86906384227, 6)
(1028, 0)
(86991005828, 0)
(1032, 0)
(87329492232, 0)
(1033, 23)
(87414113833, 23)
(1037, 5)
(87752600237, 5)
(1038, 7)
(87837221838, 7)
(1042, 3)
(88175708242, 22)
(1043, 7)
(88260329843, 18)
(1047, 14)
(88598816247, 11)
(1048, 0)
(88683437848, 0)
(1052, 16)
(89021924252, 16)
(1053, 6)
(89106545853, 19)
(1057, 21)
(89445032257, 21)
(1058, 15)
(89529653858, 15)
(1062, 15)
(89868140262, 15)
(1063, 24)
(89952761863, 24)
(1067, 7)
(90291248267, 18)
(1068, 6)
(90375869868, 19)
(1072, 3)
(90714356272, 3)
(1073, 6)
(90798977873, 19)
(1077, 4)
(91137464277, 21)
(1078, 8)
(91222085878, 17)
(1082, 8)
(91560572282, 17)
(1083, 22)
(91645193883, 3)
(1087, 21)
(91983680287, 21)
(1088, 21)
(92068301888, 21)
(1092, 0)
(92406788292, 0)
(1093, 5)
(92491409893, 20)
(1097, 6)
(92829896297, 6)
(1098, 15)
(92914517898, 15)
(1102, 0)
(93253004302, 0)
(1103, 8)
(93337625903, 8)
(1107, 3)
(93676112307, 3)
(1108, 0)
(93760733908, 0)
(1112, 0)
(94099220312, 0)
(1113, 14)
(94183841913, 11)
(1117, 4)
(94522328317, 21)
(1118, 21)
(94606949918, 21)
(1122, 9)
(94945436322, 9)
(1123, 15)
(95030057923, 15)
(1127, 23)
(95368544327, 23)
(1128, 0)
(95453165928, 0)
(1132, 16)
(95791652332, 9)
(1133, 12)
(95876273933, 12)
(1137, 15)
(96214760337, 15)
(1138, 2)
(96299381938, 23)
(1142, 22)
(96637868342, 22)
(1143, 0)
(96722489943, 0)
(1147, 21)
(97060976347, 4)
(1148, 12)
(97145597948, 12)
(1152, 3)
(97484084352, 3)
(1153, 24)
(97568705953, 24)
(1157, 18)
(97907192357, 7)
(1158, 9)
(97991813958, 16)
(1162, 8)
(98330300362, 8)
(1163, 3)
(98414921963, 3)
(1167, 8)
(98753408367, 17)
(1168, 17)
(98838029968, 17)
(1172, 0)
(99176516372, 0)
(1173, 16)
(99261137973, 9)
(1177, 12)
(99599624377, 13)
(1178, 21)
(99684245978, 21)
(1182, 0)
(100022732382, 0)
(1183, 0)
(100107353983, 0)
(1187, 24)
(100445840387, 24)
(1188, 0)
(100530461988, 0)
(1192, 0)
(100868948392, 0)
(1193, 4)
(100953569993, 21)
(1197, 15)
(101292056397, 10)
(1198, 12)
(101376677998, 12)
(1202, 1)
(101715164402, 1)
(1203, 9)
(101799786003, 9)
(1207, 2)
(102138272407, 23)
(1208, 0)
(102222894008, 0)
(1212, 5)
(102561380412, 5)
(1213, 10)
(102646002013, 15)
(1217, 12)
(102984488417, 12)
(1218, 4)
(103069110018, 4)
(1222, 3)
(103407596422, 3)
(1223, 15)
(103492218023, 10)
(1227, 19)
(103830704427, 19)
(1228, 19)
(103915326028, 19)
(1232, 6)
(104253812432, 6)
(1233, 21)
(104338434033, 4)
(1237, 9)
(104676920437, 16)
(1238, 7)
(104761542038, 7)
(1242, 23)
(105100028442, 2)
(1243, 6)
(105184650043, 6)
(1247, 4)
(105523136447, 21)
(1248, 12)
(105607758048, 12)
(1252, 0)
(105946244452, 0)
(1253, 3)
(106030866053, 3)
(1257, 15)
(106369352457, 15)
(1258, 17)
(106453974058, 8)
(1262, 19)
(106792460462, 19)
(1263, 0)
(106877082063, 0)
(1267, 21)
(107215568467, 21)
(1268, 0)
(107300190068, 0)
(1272, 0)
(107638676472, 0)
(1273, 20)
(107723298073, 20)
(1277, 4)
(108061784477, 21)
(1278, 15)
(108146406078, 10)
(1282, 23)
(108484892482, 23)
(1283, 24)
(108569514083, 24)
(1287, 10)
(108908000487, 10)
(1288, 0)
(108992622088, 0)
(1292, 3)
(109331108492, 3)
(1293, 6)
(109415730093, 19)
(1297, 2)
(109754216497, 23)
(1298, 7)
(109838838098, 18)
(1302, 4)
(110177324502, 4)
(1303, 11)
(110261946103, 11)
(1307, 16)
(110600432507, 16)
(1308, 21)
(110685054108, 4)
(1312, 13)
(111023540512, 12)
(1313, 1)
(111108162113, 1)
(1317, 15)
(111446648517, 10)
(1318, 5)
(111531270118, 5)
(1322, 3)
(111869756522, 3)
(1323, 19)
(111954378123, 6)
(1327, 20)
(112292864527, 5)
(1328, 16)
(112377486128, 9)
(1332, 0)
(112715972532, 0)
(1333, 10)
(112800594133, 15)
(1337, 19)
(113139080537, 6)
(1338, 10)
(113223702138, 10)
(1342, 5)
(113562188542, 20)
(1343, 19)
(113646810143, 19)
(1347, 6)
(113985296547, 19)
(1348, 0)
(114069918148, 0)
(1352, 0)
(114408404552, 0)
(1353, 4)
(114493026153, 21)
(1357, 16)
(114831512557, 16)
(1358, 9)
(114916134158, 16)
(1362, 6)
(115254620562, 19)
(1363, 4)
(115339242163, 21)
(1367, 10)
(115677728567, 10)
(1368, 0)
(115762350168, 0)
(1372, 6)
(116100836572, 19)
(1373, 7)
(116185458173, 7)
(1377, 11)
(116523944577, 11)
(1378, 15)
(116608566178, 15)
(1382, 7)
(116947052582, 18)
(1383, 3)
(117031674183, 22)
(1387, 9)
(117370160587, 9)
(1388, 20)
(117454782188, 5)
(1392, 4)
(117793268592, 21)
(1393, 24)
(117877890193, 24)
(1397, 19)
(118216376597, 6)
(1398, 0)
(118300998198, 0)
(1402, 21)
(118639484602, 4)
(1403, 6)
(118724106203, 6)
(1407, 6)
(119062592607, 6)
(1408, 18)
(119147214208, 7)
(1412, 0)
(119485700612, 0)
(1413, 15)
(119570322213, 15)
(1417, 16)
(119908808617, 9)
(1418, 4)
(119993430218, 21)
(1422, 1)
(120331916622, 1)
(1423, 4)
(120416538223, 4)
(1427, 0)
(120755024627, 0)
(1428, 0)
(120839646228, 0)
(1432, 0)
(121178132632, 0)
(1433, 24)
(121262754233, 24)
(1437, 9)
(121601240637, 9)
(1438, 21)
(121685862238, 21)
(1442, 11)
(122024348642, 11)
(1443, 12)
(122108970243, 13)
(1447, 17)
(122447456647, 17)
(1448, 0)
(122532078248, 0)
(1452, 12)
(122870564652, 13)
(1453, 16)
(122955186253, 16)
(1457, 4)
(123293672657, 21)
(1458, 22)
(123378294258, 22)
(1462, 24)
(123716780662, 1)
(1463, 22)
(123801402263, 22)
(1467, 10)
(124139888667, 15)
(1468, 17)
(124224510268, 17)
(1472, 9)
(124562996672, 9)
(1473, 17)
(124647618273, 17)
(1477, 11)
(124986104677, 11)
(1478, 0)
(125070726278, 0)
(1482, 11)
(125409212682, 11)
(1483, 8)
(125493834283, 8)
(1487, 3)
(125832320687, 22)
(1488, 2)
(125916942288, 23)
(1492, 0)
(126255428692, 0)
(1493, 13)
(126340050293, 13)
(1497, 15)
(126678536697, 10)
(1498, 6)
(126763158298, 19)
(1502, 1)
(127101644702, 24)
(1503, 3)
(127186266303, 22)
(1507, 9)
(127524752707, 9)
(1508, 0)
(127609374308, 0)
(1512, 0)
(127947860712, 0)
(1513, 4)
(128032482313, 4)
(1517, 23)
(128370968717, 23)
(1518, 9)
(128455590318, 9)
(1522, 20)
(128794076722, 20)
(1523, 23)
(128878698323, 23)
(1527, 16)
(129217184727, 9)
(1528, 0)
(129301806328, 0)
(1532, 24)
(129640292732, 1)
(1533, 21)
(129724914333, 21)
(1537, 1)
(130063400737, 24)
(1538, 9)
(130148022338, 16)
(1542, 5)
(130486508742, 5)
(1543, 24)
(130571130343, 1)
(1547, 2)
(130909616747, 2)
(1548, 5)
(130994238348, 20)
(1552, 3)
(131332724752, 3)
(1553, 15)
(131417346353, 15)
(1557, 2)
(131755832757, 23)
(1558, 2)
(131840454358, 23)
(1562, 22)
(132178940762, 22)
(1563, 4)
(132263562363, 4)
(1567, 15)
(132602048767, 15)
(1568, 17)
(132686670368, 17)
(1572, 0)
(133025156772, 0)
(1573, 23)
(133109778373, 2)
(1577, 18)
(133448264777, 7)
(1578, 6)
(133532886378, 19)
(1582, 4)
(133871372782, 4)
(1583, 23)
(133955994383, 23)
(1587, 5)
(134294480787, 20)
(1588, 0)
(134379102388, 0)
(1592, 0)
(134717588792, 0)
(1593, 19)
(134802210393, 6)
(1597, 4)
(135140696797, 4)
(1598, 2)
(135225318398, 23)
(1602, 20)
(135563804802, 20)
(1603, 9)
(135648426403, 9)
(1607, 8)
(135986912807, 8)
(1608, 0)
(136071534408, 0)
(1612, 4)
(136410020812, 21)
(1613, 18)
(136494642413, 18)
(1617, 8)
(136833128817, 8)
(1618, 7)
(136917750418, 18)
(1622, 5)
(137256236822, 20)
(1623, 8)
(137340858423, 8)
(1627, 12)
(137679344827, 12)
(1628, 13)
(137763966428, 13)
(1632, 13)
(138102452832, 12)
(1633, 14)
(138187074433, 11)
(1637, 13)
(138525560837, 13)
(1638, 16)
(138610182438, 16)
(1642, 11)
(138948668842, 11)
(1643, 0)
(139033290443, 0)
(1647, 18)
(139371776847, 7)
(1648, 15)
(139456398448, 10)
(1652, 0)
(139794884852, 0)
(1653, 19)
(139879506453, 6)
(1657, 6)
(140217992857, 6)
(1658, 2)
(140302614458, 2)
(1662, 15)
(140641100862, 15)
(1663, 7)
(140725722463, 7)
(1667, 23)
(141064208867, 23)
(1668, 0)
(141148830468, 0)
(1672, 0)
(141487316872, 0)
(1673, 18)
(141571938473, 7)
(1677, 1)
(141910424877, 24)
(1678, 15)
(141995046478, 15)
(1682, 19)
(142333532882, 19)
(1683, 5)
(142418154483, 20)
(1687, 12)
(142756640887, 13)
(1688, 0)
(142841262488, 0)
(1692, 20)
(143179748892, 5)
(1693, 23)
(143264370493, 2)
(1697, 18)
(143602856897, 7)
(1698, 6)
(143687478498, 6)
(1702, 0)
(144025964902, 0)
(1703, 13)
(144110586503, 12)
(1707, 5)
(144449072907, 5)
(1708, 11)
(144533694508, 14)
(1712, 14)
(144872180912, 14)
(1713, 4)
(144956802513, 21)
(1717, 21)
(145295288917, 4)
(1718, 1)
(145379910518, 24)
(1722, 1)
(145718396922, 24)
(1723, 20)
(145803018523, 5)
(1727, 14)
(146141504927, 11)
(1728, 0)
(146226126528, 0)
(1732, 0)
(146564612932, 0)
(1733, 1)
(146649234533, 1)
(1737, 15)
(146987720937, 15)
(1738, 16)
(147072342538, 9)
(1742, 21)
(147410828942, 4)
(1743, 14)
(147495450543, 11)
(1747, 20)
(147833936947, 5)
(1748, 0)
(147918558548, 0)
(1752, 0)
(148257044952, 0)
(1753, 10)
(148341666553, 10)
(1757, 23)
(148680152957, 2)
(1758, 0)
(148764774558, 0)
(1762, 16)
(149103260962, 9)
(1763, 23)
(149187882563, 23)
(1767, 3)
(149526368967, 22)
(1768, 0)
(149610990568, 0)
(1772, 0)
(149949476972, 0)
(1773, 10)
(150034098573, 10)
(1777, 19)
(150372584977, 6)
(1778, 20)
(150457206578, 5)
(1782, 1)
(150795692982, 24)
(1783, 7)
(150880314583, 7)
(1787, 22)
(151218800987, 3)
(1788, 17)
(151303422588, 8)
(1792, 1)
(151641908992, 24)
(1793, 19)
(151726530593, 19)
(1797, 24)
(152065016997, 1)
(1798, 20)
(152149638598, 20)
(1802, 18)
(152488125002, 7)
(1803, 17)
(152572746603, 8)
(1807, 23)
(152911233007, 23)
(1808, 14)
(152995854608, 11)
(1812, 0)
(153334341012, 0)
(1813, 22)
(153418962613, 3)
(1817, 10)
(153757449017, 10)
(1818, 10)
(153842070618, 15)
(1822, 4)
(154180557022, 21)
(1823, 10)
(154265178623, 15)
(1827, 7)
(154603665027, 18)
(1828, 0)
(154688286628, 0)
(1832, 0)
(155026773032, 0)
(1833, 16)
(155111394633, 9)
(1837, 24)
(155449881037, 24)
(1838, 23)
(155534502638, 2)
(1842, 9)
(155872989042, 16)
(1843, 14)
(155957610643, 14)
(1847, 17)
(156296097047, 17)
(1848, 0)
(156380718648, 0)
(1852, 14)
(156719205052, 14)
(1853, 9)
(156803826653, 9)
(1857, 15)
(157142313057, 10)
(1858, 20)
(157226934658, 20)
(1862, 23)
(157565421062, 23)
(1863, 22)
(157650042663, 22)
(1867, 15)
(157988529067, 15)
(1868, 6)
(158073150668, 6)
(1872, 15)
(158411637072, 10)
(1873, 8)
(158496258673, 17)
(1877, 19)
(158834745077, 6)
(1878, 14)
(158919366678, 14)
(1882, 2)
(159257853082, 23)
(1883, 1)
(159342474683, 24)
(1887, 15)
(159680961087, 15)
(1888, 18)
(159765582688, 18)
(1892, 0)
(160104069092, 0)
(1893, 15)
(160188690693, 10)
(1897, 1)
(160527177097, 1)
(1898, 18)
(160611798698, 7)
(1902, 24)
(160950285102, 1)
(1903, 17)
(161034906703, 17)
(1907, 18)
(161373393107, 18)
(1908, 0)
(161458014708, 0)
(1912, 0)
(161796501112, 0)
(1913, 24)
(161881122713, 1)
(1917, 7)
(162219609117, 7)
(1918, 16)
(162304230718, 16)
(1922, 12)
(162642717122, 12)
(1923, 5)
(162727338723, 20)
(1927, 17)
(163065825127, 17)
(1928, 0)
(163150446728, 0)
(1932, 18)
(163488933132, 18)
(1933, 22)
(163573554733, 22)
(1937, 23)
(163912041137, 2)
(1938, 7)
(163996662738, 18)
(1942, 13)
(164335149142, 12)
(1943, 7)
(164419770743, 7)
(1947, 13)
(164758257147, 13)
(1948, 11)
(164842878748, 14)
(1952, 10)
(165181365152, 10)
(1953, 20)
(165265986753, 5)
(1957, 6)
(165604473157, 19)
(1958, 2)
(165689094758, 23)
(1962, 5)
(166027581162, 5)
(1963, 4)
(166112202763, 4)
(1967, 24)
(166450689167, 24)
(1968, 9)
(166535310768, 9)
(1972, 0)
(166873797172, 0)
(1973, 8)
(166958418773, 17)
(1977, 6)
(167296905177, 19)
(1978, 7)
(167381526778, 18)
(1982, 6)
(167720013182, 6)
(1983, 21)
(167804634783, 4)
(1987, 22)
(168143121187, 22)
(1988, 0)
(168227742788, 0)
(1992, 0)
(168566229192, 0)
(1993, 11)
(168650850793, 14)
(1997, 7)
(168989337197, 18)
(1998, 13)
(169073958798, 13)
(2002, 19)
(169412445202, 6)
(2003, 6)
(169497066803, 19)
(2007, 5)
(169835553207, 20)
(2008, 0)
(169920174808, 0)
(2012, 12)
(170258661212, 13)
(2013, 4)
(170343282813, 4)
(2017, 22)
(170681769217, 3)
(2018, 23)
(170766390818, 2)
(2022, 11)
(171104877222, 14)
(2023, 4)
(171189498823, 21)
(2027, 21)
(171527985227, 4)
(2028, 18)
(171612606828, 7)
(2032, 20)
(171951093232, 20)
(2033, 17)
(172035714833, 17)
(2037, 19)
(172374201237, 19)
(2038, 13)
(172458822838, 13)
(2042, 5)
(172797309242, 20)
(2043, 15)
(172881930843, 15)
(2047, 2)
(173220417247, 2)
(2048, 0)
(173305038848, 0)
(2052, 0)
(173643525252, 0)
(2053, 12)
(173728146853, 12)
(2057, 24)
(174066633257, 24)
(2058, 7)
(174151254858, 7)
(2062, 8)
(174489741262, 8)
(2063, 15)
(174574362863, 15)
(2067, 18)
(174912849267, 7)
(2068, 0)
(174997470868, 0)
(2072, 0)
(175335957272, 0)
(2073, 5)
(175420578873, 5)
(2077, 11)
(175759065277, 11)
(2078, 10)
(175843686878, 10)
(2082, 11)
(176182173282, 11)
(2083, 3)
(176266794883, 3)
(2087, 0)
(176605281287, 0)
(2088, 0)
(176689902888, 0)
(2092, 10)
(177028389292, 15)
(2093, 5)
(177113010893, 5)
(2097, 11)
(177451497297, 11)
(2098, 14)
(177536118898, 14)
(2102, 19)
(177874605302, 6)
(2103, 9)
(177959226903, 9)
(2107, 24)
(178297713307, 1)
(2108, 19)
(178382334908, 19)
(2112, 9)
(178720821312, 9)
(2113, 4)
(178805442913, 4)
(2117, 1)
(179143929317, 1)
(2118, 0)
(179228550918, 0)
(2122, 22)
(179567037322, 3)
(2123, 16)
(179651658923, 9)
(2127, 22)
(179990145327, 22)
(2128, 7)
(180074766928, 18)
(2132, 0)
(180413253332, 0)
(2133, 7)
(180497874933, 18)
(2137, 1)
(180836361337, 24)
(2138, 12)
(180920982938, 13)
(2142, 20)
(181259469342, 5)
(2143, 8)
(181344090943, 17)
(2147, 4)
(181682577347, 21)
(2148, 0)
(181767198948, 0)
(2152, 0)
(182105685352, 0)
(2153, 8)
(182190306953, 17)
(2157, 24)
(182528793357, 1)
(2158, 0)
(182613414958, 0)
(2162, 9)
(182951901362, 16)
(2163, 7)
(183036522963, 18)
(2167, 17)
(183375009367, 8)
(2168, 0)
(183459630968, 0)
(2172, 24)
(183798117372, 24)
(2173, 20)
(183882738973, 20)
(2177, 5)
(184221225377, 5)
(2178, 18)
(184305846978, 18)
(2182, 23)
(184644333382, 23)
(2183, 7)
(184728954983, 18)
(2187, 0)
(185067441387, 0)
(2188, 9)
(185152062988, 9)
(2192, 1)
(185490549392, 24)
(2193, 21)
(185575170993, 21)
(2197, 13)
(185913657397, 12)
(2198, 11)
(185998278998, 14)
(2202, 0)
(186336765402, 0)
(2203, 5)
(186421387003, 5)
(2207, 21)
(186759873407, 4)
(2208, 19)
(186844495008, 6)
(2212, 0)
(187182981412, 0)
(2213, 13)
(187267603013, 13)
(2217, 3)
(187606089417, 22)
(2218, 6)
(187690711018, 6)
(2222, 18)
(188029197422, 18)
(2223, 10)
(188113819023, 15)
(2227, 21)
(188452305427, 21)
(2228, 0)
(188536927028, 0)
(2232, 0)
(188875413432, 0)
(2233, 14)
(188960035033, 14)
(2237, 15)
(189298521437, 10)
(2238, 8)
(189383143038, 8)
(2242, 14)
(189721629442, 14)
(2243, 10)
(189806251043, 15)
(2247, 15)
(190144737447, 15)
(2248, 0)
(190229359048, 0)
(2252, 23)
(190567845452, 2)
(2253, 19)
(190652467053, 19)
(2257, 19)
(190990953457, 6)
(2258, 13)
(191075575058, 13)
(2262, 11)
(191414061462, 11)
(2263, 7)
(191498683063, 7)
(2267, 11)
(191837169467, 14)
(2268, 11)
(191921791068, 14)
(2272, 18)
(192260277472, 7)
(2273, 7)
(192344899073, 18)
(2277, 15)
(192683385477, 10)
(2278, 19)
(192768007078, 19)
(2282, 10)
(193106493482, 10)
(2283, 9)
(193191115083, 16)
(2287, 16)
(193529601487, 16)
(2288, 5)
(193614223088, 5)
(2292, 0)
(193952709492, 0)
(2293, 1)
(194037331093, 1)
(2297, 5)
(194375817497, 5)
(2298, 2)
(194460439098, 2)
(2302, 19)
(194798925502, 19)
(2303, 15)
(194883547103, 10)
(2307, 8)
(195222033507, 8)
(2308, 0)
(195306655108, 0)
(2312, 0)
(195645141512, 0)
(2313, 12)
(195729763113, 13)
(2317, 4)
(196068249517, 21)
(2318, 11)
(196152871118, 11)
(2322, 3)
(196491357522, 3)
(2323, 7)
(196575979123, 18)
(2327, 2)
(196914465527, 2)
(2328, 0)
(196999087128, 0)
(2332, 16)
(197337573532, 16)
(2333, 1)
(197422195133, 24)
(2337, 22)
(197760681537, 22)
(2338, 14)
(197845303138, 14)
(2342, 8)
(198183789542, 8)
(2343, 2)
(198268411143, 23)
(2347, 15)
(198606897547, 15)
(2348, 1)
(198691519148, 1)
(2352, 7)
(199030005552, 18)
(2353, 9)
(199114627153, 9)
(2357, 7)
(199453113557, 18)
(2358, 10)
(199537735158, 10)
(2362, 24)
(199876221562, 24)
(2363, 5)
(199960843163, 20)
(2367, 16)
(200299329567, 16)
(2368, 13)
(200383951168, 12)
(2372, 0)
(200722437572, 0)
(2373, 21)
(200807059173, 4)
(2377, 21)
(201145545577, 21)
(2378, 15)
(201230167178, 10)
(2382, 7)
(201568653582, 7)
(2383, 24)
(201653275183, 1)
(2387, 2)
(201991761587, 2)
(2388, 0)
(202076383188, 0)
(2392, 0)
(202414869592, 0)
(2393, 0)
(202499491193, 0)
(2397, 2)
(202837977597, 2)
(2398, 15)
(202922599198, 10)
(2402, 20)
(203261085602, 5)
(2403, 12)
(203345707203, 13)
(2407, 0)
(203684193607, 0)
(2408, 0)
(203768815208, 0)
(2412, 20)
(204107301612, 20)
(2413, 11)
(204191923213, 11)
(2417, 6)
(204530409617, 19)
(2418, 4)
(204615031218, 4)
(2422, 0)
(204953517622, 0)
(2423, 23)
(205038139223, 23)
(2427, 19)
(205376625627, 19)
(2428, 14)
(205461247228, 11)
(2432, 21)
(205799733632, 21)
(2433, 15)
(205884355233, 15)
(2437, 3)
(206222841637, 3)
(2438, 18)
(206307463238, 7)
(2442, 3)
(206645949642, 22)
(2443, 4)
(206730571243, 21)
(2447, 8)
(207069057647, 8)
(2448, 21)
(207153679248, 21)
(2452, 0)
(207492165652, 0)
(2453, 18)
(207576787253, 18)
(2457, 22)
(207915273657, 3)
(2458, 8)
(207999895258, 8)
(2462, 13)
(208338381662, 12)
(2463, 19)
(208423003263, 6)
(2467, 22)
(208761489667, 22)
(2468, 0)
(208846111268, 0)
(2472, 0)
(209184597672, 0)
(2473, 20)
(209269219273, 20)
(2477, 3)
(209607705677, 22)
(2478, 12)
(209692327278, 12)
(2482, 6)
(210030813682, 6)
(2483, 5)
(210115435283, 20)
(2487, 0)
(210453921687, 0)
(2488, 0)
(210538543288, 0)
(2492, 14)
(210877029692, 11)
(2493, 15)
(210961651293, 10)
(2497, 23)
(211300137697, 2)
(2498, 20)
(211384759298, 5)
(2502, 18)
(211723245702, 7)
(2503, 6)
(211807867303, 6)
(2507, 9)
(212146353707, 9)
(2508, 17)
(212230975308, 17)
(2512, 22)
(212569461712, 22)
(2513, 13)
(212654083313, 12)
(2517, 9)
(212992569717, 16)
(2518, 0)
(213077191318, 0)
(2522, 9)
(213415677722, 16)
(2523, 13)
(213500299323, 12)
(2527, 24)
(213838785727, 1)
(2528, 19)
(213923407328, 19)
(2532, 0)
(214261893732, 0)
(2533, 24)
(214346515333, 24)
(2537, 0)
(214685001737, 0)
(2538, 17)
(214769623338, 17)
(2542, 4)
(215108109742, 21)
(2543, 20)
(215192731343, 20)
(2547, 5)
(215531217747, 20)
(2548, 0)
(215615839348, 0)
(2552, 0)
(215954325752, 0)
(2553, 16)
(216038947353, 16)
(2557, 3)
(216377433757, 3)
(2558, 4)
(216462055358, 4)
(2562, 16)
(216800541762, 16)
(2563, 24)
(216885163363, 1)
(2567, 6)
(217223649767, 19)
(2568, 0)
(217308271368, 0)
(2572, 6)
(217646757772, 6)
(2573, 21)
(217731379373, 4)
(2577, 20)
(218069865777, 20)
(2578, 1)
(218154487378, 24)
(2582, 0)
(218492973782, 0)
(2583, 12)
(218577595383, 12)
(2587, 3)
(218916081787, 3)
(2588, 24)
(219000703388, 24)
(2592, 13)
(219339189792, 13)
(2593, 16)
(219423811393, 9)
(2597, 14)
(219762297797, 11)
(2598, 9)
(219846919398, 16)
(2602, 19)
(220185405802, 19)
(2603, 15)
(220270027403, 10)
(2607, 22)
(220608513807, 22)
(2608, 2)
(220693135408, 23)
(2612, 0)
(221031621812, 0)
(2613, 1)
(221116243413, 1)
(2617, 17)
(221454729817, 17)
(2618, 20)
(221539351418, 20)
(2622, 11)
(221877837822, 14)
(2623, 7)
(221962459423, 18)
(2627, 17)
(222300945827, 17)
(2628, 0)
(222385567428, 0)
(2632, 0)
(222724053832, 0)
(2633, 3)
(222808675433, 22)
(2637, 24)
(223147161837, 1)
(2638, 15)
(223231783438, 10)
(2642, 8)
(223570269842, 8)
(2643, 10)
(223654891443, 10)
(2647, 0)
(223993377847, 0)
(2648, 0)
(224077999448, 0)
(2652, 17)
(224416485852, 17)
(2653, 11)
(224501107453, 11)
(2657, 17)
(224839593857, 17)
(2658, 4)
(224924215458, 4)
(2662, 11)
(225262701862, 14)
(2663, 13)
(225347323463, 13)
(2667, 3)
(225685809867, 3)
(2668, 7)
(225770431468, 7)
(2672, 4)
(226108917872, 21)
(2673, 3)
(226193539473, 3)
(2677, 22)
(226532025877, 22)
(2678, 20)
(226616647478, 20)
(2682, 15)
(226955133882, 15)
(2683, 20)
(227039755483, 20)
(2687, 9)
(227378241887, 16)
(2688, 6)
(227462863488, 6)
(2692, 0)
(227801349892, 0)
(2693, 8)
(227885971493, 17)
(2697, 9)
(228224457897, 16)
(2698, 19)
(228309079498, 6)
(2702, 22)
(228647565902, 3)
(2703, 8)
(228732187503, 8)
(2707, 2)
(229070673907, 23)
(2708, 0)
(229155295508, 0)
(2712, 0)
(229493781912, 0)
(2713, 11)
(229578403513, 14)
(2717, 17)
(229916889917, 17)
(2718, 1)
(230001511518, 24)
(2722, 15)
(230339997922, 15)
(2723, 3)
(230424619523, 22)
(2727, 15)
(230763105927, 15)
(2728, 0)
(230847727528, 0)
(2732, 20)
(231186213932, 20)
(2733, 13)
(231270835533, 13)
(2737, 6)
(231609321937, 19)
(2738, 4)
(231693943538, 4)
(2742, 23)
(232032429942, 23)
(2743, 5)
(232117051543, 5)
(2747, 18)
(232455537947, 7)
(2748, 6)
(232540159548, 6)
(2752, 0)
(232878645952, 0)
(2753, 12)
(232963267553, 13)
(2757, 4)
(233301753957, 4)
(2758, 4)
(233386375558, 21)
(2762, 19)
(233724861962, 19)
(2763, 20)
(233809483563, 20)
(2767, 14)
(234147969967, 14)
(2768, 12)
(234232591568, 13)
(2772, 0)
(234571077972, 0)
(2773, 4)
(234655699573, 21)
(2777, 5)
(234994185977, 20)
(2778, 6)
(235078807578, 19)
(2782, 7)
(235417293982, 18)
(2783, 9)
(235501915583, 9)
(2787, 1)
(235840401987, 24)
(2788, 0)
(235925023588, 0)
(2792, 0)
(236263509992, 0)
(2793, 4)
(236348131593, 21)
(2797, 18)
(236686617997, 7)
(2798, 9)
(236771239598, 16)
(2802, 11)
(237109726002, 14)
(2803, 21)
(237194347603, 21)
(2807, 18)
(237532834007, 18)
(2808, 0)
(237617455608, 0)
(2812, 8)
(237955942012, 17)
(2813, 15)
(238040563613, 15)
(2817, 5)
(238379050017, 20)
(2818, 5)
(238463671618, 5)
(2822, 7)
(238802158022, 18)
(2823, 11)
(238886779623, 11)
(2827, 18)
(239225266027, 18)
(2828, 13)
(239309887628, 13)
(2832, 18)
(239648374032, 7)
(2833, 13)
(239732995633, 12)
(2837, 16)
(240071482037, 9)
(2838, 15)
(240156103638, 10)
(2842, 2)
(240494590042, 2)
(2843, 15)
(240579211643, 15)
(2847, 13)
(240917698047, 13)
(2848, 9)
(241002319648, 9)
(2852, 0)
(241340806052, 0)
(2853, 10)
(241425427653, 10)
(2857, 10)
(241763914057, 10)
(2858, 23)
(241848535658, 23)
(2862, 12)
(242187022062, 12)
(2863, 17)
(242271643663, 17)
(2867, 2)
(242610130067, 23)
(2868, 0)
(242694751668, 0)
(2872, 0)
(243033238072, 0)
(2873, 13)
(243117859673, 13)
(2877, 10)
(243456346077, 15)
(2878, 21)
(243540967678, 4)
(2882, 11)
(243879454082, 14)
(2883, 18)
(243964075683, 7)
(2887, 20)
(244302562087, 20)
(2888, 0)
(244387183688, 0)
(2892, 18)
(244725670092, 7)
(2893, 19)
(244810291693, 6)
(2897, 11)
(245148778097, 11)
(2898, 5)
(245233399698, 20)
(2902, 7)
(245571886102, 7)
(2903, 14)
(245656507703, 14)
(2907, 22)
(245994994107, 22)
(2908, 14)
(246079615708, 14)
(2912, 4)
(246418102112, 4)
(2913, 17)
(246502723713, 17)
(2917, 17)
(246841210117, 8)
(2918, 14)
(246925831718, 14)
(2922, 16)
(247264318122, 16)
(2923, 9)
(247348939723, 16)
(2927, 14)
(247687426127, 11)
(2928, 13)
(247772047728, 12)
(2932, 0)
(248110534132, 0)
(2933, 11)
(248195155733, 11)
(2937, 24)
(248533642137, 24)
(2938, 19)
(248618263738, 19)
(2942, 20)
(248956750142, 5)
(2943, 8)
(249041371743, 17)
(2947, 8)
(249379858147, 17)
(2948, 0)
(249464479748, 0)
(2952, 0)
(249802966152, 0)
(2953, 21)
(249887587753, 21)
(2957, 4)
(250226074157, 21)
(2958, 22)
(250310695758, 3)
(2962, 9)
(250649182162, 16)
(2963, 12)
(250733803763, 12)
(2967, 11)
(251072290167, 11)
(2968, 0)
(251156911768, 0)
(2972, 17)
(251495398172, 8)
(2973, 12)
(251580019773, 13)
(2977, 19)
(251918506177, 19)
(2978, 5)
(252003127778, 20)
(2982, 1)
(252341614182, 24)
(2983, 0)
(252426235783, 0)
(2987, 15)
(252764722187, 10)
(2988, 7)
(252849343788, 18)
(2992, 6)
(253187830192, 19)
(2993, 17)
(253272451793, 8)
(2997, 9)
(253610938197, 16)
(2998, 3)
(253695559798, 22)
(3002, 4)
(254034046202, 4)
(3003, 7)
(254118667803, 7)
(3007, 15)
(254457154207, 15)
(3008, 15)
(254541775808, 10)
(3012, 0)
(254880262212, 0)
(3013, 3)
(254964883813, 3)
(3017, 8)
(255303370217, 17)
(3018, 4)
(255387991818, 4)
(3022, 7)
(255726478222, 18)
(3023, 12)
(255811099823, 13)
(3027, 7)
(256149586227, 7)
(3028, 0)
(256234207828, 0)
(3032, 0)
(256572694232, 0)
(3033, 20)
(256657315833, 20)
(3037, 3)
(256995802237, 22)
(3038, 16)
(257080423838, 16)
(3042, 0)
(257418910242, 0)
(3043, 8)
(257503531843, 17)
(3047, 7)
(257842018247, 7)
(3048, 0)
(257926639848, 0)
(3052, 23)
(258265126252, 2)
(3053, 10)
(258349747853, 10)
(3057, 3)
(258688234257, 22)
(3058, 17)
(258772855858, 17)
(3062, 4)
(259111342262, 21)
(3063, 21)
(259195963863, 21)
(3067, 12)
(259534450267, 13)
(3068, 21)
(259619071868, 4)
(3072, 14)
(259957558272, 11)
(3073, 6)
(260042179873, 19)
(3077, 9)
(260380666277, 16)
(3078, 14)
(260465287878, 14)
(3082, 0)
(260803774282, 0)
(3083, 22)
(260888395883, 3)
(3087, 20)
(261226882287, 5)
(3088, 7)
(261311503888, 7)
(3092, 0)
(261649990292, 0)
(3093, 7)
(261734611893, 18)
(3097, 13)
(262073098297, 12)
(3098, 24)
(262157719898, 1)
(3102, 16)
(262496206302, 9)
(3103, 5)
(262580827903, 5)
(3107, 18)
(262919314307, 7)
(3108, 0)
(263003935908, 0)
(3112, 0)
(263342422312, 0)
(3113, 11)
(263427043913, 11)
(3117, 10)
(263765530317, 15)
(3118, 15)
(263850151918, 10)
(3122, 8)
(264188638322, 8)
(3123, 5)
(264273259923, 20)
(3127, 1)
(264611746327, 24)
(3128, 0)
(264696367928, 0)
(3132, 3)
(265034854332, 22)
(3133, 15)
(265119475933, 10)
(3137, 6)
(265457962337, 6)
(3138, 24)
(265542583938, 24)
(3142, 10)
(265881070342, 15)
(3143, 16)
(265965691943, 9)
(3147, 5)
(266304178347, 20)
(3148, 10)
(266388799948, 15)
(3152, 10)
(266727286352, 10)
(3153, 24)
(266811907953, 24)
(3157, 24)
(267150394357, 1)
(3158, 2)
(267235015958, 2)
(3162, 0)
(267573502362, 0)
(3163, 1)
(267658123963, 24)
(3167, 22)
(267996610367, 22)
(3168, 10)
(268081231968, 15)
(3172, 0)
(268419718372, 0)
(3173, 20)
(268504339973, 5)
(3177, 18)
(268842826377, 18)
(3178, 20)
(268927447978, 5)
(3182, 22)
(269265934382, 22)
(3183, 19)
(269350555983, 19)
(3187, 12)
(269689042387, 12)
(3188, 0)
(269773663988, 0)
(3192, 0)
(270112150392, 0)
(3193, 4)
(270196771993, 21)
(3197, 14)
(270535258397, 11)
(3198, 17)
(270619879998, 8)
(3202, 6)
(270958366402, 19)
(3203, 9)
(271042988003, 9)
(3207, 18)
(271381474407, 18)
(3208, 0)
(271466096008, 0)
(3212, 20)
(271804582412, 5)
(3213, 3)
(271889204013, 3)
(3217, 11)
(272227690417, 11)
(3218, 21)
(272312312018, 4)
(3222, 15)
(272650798422, 10)
(3223, 5)
(272735420023, 5)
(3227, 4)
(273073906427, 21)
(3228, 2)
(273158528028, 23)
(3232, 17)
(273497014432, 8)
(3233, 19)
(273581636033, 6)
(3237, 22)
(273920122437, 3)
(3238, 23)
(274004744038, 23)
(3242, 8)
(274343230442, 17)
(3243, 2)
(274427852043, 2)
(3247, 23)
(274766338447, 23)
(3248, 8)
(274850960048, 17)
(3252, 0)
(275189446452, 0)
(3253, 1)
(275274068053, 1)
(3257, 6)
(275612554457, 19)
(3258, 9)
(275697176058, 16)
(3262, 23)
(276035662462, 2)
(3263, 18)
(276120284063, 7)
(3267, 24)
(276458770467, 1)
(3268, 0)
(276543392068, 0)
(3272, 0)
(276881878472, 0)
(3273, 4)
(276966500073, 21)
(3277, 8)
(277304986477, 17)
(3278, 16)
(277389608078, 9)
(3282, 15)
(277728094482, 10)
(3283, 16)
(277812716083, 16)
(3287, 1)
(278151202487, 24)
(3288, 0)
(278235824088, 0)
(3292, 8)
(278574310492, 8)
(3293, 21)
(278658932093, 4)
(3297, 15)
(278997418497, 15)
(3298, 1)
(279082040098, 1)
(3302, 1)
(279420526502, 24)
(3303, 15)
(279505148103, 15)
(3307, 14)
(279843634507, 11)
(3308, 1)
(279928256108, 24)
(3312, 1)
(280266742512, 1)
(3313, 1)
(280351364113, 1)
(3317, 11)
(280689850517, 11)
(3318, 2)
(280774472118, 2)
(3322, 24)
(281112958522, 24)
(3323, 8)
(281197580123, 17)
(3327, 24)
(281536066527, 1)
(3328, 2)
(281620688128, 23)
(3332, 0)
(281959174532, 0)
(3333, 18)
(282043796133, 7)
(3337, 4)
(282382282537, 4)
(3338, 20)
(282466904138, 20)
(3342, 9)
(282805390542, 9)
(3343, 14)
(282890012143, 14)
(3347, 11)
(283228498547, 14)
(3348, 0)
(283313120148, 0)
(3352, 0)
(283651606552, 0)
(3353, 10)
(283736228153, 10)
(3357, 0)
(284074714557, 0)
(3358, 7)
(284159336158, 7)
(3362, 19)
(284497822562, 19)
(3363, 9)
(284582444163, 16)
(3367, 20)
(284920930567, 5)
(3368, 0)
(285005552168, 0)
(3372, 22)
(285344038572, 22)
(3373, 9)
(285428660173, 16)
(3377, 13)
(285767146577, 12)
(3378, 24)
(285851768178, 24)
(3382, 10)
(286190254582, 10)
(3383, 16)
(286274876183, 9)
(3387, 7)
(286613362587, 18)
(3388, 13)
(286697984188, 12)
(3392, 6)
(287036470592, 19)
(3393, 12)
(287121092193, 13)
(3397, 0)
(287459578597, 0)
(3398, 13)
(287544200198, 13)
(3402, 23)
(287882686602, 23)
(3403, 17)
(287967308203, 17)
(3407, 18)
(288305794607, 18)
(3408, 4)
(288390416208, 4)
(3412, 0)
(288728902612, 0)
(3413, 13)
(288813524213, 13)
(3417, 14)
(289152010617, 11)
(3418, 22)
(289236632218, 22)
(3422, 13)
(289575118622, 13)
(3423, 10)
(289659740223, 15)
(3427, 21)
(289998226627, 21)
(3428, 0)
(290082848228, 0)
(3432, 0)
(290421334632, 0)
(3433, 11)
(290505956233, 11)
(3437, 22)
(290844442637, 22)
(3438, 5)
(290929064238, 5)
(3442, 5)
(291267550642, 20)
(3443, 14)
(291352172243, 14)
(3447, 24)
(291690658647, 1)
(3448, 0)
(291775280248, 0)
(3452, 22)
(292113766652, 22)
(3453, 3)
(292198388253, 22)
(3457, 23)
(292536874657, 23)
(3458, 0)
(292621496258, 0)
(3462, 3)
(292959982662, 22)
(3463, 24)
(293044604263, 24)
(3467, 19)
(293383090667, 6)
(3468, 19)
(293467712268, 6)
(3472, 11)
(293806198672, 14)
(3473, 15)
(293890820273, 10)
(3477, 2)
(294229306677, 23)
(3478, 9)
(294313928278, 9)
(3482, 4)
(294652414682, 4)
(3483, 3)
(294737036283, 22)
(3487, 22)
(295075522687, 3)
(3488, 20)
(295160144288, 20)
(3492, 0)
(295498630692, 0)
(3493, 23)
(295583252293, 2)
(3497, 7)
(295921738697, 18)
(3498, 10)
(296006360298, 15)
(3502, 19)
(296344846702, 6)
(3503, 12)
(296429468303, 13)
(3507, 23)
(296767954707, 2)
(3508, 0)
(296852576308, 0)
(3512, 0)
(297191062712, 0)
(3513, 24)
(297275684313, 1)
(3517, 5)
(297614170717, 20)
(3518, 8)
(297698792318, 8)
(3522, 8)
(298037278722, 17)
(3523, 24)
(298121900323, 24)
(3527, 0)
(298460386727, 0)
(3528, 0)
(298545008328, 0)
(3532, 16)
(298883494732, 16)
(3533, 10)
(298968116333, 10)
(3537, 3)
(299306602737, 22)
(3538, 8)
(299391224338, 8)
(3542, 2)
(299729710742, 2)
(3543, 3)
(299814332343, 22)
(3547, 14)
(300152818747, 11)
(3548, 2)
(300237440348, 23)
(3552, 14)
(300575926752, 14)
(3553, 11)
(300660548353, 14)
(3557, 4)
(300999034757, 21)
(3558, 23)
(301083656358, 2)
(3562, 12)
(301422142762, 12)
(3563, 3)
(301506764363, 22)
(3567, 0)
(301845250767, 0)
(3568, 22)
(301929872368, 3)
