(1, 2)
(22572001, 2)
(4, 14)
(90288004, 14)
(7, 10)
(158004007, 10)
(10, 16)
(225720010, 16)
(13, 26)
(293436013, 1)
(16, 10)
(361152016, 10)
(19, 0)
(428868019, 0)
(22, 4)
(496584022, 4)
(25, 16)
(564300025, 16)
(28, 16)
(632016028, 16)
(31, 24)
(699732031, 3)
(34, 14)
(767448034, 14)
(37, 14)
(835164037, 13)
(40, 23)
(902880040, 23)
(43, 0)
(970596043, 0)
(46, 17)
(1038312046, 10)
(49, 9)
(1106028049, 9)
(52, 20)
(1173744052, 7)
(55, 16)
(1241460055, 16)
(58, 25)
(1309176058, 25)
(61, 18)
(1376892061, 9)
(64, 11)
(1444608064, 11)
(67, 0)
(1512324067, 0)
(70, 14)
(1580040070, 14)
(73, 16)
(1647756073, 16)
(76, 0)
(1715472076, 0)
(79, 2)
(1783188079, 25)
(82, 5)
(1850904082, 5)
(85, 10)
(1918620085, 10)
(88, 26)
(1986336088, 26)
(91, 0)
(2054052091, 0)
(94, 19)
(2121768094, 8)
(97, 1)
(2189484097, 1)
(100, 4)
(2257200100, 4)
(103, 26)
(2324916103, 1)
(106, 6)
(2392632106, 21)
(109, 12)
(2460348109, 12)
(112, 23)
(2528064112, 23)
(115, 0)
(2595780115, 0)
(118, 0)
(2663496118, 0)
(121, 26)
(2731212121, 26)
(124, 6)
(2798928124, 21)
(127, 2)
(2866644127, 25)
(130, 20)
(2934360130, 7)
(133, 25)
(3002076133, 2)
(136, 10)
(3069792136, 10)
(139, 0)
(3137508139, 0)
(142, 2)
(3205224142, 2)
(145, 23)
(3272940145, 23)
(148, 17)
(3340656148, 10)
(151, 4)
(3408372151, 4)
(154, 22)
(3476088154, 22)
(157, 18)
(3543804157, 9)
(160, 1)
(3611520160, 1)
(163, 0)
(3679236163, 0)
(166, 23)
(3746952166, 23)
(169, 5)
(3814668169, 5)
(172, 0)
(3882384172, 0)
(175, 16)
(3950100175, 16)
(178, 25)
(4017816178, 25)
(181, 10)
(4085532181, 10)
(184, 16)
(4153248184, 11)
(187, 0)
(4220964187, 0)
(190, 17)
(4288680190, 10)
(193, 13)
(4356396193, 14)
(196, 9)
(4424112196, 9)
(199, 15)
(4491828199, 15)
(202, 6)
(4559544202, 6)
(205, 2)
(4627260205, 2)
(208, 22)
(4694976208, 5)
(211, 0)
(4762692211, 0)
(214, 3)
(4830408214, 3)
(217, 11)
(4898124217, 16)
(220, 4)
(4965840220, 4)
(223, 16)
(5033556223, 11)
(226, 13)
(5101272226, 14)
(229, 22)
(5168988229, 22)
(232, 14)
(5236704232, 14)
(235, 0)
(5304420235, 0)
(238, 19)
(5372136238, 19)
(241, 18)
(5439852241, 9)
(244, 18)
(5507568244, 9)
(247, 18)
(5575284247, 18)
(250, 12)
(5643000250, 12)
(253, 4)
(5710716253, 23)
(256, 4)
(5778432256, 4)
(259, 0)
(5846148259, 0)
(262, 24)
(5913864262, 3)
(265, 17)
(5981580265, 10)
(268, 0)
(6049296268, 0)
(271, 8)
(6117012271, 19)
(274, 15)
(6184728274, 15)
(277, 9)
(6252444277, 18)
(280, 10)
(6320160280, 10)
(283, 0)
(6387876283, 0)
(286, 24)
(6455592286, 3)
(289, 16)
(6523308289, 16)
(292, 4)
(6591024292, 4)
(295, 11)
(6658740295, 11)
(298, 24)
(6726456298, 24)
(301, 14)
(6794172301, 13)
(304, 0)
(6861888304, 0)
(307, 0)
(6929604307, 0)
(310, 4)
(6997320310, 23)
(313, 17)
(7065036313, 10)
(316, 14)
(7132752316, 13)
(319, 16)
(7200468319, 16)
(322, 25)
(7268184322, 2)
(325, 20)
(7335900325, 7)
(328, 19)
(7403616328, 19)
(331, 0)
(7471332331, 0)
(334, 24)
(7539048334, 3)
(337, 11)
(7606764337, 16)
(340, 16)
(7674480340, 16)
(343, 20)
(7742196343, 20)
(346, 5)
(7809912346, 22)
(349, 2)
(7877628349, 2)
(352, 7)
(7945344352, 7)
(355, 0)
(8013060355, 0)
(358, 24)
(8080776358, 24)
(361, 24)
(8148492361, 24)
(364, 0)
(8216208364, 0)
(367, 6)
(8283924367, 21)
(370, 15)
(8351640370, 12)
(373, 19)
(8419356373, 8)
(376, 2)
(8487072376, 25)
(379, 0)
(8554788379, 0)
(382, 19)
(8622504382, 19)
(385, 2)
(8690220385, 2)
(388, 7)
(8757936388, 7)
(391, 2)
(8825652391, 25)
(394, 20)
(8893368394, 20)
(397, 3)
(8961084397, 24)
(400, 26)
(9028800400, 26)
(403, 0)
(9096516403, 0)
(406, 26)
(9164232406, 26)
(409, 19)
(9231948409, 8)
(412, 20)
(9299664412, 7)
(415, 19)
(9367380415, 19)
(418, 19)
(9435096418, 8)
(421, 4)
(9502812421, 23)
(424, 12)
(9570528424, 15)
(427, 0)
(9638244427, 0)
(430, 3)
(9705960430, 24)
(433, 24)
(9773676433, 24)
(436, 3)
(9841392436, 3)
(439, 21)
(9909108439, 6)
(442, 13)
(9976824442, 14)
(445, 5)
(10044540445, 5)
(448, 1)
(10112256448, 1)
(451, 0)
(10179972451, 0)
(454, 10)
(10247688454, 10)
(457, 17)
(10315404457, 10)
(460, 0)
(10383120460, 0)
(463, 7)
(10450836463, 20)
(466, 1)
(10518552466, 1)
(469, 19)
(10586268469, 19)
(472, 0)
(10653984472, 0)
(475, 0)
(10721700475, 0)
(478, 10)
(10789416478, 10)
(481, 25)
(10857132481, 25)
(484, 20)
(10924848484, 20)
(487, 10)
(10992564487, 10)
(490, 19)
(11060280490, 19)
(493, 18)
(11127996493, 18)
(496, 12)
(11195712496, 15)
(499, 0)
(11263428499, 0)
(502, 16)
(11331144502, 11)
(505, 20)
(11398860505, 20)
(508, 14)
(11466576508, 13)
(511, 23)
(11534292511, 23)
(514, 17)
(11602008514, 10)
(517, 0)
(11669724517, 0)
(520, 22)
(11737440520, 5)
(523, 0)
(11805156523, 0)
(526, 21)
(11872872526, 6)
(529, 5)
(11940588529, 5)
(532, 13)
(12008304532, 14)
(535, 23)
(12076020535, 23)
(538, 2)
(12143736538, 25)
(541, 25)
(12211452541, 25)
(544, 11)
(12279168544, 11)
(547, 0)
(12346884547, 0)
(550, 1)
(12414600550, 1)
(553, 2)
(12482316553, 25)
(556, 0)
(12550032556, 0)
(559, 13)
(12617748559, 13)
(562, 16)
(12685464562, 11)
(565, 21)
(12753180565, 6)
(568, 13)
(12820896568, 13)
(571, 0)
(12888612571, 0)
(574, 5)
(12956328574, 5)
(577, 14)
(13024044577, 13)
(580, 26)
(13091760580, 26)
(583, 5)
(13159476583, 22)
(586, 21)
(13227192586, 6)
(589, 1)
(13294908589, 1)
(592, 16)
(13362624592, 11)
(595, 0)
(13430340595, 0)
(598, 19)
(13498056598, 19)
(601, 20)
(13565772601, 7)
(604, 1)
(13633488604, 1)
(607, 19)
(13701204607, 19)
(610, 9)
(13768920610, 18)
(613, 19)
(13836636613, 19)
(616, 8)
(13904352616, 8)
(619, 0)
(13972068619, 0)
(622, 0)
(14039784622, 0)
(625, 23)
(14107500625, 23)
(628, 18)
(14175216628, 9)
(631, 22)
(14242932631, 22)
(634, 4)
(14310648634, 4)
(637, 14)
(14378364637, 13)
(640, 20)
(14446080640, 20)
(643, 0)
(14513796643, 0)
(646, 26)
(14581512646, 1)
(649, 20)
(14649228649, 20)
(652, 0)
(14716944652, 0)
(655, 15)
(14784660655, 12)
(658, 4)
(14852376658, 23)
(661, 3)
(14920092661, 3)
(664, 1)
(14987808664, 1)
(667, 0)
(15055524667, 0)
(670, 6)
(15123240670, 6)
(673, 21)
(15190956673, 6)
(676, 8)
(15258672676, 8)
(679, 24)
(15326388679, 24)
(682, 3)
(15394104682, 24)
(685, 9)
(15461820685, 9)
(688, 0)
(15529536688, 0)
(691, 0)
(15597252691, 0)
(694, 2)
(15664968694, 2)
(697, 5)
(15732684697, 5)
(700, 4)
(15800400700, 4)
(703, 23)
(15868116703, 23)
(706, 6)
(15935832706, 6)
(709, 10)
(16003548709, 17)
(712, 14)
(16071264712, 14)
(715, 0)
(16138980715, 0)
(718, 6)
(16206696718, 6)
(721, 22)
(16274412721, 5)
(724, 16)
(16342128724, 16)
(727, 19)
(16409844727, 19)
(730, 15)
(16477560730, 15)
(733, 26)
(16545276733, 1)
(736, 23)
(16612992736, 4)
(739, 0)
(16680708739, 0)
(742, 4)
(16748424742, 23)
(745, 25)
(16816140745, 25)
(748, 0)
(16883856748, 0)
(751, 15)
(16951572751, 12)
(754, 13)
(17019288754, 14)
(757, 10)
(17087004757, 10)
(760, 16)
(17154720760, 11)
(763, 0)
(17222436763, 0)
(766, 24)
(17290152766, 24)
(769, 2)
(17357868769, 25)
(772, 10)
(17425584772, 17)
(775, 3)
(17493300775, 24)
(778, 16)
(17561016778, 11)
(781, 11)
(17628732781, 11)
(784, 18)
(17696448784, 18)
(787, 0)
(17764164787, 0)
(790, 17)
(17831880790, 10)
(793, 23)
(17899596793, 23)
(796, 24)
(17967312796, 24)
(799, 16)
(18035028799, 11)
(802, 9)
(18102744802, 18)
(805, 10)
(18170460805, 17)
(808, 12)
(18238176808, 12)
(811, 0)
(18305892811, 0)
(814, 24)
(18373608814, 3)
(817, 15)
(18441324817, 15)
(820, 14)
(18509040820, 14)
(823, 3)
(18576756823, 3)
(826, 9)
(18644472826, 9)
(829, 16)
(18712188829, 11)
(832, 8)
(18779904832, 19)
(835, 0)
(18847620835, 0)
(838, 19)
(18915336838, 8)
(841, 7)
(18983052841, 7)
(844, 0)
(19050768844, 0)
(847, 8)
(19118484847, 8)
(850, 4)
(19186200850, 4)
(853, 22)
(19253916853, 5)
(856, 6)
(19321632856, 6)
(859, 0)
(19389348859, 0)
(862, 16)
(19457064862, 11)
(865, 10)
(19524780865, 17)
(868, 23)
(19592496868, 4)
(871, 16)
(19660212871, 11)
(874, 16)
(19727928874, 16)
(877, 7)
(19795644877, 7)
(880, 26)
(19863360880, 26)
(883, 0)
(19931076883, 0)
(886, 9)
(19998792886, 18)
(889, 22)
(20066508889, 5)
(892, 4)
(20134224892, 23)
(895, 1)
(20201940895, 1)
(898, 24)
(20269656898, 3)
(901, 21)
(20337372901, 6)
(904, 17)
(20405088904, 10)
(907, 0)
(20472804907, 0)
(910, 23)
(20540520910, 4)
(913, 6)
(20608236913, 6)
(916, 19)
(20675952916, 19)
(919, 19)
(20743668919, 19)
(922, 21)
(20811384922, 21)
(925, 17)
(20879100925, 10)
(928, 10)
(20946816928, 10)
(931, 0)
(21014532931, 0)
(934, 7)
(21082248934, 20)
(937, 2)
(21149964937, 25)
(940, 0)
(21217680940, 0)
(943, 16)
(21285396943, 11)
(946, 5)
(21353112946, 22)
(949, 12)
(21420828949, 15)
(952, 2)
(21488544952, 2)
(955, 0)
(21556260955, 0)
(958, 26)
(21623976958, 1)
(961, 21)
(21691692961, 21)
(964, 18)
(21759408964, 9)
(967, 20)
(21827124967, 20)
(970, 9)
(21894840970, 9)
(973, 18)
(21962556973, 9)
(976, 9)
(22030272976, 18)
(979, 0)
(22097988979, 0)
(982, 23)
(22165704982, 4)
(985, 12)
(22233420985, 12)
(988, 18)
(22301136988, 18)
(991, 23)
(22368852991, 23)
(994, 2)
(22436568994, 2)
(997, 11)
(22504284997, 16)
(1000, 24)
(22572001000, 24)
(1003, 0)
(22639717003, 0)
(1006, 19)
(22707433006, 8)
(1009, 17)
(22775149009, 17)
(1012, 1)
(22842865012, 26)
(1015, 7)
(22910581015, 7)
(1018, 3)
(22978297018, 24)
(1021, 7)
(23046013021, 7)
(1024, 26)
(23113729024, 26)
(1027, 0)
(23181445027, 0)
(1030, 9)
(23249161030, 18)
(1033, 6)
(23316877033, 21)
(1036, 0)
(23384593036, 0)
(1039, 11)
(23452309039, 16)
(1042, 18)
(23520025042, 18)
(1045, 16)
(23587741045, 11)
(1048, 21)
(23655457048, 6)
(1051, 0)
(23723173051, 0)
(1054, 23)
(23790889054, 4)
(1057, 7)
(23858605057, 7)
(1060, 11)
(23926321060, 16)
(1063, 25)
(23994037063, 2)
(1066, 19)
(24061753066, 8)
(1069, 3)
(24129469069, 3)
(1072, 0)
(24197185072, 0)
(1075, 0)
(24264901075, 0)
(1078, 18)
(24332617078, 18)
(1081, 7)
(24400333081, 7)
(1084, 2)
(24468049084, 25)
(1087, 3)
(24535765087, 24)
(1090, 12)
(24603481090, 12)
(1093, 10)
(24671197093, 10)
(1096, 3)
(24738913096, 3)
(1099, 0)
(24806629099, 0)
(1102, 25)
(24874345102, 2)
(1105, 25)
(24942061105, 2)
(1108, 9)
(25009777108, 18)
(1111, 22)
(25077493111, 22)
(1114, 14)
(25145209114, 13)
(1117, 14)
(25212925117, 13)
(1120, 11)
(25280641120, 11)
(1123, 0)
(25348357123, 0)
(1126, 5)
(25416073126, 22)
(1129, 10)
(25483789129, 10)
(1132, 0)
(25551505132, 0)
(1135, 21)
(25619221135, 21)
(1138, 9)
(25686937138, 18)
(1141, 15)
(25754653141, 12)
(1144, 21)
(25822369144, 6)
(1147, 0)
(25890085147, 0)
(1150, 1)
(25957801150, 26)
(1153, 1)
(26025517153, 1)
(1156, 4)
(26093233156, 4)
(1159, 22)
(26160949159, 22)
(1162, 21)
(26228665162, 21)
(1165, 20)
(26296381165, 20)
(1168, 26)
(26364097168, 26)
(1171, 0)
(26431813171, 0)
(1174, 24)
(26499529174, 3)
(1177, 18)
(26567245177, 18)
(1180, 23)
(26634961180, 23)
(1183, 24)
(26702677183, 24)
(1186, 24)
(26770393186, 3)
(1189, 20)
(26838109189, 20)
(1192, 21)
(26905825192, 21)
(1195, 0)
(26973541195, 0)
(1198, 3)
(27041257198, 3)
(1201, 16)
(27108973201, 11)
(1204, 17)
(27176689204, 10)
(1207, 9)
(27244405207, 9)
(1210, 2)
(27312121210, 2)
(1213, 22)
(27379837213, 22)
(1216, 0)
(27447553216, 0)
(1219, 0)
(27515269219, 0)
(1222, 0)
(27582985222, 0)
(1225, 18)
(27650701225, 18)
(1228, 0)
(27718417228, 0)
(1231, 12)
(27786133231, 15)
(1234, 12)
(27853849234, 15)
(1237, 8)
(27921565237, 8)
(1240, 26)
(27989281240, 1)
(1243, 0)
(28056997243, 0)
(1246, 17)
(28124713246, 17)
(1249, 8)
(28192429249, 8)
(1252, 11)
(28260145252, 16)
(1255, 9)
(28327861255, 18)
(1258, 9)
(28395577258, 18)
(1261, 23)
(28463293261, 4)
(1264, 10)
(28531009264, 17)
(1267, 0)
(28598725267, 0)
(1270, 4)
(28666441270, 23)
(1273, 17)
(28734157273, 10)
(1276, 4)
(28801873276, 4)
(1279, 5)
(28869589279, 5)
(1282, 21)
(28937305282, 6)
(1285, 15)
(29005021285, 12)
(1288, 14)
(29072737288, 13)
(1291, 0)
(29140453291, 0)
(1294, 26)
(29208169294, 26)
(1297, 3)
(29275885297, 3)
(1300, 5)
(29343601300, 22)
(1303, 17)
(29411317303, 17)
(1306, 9)
(29479033306, 18)
(1309, 15)
(29546749309, 15)
(1312, 2)
(29614465312, 2)
(1315, 0)
(29682181315, 0)
(1318, 11)
(29749897318, 11)
(1321, 24)
(29817613321, 3)
(1324, 0)
(29885329324, 0)
(1327, 9)
(29953045327, 18)
(1330, 21)
(30020761330, 6)
(1333, 8)
(30088477333, 8)
(1336, 21)
(30156193336, 6)
(1339, 0)
(30223909339, 0)
(1342, 16)
(30291625342, 11)
(1345, 7)
(30359341345, 20)
(1348, 23)
(30427057348, 4)
(1351, 6)
(30494773351, 21)
(1354, 2)
(30562489354, 25)
(1357, 4)
(30630205357, 23)
(1360, 23)
(30697921360, 23)
(1363, 0)
(30765637363, 0)
(1366, 24)
(30833353366, 24)
(1369, 2)
(30901069369, 2)
(1372, 5)
(30968785372, 5)
(1375, 12)
(31036501375, 12)
(1378, 19)
(31104217378, 19)
(1381, 26)
(31171933381, 26)
(1384, 19)
(31239649384, 8)
(1387, 0)
(31307365387, 0)
(1390, 22)
(31375081390, 5)
(1393, 13)
(31442797393, 13)
(1396, 14)
(31510513396, 14)
(1399, 9)
(31578229399, 9)
(1402, 10)
(31645945402, 17)
(1405, 3)
(31713661405, 24)
(1408, 5)
(31781377408, 5)
(1411, 0)
(31849093411, 0)
(1414, 26)
(31916809414, 26)
(1417, 1)
(31984525417, 26)
(1420, 0)
(32052241420, 0)
(1423, 18)
(32119957423, 18)
(1426, 19)
(32187673426, 19)
(1429, 1)
(32255389429, 26)
(1432, 21)
(32323105432, 21)
(1435, 0)
(32390821435, 0)
(1438, 23)
(32458537438, 4)
(1441, 4)
(32526253441, 23)
(1444, 6)
(32593969444, 6)
(1447, 2)
(32661685447, 25)
(1450, 13)
(32729401450, 13)
(1453, 11)
(32797117453, 16)
(1456, 0)
(32864833456, 0)
(1459, 0)
(32932549459, 0)
(1462, 11)
(33000265462, 16)
(1465, 7)
(33067981465, 20)
(1468, 15)
(33135697468, 12)
(1471, 2)
(33203413471, 25)
(1474, 26)
(33271129474, 26)
(1477, 13)
(33338845477, 14)
(1480, 3)
(33406561480, 24)
(1483, 0)
(33474277483, 0)
(1486, 25)
(33541993486, 25)
(1489, 8)
(33609709489, 19)
(1492, 25)
(33677425492, 2)
(1495, 23)
(33745141495, 23)
(1498, 23)
(33812857498, 23)
(1501, 15)
(33880573501, 15)
(1504, 13)
(33948289504, 14)
(1507, 0)
(34016005507, 0)
(1510, 26)
(34083721510, 26)
(1513, 22)
(34151437513, 22)
(1516, 0)
(34219153516, 0)
(1519, 15)
(34286869519, 12)
(1522, 25)
(34354585522, 25)
(1525, 9)
(34422301525, 18)
(1528, 2)
(34490017528, 2)
(1531, 0)
(34557733531, 0)
(1534, 22)
(34625449534, 5)
(1537, 16)
(34693165537, 11)
(1540, 14)
(34760881540, 14)
(1543, 1)
(34828597543, 1)
(1546, 2)
(34896313546, 2)
(1549, 6)
(34964029549, 6)
(1552, 5)
(35031745552, 5)
(1555, 0)
(35099461555, 0)
(1558, 12)
(35167177558, 15)
(1561, 11)
(35234893561, 16)
(1564, 14)
(35302609564, 13)
(1567, 6)
(35370325567, 21)
(1570, 7)
(35438041570, 20)
(1573, 10)
(35505757573, 17)
(1576, 22)
(35573473576, 22)
(1579, 0)
(35641189579, 0)
(1582, 23)
(35708905582, 4)
(1585, 21)
(35776621585, 21)
(1588, 21)
(35844337588, 6)
(1591, 13)
(35912053591, 13)
(1594, 17)
(35979769594, 10)
(1597, 20)
(36047485597, 20)
(1600, 7)
(36115201600, 7)
(1603, 0)
(36182917603, 0)
(1606, 26)
(36250633606, 26)
(1609, 10)
(36318349609, 17)
(1612, 0)
(36386065612, 0)
(1615, 12)
(36453781615, 15)
(1618, 3)
(36521497618, 24)
(1621, 12)
(36589213621, 12)
(1624, 7)
(36656929624, 7)
(1627, 0)
(36724645627, 0)
(1630, 23)
(36792361630, 4)
(1633, 4)
(36860077633, 23)
(1636, 25)
(36927793636, 2)
(1639, 22)
(36995509639, 22)
(1642, 16)
(37063225642, 16)
(1645, 22)
(37130941645, 5)
(1648, 22)
(37198657648, 5)
(1651, 0)
(37266373651, 0)
(1654, 8)
(37334089654, 19)
(1657, 16)
(37401805657, 16)
(1660, 25)
(37469521660, 25)
(1663, 26)
(37537237663, 26)
(1666, 20)
(37604953666, 20)
(1669, 14)
(37672669669, 14)
(1672, 2)
(37740385672, 25)
(1675, 0)
(37808101675, 0)
(1678, 10)
(37875817678, 10)
(1681, 16)
(37943533681, 16)
(1684, 1)
(38011249684, 26)
(1687, 3)
(38078965687, 24)
(1690, 13)
(38146681690, 13)
(1693, 13)
(38214397693, 13)
(1696, 24)
(38282113696, 3)
(1699, 0)
(38349829699, 0)
(1702, 22)
(38417545702, 22)
(1705, 19)
(38485261705, 8)
(1708, 0)
(38552977708, 0)
(1711, 10)
(38620693711, 10)
(1714, 7)
(38688409714, 20)
(1717, 25)
(38756125717, 25)
(1720, 6)
(38823841720, 21)
(1723, 0)
(38891557723, 0)
(1726, 9)
(38959273726, 18)
(1729, 3)
(39026989729, 3)
(1732, 6)
(39094705732, 6)
(1735, 5)
(39162421735, 5)
(1738, 5)
(39230137738, 22)
(1741, 17)
(39297853741, 17)
(1744, 6)
(39365569744, 6)
(1747, 0)
(39433285747, 0)
(1750, 24)
(39501001750, 24)
(1753, 2)
(39568717753, 25)
(1756, 12)
(39636433756, 15)
(1759, 24)
(39704149759, 3)
(1762, 9)
(39771865762, 9)
(1765, 2)
(39839581765, 2)
(1768, 17)
(39907297768, 10)
(1771, 0)
(39975013771, 0)
(1774, 19)
(40042729774, 19)
(1777, 6)
(40110445777, 6)
(1780, 8)
(40178161780, 8)
(1783, 23)
(40245877783, 23)
(1786, 22)
(40313593786, 22)
(1789, 20)
(40381309789, 20)
(1792, 20)
(40449025792, 20)
(1795, 0)
(40516741795, 0)
(1798, 7)
(40584457798, 20)
(1801, 4)
(40652173801, 23)
(1804, 0)
(40719889804, 0)
(1807, 3)
(40787605807, 3)
(1810, 16)
(40855321810, 16)
(1813, 9)
(40923037813, 18)
(1816, 11)
(40990753816, 11)
(1819, 0)
(41058469819, 0)
(1822, 17)
(41126185822, 10)
(1825, 4)
(41193901825, 4)
(1828, 11)
(41261617828, 16)
(1831, 19)
(41329333831, 8)
(1834, 6)
(41397049834, 21)
(1837, 0)
(41464765837, 0)
(1840, 0)
(41532481840, 0)
(1843, 0)
(41600197843, 0)
(1846, 11)
(41667913846, 16)
(1849, 9)
(41735629849, 9)
(1852, 22)
(41803345852, 5)
(1855, 19)
(41871061855, 8)
(1858, 25)
(41938777858, 25)
(1861, 11)
(42006493861, 16)
(1864, 20)
(42074209864, 20)
(1867, 0)
(42141925867, 0)
(1870, 11)
(42209641870, 11)
(1873, 24)
(42277357873, 3)
(1876, 25)
(42345073876, 25)
(1879, 12)
(42412789879, 15)
(1882, 24)
(42480505882, 24)
(1885, 4)
(42548221885, 23)
(1888, 0)
(42615937888, 0)
(1891, 0)
(42683653891, 0)
(1894, 0)
(42751369894, 0)
(1897, 1)
(42819085897, 26)
(1900, 0)
(42886801900, 0)
(1903, 16)
(42954517903, 11)
(1906, 10)
(43022233906, 10)
(1909, 4)
(43089949909, 23)
(1912, 11)
(43157665912, 11)
(1915, 0)
(43225381915, 0)
(1918, 11)
(43293097918, 11)
(1921, 16)
(43360813921, 11)
(1924, 13)
(43428529924, 13)
(1927, 6)
(43496245927, 21)
(1930, 4)
(43563961930, 23)
(1933, 12)
(43631677933, 15)
(1936, 22)
(43699393936, 22)
(1939, 0)
(43767109939, 0)
(1942, 23)
(43834825942, 4)
(1945, 4)
(43902541945, 23)
(1948, 16)
(43970257948, 16)
(1951, 18)
(44037973951, 9)
(1954, 23)
(44105689954, 23)
(1957, 13)
(44173405957, 13)
(1960, 2)
(44241121960, 2)
(1963, 0)
(44308837963, 0)
(1966, 6)
(44376553966, 6)
(1969, 26)
(44444269969, 26)
(1972, 18)
(44511985972, 18)
(1975, 16)
(44579701975, 11)
(1978, 12)
(44647417978, 12)
(1981, 8)
(44715133981, 8)
(1984, 24)
(44782849984, 3)
(1987, 0)
(44850565987, 0)
(1990, 3)
(44918281990, 3)
(1993, 0)
(44985997993, 0)
(1996, 0)
(45053713996, 0)
(1999, 21)
(45121429999, 21)
(2002, 20)
(45189146002, 7)
(2005, 14)
(45256862005, 13)
(2008, 23)
(45324578008, 4)
(2011, 0)
(45392294011, 0)
(2014, 3)
(45460010014, 3)
(2017, 9)
(45527726017, 18)
(2020, 5)
(45595442020, 5)
(2023, 10)
(45663158023, 10)
(2026, 2)
(45730874026, 25)
(2029, 19)
(45798590029, 8)
(2032, 10)
(45866306032, 17)
(2035, 0)
(45934022035, 0)
(2038, 12)
(46001738038, 15)
(2041, 14)
(46069454041, 14)
(2044, 26)
(46137170044, 26)
(2047, 18)
(46204886047, 9)
(2050, 8)
(46272602050, 8)
(2053, 15)
(46340318053, 15)
(2056, 16)
(46408034056, 11)
(2059, 0)
(46475750059, 0)
(2062, 15)
(46543466062, 15)
(2065, 12)
(46611182065, 12)
(2068, 0)
(46678898068, 0)
(2071, 9)
(46746614071, 18)
(2074, 22)
(46814330074, 5)
(2077, 22)
(46882046077, 5)
(2080, 8)
(46949762080, 19)
(2083, 0)
(47017478083, 0)
(2086, 24)
(47085194086, 24)
(2089, 8)
(47152910089, 19)
(2092, 0)
(47220626092, 0)
(2095, 1)
(47288342095, 26)
(2098, 24)
(47356058098, 24)
(2101, 11)
(47423774101, 11)
(2104, 15)
(47491490104, 12)
(2107, 0)
(47559206107, 0)
(2110, 20)
(47626922110, 7)
(2113, 19)
(47694638113, 8)
(2116, 8)
(47762354116, 8)
(2119, 16)
(47830070119, 16)
(2122, 15)
(47897786122, 12)
(2125, 21)
(47965502125, 21)
(2128, 17)
(48033218128, 10)
(2131, 0)
(48100934131, 0)
(2134, 7)
(48168650134, 7)
(2137, 1)
(48236366137, 1)
(2140, 26)
(48304082140, 26)
(2143, 16)
(48371798143, 16)
(2146, 5)
(48439514146, 22)
(2149, 1)
(48507230149, 26)
(2152, 13)
(48574946152, 14)
(2155, 0)
(48642662155, 0)
(2158, 7)
(48710378158, 20)
(2161, 3)
(48778094161, 3)
(2164, 13)
(48845810164, 13)
(2167, 24)
(48913526167, 24)
(2170, 26)
(48981242170, 1)
(2173, 17)
(49048958173, 10)
(2176, 4)
(49116674176, 4)
(2179, 0)
(49184390179, 0)
(2182, 26)
(49252106182, 26)
(2185, 0)
(49319822185, 0)
(2188, 0)
(49387538188, 0)
(2191, 18)
(49455254191, 9)
(2194, 1)
(49522970194, 26)
(2197, 7)
(49590686197, 20)
(2200, 20)
(49658402200, 20)
(2203, 0)
(49726118203, 0)
(2206, 4)
(49793834206, 4)
(2209, 8)
(49861550209, 8)
(2212, 14)
(49929266212, 13)
(2215, 19)
(49996982215, 8)
(2218, 13)
(50064698218, 14)
(2221, 3)
(50132414221, 3)
(2224, 0)
(50200130224, 0)
(2227, 0)
(50267846227, 0)
(2230, 22)
(50335562230, 5)
(2233, 25)
(50403278233, 25)
(2236, 10)
(50470994236, 10)
(2239, 11)
(50538710239, 11)
(2242, 11)
(50606426242, 16)
(2245, 26)
(50674142245, 1)
(2248, 23)
(50741858248, 4)
(2251, 0)
(50809574251, 0)
(2254, 9)
(50877290254, 18)
(2257, 24)
(50945006257, 24)
(2260, 12)
(51012722260, 15)
(2263, 13)
(51080438263, 14)
(2266, 15)
(51148154266, 12)
(2269, 6)
(51215870269, 21)
(2272, 17)
(51283586272, 17)
(2275, 0)
(51351302275, 0)
(2278, 18)
(51419018278, 18)
(2281, 2)
(51486734281, 25)
(2284, 0)
(51554450284, 0)
(2287, 11)
(51622166287, 16)
(2290, 25)
(51689882290, 25)
(2293, 26)
(51757598293, 1)
(2296, 19)
(51825314296, 19)
(2299, 0)
(51893030299, 0)
(2302, 8)
(51960746302, 19)
(2305, 15)
(52028462305, 15)
(2308, 17)
(52096178308, 10)
(2311, 23)
(52163894311, 23)
(2314, 5)
(52231610314, 22)
(2317, 0)
(52299326317, 0)
(2320, 7)
(52367042320, 7)
(2323, 0)
(52434758323, 0)
(2326, 23)
(52502474326, 4)
(2329, 8)
(52570190329, 8)
(2332, 8)
(52637906332, 19)
(2335, 11)
(52705622335, 16)
(2338, 21)
(52773338338, 6)
(2341, 21)
(52841054341, 21)
(2344, 15)
(52908770344, 12)
(2347, 0)
(52976486347, 0)
(2350, 17)
(53044202350, 10)
(2353, 10)
(53111918353, 17)
(2356, 7)
(53179634356, 7)
(2359, 16)
(53247350359, 11)
(2362, 7)
(53315066362, 20)
(2365, 14)
(53382782365, 13)
(2368, 23)
(53450498368, 4)
(2371, 0)
(53518214371, 0)
(2374, 5)
(53585930374, 22)
(2377, 16)
(53653646377, 16)
(2380, 0)
(53721362380, 0)
(2383, 17)
(53789078383, 17)
(2386, 19)
(53856794386, 19)
(2389, 7)
(53924510389, 7)
(2392, 2)
(53992226392, 2)
(2395, 0)
(54059942395, 0)
(2398, 25)
(54127658398, 25)
(2401, 25)
(54195374401, 25)
(2404, 5)
(54263090404, 22)
(2407, 8)
(54330806407, 8)
(2410, 8)
(54398522410, 19)
(2413, 24)
(54466238413, 24)
(2416, 20)
(54533954416, 20)
(2419, 0)
(54601670419, 0)
(2422, 1)
(54669386422, 26)
(2425, 7)
(54737102425, 7)
(2428, 25)
(54804818428, 25)
(2431, 10)
(54872534431, 17)
(2434, 25)
(54940250434, 2)
(2437, 18)
(55007966437, 18)
(2440, 18)
(55075682440, 9)
(2443, 0)
(55143398443, 0)
(2446, 8)
(55211114446, 19)
(2449, 19)
(55278830449, 19)
(2452, 25)
(55346546452, 25)
(2455, 4)
(55414262455, 23)
(2458, 15)
(55481978458, 15)
(2461, 3)
(55549694461, 24)
(2464, 25)
(55617410464, 25)
(2467, 0)
(55685126467, 0)
(2470, 7)
(55752842470, 7)
(2473, 26)
(55820558473, 1)
(2476, 0)
(55888274476, 0)
(2479, 15)
(55955990479, 12)
(2482, 0)
(56023706482, 0)
(2485, 15)
(56091422485, 15)
(2488, 0)
(56159138488, 0)
(2491, 0)
(56226854491, 0)
(2494, 10)
(56294570494, 17)
(2497, 25)
(56362286497, 25)
(2500, 26)
(56430002500, 26)
(2503, 12)
(56497718503, 12)
(2506, 7)
(56565434506, 7)
(2509, 10)
(56633150509, 10)
(2512, 9)
(56700866512, 18)
(2515, 0)
(56768582515, 0)
(2518, 3)
(56836298518, 24)
(2521, 8)
(56904014521, 8)
(2524, 19)
(56971730524, 19)
(2527, 12)
(57039446527, 12)
(2530, 15)
(57107162530, 12)
(2533, 13)
(57174878533, 13)
(2536, 26)
(57242594536, 26)
(2539, 0)
(57310310539, 0)
(2542, 2)
(57378026542, 25)
(2545, 9)
(57445742545, 18)
(2548, 17)
(57513458548, 10)
(2551, 8)
(57581174551, 19)
(2554, 4)
(57648890554, 4)
(2557, 12)
(57716606557, 12)
(2560, 22)
(57784322560, 22)
(2563, 0)
(57852038563, 0)
(2566, 21)
(57919754566, 6)
(2569, 11)
(57987470569, 16)
(2572, 0)
(58055186572, 0)
(2575, 20)
(58122902575, 7)
(2578, 26)
(58190618578, 26)
