(2, 4)
(7992002, 4)
(3, 8)
(11988003, 17)
(7, 14)
(27972007, 11)
(8, 0)
(31968008, 0)
(12, 4)
(47952012, 21)
(13, 3)
(51948013, 3)
(17, 14)
(67932017, 11)
(18, 23)
(71928018, 23)
(22, 13)
(87912022, 13)
(23, 3)
(91908023, 3)
(27, 8)
(107892027, 17)
(28, 18)
(111888028, 7)
(32, 12)
(127872032, 12)
(33, 6)
(131868033, 19)
(37, 17)
(147852037, 17)
(38, 11)
(151848038, 14)
(42, 21)
(167832042, 21)
(43, 14)
(171828043, 11)
(47, 5)
(187812047, 20)
(48, 24)
(191808048, 1)
(52, 0)
(207792052, 0)
(53, 4)
(211788053, 4)
(57, 19)
(227772057, 19)
(58, 22)
(231768058, 3)
(62, 12)
(247752062, 12)
(63, 10)
(251748063, 15)
(67, 1)
(267732067, 24)
(68, 0)
(271728068, 0)
(72, 0)
(287712072, 0)
(73, 11)
(291708073, 14)
(77, 23)
(307692077, 2)
(78, 4)
(311688078, 21)
(82, 21)
(327672082, 21)
(83, 22)
(331668083, 3)
(87, 19)
(347652087, 19)
(88, 0)
(351648088, 0)
(92, 11)
(367632092, 11)
(93, 16)
(371628093, 9)
(97, 24)
(387612097, 1)
(98, 14)
(391608098, 14)
(102, 21)
(407592102, 21)
(103, 15)
(411588103, 15)
(107, 13)
(427572107, 13)
(108, 4)
(431568108, 21)
(112, 24)
(447552112, 1)
(113, 12)
(451548113, 13)
(117, 20)
(467532117, 20)
(118, 6)
(471528118, 6)
(122, 20)
(487512122, 20)
(123, 3)
(491508123, 22)
(127, 20)
(507492127, 5)
(128, 19)
(511488128, 19)
(132, 0)
(527472132, 0)
(133, 6)
(531468133, 6)
(137, 8)
(547452137, 8)
(138, 23)
(551448138, 2)
(142, 6)
(567432142, 6)
(143, 5)
(571428143, 5)
(147, 19)
(587412147, 6)
(148, 0)
(591408148, 0)
(152, 0)
(607392152, 0)
(153, 18)
(611388153, 7)
(157, 1)
(627372157, 1)
(158, 23)
(631368158, 23)
(162, 21)
(647352162, 21)
(163, 9)
(651348163, 16)
(167, 19)
(667332167, 6)
(168, 0)
(671328168, 0)
(172, 7)
(687312172, 18)
(173, 21)
(691308173, 21)
(177, 19)
(707292177, 6)
(178, 3)
(711288178, 22)
(182, 18)
(727272182, 7)
(183, 18)
(731268183, 7)
(187, 2)
(747252187, 23)
(188, 10)
(751248188, 15)
(192, 0)
(767232192, 0)
(193, 6)
(771228193, 6)
(197, 5)
(787212197, 5)
(198, 20)
(791208198, 20)
(202, 14)
(807192202, 14)
(203, 11)
(811188203, 11)
(207, 11)
(827172207, 11)
(208, 16)
(831168208, 16)
(212, 0)
(847152212, 0)
(213, 7)
(851148213, 18)
(217, 13)
(867132217, 12)
(218, 15)
(871128218, 10)
(222, 13)
(887112222, 12)
(223, 17)
(891108223, 17)
(227, 20)
(907092227, 20)
(228, 0)
(911088228, 0)
(232, 0)
(927072232, 0)
(233, 3)
(931068233, 3)
(237, 7)
(947052237, 18)
(238, 8)
(951048238, 8)
(242, 14)
(967032242, 14)
(243, 4)
(971028243, 21)
(247, 9)
(987012247, 16)
(248, 0)
(991008248, 0)
(252, 20)
(1006992252, 5)
(253, 21)
(1010988253, 21)
(257, 1)
(1026972257, 1)
(258, 3)
(1030968258, 3)
(262, 4)
(1046952262, 21)
(263, 18)
(1050948263, 18)
(267, 12)
(1066932267, 12)
(268, 13)
(1070928268, 12)
(272, 8)
(1086912272, 17)
(273, 22)
(1090908273, 22)
(277, 11)
(1106892277, 14)
(278, 14)
(1110888278, 14)
(282, 17)
(1126872282, 17)
(283, 7)
(1130868283, 7)
(287, 1)
(1146852287, 24)
(288, 19)
(1150848288, 19)
(292, 0)
(1166832292, 0)
(293, 2)
(1170828293, 23)
(297, 6)
(1186812297, 19)
(298, 1)
(1190808298, 24)
(302, 23)
(1206792302, 2)
(303, 15)
(1210788303, 10)
(307, 13)
(1226772307, 13)
(308, 0)
(1230768308, 0)
(312, 0)
(1246752312, 0)
(313, 12)
(1250748313, 12)
(317, 5)
(1266732317, 20)
(318, 12)
(1270728318, 13)
(322, 17)
(1286712322, 8)
(323, 6)
(1290708323, 6)
(327, 8)
(1306692327, 8)
(328, 0)
(1310688328, 0)
(332, 11)
(1326672332, 14)
(333, 5)
(1330668333, 5)
(337, 23)
(1346652337, 2)
(338, 0)
(1350648338, 0)
(342, 7)
(1366632342, 18)
(343, 13)
(1370628343, 12)
(347, 15)
(1386612347, 15)
(348, 3)
(1390608348, 3)
(352, 14)
(1406592352, 14)
(353, 14)
(1410588353, 11)
(357, 3)
(1426572357, 22)
(358, 6)
(1430568358, 6)
(362, 7)
(1446552362, 18)
(363, 24)
(1450548363, 1)
(367, 16)
(1466532367, 9)
(368, 23)
(1470528368, 23)
(372, 0)
(1486512372, 0)
(373, 5)
(1490508373, 5)
(377, 1)
(1506492377, 24)
(378, 21)
(1510488378, 21)
(382, 2)
(1526472382, 2)
(383, 2)
(1530468383, 23)
(387, 10)
(1546452387, 15)
(388, 0)
(1550448388, 0)
(392, 0)
(1566432392, 0)
(393, 3)
(1570428393, 3)
(397, 11)
(1586412397, 11)
(398, 10)
(1590408398, 15)
(402, 24)
(1606392402, 24)
(403, 8)
(1610388403, 8)
(407, 24)
(1626372407, 24)
(408, 0)
(1630368408, 0)
(412, 5)
(1646352412, 5)
(413, 10)
(1650348413, 15)
(417, 12)
(1666332417, 13)
(418, 8)
(1670328418, 17)
(422, 15)
(1686312422, 10)
(423, 10)
(1690308423, 15)
(427, 22)
(1706292427, 3)
(428, 19)
(1710288428, 19)
(432, 24)
(1726272432, 1)
(433, 18)
(1730268433, 7)
(437, 0)
(1746252437, 0)
(438, 23)
(1750248438, 23)
(442, 17)
(1766232442, 8)
(443, 0)
(1770228443, 0)
(447, 16)
(1786212447, 16)
(448, 17)
(1790208448, 8)
(452, 0)
(1806192452, 0)
(453, 18)
(1810188453, 18)
(457, 13)
(1826172457, 13)
(458, 6)
(1830168458, 6)
(462, 22)
(1846152462, 22)
(463, 22)
(1850148463, 22)
(467, 12)
(1866132467, 12)
(468, 0)
(1870128468, 0)
(472, 0)
(1886112472, 0)
(473, 3)
(1890108473, 22)
(477, 23)
(1906092477, 23)
(478, 8)
(1910088478, 17)
(482, 5)
(1926072482, 20)
(483, 11)
(1930068483, 11)
(487, 3)
(1946052487, 22)
(488, 0)
(1950048488, 0)
(492, 14)
(1966032492, 11)
(493, 23)
(1970028493, 23)
(497, 9)
(1986012497, 16)
(498, 23)
(1990008498, 23)
(502, 11)
(2005992502, 11)
(503, 1)
(2009988503, 1)
(507, 11)
(2025972507, 14)
(508, 15)
(2029968508, 10)
(512, 14)
(2045952512, 14)
(513, 19)
(2049948513, 19)
(517, 17)
(2065932517, 8)
(518, 11)
(2069928518, 14)
(522, 5)
(2085912522, 20)
(523, 20)
(2089908523, 5)
(527, 12)
(2105892527, 13)
(528, 7)
(2109888528, 18)
(532, 0)
(2125872532, 0)
(533, 3)
(2129868533, 3)
(537, 12)
(2145852537, 13)
(538, 10)
(2149848538, 15)
(542, 11)
(2165832542, 11)
(543, 2)
(2169828543, 2)
(547, 18)
(2185812547, 18)
(548, 0)
(2189808548, 0)
(552, 0)
(2205792552, 0)
(553, 12)
(2209788553, 13)
(557, 13)
(2225772557, 13)
(558, 19)
(2229768558, 19)
(562, 22)
(2245752562, 22)
(563, 21)
(2249748563, 21)
(567, 3)
(2265732567, 22)
(568, 0)
(2269728568, 0)
(572, 10)
(2285712572, 10)
(573, 9)
(2289708573, 16)
(577, 18)
(2305692577, 7)
(578, 22)
(2309688578, 22)
(582, 4)
(2325672582, 4)
(583, 18)
(2329668583, 18)
(587, 2)
(2345652587, 2)
(588, 22)
(2349648588, 3)
(592, 24)
(2365632592, 24)
(593, 21)
(2369628593, 21)
(597, 2)
(2385612597, 2)
(598, 18)
(2389608598, 18)
(602, 1)
(2405592602, 1)
(603, 15)
(2409588603, 10)
(607, 22)
(2425572607, 3)
(608, 8)
(2429568608, 17)
(612, 0)
(2445552612, 0)
(613, 10)
(2449548613, 10)
(617, 7)
(2465532617, 7)
(618, 22)
(2469528618, 3)
(622, 23)
(2485512622, 23)
(623, 22)
(2489508623, 22)
(627, 9)
(2505492627, 9)
(628, 0)
(2509488628, 0)
(632, 0)
(2525472632, 0)
(633, 15)
(2529468633, 15)
(637, 4)
(2545452637, 4)
(638, 5)
(2549448638, 20)
(642, 24)
(2565432642, 1)
(643, 12)
(2569428643, 13)
(647, 2)
(2585412647, 23)
(648, 0)
(2589408648, 0)
(652, 17)
(2605392652, 8)
(653, 1)
(2609388653, 1)
(657, 15)
(2625372657, 10)
(658, 8)
(2629368658, 8)
(662, 23)
(2645352662, 23)
(663, 16)
(2649348663, 16)
(667, 14)
(2665332667, 11)
(668, 3)
(2669328668, 22)
(672, 13)
(2685312672, 13)
(673, 13)
(2689308673, 12)
(677, 20)
(2705292677, 5)
(678, 5)
(2709288678, 5)
(682, 18)
(2725272682, 18)
(683, 15)
(2729268683, 10)
(687, 13)
(2745252687, 12)
(688, 17)
(2749248688, 8)
(692, 0)
(2765232692, 0)
(693, 1)
(2769228693, 24)
(697, 8)
(2785212697, 17)
(698, 11)
(2789208698, 11)
(702, 4)
(2805192702, 21)
(703, 9)
(2809188703, 16)
(707, 1)
(2825172707, 24)
(708, 0)
(2829168708, 0)
(712, 0)
(2845152712, 0)
(713, 21)
(2849148713, 21)
(717, 11)
(2865132717, 11)
(718, 22)
(2869128718, 3)
(722, 11)
(2885112722, 11)
(723, 11)
(2889108723, 11)
(727, 22)
(2905092727, 22)
(728, 0)
(2909088728, 0)
(732, 16)
(2925072732, 9)
(733, 11)
(2929068733, 14)
(737, 10)
(2945052737, 15)
(738, 15)
(2949048738, 15)
(742, 22)
(2965032742, 3)
(743, 16)
(2969028743, 9)
(747, 14)
(2985012747, 11)
(748, 1)
(2989008748, 24)
(752, 5)
(3004992752, 20)
(753, 13)
(3008988753, 12)
(757, 0)
(3024972757, 0)
(758, 22)
(3028968758, 3)
(762, 18)
(3044952762, 18)
(763, 21)
(3048948763, 21)
(767, 8)
(3064932767, 8)
(768, 22)
(3068928768, 3)
(772, 0)
(3084912772, 0)
(773, 9)
(3088908773, 16)
(777, 16)
(3104892777, 16)
(778, 4)
(3108888778, 4)
(782, 11)
(3124872782, 14)
(783, 19)
(3128868783, 19)
(787, 20)
(3144852787, 20)
(788, 0)
(3148848788, 0)
(792, 0)
(3164832792, 0)
(793, 17)
(3168828793, 17)
(797, 15)
(3184812797, 10)
(798, 21)
(3188808798, 4)
(802, 23)
(3204792802, 2)
(803, 15)
(3208788803, 10)
(807, 21)
(3224772807, 21)
(808, 0)
(3228768808, 0)
(812, 18)
(3244752812, 18)
(813, 18)
(3248748813, 7)
(817, 22)
(3264732817, 22)
(818, 13)
(3268728818, 13)
(822, 0)
(3284712822, 0)
(823, 9)
(3288708823, 9)
(827, 2)
(3304692827, 2)
(828, 7)
(3308688828, 7)
(832, 17)
(3324672832, 17)
(833, 2)
(3328668833, 23)
(837, 16)
(3344652837, 9)
(838, 14)
(3348648838, 11)
(842, 9)
(3364632842, 9)
(843, 19)
(3368628843, 6)
(847, 24)
(3384612847, 1)
(848, 13)
(3388608848, 13)
(852, 0)
(3404592852, 0)
(853, 10)
(3408588853, 10)
(857, 7)
(3424572857, 18)
(858, 21)
(3428568858, 4)
(862, 12)
(3444552862, 13)
(863, 6)
(3448548863, 19)
(867, 13)
(3464532867, 12)
(868, 0)
(3468528868, 0)
(872, 0)
(3484512872, 0)
(873, 10)
(3488508873, 15)
(877, 0)
(3504492877, 0)
(878, 0)
(3508488878, 0)
(882, 18)
(3524472882, 18)
(883, 7)
(3528468883, 18)
(887, 21)
(3544452887, 4)
(888, 0)
(3548448888, 0)
(892, 4)
(3564432892, 4)
(893, 12)
(3568428893, 12)
(897, 1)
(3584412897, 24)
(898, 7)
(3588408898, 18)
(902, 12)
(3604392902, 12)
(903, 11)
(3608388903, 14)
(907, 13)
(3624372907, 12)
(908, 10)
(3628368908, 10)
(912, 18)
(3644352912, 18)
(913, 13)
(3648348913, 12)
(917, 15)
(3664332917, 15)
(918, 21)
(3668328918, 21)
(922, 12)
(3684312922, 13)
(923, 0)
(3688308923, 0)
(927, 0)
(3704292927, 0)
(928, 16)
(3708288928, 9)
(932, 0)
(3724272932, 0)
(933, 24)
(3728268933, 1)
(937, 10)
(3744252937, 15)
(938, 21)
(3748248938, 21)
(942, 23)
(3764232942, 2)
(943, 11)
(3768228943, 11)
(947, 10)
(3784212947, 15)
(948, 0)
(3788208948, 0)
(952, 0)
(3804192952, 0)
(953, 8)
(3808188953, 8)
(957, 16)
(3824172957, 16)
(958, 6)
(3828168958, 6)
(962, 2)
(3844152962, 2)
(963, 6)
(3848148963, 6)
(967, 14)
(3864132967, 11)
(968, 0)
(3868128968, 0)
(972, 2)
(3884112972, 23)
(973, 23)
(3888108973, 2)
(977, 15)
(3904092977, 10)
(978, 9)
(3908088978, 9)
(982, 15)
(3924072982, 15)
(983, 7)
(3928068983, 7)
(987, 8)
(3944052987, 17)
(988, 8)
(3948048988, 17)
(992, 11)
(3964032992, 11)
(993, 13)
(3968028993, 12)
(997, 9)
(3984012997, 16)
(998, 6)
(3988008998, 6)
(1002, 9)
(4003993002, 9)
(1003, 6)
(4007989003, 19)
(1007, 5)
(4023973007, 20)
(1008, 10)
(4027969008, 15)
(1012, 0)
(4043953012, 0)
(1013, 9)
(4047949013, 16)
(1017, 19)
(4063933017, 6)
(1018, 23)
(4067929018, 23)
(1022, 13)
(4083913022, 13)
(1023, 11)
(4087909023, 14)
(1027, 19)
(4103893027, 19)
(1028, 0)
(4107889028, 0)
(1032, 0)
(4123873032, 0)
(1033, 23)
(4127869033, 2)
(1037, 5)
(4143853037, 20)
(1038, 7)
(4147849038, 18)
(1042, 3)
(4163833042, 22)
(1043, 7)
(4167829043, 7)
(1047, 14)
(4183813047, 11)
(1048, 0)
(4187809048, 0)
(1052, 16)
(4203793052, 16)
(1053, 6)
(4207789053, 6)
(1057, 21)
(4223773057, 21)
(1058, 15)
(4227769058, 15)
(1062, 15)
(4243753062, 15)
(1063, 24)
(4247749063, 1)
(1067, 7)
(4263733067, 18)
(1068, 6)
(4267729068, 6)
(1072, 3)
(4283713072, 22)
(1073, 6)
(4287709073, 19)
(1077, 4)
(4303693077, 4)
(1078, 8)
(4307689078, 8)
(1082, 8)
(4323673082, 17)
(1083, 22)
(4327669083, 3)
(1087, 21)
(4343653087, 4)
(1088, 21)
(4347649088, 4)
(1092, 0)
(4363633092, 0)
(1093, 5)
(4367629093, 20)
(1097, 6)
(4383613097, 19)
(1098, 15)
(4387609098, 15)
(1102, 0)
(4403593102, 0)
(1103, 8)
(4407589103, 8)
(1107, 3)
(4423573107, 22)
(1108, 0)
(4427569108, 0)
(1112, 0)
(4443553112, 0)
(1113, 14)
(4447549113, 14)
(1117, 4)
(4463533117, 21)
(1118, 21)
(4467529118, 4)
(1122, 9)
(4483513122, 9)
(1123, 15)
(4487509123, 10)
(1127, 23)
(4503493127, 23)
(1128, 0)
(4507489128, 0)
(1132, 16)
(4523473132, 16)
(1133, 12)
(4527469133, 12)
(1137, 15)
(4543453137, 15)
(1138, 2)
(4547449138, 23)
(1142, 22)
(4563433142, 22)
(1143, 0)
(4567429143, 0)
(1147, 21)
(4583413147, 21)
(1148, 12)
(4587409148, 13)
(1152, 3)
(4603393152, 3)
(1153, 24)
(4607389153, 24)
(1157, 18)
(4623373157, 7)
(1158, 9)
(4627369158, 16)
(1162, 8)
(4643353162, 8)
(1163, 3)
(4647349163, 3)
(1167, 8)
(4663333167, 17)
(1168, 17)
(4667329168, 8)
(1172, 0)
(4683313172, 0)
(1173, 16)
(4687309173, 16)
(1177, 12)
(4703293177, 12)
(1178, 21)
(4707289178, 4)
(1182, 0)
(4723273182, 0)
(1183, 0)
(4727269183, 0)
(1187, 24)
(4743253187, 1)
(1188, 0)
(4747249188, 0)
(1192, 0)
(4763233192, 0)
(1193, 4)
(4767229193, 21)
(1197, 15)
(4783213197, 15)
(1198, 12)
(4787209198, 12)
(1202, 1)
(4803193202, 1)
(1203, 9)
(4807189203, 9)
(1207, 2)
(4823173207, 23)
(1208, 0)
(4827169208, 0)
(1212, 5)
(4843153212, 20)
(1213, 10)
(4847149213, 15)
(1217, 12)
(4863133217, 12)
(1218, 4)
(4867129218, 21)
(1222, 3)
(4883113222, 22)
(1223, 15)
(4887109223, 15)
(1227, 19)
(4903093227, 6)
(1228, 19)
(4907089228, 19)
(1232, 6)
(4923073232, 19)
(1233, 21)
(4927069233, 21)
(1237, 9)
(4943053237, 16)
(1238, 7)
(4947049238, 7)
(1242, 23)
(4963033242, 2)
(1243, 6)
(4967029243, 19)
(1247, 4)
(4983013247, 4)
(1248, 12)
(4987009248, 13)
(1252, 0)
(5002993252, 0)
(1253, 3)
(5006989253, 22)
(1257, 15)
(5022973257, 15)
(1258, 17)
(5026969258, 8)
(1262, 19)
(5042953262, 19)
(1263, 0)
(5046949263, 0)
(1267, 21)
(5062933267, 21)
(1268, 0)
(5066929268, 0)
(1272, 0)
(5082913272, 0)
(1273, 20)
(5086909273, 20)
(1277, 4)
(5102893277, 21)
(1278, 15)
(5106889278, 15)
(1282, 23)
(5122873282, 2)
(1283, 24)
(5126869283, 1)
(1287, 10)
(5142853287, 10)
(1288, 0)
(5146849288, 0)
(1292, 3)
(5162833292, 3)
(1293, 6)
(5166829293, 6)
(1297, 2)
(5182813297, 2)
(1298, 7)
(5186809298, 7)
(1302, 4)
(5202793302, 4)
(1303, 11)
(5206789303, 14)
(1307, 16)
(5222773307, 9)
(1308, 21)
(5226769308, 21)
(1312, 13)
(5242753312, 13)
(1313, 1)
(5246749313, 1)
(1317, 15)
(5262733317, 10)
(1318, 5)
(5266729318, 5)
(1322, 3)
(5282713322, 3)
(1323, 19)
(5286709323, 6)
(1327, 20)
(5302693327, 5)
(1328, 16)
(5306689328, 9)
(1332, 0)
(5322673332, 0)
(1333, 10)
(5326669333, 15)
(1337, 19)
(5342653337, 6)
(1338, 10)
(5346649338, 15)
(1342, 5)
(5362633342, 5)
(1343, 19)
(5366629343, 6)
(1347, 6)
(5382613347, 6)
(1348, 0)
(5386609348, 0)
(1352, 0)
(5402593352, 0)
(1353, 4)
(5406589353, 21)
(1357, 16)
(5422573357, 16)
(1358, 9)
(5426569358, 9)
(1362, 6)
(5442553362, 19)
(1363, 4)
(5446549363, 4)
(1367, 10)
(5462533367, 15)
(1368, 0)
(5466529368, 0)
(1372, 6)
(5482513372, 19)
(1373, 7)
(5486509373, 18)
(1377, 11)
(5502493377, 14)
(1378, 15)
(5506489378, 15)
(1382, 7)
(5522473382, 18)
(1383, 3)
(5526469383, 3)
(1387, 9)
(5542453387, 9)
(1388, 20)
(5546449388, 20)
(1392, 4)
(5562433392, 4)
(1393, 24)
(5566429393, 24)
(1397, 19)
(5582413397, 6)
(1398, 0)
(5586409398, 0)
(1402, 21)
(5602393402, 4)
(1403, 6)
(5606389403, 6)
(1407, 6)
(5622373407, 19)
(1408, 18)
(5626369408, 18)
(1412, 0)
(5642353412, 0)
(1413, 15)
(5646349413, 15)
(1417, 16)
(5662333417, 9)
(1418, 4)
(5666329418, 21)
(1422, 1)
(5682313422, 1)
(1423, 4)
(5686309423, 21)
(1427, 0)
(5702293427, 0)
(1428, 0)
(5706289428, 0)
(1432, 0)
(5722273432, 0)
(1433, 24)
(5726269433, 1)
(1437, 9)
(5742253437, 16)
(1438, 21)
(5746249438, 4)
(1442, 11)
(5762233442, 14)
(1443, 12)
(5766229443, 13)
(1447, 17)
(5782213447, 17)
(1448, 0)
(5786209448, 0)
(1452, 12)
(5802193452, 13)
(1453, 16)
(5806189453, 9)
(1457, 4)
(5822173457, 21)
(1458, 22)
(5826169458, 22)
(1462, 24)
(5842153462, 24)
(1463, 22)
(5846149463, 22)
(1467, 10)
(5862133467, 15)
(1468, 17)
(5866129468, 8)
(1472, 9)
(5882113472, 9)
(1473, 17)
(5886109473, 8)
(1477, 11)
(5902093477, 11)
(1478, 0)
(5906089478, 0)
(1482, 11)
(5922073482, 11)
(1483, 8)
(5926069483, 17)
(1487, 3)
(5942053487, 22)
(1488, 2)
(5946049488, 23)
(1492, 0)
(5962033492, 0)
(1493, 13)
(5966029493, 12)
(1497, 15)
(5982013497, 10)
(1498, 6)
(5986009498, 19)
(1502, 1)
(6001993502, 1)
(1503, 3)
(6005989503, 22)
(1507, 9)
(6021973507, 9)
(1508, 0)
(6025969508, 0)
(1512, 0)
(6041953512, 0)
(1513, 4)
(6045949513, 4)
(1517, 23)
(6061933517, 23)
(1518, 9)
(6065929518, 16)
(1522, 20)
(6081913522, 5)
(1523, 23)
(6085909523, 2)
(1527, 16)
(6101893527, 9)
(1528, 0)
(6105889528, 0)
(1532, 24)
(6121873532, 1)
(1533, 21)
(6125869533, 4)
(1537, 1)
(6141853537, 24)
(1538, 9)
(6145849538, 9)
(1542, 5)
(6161833542, 20)
(1543, 24)
(6165829543, 1)
(1547, 2)
(6181813547, 2)
(1548, 5)
(6185809548, 20)
(1552, 3)
(6201793552, 22)
(1553, 15)
(6205789553, 10)
(1557, 2)
(6221773557, 2)
(1558, 2)
(6225769558, 23)
(1562, 22)
(6241753562, 22)
(1563, 4)
(6245749563, 4)
(1567, 15)
(6261733567, 15)
(1568, 17)
(6265729568, 17)
(1572, 0)
(6281713572, 0)
(1573, 23)
(6285709573, 23)
(1577, 18)
(6301693577, 18)
(1578, 6)
(6305689578, 19)
(1582, 4)
(6321673582, 4)
(1583, 23)
(6325669583, 2)
(1587, 5)
(6341653587, 20)
(1588, 0)
(6345649588, 0)
(1592, 0)
(6361633592, 0)
(1593, 19)
(6365629593, 6)
(1597, 4)
(6381613597, 21)
(1598, 2)
(6385609598, 2)
(1602, 20)
(6401593602, 5)
(1603, 9)
(6405589603, 16)
(1607, 8)
(6421573607, 17)
(1608, 0)
(6425569608, 0)
(1612, 4)
(6441553612, 4)
(1613, 18)
(6445549613, 7)
(1617, 8)
(6461533617, 17)
(1618, 7)
(6465529618, 18)
(1622, 5)
(6481513622, 5)
(1623, 8)
(6485509623, 8)
(1627, 12)
(6501493627, 12)
(1628, 13)
(6505489628, 13)
(1632, 13)
(6521473632, 13)
(1633, 14)
(6525469633, 14)
(1637, 13)
(6541453637, 13)
(1638, 16)
(6545449638, 9)
(1642, 11)
(6561433642, 11)
(1643, 0)
(6565429643, 0)
(1647, 18)
(6581413647, 7)
(1648, 15)
(6585409648, 15)
(1652, 0)
(6601393652, 0)
(1653, 19)
(6605389653, 6)
(1657, 6)
(6621373657, 6)
(1658, 2)
(6625369658, 23)
(1662, 15)
(6641353662, 15)
(1663, 7)
(6645349663, 18)
(1667, 23)
(6661333667, 23)
(1668, 0)
(6665329668, 0)
(1672, 0)
(6681313672, 0)
(1673, 18)
(6685309673, 18)
(1677, 1)
(6701293677, 1)
(1678, 15)
(6705289678, 15)
(1682, 19)
(6721273682, 19)
(1683, 5)
(6725269683, 20)
(1687, 12)
(6741253687, 12)
(1688, 0)
(6745249688, 0)
(1692, 20)
(6761233692, 5)
(1693, 23)
(6765229693, 23)
(1697, 18)
(6781213697, 18)
(1698, 6)
(6785209698, 19)
(1702, 0)
(6801193702, 0)
(1703, 13)
(6805189703, 12)
(1707, 5)
(6821173707, 5)
(1708, 11)
(6825169708, 14)
(1712, 14)
(6841153712, 14)
(1713, 4)
(6845149713, 21)
(1717, 21)
(6861133717, 4)
(1718, 1)
(6865129718, 24)
(1722, 1)
(6881113722, 1)
(1723, 20)
(6885109723, 20)
(1727, 14)
(6901093727, 14)
(1728, 0)
(6905089728, 0)
(1732, 0)
(6921073732, 0)
(1733, 1)
(6925069733, 24)
(1737, 15)
(6941053737, 15)
(1738, 16)
(6945049738, 16)
(1742, 21)
(6961033742, 4)
(1743, 14)
(6965029743, 11)
(1747, 20)
(6981013747, 20)
(1748, 0)
(6985009748, 0)
(1752, 0)
(7000993752, 0)
(1753, 10)
(7004989753, 10)
(1757, 23)
(7020973757, 2)
(1758, 0)
(7024969758, 0)
(1762, 16)
(7040953762, 16)
(1763, 23)
(7044949763, 2)
(1767, 3)
(7060933767, 3)
(1768, 0)
(7064929768, 0)
(1772, 0)
(7080913772, 0)
(1773, 10)
(7084909773, 10)
(1777, 19)
(7100893777, 19)
(1778, 20)
(7104889778, 20)
(1782, 1)
(7120873782, 1)
(1783, 7)
(7124869783, 7)
(1787, 22)
(7140853787, 3)
(1788, 17)
(7144849788, 17)
(1792, 1)
(7160833792, 24)
(1793, 19)
(7164829793, 6)
(1797, 24)
(7180813797, 1)
(1798, 20)
(7184809798, 5)
(1802, 18)
(7200793802, 7)
(1803, 17)
(7204789803, 8)
(1807, 23)
(7220773807, 23)
(1808, 14)
(7224769808, 11)
(1812, 0)
(7240753812, 0)
(1813, 22)
(7244749813, 22)
(1817, 10)
(7260733817, 10)
(1818, 10)
(7264729818, 10)
(1822, 4)
(7280713822, 4)
(1823, 10)
(7284709823, 15)
(1827, 7)
(7300693827, 7)
(1828, 0)
(7304689828, 0)
(1832, 0)
(7320673832, 0)
(1833, 16)
(7324669833, 16)
(1837, 24)
(7340653837, 1)
(1838, 23)
(7344649838, 23)
(1842, 9)
(7360633842, 16)
(1843, 14)
(7364629843, 14)
(1847, 17)
(7380613847, 17)
(1848, 0)
(7384609848, 0)
(1852, 14)
(7400593852, 14)
(1853, 9)
(7404589853, 9)
(1857, 15)
(7420573857, 10)
(1858, 20)
(7424569858, 5)
(1862, 23)
(7440553862, 2)
(1863, 22)
(7444549863, 22)
(1867, 15)
(7460533867, 15)
(1868, 6)
(7464529868, 6)
(1872, 15)
(7480513872, 15)
(1873, 8)
(7484509873, 8)
(1877, 19)
(7500493877, 6)
(1878, 14)
(7504489878, 11)
(1882, 2)
(7520473882, 23)
(1883, 1)
(7524469883, 1)
(1887, 15)
(7540453887, 15)
(1888, 18)
(7544449888, 18)
(1892, 0)
(7560433892, 0)
(1893, 15)
(7564429893, 10)
(1897, 1)
(7580413897, 24)
(1898, 18)
(7584409898, 7)
(1902, 24)
(7600393902, 24)
(1903, 17)
(7604389903, 17)
(1907, 18)
(7620373907, 7)
(1908, 0)
(7624369908, 0)
(1912, 0)
(7640353912, 0)
(1913, 24)
(7644349913, 24)
(1917, 7)
(7660333917, 18)
(1918, 16)
(7664329918, 9)
(1922, 12)
(7680313922, 12)
(1923, 5)
(7684309923, 5)
(1927, 17)
(7700293927, 8)
(1928, 0)
(7704289928, 0)
(1932, 18)
(7720273932, 18)
(1933, 22)
(7724269933, 22)
(1937, 23)
(7740253937, 2)
(1938, 7)
(7744249938, 18)
(1942, 13)
(7760233942, 12)
(1943, 7)
(7764229943, 7)
(1947, 13)
(7780213947, 12)
(1948, 11)
(7784209948, 14)
(1952, 10)
(7800193952, 10)
(1953, 20)
(7804189953, 5)
(1957, 6)
(7820173957, 19)
(1958, 2)
(7824169958, 23)
(1962, 5)
(7840153962, 20)
(1963, 4)
(7844149963, 21)
(1967, 24)
(7860133967, 1)
(1968, 9)
(7864129968, 16)
(1972, 0)
(7880113972, 0)
(1973, 8)
(7884109973, 17)
(1977, 6)
(7900093977, 19)
(1978, 7)
(7904089978, 18)
(1982, 6)
(7920073982, 6)
(1983, 21)
(7924069983, 4)
(1987, 22)
(7940053987, 22)
(1988, 0)
(7944049988, 0)
(1992, 0)
(7960033992, 0)
(1993, 11)
(7964029993, 11)
(1997, 7)
(7980013997, 18)
(1998, 13)
(7984009998, 12)
(2002, 19)
(7999994002, 6)
(2003, 6)
(8003990003, 6)
(2007, 5)
(8019974007, 5)
(2008, 0)
(8023970008, 0)
(2012, 12)
(8039954012, 12)
(2013, 4)
(8043950013, 21)
(2017, 22)
(8059934017, 22)
(2018, 23)
(8063930018, 2)
(2022, 11)
(8079914022, 11)
(2023, 4)
(8083910023, 21)
(2027, 21)
(8099894027, 4)
(2028, 18)
(8103890028, 7)
(2032, 20)
(8119874032, 5)
(2033, 17)
(8123870033, 8)
(2037, 19)
(8139854037, 6)
(2038, 13)
(8143850038, 12)
(2042, 5)
(8159834042, 20)
(2043, 15)
(8163830043, 15)
(2047, 2)
(8179814047, 23)
(2048, 0)
(8183810048, 0)
(2052, 0)
(8199794052, 0)
(2053, 12)
(8203790053, 13)
(2057, 24)
(8219774057, 1)
(2058, 7)
(8223770058, 7)
(2062, 8)
(8239754062, 17)
(2063, 15)
(8243750063, 15)
(2067, 18)
(8259734067, 7)
(2068, 0)
(8263730068, 0)
(2072, 0)
(8279714072, 0)
(2073, 5)
(8283710073, 5)
(2077, 11)
(8299694077, 14)
(2078, 10)
(8303690078, 10)
(2082, 11)
(8319674082, 14)
(2083, 3)
(8323670083, 3)
(2087, 0)
(8339654087, 0)
(2088, 0)
(8343650088, 0)
(2092, 10)
(8359634092, 15)
(2093, 5)
(8363630093, 20)
(2097, 11)
(8379614097, 11)
(2098, 14)
(8383610098, 14)
(2102, 19)
(8399594102, 19)
(2103, 9)
(8403590103, 9)
(2107, 24)
(8419574107, 1)
(2108, 19)
(8423570108, 6)
(2112, 9)
(8439554112, 16)
(2113, 4)
(8443550113, 4)
(2117, 1)
(8459534117, 1)
(2118, 0)
(8463530118, 0)
(2122, 22)
(8479514122, 3)
(2123, 16)
(8483510123, 16)
(2127, 22)
(8499494127, 22)
(2128, 7)
(8503490128, 7)
(2132, 0)
(8519474132, 0)
(2133, 7)
(8523470133, 18)
(2137, 1)
(8539454137, 24)
(2138, 12)
(8543450138, 12)
(2142, 20)
(8559434142, 20)
(2143, 8)
(8563430143, 8)
(2147, 4)
(8579414147, 4)
(2148, 0)
(8583410148, 0)
(2152, 0)
(8599394152, 0)
(2153, 8)
(8603390153, 17)
(2157, 24)
(8619374157, 24)
(2158, 0)
(8623370158, 0)
(2162, 9)
(8639354162, 16)
(2163, 7)
(8643350163, 7)
(2167, 17)
(8659334167, 17)
(2168, 0)
(8663330168, 0)
(2172, 24)
(8679314172, 24)
(2173, 20)
(8683310173, 20)
(2177, 5)
(8699294177, 20)
(2178, 18)
(8703290178, 18)
(2182, 23)
(8719274182, 2)
(2183, 7)
(8723270183, 7)
(2187, 0)
(8739254187, 0)
(2188, 9)
(8743250188, 9)
(2192, 1)
(8759234192, 1)
(2193, 21)
(8763230193, 4)
(2197, 13)
(8779214197, 13)
(2198, 11)
(8783210198, 14)
(2202, 0)
(8799194202, 0)
(2203, 5)
(8803190203, 5)
(2207, 21)
(8819174207, 21)
(2208, 19)
(8823170208, 6)
(2212, 0)
(8839154212, 0)
(2213, 13)
(8843150213, 13)
(2217, 3)
(8859134217, 22)
(2218, 6)
(8863130218, 6)
(2222, 18)
(8879114222, 18)
(2223, 10)
(8883110223, 15)
(2227, 21)
(8899094227, 21)
(2228, 0)
(8903090228, 0)
(2232, 0)
(8919074232, 0)
(2233, 14)
(8923070233, 14)
(2237, 15)
(8939054237, 15)
(2238, 8)
(8943050238, 17)
(2242, 14)
(8959034242, 11)
(2243, 10)
(8963030243, 10)
(2247, 15)
(8979014247, 15)
(2248, 0)
(8983010248, 0)
(2252, 23)
(8998994252, 23)
(2253, 19)
(9002990253, 6)
(2257, 19)
(9018974257, 19)
(2258, 13)
(9022970258, 12)
(2262, 11)
(9038954262, 11)
(2263, 7)
(9042950263, 18)
(2267, 11)
(9058934267, 14)
(2268, 11)
(9062930268, 14)
(2272, 18)
(9078914272, 18)
(2273, 7)
(9082910273, 7)
(2277, 15)
(9098894277, 15)
(2278, 19)
(9102890278, 19)
(2282, 10)
(9118874282, 10)
(2283, 9)
(9122870283, 9)
(2287, 16)
(9138854287, 16)
(2288, 5)
(9142850288, 5)
(2292, 0)
(9158834292, 0)
(2293, 1)
(9162830293, 24)
(2297, 5)
(9178814297, 20)
(2298, 2)
(9182810298, 2)
(2302, 19)
(9198794302, 6)
(2303, 15)
(9202790303, 10)
(2307, 8)
(9218774307, 17)
(2308, 0)
(9222770308, 0)
(2312, 0)
(9238754312, 0)
(2313, 12)
(9242750313, 12)
(2317, 4)
(9258734317, 21)
(2318, 11)
(9262730318, 14)
(2322, 3)
(9278714322, 3)
(2323, 7)
(9282710323, 7)
(2327, 2)
(9298694327, 2)
(2328, 0)
(9302690328, 0)
(2332, 16)
(9318674332, 16)
(2333, 1)
(9322670333, 24)
(2337, 22)
(9338654337, 22)
(2338, 14)
(9342650338, 14)
(2342, 8)
(9358634342, 17)
(2343, 2)
(9362630343, 23)
(2347, 15)
(9378614347, 15)
(2348, 1)
(9382610348, 1)
(2352, 7)
(9398594352, 18)
(2353, 9)
(9402590353, 16)
(2357, 7)
(9418574357, 7)
(2358, 10)
(9422570358, 15)
(2362, 24)
(9438554362, 1)
(2363, 5)
(9442550363, 20)
(2367, 16)
(9458534367, 16)
(2368, 13)
(9462530368, 13)
(2372, 0)
(9478514372, 0)
(2373, 21)
(9482510373, 4)
(2377, 21)
(9498494377, 21)
(2378, 15)
(9502490378, 10)
(2382, 7)
(9518474382, 18)
(2383, 24)
(9522470383, 1)
(2387, 2)
(9538454387, 23)
(2388, 0)
(9542450388, 0)
(2392, 0)
(9558434392, 0)
(2393, 0)
(9562430393, 0)
(2397, 2)
(9578414397, 23)
(2398, 15)
(9582410398, 10)
(2402, 20)
(9598394402, 20)
(2403, 12)
(9602390403, 12)
(2407, 0)
(9618374407, 0)
(2408, 0)
(9622370408, 0)
(2412, 20)
(9638354412, 5)
(2413, 11)
(9642350413, 11)
(2417, 6)
(9658334417, 19)
(2418, 4)
(9662330418, 21)
(2422, 0)
(9678314422, 0)
(2423, 23)
(9682310423, 23)
(2427, 19)
(9698294427, 19)
(2428, 14)
(9702290428, 11)
(2432, 21)
(9718274432, 4)
(2433, 15)
(9722270433, 10)
(2437, 3)
(9738254437, 3)
(2438, 18)
(9742250438, 18)
(2442, 3)
(9758234442, 22)
(2443, 4)
(9762230443, 21)
(2447, 8)
(9778214447, 17)
(2448, 21)
(9782210448, 4)
(2452, 0)
(9798194452, 0)
(2453, 18)
(9802190453, 18)
(2457, 22)
(9818174457, 22)
(2458, 8)
(9822170458, 8)
(2462, 13)
(9838154462, 13)
(2463, 19)
(9842150463, 6)
(2467, 22)
(9858134467, 22)
(2468, 0)
(9862130468, 0)
(2472, 0)
(9878114472, 0)
(2473, 20)
(9882110473, 5)
(2477, 3)
(9898094477, 22)
(2478, 12)
(9902090478, 12)
(2482, 6)
(9918074482, 6)
(2483, 5)
(9922070483, 5)
(2487, 0)
(9938054487, 0)
(2488, 0)
(9942050488, 0)
(2492, 14)
(9958034492, 14)
(2493, 15)
(9962030493, 10)
(2497, 23)
(9978014497, 23)
(2498, 20)
(9982010498, 20)
(2502, 18)
(9997994502, 18)
(2503, 6)
(10001990503, 19)
(2507, 9)
(10017974507, 16)
(2508, 17)
(10021970508, 17)
(2512, 22)
(10037954512, 22)
(2513, 13)
(10041950513, 13)
(2517, 9)
(10057934517, 16)
(2518, 0)
(10061930518, 0)
(2522, 9)
(10077914522, 16)
(2523, 13)
(10081910523, 12)
(2527, 24)
(10097894527, 1)
(2528, 19)
(10101890528, 19)
(2532, 0)
(10117874532, 0)
(2533, 24)
(10121870533, 24)
(2537, 0)
(10137854537, 0)
(2538, 17)
(10141850538, 17)
(2542, 4)
(10157834542, 4)
(2543, 20)
(10161830543, 5)
(2547, 5)
(10177814547, 5)
(2548, 0)
(10181810548, 0)
(2552, 0)
(10197794552, 0)
(2553, 16)
(10201790553, 9)
(2557, 3)
(10217774557, 3)
(2558, 4)
(10221770558, 21)
(2562, 16)
(10237754562, 16)
(2563, 24)
(10241750563, 24)
(2567, 6)
(10257734567, 6)
(2568, 0)
(10261730568, 0)
(2572, 6)
(10277714572, 19)
(2573, 21)
(10281710573, 4)
(2577, 20)
(10297694577, 20)
(2578, 1)
(10301690578, 24)
(2582, 0)
(10317674582, 0)
(2583, 12)
(10321670583, 13)
(2587, 3)
(10337654587, 22)
(2588, 24)
(10341650588, 1)
(2592, 13)
(10357634592, 13)
(2593, 16)
(10361630593, 9)
(2597, 14)
(10377614597, 14)
(2598, 9)
(10381610598, 9)
(2602, 19)
(10397594602, 6)
(2603, 15)
(10401590603, 10)
(2607, 22)
(10417574607, 3)
(2608, 2)
(10421570608, 23)
(2612, 0)
(10437554612, 0)
(2613, 1)
(10441550613, 1)
(2617, 17)
(10457534617, 8)
(2618, 20)
(10461530618, 20)
(2622, 11)
(10477514622, 11)
(2623, 7)
(10481510623, 18)
(2627, 17)
(10497494627, 17)
(2628, 0)
(10501490628, 0)
(2632, 0)
(10517474632, 0)
(2633, 3)
(10521470633, 22)
(2637, 24)
(10537454637, 1)
(2638, 15)
(10541450638, 15)
(2642, 8)
(10557434642, 17)
(2643, 10)
(10561430643, 15)
(2647, 0)
(10577414647, 0)
(2648, 0)
(10581410648, 0)
(2652, 17)
(10597394652, 17)
(2653, 11)
(10601390653, 11)
(2657, 17)
(10617374657, 17)
(2658, 4)
(10621370658, 4)
(2662, 11)
(10637354662, 11)
(2663, 13)
(10641350663, 12)
(2667, 3)
(10657334667, 22)
(2668, 7)
(10661330668, 18)
(2672, 4)
(10677314672, 21)
(2673, 3)
(10681310673, 22)
(2677, 22)
(10697294677, 22)
(2678, 20)
(10701290678, 20)
(2682, 15)
(10717274682, 10)
(2683, 20)
(10721270683, 5)
(2687, 9)
(10737254687, 16)
(2688, 6)
(10741250688, 6)
(2692, 0)
(10757234692, 0)
(2693, 8)
(10761230693, 8)
(2697, 9)
(10777214697, 9)
(2698, 19)
(10781210698, 6)
(2702, 22)
(10797194702, 3)
(2703, 8)
(10801190703, 8)
(2707, 2)
(10817174707, 23)
(2708, 0)
(10821170708, 0)
(2712, 0)
(10837154712, 0)
(2713, 11)
(10841150713, 14)
(2717, 17)
(10857134717, 8)
(2718, 1)
(10861130718, 24)
(2722, 15)
(10877114722, 15)
(2723, 3)
(10881110723, 22)
(2727, 15)
(10897094727, 10)
(2728, 0)
(10901090728, 0)
(2732, 20)
(10917074732, 5)
(2733, 13)
(10921070733, 12)
(2737, 6)
(10937054737, 6)
(2738, 4)
(10941050738, 4)
(2742, 23)
(10957034742, 2)
(2743, 5)
(10961030743, 20)
(2747, 18)
(10977014747, 7)
(2748, 6)
(10981010748, 19)
(2752, 0)
(10996994752, 0)
(2753, 12)
(11000990753, 13)
(2757, 4)
(11016974757, 21)
(2758, 4)
(11020970758, 21)
(2762, 19)
(11036954762, 19)
(2763, 20)
(11040950763, 20)
(2767, 14)
(11056934767, 11)
(2768, 12)
(11060930768, 12)
(2772, 0)
(11076914772, 0)
(2773, 4)
(11080910773, 21)
(2777, 5)
(11096894777, 5)
(2778, 6)
(11100890778, 19)
(2782, 7)
(11116874782, 7)
(2783, 9)
(11120870783, 9)
(2787, 1)
(11136854787, 1)
(2788, 0)
(11140850788, 0)
(2792, 0)
(11156834792, 0)
(2793, 4)
(11160830793, 4)
(2797, 18)
(11176814797, 7)
(2798, 9)
(11180810798, 9)
(2802, 11)
(11196794802, 14)
(2803, 21)
(11200790803, 21)
(2807, 18)
(11216774807, 18)
(2808, 0)
(11220770808, 0)
(2812, 8)
(11236754812, 17)
(2813, 15)
(11240750813, 15)
(2817, 5)
(11256734817, 5)
(2818, 5)
(11260730818, 20)
(2822, 7)
(11276714822, 7)
(2823, 11)
(11280710823, 11)
(2827, 18)
(11296694827, 18)
(2828, 13)
(11300690828, 12)
(2832, 18)
(11316674832, 7)
(2833, 13)
(11320670833, 12)
(2837, 16)
(11336654837, 9)
(2838, 15)
(11340650838, 15)
(2842, 2)
(11356634842, 23)
(2843, 15)
(11360630843, 10)
(2847, 13)
(11376614847, 13)
(2848, 9)
(11380610848, 16)
(2852, 0)
(11396594852, 0)
(2853, 10)
(11400590853, 15)
(2857, 10)
(11416574857, 15)
(2858, 23)
(11420570858, 2)
(2862, 12)
(11436554862, 13)
(2863, 17)
(11440550863, 8)
(2867, 2)
(11456534867, 23)
(2868, 0)
(11460530868, 0)
(2872, 0)
(11476514872, 0)
(2873, 13)
(11480510873, 12)
(2877, 10)
(11496494877, 10)
(2878, 21)
(11500490878, 21)
(2882, 11)
(11516474882, 14)
(2883, 18)
(11520470883, 7)
(2887, 20)
(11536454887, 5)
(2888, 0)
(11540450888, 0)
(2892, 18)
(11556434892, 18)
(2893, 19)
(11560430893, 19)
(2897, 11)
(11576414897, 14)
(2898, 5)
(11580410898, 20)
(2902, 7)
(11596394902, 18)
(2903, 14)
(11600390903, 11)
(2907, 22)
(11616374907, 22)
(2908, 14)
(11620370908, 14)
(2912, 4)
(11636354912, 21)
(2913, 17)
(11640350913, 17)
(2917, 17)
(11656334917, 17)
(2918, 14)
(11660330918, 14)
(2922, 16)
(11676314922, 16)
(2923, 9)
(11680310923, 9)
(2927, 14)
(11696294927, 11)
(2928, 13)
(11700290928, 12)
(2932, 0)
(11716274932, 0)
(2933, 11)
(11720270933, 11)
(2937, 24)
(11736254937, 24)
(2938, 19)
(11740250938, 6)
(2942, 20)
(11756234942, 20)
(2943, 8)
(11760230943, 8)
(2947, 8)
(11776214947, 17)
(2948, 0)
(11780210948, 0)
(2952, 0)
(11796194952, 0)
(2953, 21)
(11800190953, 21)
(2957, 4)
(11816174957, 4)
(2958, 22)
(11820170958, 3)
(2962, 9)
(11836154962, 9)
(2963, 12)
(11840150963, 13)
(2967, 11)
(11856134967, 11)
(2968, 0)
(11860130968, 0)
(2972, 17)
(11876114972, 8)
(2973, 12)
(11880110973, 13)
(2977, 19)
(11896094977, 19)
(2978, 5)
(11900090978, 20)
(2982, 1)
(11916074982, 1)
(2983, 0)
(11920070983, 0)
(2987, 15)
(11936054987, 10)
(2988, 7)
(11940050988, 18)
(2992, 6)
(11956034992, 19)
(2993, 17)
(11960030993, 8)
(2997, 9)
(11976014997, 9)
(2998, 3)
(11980010998, 22)
(3002, 4)
(11995995002, 21)
(3003, 7)
(11999991003, 7)
(3007, 15)
(12015975007, 10)
(3008, 15)
(12019971008, 10)
(3012, 0)
(12035955012, 0)
(3013, 3)
(12039951013, 22)
(3017, 8)
(12055935017, 8)
(3018, 4)
(12059931018, 21)
(3022, 7)
(12075915022, 18)
(3023, 12)
(12079911023, 12)
(3027, 7)
(12095895027, 7)
(3028, 0)
(12099891028, 0)
(3032, 0)
(12115875032, 0)
(3033, 20)
(12119871033, 5)
(3037, 3)
(12135855037, 22)
(3038, 16)
(12139851038, 16)
(3042, 0)
(12155835042, 0)
(3043, 8)
(12159831043, 17)
(3047, 7)
(12175815047, 18)
(3048, 0)
(12179811048, 0)
(3052, 23)
(12195795052, 23)
(3053, 10)
(12199791053, 15)
(3057, 3)
(12215775057, 3)
(3058, 17)
(12219771058, 17)
(3062, 4)
(12235755062, 21)
(3063, 21)
(12239751063, 21)
(3067, 12)
(12255735067, 12)
(3068, 21)
(12259731068, 21)
(3072, 14)
(12275715072, 11)
(3073, 6)
(12279711073, 19)
(3077, 9)
(12295695077, 9)
(3078, 14)
(12299691078, 11)
(3082, 0)
(12315675082, 0)
(3083, 22)
(12319671083, 22)
(3087, 20)
(12335655087, 5)
(3088, 7)
(12339651088, 7)
(3092, 0)
(12355635092, 0)
(3093, 7)
(12359631093, 7)
(3097, 13)
(12375615097, 13)
(3098, 24)
(12379611098, 1)
(3102, 16)
(12395595102, 16)
(3103, 5)
(12399591103, 20)
(3107, 18)
(12415575107, 7)
(3108, 0)
(12419571108, 0)
(3112, 0)
(12435555112, 0)
(3113, 11)
(12439551113, 11)
(3117, 10)
(12455535117, 15)
(3118, 15)
(12459531118, 10)
(3122, 8)
(12475515122, 17)
(3123, 5)
(12479511123, 5)
(3127, 1)
(12495495127, 1)
(3128, 0)
(12499491128, 0)
(3132, 3)
(12515475132, 3)
(3133, 15)
(12519471133, 10)
(3137, 6)
(12535455137, 19)
(3138, 24)
(12539451138, 24)
(3142, 10)
(12555435142, 15)
(3143, 16)
(12559431143, 16)
(3147, 5)
(12575415147, 20)
(3148, 10)
(12579411148, 10)
(3152, 10)
(12595395152, 10)
(3153, 24)
(12599391153, 1)
(3157, 24)
(12615375157, 1)
(3158, 2)
(12619371158, 23)
(3162, 0)
(12635355162, 0)
(3163, 1)
(12639351163, 1)
(3167, 22)
(12655335167, 3)
(3168, 10)
(12659331168, 10)
(3172, 0)
(12675315172, 0)
(3173, 20)
(12679311173, 20)
(3177, 18)
(12695295177, 7)
(3178, 20)
(12699291178, 5)
(3182, 22)
(12715275182, 3)
(3183, 19)
(12719271183, 19)
(3187, 12)
(12735255187, 13)
(3188, 0)
(12739251188, 0)
(3192, 0)
(12755235192, 0)
(3193, 4)
(12759231193, 4)
(3197, 14)
(12775215197, 14)
(3198, 17)
(12779211198, 8)
(3202, 6)
(12795195202, 6)
(3203, 9)
(12799191203, 9)
(3207, 18)
(12815175207, 7)
(3208, 0)
(12819171208, 0)
(3212, 20)
(12835155212, 5)
(3213, 3)
(12839151213, 22)
(3217, 11)
(12855135217, 14)
(3218, 21)
(12859131218, 21)
(3222, 15)
(12875115222, 15)
(3223, 5)
(12879111223, 20)
(3227, 4)
(12895095227, 4)
(3228, 2)
(12899091228, 2)
(3232, 17)
(12915075232, 17)
(3233, 19)
(12919071233, 19)
(3237, 22)
(12935055237, 22)
(3238, 23)
(12939051238, 23)
(3242, 8)
(12955035242, 17)
(3243, 2)
(12959031243, 2)
(3247, 23)
(12975015247, 2)
(3248, 8)
(12979011248, 8)
(3252, 0)
(12994995252, 0)
(3253, 1)
(12998991253, 1)
(3257, 6)
(13014975257, 19)
(3258, 9)
(13018971258, 16)
(3262, 23)
(13034955262, 2)
(3263, 18)
(13038951263, 18)
(3267, 24)
(13054935267, 1)
(3268, 0)
(13058931268, 0)
(3272, 0)
(13074915272, 0)
(3273, 4)
(13078911273, 4)
(3277, 8)
(13094895277, 8)
(3278, 16)
(13098891278, 9)
(3282, 15)
(13114875282, 10)
(3283, 16)
(13118871283, 9)
(3287, 1)
(13134855287, 24)
(3288, 0)
(13138851288, 0)
(3292, 8)
(13154835292, 8)
(3293, 21)
(13158831293, 4)
(3297, 15)
(13174815297, 15)
(3298, 1)
(13178811298, 1)
(3302, 1)
(13194795302, 24)
(3303, 15)
(13198791303, 10)
(3307, 14)
(13214775307, 14)
(3308, 1)
(13218771308, 1)
(3312, 1)
(13234755312, 1)
(3313, 1)
(13238751313, 24)
(3317, 11)
(13254735317, 11)
(3318, 2)
(13258731318, 2)
(3322, 24)
(13274715322, 1)
(3323, 8)
(13278711323, 8)
(3327, 24)
(13294695327, 1)
(3328, 2)
(13298691328, 2)
(3332, 0)
(13314675332, 0)
(3333, 18)
(13318671333, 7)
(3337, 4)
(13334655337, 21)
(3338, 20)
(13338651338, 20)
(3342, 9)
(13354635342, 16)
(3343, 14)
(13358631343, 14)
(3347, 11)
(13374615347, 14)
(3348, 0)
(13378611348, 0)
(3352, 0)
(13394595352, 0)
(3353, 10)
(13398591353, 15)
(3357, 0)
(13414575357, 0)
(3358, 7)
(13418571358, 18)
(3362, 19)
(13434555362, 19)
(3363, 9)
(13438551363, 9)
(3367, 20)
(13454535367, 5)
(3368, 0)
(13458531368, 0)
(3372, 22)
(13474515372, 3)
(3373, 9)
(13478511373, 16)
(3377, 13)
(13494495377, 13)
(3378, 24)
(13498491378, 1)
(3382, 10)
(13514475382, 10)
(3383, 16)
(13518471383, 16)
(3387, 7)
(13534455387, 7)
(3388, 13)
(13538451388, 12)
(3392, 6)
(13554435392, 6)
(3393, 12)
(13558431393, 13)
(3397, 0)
(13574415397, 0)
(3398, 13)
(13578411398, 13)
(3402, 23)
(13594395402, 23)
(3403, 17)
(13598391403, 8)
(3407, 18)
(13614375407, 18)
(3408, 4)
(13618371408, 21)
(3412, 0)
(13634355412, 0)
(3413, 13)
(13638351413, 12)
(3417, 14)
(13654335417, 11)
(3418, 22)
(13658331418, 22)
(3422, 13)
(13674315422, 12)
(3423, 10)
(13678311423, 15)
(3427, 21)
(13694295427, 4)
(3428, 0)
(13698291428, 0)
(3432, 0)
(13714275432, 0)
(3433, 11)
(13718271433, 11)
(3437, 22)
(13734255437, 3)
(3438, 5)
(13738251438, 5)
(3442, 5)
(13754235442, 20)
(3443, 14)
(13758231443, 14)
(3447, 24)
(13774215447, 1)
(3448, 0)
(13778211448, 0)
(3452, 22)
(13794195452, 3)
(3453, 3)
(13798191453, 3)
(3457, 23)
(13814175457, 23)
(3458, 0)
(13818171458, 0)
(3462, 3)
(13834155462, 3)
(3463, 24)
(13838151463, 1)
(3467, 19)
(13854135467, 6)
(3468, 19)
(13858131468, 6)
(3472, 11)
(13874115472, 14)
(3473, 15)
(13878111473, 10)
(3477, 2)
(13894095477, 2)
(3478, 9)
(13898091478, 16)
(3482, 4)
(13914075482, 21)
(3483, 3)
(13918071483, 22)
(3487, 22)
(13934055487, 3)
(3488, 20)
(13938051488, 5)
(3492, 0)
(13954035492, 0)
(3493, 23)
(13958031493, 2)
(3497, 7)
(13974015497, 18)
(3498, 10)
(13978011498, 15)
(3502, 19)
(13993995502, 6)
(3503, 12)
(13997991503, 13)
(3507, 23)
(14013975507, 2)
(3508, 0)
(14017971508, 0)
(3512, 0)
(14033955512, 0)
(3513, 24)
(14037951513, 24)
(3517, 5)
(14053935517, 20)
(3518, 8)
(14057931518, 8)
(3522, 8)
(14073915522, 17)
(3523, 24)
(14077911523, 24)
(3527, 0)
(14093895527, 0)
(3528, 0)
(14097891528, 0)
(3532, 16)
(14113875532, 9)
(3533, 10)
(14117871533, 10)
(3537, 3)
(14133855537, 3)
(3538, 8)
(14137851538, 17)
(3542, 2)
(14153835542, 23)
(3543, 3)
(14157831543, 3)
(3547, 14)
(14173815547, 11)
(3548, 2)
(14177811548, 23)
(3552, 14)
(14193795552, 11)
(3553, 11)
(14197791553, 11)
(3557, 4)
(14213775557, 21)
(3558, 23)
(14217771558, 2)
(3562, 12)
(14233755562, 12)
(3563, 3)
(14237751563, 22)
(3567, 0)
(14253735567, 0)
(3568, 22)
(14257731568, 22)
