(2, 4)
(11510402, 4)
(3, 8)
(17265603, 8)
(7, 14)
(40286407, 14)
(8, 0)
(46041608, 0)
(12, 4)
(69062412, 4)
(13, 3)
(74817613, 22)
(17, 14)
(97838417, 14)
(18, 23)
(103593618, 23)
(22, 13)
(126614422, 12)
(23, 3)
(132369623, 3)
(27, 8)
(155390427, 8)
(28, 18)
(161145628, 18)
(32, 12)
(184166432, 12)
(33, 6)
(189921633, 19)
(37, 17)
(212942437, 8)
(38, 11)
(218697638, 14)
(42, 21)
(241718442, 21)
(43, 14)
(247473643, 14)
(47, 5)
(270494447, 20)
(48, 24)
(276249648, 24)
(52, 0)
(299270452, 0)
(53, 4)
(305025653, 21)
(57, 19)
(328046457, 6)
(58, 22)
(333801658, 3)
(62, 12)
(356822462, 12)
(63, 10)
(362577663, 10)
(67, 1)
(385598467, 24)
(68, 0)
(391353668, 0)
(72, 0)
(414374472, 0)
(73, 11)
(420129673, 14)
(77, 23)
(443150477, 2)
(78, 4)
(448905678, 21)
(82, 21)
(471926482, 21)
(83, 22)
(477681683, 3)
(87, 19)
(500702487, 6)
(88, 0)
(506457688, 0)
(92, 11)
(529478492, 11)
(93, 16)
(535233693, 16)
(97, 24)
(558254497, 1)
(98, 14)
(564009698, 14)
(102, 21)
(587030502, 21)
(103, 15)
(592785703, 10)
(107, 13)
(615806507, 13)
(108, 4)
(621561708, 4)
(112, 24)
(644582512, 24)
(113, 12)
(650337713, 12)
(117, 20)
(673358517, 5)
(118, 6)
(679113718, 6)
(122, 20)
(702134522, 20)
(123, 3)
(707889723, 3)
(127, 20)
(730910527, 5)
(128, 19)
(736665728, 19)
(132, 0)
(759686532, 0)
(133, 6)
(765441733, 19)
(137, 8)
(788462537, 17)
(138, 23)
(794217738, 23)
(142, 6)
(817238542, 6)
(143, 5)
(822993743, 5)
(147, 19)
(846014547, 19)
(148, 0)
(851769748, 0)
(152, 0)
(874790552, 0)
(153, 18)
(880545753, 18)
(157, 1)
(903566557, 1)
(158, 23)
(909321758, 23)
(162, 21)
(932342562, 21)
(163, 9)
(938097763, 9)
(167, 19)
(961118567, 6)
(168, 0)
(966873768, 0)
(172, 7)
(989894572, 7)
(173, 21)
(995649773, 21)
(177, 19)
(1018670577, 19)
(178, 3)
(1024425778, 3)
(182, 18)
(1047446582, 7)
(183, 18)
(1053201783, 18)
(187, 2)
(1076222587, 23)
(188, 10)
(1081977788, 15)
(192, 0)
(1104998592, 0)
(193, 6)
(1110753793, 6)
(197, 5)
(1133774597, 20)
(198, 20)
(1139529798, 5)
(202, 14)
(1162550602, 14)
(203, 11)
(1168305803, 14)
(207, 11)
(1191326607, 11)
(208, 16)
(1197081808, 9)
(212, 0)
(1220102612, 0)
(213, 7)
(1225857813, 7)
(217, 13)
(1248878617, 13)
(218, 15)
(1254633818, 15)
(222, 13)
(1277654622, 12)
(223, 17)
(1283409823, 8)
(227, 20)
(1306430627, 5)
(228, 0)
(1312185828, 0)
(232, 0)
(1335206632, 0)
(233, 3)
(1340961833, 22)
(237, 7)
(1363982637, 7)
(238, 8)
(1369737838, 8)
(242, 14)
(1392758642, 14)
(243, 4)
(1398513843, 4)
(247, 9)
(1421534647, 9)
(248, 0)
(1427289848, 0)
(252, 20)
(1450310652, 20)
(253, 21)
(1456065853, 4)
(257, 1)
(1479086657, 24)
(258, 3)
(1484841858, 3)
(262, 4)
(1507862662, 21)
(263, 18)
(1513617863, 7)
(267, 12)
(1536638667, 12)
(268, 13)
(1542393868, 12)
(272, 8)
(1565414672, 8)
(273, 22)
(1571169873, 3)
(277, 11)
(1594190677, 14)
(278, 14)
(1599945878, 11)
(282, 17)
(1622966682, 8)
(283, 7)
(1628721883, 18)
(287, 1)
(1651742687, 1)
(288, 19)
(1657497888, 19)
(292, 0)
(1680518692, 0)
(293, 2)
(1686273893, 2)
(297, 6)
(1709294697, 19)
(298, 1)
(1715049898, 24)
(302, 23)
(1738070702, 23)
(303, 15)
(1743825903, 15)
(307, 13)
(1766846707, 12)
(308, 0)
(1772601908, 0)
(312, 0)
(1795622712, 0)
(313, 12)
(1801377913, 12)
(317, 5)
(1824398717, 20)
(318, 12)
(1830153918, 13)
(322, 17)
(1853174722, 17)
(323, 6)
(1858929923, 19)
(327, 8)
(1881950727, 8)
(328, 0)
(1887705928, 0)
(332, 11)
(1910726732, 14)
(333, 5)
(1916481933, 20)
(337, 23)
(1939502737, 2)
(338, 0)
(1945257938, 0)
(342, 7)
(1968278742, 18)
(343, 13)
(1974033943, 13)
(347, 15)
(1997054747, 15)
(348, 3)
(2002809948, 22)
(352, 14)
(2025830752, 11)
(353, 14)
(2031585953, 14)
(357, 3)
(2054606757, 3)
(358, 6)
(2060361958, 6)
(362, 7)
(2083382762, 7)
(363, 24)
(2089137963, 24)
(367, 16)
(2112158767, 16)
(368, 23)
(2117913968, 23)
(372, 0)
(2140934772, 0)
(373, 5)
(2146689973, 20)
(377, 1)
(2169710777, 1)
(378, 21)
(2175465978, 21)
(382, 2)
(2198486782, 23)
(383, 2)
(2204241983, 23)
(387, 10)
(2227262787, 10)
(388, 0)
(2233017988, 0)
(392, 0)
(2256038792, 0)
(393, 3)
(2261793993, 22)
(397, 11)
(2284814797, 14)
(398, 10)
(2290569998, 10)
(402, 24)
(2313590802, 1)
(403, 8)
(2319346003, 17)
(407, 24)
(2342366807, 24)
(408, 0)
(2348122008, 0)
(412, 5)
(2371142812, 20)
(413, 10)
(2376898013, 10)
(417, 12)
(2399918817, 13)
(418, 8)
(2405674018, 8)
(422, 15)
(2428694822, 10)
(423, 10)
(2434450023, 15)
(427, 22)
(2457470827, 22)
(428, 19)
(2463226028, 19)
(432, 24)
(2486246832, 24)
(433, 18)
(2492002033, 18)
(437, 0)
(2515022837, 0)
(438, 23)
(2520778038, 2)
(442, 17)
(2543798842, 8)
(443, 0)
(2549554043, 0)
(447, 16)
(2572574847, 9)
(448, 17)
(2578330048, 17)
(452, 0)
(2601350852, 0)
(453, 18)
(2607106053, 18)
(457, 13)
(2630126857, 13)
(458, 6)
(2635882058, 19)
(462, 22)
(2658902862, 3)
(463, 22)
(2664658063, 3)
(467, 12)
(2687678867, 13)
(468, 0)
(2693434068, 0)
(472, 0)
(2716454872, 0)
(473, 3)
(2722210073, 22)
(477, 23)
(2745230877, 2)
(478, 8)
(2750986078, 17)
(482, 5)
(2774006882, 20)
(483, 11)
(2779762083, 11)
(487, 3)
(2802782887, 3)
(488, 0)
(2808538088, 0)
(492, 14)
(2831558892, 14)
(493, 23)
(2837314093, 2)
(497, 9)
(2860334897, 9)
(498, 23)
(2866090098, 2)
(502, 11)
(2889110902, 14)
(503, 1)
(2894866103, 24)
(507, 11)
(2917886907, 11)
(508, 15)
(2923642108, 10)
(512, 14)
(2946662912, 14)
(513, 19)
(2952418113, 6)
(517, 17)
(2975438917, 17)
(518, 11)
(2981194118, 14)
(522, 5)
(3004214922, 20)
(523, 20)
(3009970123, 20)
(527, 12)
(3032990927, 12)
(528, 7)
(3038746128, 18)
(532, 0)
(3061766932, 0)
(533, 3)
(3067522133, 22)
(537, 12)
(3090542937, 12)
(538, 10)
(3096298138, 15)
(542, 11)
(3119318942, 11)
(543, 2)
(3125074143, 2)
(547, 18)
(3148094947, 18)
(548, 0)
(3153850148, 0)
(552, 0)
(3176870952, 0)
(553, 12)
(3182626153, 12)
(557, 13)
(3205646957, 13)
(558, 19)
(3211402158, 19)
(562, 22)
(3234422962, 3)
(563, 21)
(3240178163, 4)
(567, 3)
(3263198967, 3)
(568, 0)
(3268954168, 0)
(572, 10)
(3291974972, 10)
(573, 9)
(3297730173, 16)
(577, 18)
(3320750977, 18)
(578, 22)
(3326506178, 22)
(582, 4)
(3349526982, 21)
(583, 18)
(3355282183, 18)
(587, 2)
(3378302987, 23)
(588, 22)
(3384058188, 22)
(592, 24)
(3407078992, 1)
(593, 21)
(3412834193, 4)
(597, 2)
(3435854997, 2)
(598, 18)
(3441610198, 7)
(602, 1)
(3464631002, 1)
(603, 15)
(3470386203, 10)
(607, 22)
(3493407007, 3)
(608, 8)
(3499162208, 17)
(612, 0)
(3522183012, 0)
(613, 10)
(3527938213, 15)
(617, 7)
(3550959017, 7)
(618, 22)
(3556714218, 3)
(622, 23)
(3579735022, 23)
(623, 22)
(3585490223, 22)
(627, 9)
(3608511027, 9)
(628, 0)
(3614266228, 0)
(632, 0)
(3637287032, 0)
(633, 15)
(3643042233, 10)
(637, 4)
(3666063037, 21)
(638, 5)
(3671818238, 5)
(642, 24)
(3694839042, 24)
(643, 12)
(3700594243, 12)
(647, 2)
(3723615047, 2)
(648, 0)
(3729370248, 0)
(652, 17)
(3752391052, 17)
(653, 1)
(3758146253, 1)
(657, 15)
(3781167057, 10)
(658, 8)
(3786922258, 17)
(662, 23)
(3809943062, 2)
(663, 16)
(3815698263, 9)
(667, 14)
(3838719067, 11)
(668, 3)
(3844474268, 22)
(672, 13)
(3867495072, 13)
(673, 13)
(3873250273, 13)
(677, 20)
(3896271077, 5)
(678, 5)
(3902026278, 5)
(682, 18)
(3925047082, 7)
(683, 15)
(3930802283, 10)
(687, 13)
(3953823087, 12)
(688, 17)
(3959578288, 17)
(692, 0)
(3982599092, 0)
(693, 1)
(3988354293, 24)
(697, 8)
(4011375097, 8)
(698, 11)
(4017130298, 14)
(702, 4)
(4040151102, 21)
(703, 9)
(4045906303, 9)
(707, 1)
(4068927107, 1)
(708, 0)
(4074682308, 0)
(712, 0)
(4097703112, 0)
(713, 21)
(4103458313, 21)
(717, 11)
(4126479117, 14)
(718, 22)
(4132234318, 3)
(722, 11)
(4155255122, 11)
(723, 11)
(4161010323, 14)
(727, 22)
(4184031127, 3)
(728, 0)
(4189786328, 0)
(732, 16)
(4212807132, 16)
(733, 11)
(4218562333, 14)
(737, 10)
(4241583137, 10)
(738, 15)
(4247338338, 15)
(742, 22)
(4270359142, 3)
(743, 16)
(4276114343, 9)
(747, 14)
(4299135147, 11)
(748, 1)
(4304890348, 24)
(752, 5)
(4327911152, 20)
(753, 13)
(4333666353, 12)
(757, 0)
(4356687157, 0)
(758, 22)
(4362442358, 3)
(762, 18)
(4385463162, 7)
(763, 21)
(4391218363, 21)
(767, 8)
(4414239167, 17)
(768, 22)
(4419994368, 22)
(772, 0)
(4443015172, 0)
(773, 9)
(4448770373, 16)
(777, 16)
(4471791177, 9)
(778, 4)
(4477546378, 4)
(782, 11)
(4500567182, 11)
(783, 19)
(4506322383, 6)
(787, 20)
(4529343187, 20)
(788, 0)
(4535098388, 0)
(792, 0)
(4558119192, 0)
(793, 17)
(4563874393, 8)
(797, 15)
(4586895197, 10)
(798, 21)
(4592650398, 4)
(802, 23)
(4615671202, 23)
(803, 15)
(4621426403, 15)
(807, 21)
(4644447207, 4)
(808, 0)
(4650202408, 0)
(812, 18)
(4673223212, 7)
(813, 18)
(4678978413, 18)
(817, 22)
(4701999217, 3)
(818, 13)
(4707754418, 12)
(822, 0)
(4730775222, 0)
(823, 9)
(4736530423, 9)
(827, 2)
(4759551227, 2)
(828, 7)
(4765306428, 7)
(832, 17)
(4788327232, 8)
(833, 2)
(4794082433, 2)
(837, 16)
(4817103237, 16)
(838, 14)
(4822858438, 14)
(842, 9)
(4845879242, 16)
(843, 19)
(4851634443, 6)
(847, 24)
(4874655247, 24)
(848, 13)
(4880410448, 12)
(852, 0)
(4903431252, 0)
(853, 10)
(4909186453, 10)
(857, 7)
(4932207257, 7)
(858, 21)
(4937962458, 21)
(862, 12)
(4960983262, 13)
(863, 6)
(4966738463, 19)
(867, 13)
(4989759267, 13)
(868, 0)
(4995514468, 0)
(872, 0)
(5018535272, 0)
(873, 10)
(5024290473, 15)
(877, 0)
(5047311277, 0)
(878, 0)
(5053066478, 0)
(882, 18)
(5076087282, 18)
(883, 7)
(5081842483, 7)
(887, 21)
(5104863287, 4)
(888, 0)
(5110618488, 0)
(892, 4)
(5133639292, 21)
(893, 12)
(5139394493, 12)
(897, 1)
(5162415297, 24)
(898, 7)
(5168170498, 7)
(902, 12)
(5191191302, 13)
(903, 11)
(5196946503, 11)
(907, 13)
(5219967307, 13)
(908, 10)
(5225722508, 15)
(912, 18)
(5248743312, 7)
(913, 13)
(5254498513, 13)
(917, 15)
(5277519317, 10)
(918, 21)
(5283274518, 21)
(922, 12)
(5306295322, 12)
(923, 0)
(5312050523, 0)
(927, 0)
(5335071327, 0)
(928, 16)
(5340826528, 9)
(932, 0)
(5363847332, 0)
(933, 24)
(5369602533, 24)
(937, 10)
(5392623337, 15)
(938, 21)
(5398378538, 4)
(942, 23)
(5421399342, 23)
(943, 11)
(5427154543, 11)
(947, 10)
(5450175347, 15)
(948, 0)
(5455930548, 0)
(952, 0)
(5478951352, 0)
(953, 8)
(5484706553, 8)
(957, 16)
(5507727357, 16)
(958, 6)
(5513482558, 19)
(962, 2)
(5536503362, 2)
(963, 6)
(5542258563, 6)
(967, 14)
(5565279367, 11)
(968, 0)
(5571034568, 0)
(972, 2)
(5594055372, 2)
(973, 23)
(5599810573, 2)
(977, 15)
(5622831377, 10)
(978, 9)
(5628586578, 9)
(982, 15)
(5651607382, 15)
(983, 7)
(5657362583, 18)
(987, 8)
(5680383387, 17)
(988, 8)
(5686138588, 8)
(992, 11)
(5709159392, 11)
(993, 13)
(5714914593, 12)
(997, 9)
(5737935397, 16)
(998, 6)
(5743690598, 6)
(1002, 9)
(5766711402, 16)
(1003, 6)
(5772466603, 6)
(1007, 5)
(5795487407, 5)
(1008, 10)
(5801242608, 10)
(1012, 0)
(5824263412, 0)
(1013, 9)
(5830018613, 9)
(1017, 19)
(5853039417, 19)
(1018, 23)
(5858794618, 2)
(1022, 13)
(5881815422, 12)
(1023, 11)
(5887570623, 14)
(1027, 19)
(5910591427, 6)
(1028, 0)
(5916346628, 0)
(1032, 0)
(5939367432, 0)
(1033, 23)
(5945122633, 23)
(1037, 5)
(5968143437, 5)
(1038, 7)
(5973898638, 7)
(1042, 3)
(5996919442, 22)
(1043, 7)
(6002674643, 18)
(1047, 14)
(6025695447, 11)
(1048, 0)
(6031450648, 0)
(1052, 16)
(6054471452, 9)
(1053, 6)
(6060226653, 19)
(1057, 21)
(6083247457, 21)
(1058, 15)
(6089002658, 15)
(1062, 15)
(6112023462, 15)
(1063, 24)
(6117778663, 24)
(1067, 7)
(6140799467, 7)
(1068, 6)
(6146554668, 6)
(1072, 3)
(6169575472, 22)
(1073, 6)
(6175330673, 6)
(1077, 4)
(6198351477, 21)
(1078, 8)
(6204106678, 17)
(1082, 8)
(6227127482, 8)
(1083, 22)
(6232882683, 22)
(1087, 21)
(6255903487, 4)
(1088, 21)
(6261658688, 21)
(1092, 0)
(6284679492, 0)
(1093, 5)
(6290434693, 20)
(1097, 6)
(6313455497, 19)
(1098, 15)
(6319210698, 15)
(1102, 0)
(6342231502, 0)
(1103, 8)
(6347986703, 17)
(1107, 3)
(6371007507, 3)
(1108, 0)
(6376762708, 0)
(1112, 0)
(6399783512, 0)
(1113, 14)
(6405538713, 11)
(1117, 4)
(6428559517, 4)
(1118, 21)
(6434314718, 4)
(1122, 9)
(6457335522, 16)
(1123, 15)
(6463090723, 10)
(1127, 23)
(6486111527, 23)
(1128, 0)
(6491866728, 0)
(1132, 16)
(6514887532, 9)
(1133, 12)
(6520642733, 12)
(1137, 15)
(6543663537, 10)
(1138, 2)
(6549418738, 23)
(1142, 22)
(6572439542, 3)
(1143, 0)
(6578194743, 0)
(1147, 21)
(6601215547, 4)
(1148, 12)
(6606970748, 12)
(1152, 3)
(6629991552, 3)
(1153, 24)
(6635746753, 1)
(1157, 18)
(6658767557, 7)
(1158, 9)
(6664522758, 9)
(1162, 8)
(6687543562, 17)
(1163, 3)
(6693298763, 3)
(1167, 8)
(6716319567, 8)
(1168, 17)
(6722074768, 8)
(1172, 0)
(6745095572, 0)
(1173, 16)
(6750850773, 16)
(1177, 12)
(6773871577, 13)
(1178, 21)
(6779626778, 4)
(1182, 0)
(6802647582, 0)
(1183, 0)
(6808402783, 0)
(1187, 24)
(6831423587, 1)
(1188, 0)
(6837178788, 0)
(1192, 0)
(6860199592, 0)
(1193, 4)
(6865954793, 4)
(1197, 15)
(6888975597, 10)
(1198, 12)
(6894730798, 13)
(1202, 1)
(6917751602, 1)
(1203, 9)
(6923506803, 9)
(1207, 2)
(6946527607, 2)
(1208, 0)
(6952282808, 0)
(1212, 5)
(6975303612, 5)
(1213, 10)
(6981058813, 10)
(1217, 12)
(7004079617, 12)
(1218, 4)
(7009834818, 21)
(1222, 3)
(7032855622, 3)
(1223, 15)
(7038610823, 10)
(1227, 19)
(7061631627, 6)
(1228, 19)
(7067386828, 6)
(1232, 6)
(7090407632, 19)
(1233, 21)
(7096162833, 4)
(1237, 9)
(7119183637, 9)
(1238, 7)
(7124938838, 18)
(1242, 23)
(7147959642, 23)
(1243, 6)
(7153714843, 19)
(1247, 4)
(7176735647, 21)
(1248, 12)
(7182490848, 13)
(1252, 0)
(7205511652, 0)
(1253, 3)
(7211266853, 3)
(1257, 15)
(7234287657, 15)
(1258, 17)
(7240042858, 8)
(1262, 19)
(7263063662, 19)
(1263, 0)
(7268818863, 0)
(1267, 21)
(7291839667, 21)
(1268, 0)
(7297594868, 0)
(1272, 0)
(7320615672, 0)
(1273, 20)
(7326370873, 20)
(1277, 4)
(7349391677, 4)
(1278, 15)
(7355146878, 15)
(1282, 23)
(7378167682, 2)
(1283, 24)
(7383922883, 1)
(1287, 10)
(7406943687, 10)
(1288, 0)
(7412698888, 0)
(1292, 3)
(7435719692, 22)
(1293, 6)
(7441474893, 19)
(1297, 2)
(7464495697, 23)
(1298, 7)
(7470250898, 18)
(1302, 4)
(7493271702, 4)
(1303, 11)
(7499026903, 11)
(1307, 16)
(7522047707, 16)
(1308, 21)
(7527802908, 21)
(1312, 13)
(7550823712, 13)
(1313, 1)
(7556578913, 24)
(1317, 15)
(7579599717, 10)
(1318, 5)
(7585354918, 5)
(1322, 3)
(7608375722, 3)
(1323, 19)
(7614130923, 19)
(1327, 20)
(7637151727, 20)
(1328, 16)
(7642906928, 9)
(1332, 0)
(7665927732, 0)
(1333, 10)
(7671682933, 10)
(1337, 19)
(7694703737, 6)
(1338, 10)
(7700458938, 15)
(1342, 5)
(7723479742, 20)
(1343, 19)
(7729234943, 19)
(1347, 6)
(7752255747, 6)
(1348, 0)
(7758010948, 0)
(1352, 0)
(7781031752, 0)
(1353, 4)
(7786786953, 21)
(1357, 16)
(7809807757, 16)
(1358, 9)
(7815562958, 16)
(1362, 6)
(7838583762, 19)
(1363, 4)
(7844338963, 4)
(1367, 10)
(7867359767, 15)
(1368, 0)
(7873114968, 0)
(1372, 6)
(7896135772, 6)
(1373, 7)
(7901890973, 7)
(1377, 11)
(7924911777, 11)
(1378, 15)
(7930666978, 15)
(1382, 7)
(7953687782, 18)
(1383, 3)
(7959442983, 3)
(1387, 9)
(7982463787, 9)
(1388, 20)
(7988218988, 20)
(1392, 4)
(8011239792, 21)
(1393, 24)
(8016994993, 24)
(1397, 19)
(8040015797, 19)
(1398, 0)
(8045770998, 0)
(1402, 21)
(8068791802, 21)
(1403, 6)
(8074547003, 6)
(1407, 6)
(8097567807, 19)
(1408, 18)
(8103323008, 7)
(1412, 0)
(8126343812, 0)
(1413, 15)
(8132099013, 15)
(1417, 16)
(8155119817, 9)
(1418, 4)
(8160875018, 21)
(1422, 1)
(8183895822, 1)
(1423, 4)
(8189651023, 21)
(1427, 0)
(8212671827, 0)
(1428, 0)
(8218427028, 0)
(1432, 0)
(8241447832, 0)
(1433, 24)
(8247203033, 1)
(1437, 9)
(8270223837, 16)
(1438, 21)
(8275979038, 4)
(1442, 11)
(8298999842, 14)
(1443, 12)
(8304755043, 12)
(1447, 17)
(8327775847, 8)
(1448, 0)
(8333531048, 0)
(1452, 12)
(8356551852, 12)
(1453, 16)
(8362307053, 16)
(1457, 4)
(8385327857, 21)
(1458, 22)
(8391083058, 22)
(1462, 24)
(8414103862, 24)
(1463, 22)
(8419859063, 22)
(1467, 10)
(8442879867, 10)
(1468, 17)
(8448635068, 17)
(1472, 9)
(8471655872, 9)
(1473, 17)
(8477411073, 17)
(1477, 11)
(8500431877, 14)
(1478, 0)
(8506187078, 0)
(1482, 11)
(8529207882, 11)
(1483, 8)
(8534963083, 8)
(1487, 3)
(8557983887, 3)
(1488, 2)
(8563739088, 2)
(1492, 0)
(8586759892, 0)
(1493, 13)
(8592515093, 12)
(1497, 15)
(8615535897, 15)
(1498, 6)
(8621291098, 6)
(1502, 1)
(8644311902, 1)
(1503, 3)
(8650067103, 22)
(1507, 9)
(8673087907, 9)
(1508, 0)
(8678843108, 0)
(1512, 0)
(8701863912, 0)
(1513, 4)
(8707619113, 4)
(1517, 23)
(8730639917, 2)
(1518, 9)
(8736395118, 16)
(1522, 20)
(8759415922, 20)
(1523, 23)
(8765171123, 23)
(1527, 16)
(8788191927, 9)
(1528, 0)
(8793947128, 0)
(1532, 24)
(8816967932, 1)
(1533, 21)
(8822723133, 4)
(1537, 1)
(8845743937, 1)
(1538, 9)
(8851499138, 16)
(1542, 5)
(8874519942, 20)
(1543, 24)
(8880275143, 1)
(1547, 2)
(8903295947, 23)
(1548, 5)
(8909051148, 5)
(1552, 3)
(8932071952, 22)
(1553, 15)
(8937827153, 15)
(1557, 2)
(8960847957, 2)
(1558, 2)
(8966603158, 23)
(1562, 22)
(8989623962, 3)
(1563, 4)
(8995379163, 21)
(1567, 15)
(9018399967, 15)
(1568, 17)
(9024155168, 17)
(1572, 0)
(9047175972, 0)
(1573, 23)
(9052931173, 2)
(1577, 18)
(9075951977, 18)
(1578, 6)
(9081707178, 19)
(1582, 4)
(9104727982, 4)
(1583, 23)
(9110483183, 2)
(1587, 5)
(9133503987, 5)
(1588, 0)
(9139259188, 0)
(1592, 0)
(9162279992, 0)
(1593, 19)
(9168035193, 19)
(1597, 4)
(9191055997, 21)
(1598, 2)
(9196811198, 23)
(1602, 20)
(9219832002, 20)
(1603, 9)
(9225587203, 16)
(1607, 8)
(9248608007, 8)
(1608, 0)
(9254363208, 0)
(1612, 4)
(9277384012, 21)
(1613, 18)
(9283139213, 18)
(1617, 8)
(9306160017, 17)
(1618, 7)
(9311915218, 7)
(1622, 5)
(9334936022, 5)
(1623, 8)
(9340691223, 8)
(1627, 12)
(9363712027, 13)
(1628, 13)
(9369467228, 13)
(1632, 13)
(9392488032, 13)
(1633, 14)
(9398243233, 14)
(1637, 13)
(9421264037, 13)
(1638, 16)
(9427019238, 9)
(1642, 11)
(9450040042, 11)
(1643, 0)
(9455795243, 0)
(1647, 18)
(9478816047, 18)
(1648, 15)
(9484571248, 10)
(1652, 0)
(9507592052, 0)
(1653, 19)
(9513347253, 19)
(1657, 6)
(9536368057, 6)
(1658, 2)
(9542123258, 23)
(1662, 15)
(9565144062, 10)
(1663, 7)
(9570899263, 18)
(1667, 23)
(9593920067, 2)
(1668, 0)
(9599675268, 0)
(1672, 0)
(9622696072, 0)
(1673, 18)
(9628451273, 7)
(1677, 1)
(9651472077, 24)
(1678, 15)
(9657227278, 15)
(1682, 19)
(9680248082, 19)
(1683, 5)
(9686003283, 20)
(1687, 12)
(9709024087, 13)
(1688, 0)
(9714779288, 0)
(1692, 20)
(9737800092, 5)
(1693, 23)
(9743555293, 2)
(1697, 18)
(9766576097, 18)
(1698, 6)
(9772331298, 19)
(1702, 0)
(9795352102, 0)
(1703, 13)
(9801107303, 13)
(1707, 5)
(9824128107, 20)
(1708, 11)
(9829883308, 11)
(1712, 14)
(9852904112, 14)
(1713, 4)
(9858659313, 21)
(1717, 21)
(9881680117, 21)
(1718, 1)
(9887435318, 1)
(1722, 1)
(9910456122, 1)
(1723, 20)
(9916211323, 5)
(1727, 14)
(9939232127, 11)
(1728, 0)
(9944987328, 0)
(1732, 0)
(9968008132, 0)
(1733, 1)
(9973763333, 1)
(1737, 15)
(9996784137, 15)
(1738, 16)
(10002539338, 9)
(1742, 21)
(10025560142, 21)
(1743, 14)
(10031315343, 11)
(1747, 20)
(10054336147, 5)
(1748, 0)
(10060091348, 0)
(1752, 0)
(10083112152, 0)
(1753, 10)
(10088867353, 10)
(1757, 23)
(10111888157, 2)
(1758, 0)
(10117643358, 0)
(1762, 16)
(10140664162, 16)
(1763, 23)
(10146419363, 23)
(1767, 3)
(10169440167, 22)
(1768, 0)
(10175195368, 0)
(1772, 0)
(10198216172, 0)
(1773, 10)
(10203971373, 15)
(1777, 19)
(10226992177, 6)
(1778, 20)
(10232747378, 5)
(1782, 1)
(10255768182, 24)
(1783, 7)
(10261523383, 7)
(1787, 22)
(10284544187, 3)
(1788, 17)
(10290299388, 8)
(1792, 1)
(10313320192, 1)
(1793, 19)
(10319075393, 6)
(1797, 24)
(10342096197, 1)
(1798, 20)
(10347851398, 5)
(1802, 18)
(10370872202, 7)
(1803, 17)
(10376627403, 17)
(1807, 23)
(10399648207, 23)
(1808, 14)
(10405403408, 14)
(1812, 0)
(10428424212, 0)
(1813, 22)
(10434179413, 3)
(1817, 10)
(10457200217, 10)
(1818, 10)
(10462955418, 10)
(1822, 4)
(10485976222, 21)
(1823, 10)
(10491731423, 15)
(1827, 7)
(10514752227, 18)
(1828, 0)
(10520507428, 0)
(1832, 0)
(10543528232, 0)
(1833, 16)
(10549283433, 16)
(1837, 24)
(10572304237, 24)
(1838, 23)
(10578059438, 23)
(1842, 9)
(10601080242, 16)
(1843, 14)
(10606835443, 14)
(1847, 17)
(10629856247, 8)
(1848, 0)
(10635611448, 0)
(1852, 14)
(10658632252, 11)
(1853, 9)
(10664387453, 9)
(1857, 15)
(10687408257, 10)
(1858, 20)
(10693163458, 5)
(1862, 23)
(10716184262, 2)
(1863, 22)
(10721939463, 22)
(1867, 15)
(10744960267, 15)
(1868, 6)
(10750715468, 19)
(1872, 15)
(10773736272, 10)
(1873, 8)
(10779491473, 8)
(1877, 19)
(10802512277, 19)
(1878, 14)
(10808267478, 14)
(1882, 2)
(10831288282, 23)
(1883, 1)
(10837043483, 24)
(1887, 15)
(10860064287, 10)
(1888, 18)
(10865819488, 18)
(1892, 0)
(10888840292, 0)
(1893, 15)
(10894595493, 15)
(1897, 1)
(10917616297, 1)
(1898, 18)
(10923371498, 18)
(1902, 24)
(10946392302, 1)
(1903, 17)
(10952147503, 8)
(1907, 18)
(10975168307, 7)
(1908, 0)
(10980923508, 0)
(1912, 0)
(11003944312, 0)
(1913, 24)
(11009699513, 1)
(1917, 7)
(11032720317, 7)
(1918, 16)
(11038475518, 9)
(1922, 12)
(11061496322, 12)
(1923, 5)
(11067251523, 20)
(1927, 17)
(11090272327, 8)
(1928, 0)
(11096027528, 0)
(1932, 18)
(11119048332, 18)
(1933, 22)
(11124803533, 22)
(1937, 23)
(11147824337, 23)
(1938, 7)
(11153579538, 18)
(1942, 13)
(11176600342, 12)
(1943, 7)
(11182355543, 7)
(1947, 13)
(11205376347, 12)
(1948, 11)
(11211131548, 11)
(1952, 10)
(11234152352, 10)
(1953, 20)
(11239907553, 20)
(1957, 6)
(11262928357, 6)
(1958, 2)
(11268683558, 23)
(1962, 5)
(11291704362, 5)
(1963, 4)
(11297459563, 21)
(1967, 24)
(11320480367, 1)
(1968, 9)
(11326235568, 9)
(1972, 0)
(11349256372, 0)
(1973, 8)
(11355011573, 17)
(1977, 6)
(11378032377, 6)
(1978, 7)
(11383787578, 7)
(1982, 6)
(11406808382, 6)
(1983, 21)
(11412563583, 21)
(1987, 22)
(11435584387, 22)
(1988, 0)
(11441339588, 0)
(1992, 0)
(11464360392, 0)
(1993, 11)
(11470115593, 11)
(1997, 7)
(11493136397, 7)
(1998, 13)
(11498891598, 12)
(2002, 19)
(11521912402, 19)
(2003, 6)
(11527667603, 6)
(2007, 5)
(11550688407, 20)
(2008, 0)
(11556443608, 0)
(2012, 12)
(11579464412, 13)
(2013, 4)
(11585219613, 21)
(2017, 22)
(11608240417, 22)
(2018, 23)
(11613995618, 23)
(2022, 11)
(11637016422, 14)
(2023, 4)
(11642771623, 4)
(2027, 21)
(11665792427, 4)
(2028, 18)
(11671547628, 18)
(2032, 20)
(11694568432, 5)
(2033, 17)
(11700323633, 8)
(2037, 19)
(11723344437, 6)
(2038, 13)
(11729099638, 12)
(2042, 5)
(11752120442, 20)
(2043, 15)
(11757875643, 10)
(2047, 2)
(11780896447, 2)
(2048, 0)
(11786651648, 0)
(2052, 0)
(11809672452, 0)
(2053, 12)
(11815427653, 13)
(2057, 24)
(11838448457, 24)
(2058, 7)
(11844203658, 7)
(2062, 8)
(11867224462, 8)
(2063, 15)
(11872979663, 10)
(2067, 18)
(11896000467, 18)
(2068, 0)
(11901755668, 0)
(2072, 0)
(11924776472, 0)
(2073, 5)
(11930531673, 20)
(2077, 11)
(11953552477, 14)
(2078, 10)
(11959307678, 15)
(2082, 11)
(11982328482, 11)
(2083, 3)
(11988083683, 22)
(2087, 0)
(12011104487, 0)
(2088, 0)
(12016859688, 0)
(2092, 10)
(12039880492, 10)
(2093, 5)
(12045635693, 20)
(2097, 11)
(12068656497, 14)
(2098, 14)
(12074411698, 11)
(2102, 19)
(12097432502, 19)
(2103, 9)
(12103187703, 9)
(2107, 24)
(12126208507, 24)
(2108, 19)
(12131963708, 19)
(2112, 9)
(12154984512, 16)
(2113, 4)
(12160739713, 21)
(2117, 1)
(12183760517, 1)
(2118, 0)
(12189515718, 0)
(2122, 22)
(12212536522, 22)
(2123, 16)
(12218291723, 9)
(2127, 22)
(12241312527, 3)
(2128, 7)
(12247067728, 18)
(2132, 0)
(12270088532, 0)
(2133, 7)
(12275843733, 7)
(2137, 1)
(12298864537, 1)
(2138, 12)
(12304619738, 12)
(2142, 20)
(12327640542, 20)
(2143, 8)
(12333395743, 17)
(2147, 4)
(12356416547, 21)
(2148, 0)
(12362171748, 0)
(2152, 0)
(12385192552, 0)
(2153, 8)
(12390947753, 17)
(2157, 24)
(12413968557, 1)
(2158, 0)
(12419723758, 0)
(2162, 9)
(12442744562, 16)
(2163, 7)
(12448499763, 18)
(2167, 17)
(12471520567, 17)
(2168, 0)
(12477275768, 0)
(2172, 24)
(12500296572, 24)
(2173, 20)
(12506051773, 5)
(2177, 5)
(12529072577, 5)
(2178, 18)
(12534827778, 18)
(2182, 23)
(12557848582, 2)
(2183, 7)
(12563603783, 18)
(2187, 0)
(12586624587, 0)
(2188, 9)
(12592379788, 9)
(2192, 1)
(12615400592, 24)
(2193, 21)
(12621155793, 21)
(2197, 13)
(12644176597, 12)
(2198, 11)
(12649931798, 11)
(2202, 0)
(12672952602, 0)
(2203, 5)
(12678707803, 20)
(2207, 21)
(12701728607, 4)
(2208, 19)
(12707483808, 19)
(2212, 0)
(12730504612, 0)
(2213, 13)
(12736259813, 12)
(2217, 3)
(12759280617, 3)
(2218, 6)
(12765035818, 19)
(2222, 18)
(12788056622, 7)
(2223, 10)
(12793811823, 10)
(2227, 21)
(12816832627, 4)
(2228, 0)
(12822587828, 0)
(2232, 0)
(12845608632, 0)
(2233, 14)
(12851363833, 14)
(2237, 15)
(12874384637, 10)
(2238, 8)
(12880139838, 17)
(2242, 14)
(12903160642, 11)
(2243, 10)
(12908915843, 10)
(2247, 15)
(12931936647, 15)
(2248, 0)
(12937691848, 0)
(2252, 23)
(12960712652, 2)
(2253, 19)
(12966467853, 19)
(2257, 19)
(12989488657, 6)
(2258, 13)
(12995243858, 13)
(2262, 11)
(13018264662, 11)
(2263, 7)
(13024019863, 18)
(2267, 11)
(13047040667, 11)
(2268, 11)
(13052795868, 11)
(2272, 18)
(13075816672, 18)
(2273, 7)
(13081571873, 18)
(2277, 15)
(13104592677, 10)
(2278, 19)
(13110347878, 6)
(2282, 10)
(13133368682, 10)
(2283, 9)
(13139123883, 9)
(2287, 16)
(13162144687, 9)
(2288, 5)
(13167899888, 5)
(2292, 0)
(13190920692, 0)
(2293, 1)
(13196675893, 1)
(2297, 5)
(13219696697, 20)
(2298, 2)
(13225451898, 23)
(2302, 19)
(13248472702, 19)
(2303, 15)
(13254227903, 10)
(2307, 8)
(13277248707, 17)
(2308, 0)
(13283003908, 0)
(2312, 0)
(13306024712, 0)
(2313, 12)
(13311779913, 13)
(2317, 4)
(13334800717, 21)
(2318, 11)
(13340555918, 14)
(2322, 3)
(13363576722, 3)
(2323, 7)
(13369331923, 7)
(2327, 2)
(13392352727, 23)
(2328, 0)
(13398107928, 0)
(2332, 16)
(13421128732, 16)
(2333, 1)
(13426883933, 1)
(2337, 22)
(13449904737, 3)
(2338, 14)
(13455659938, 11)
(2342, 8)
(13478680742, 8)
(2343, 2)
(13484435943, 23)
(2347, 15)
(13507456747, 15)
(2348, 1)
(13513211948, 24)
(2352, 7)
(13536232752, 7)
(2353, 9)
(13541987953, 16)
(2357, 7)
(13565008757, 18)
(2358, 10)
(13570763958, 15)
(2362, 24)
(13593784762, 24)
(2363, 5)
(13599539963, 20)
(2367, 16)
(13622560767, 9)
(2368, 13)
(13628315968, 12)
(2372, 0)
(13651336772, 0)
(2373, 21)
(13657091973, 21)
(2377, 21)
(13680112777, 21)
(2378, 15)
(13685867978, 10)
(2382, 7)
(13708888782, 18)
(2383, 24)
(13714643983, 1)
(2387, 2)
(13737664787, 23)
(2388, 0)
(13743419988, 0)
(2392, 0)
(13766440792, 0)
(2393, 0)
(13772195993, 0)
(2397, 2)
(13795216797, 23)
(2398, 15)
(13800971998, 10)
(2402, 20)
(13823992802, 20)
(2403, 12)
(13829748003, 12)
(2407, 0)
(13852768807, 0)
(2408, 0)
(13858524008, 0)
(2412, 20)
(13881544812, 5)
(2413, 11)
(13887300013, 11)
(2417, 6)
(13910320817, 6)
(2418, 4)
(13916076018, 21)
(2422, 0)
(13939096822, 0)
(2423, 23)
(13944852023, 23)
(2427, 19)
(13967872827, 19)
(2428, 14)
(13973628028, 11)
(2432, 21)
(13996648832, 4)
(2433, 15)
(14002404033, 15)
(2437, 3)
(14025424837, 22)
(2438, 18)
(14031180038, 7)
(2442, 3)
(14054200842, 3)
(2443, 4)
(14059956043, 21)
(2447, 8)
(14082976847, 8)
(2448, 21)
(14088732048, 21)
(2452, 0)
(14111752852, 0)
(2453, 18)
(14117508053, 18)
(2457, 22)
(14140528857, 3)
(2458, 8)
(14146284058, 8)
(2462, 13)
(14169304862, 13)
(2463, 19)
(14175060063, 19)
(2467, 22)
(14198080867, 22)
(2468, 0)
(14203836068, 0)
(2472, 0)
(14226856872, 0)
(2473, 20)
(14232612073, 5)
(2477, 3)
(14255632877, 22)
(2478, 12)
(14261388078, 12)
(2482, 6)
(14284408882, 19)
(2483, 5)
(14290164083, 5)
(2487, 0)
(14313184887, 0)
(2488, 0)
(14318940088, 0)
(2492, 14)
(14341960892, 14)
(2493, 15)
(14347716093, 10)
(2497, 23)
(14370736897, 23)
(2498, 20)
(14376492098, 5)
(2502, 18)
(14399512902, 7)
(2503, 6)
(14405268103, 19)
(2507, 9)
(14428288907, 9)
(2508, 17)
(14434044108, 17)
(2512, 22)
(14457064912, 22)
(2513, 13)
(14462820113, 12)
(2517, 9)
(14485840917, 9)
(2518, 0)
(14491596118, 0)
(2522, 9)
(14514616922, 9)
(2523, 13)
(14520372123, 13)
(2527, 24)
(14543392927, 24)
(2528, 19)
(14549148128, 19)
(2532, 0)
(14572168932, 0)
(2533, 24)
(14577924133, 1)
(2537, 0)
(14600944937, 0)
(2538, 17)
(14606700138, 8)
(2542, 4)
(14629720942, 4)
(2543, 20)
(14635476143, 20)
(2547, 5)
(14658496947, 20)
(2548, 0)
(14664252148, 0)
(2552, 0)
(14687272952, 0)
(2553, 16)
(14693028153, 9)
(2557, 3)
(14716048957, 3)
(2558, 4)
(14721804158, 21)
(2562, 16)
(14744824962, 16)
(2563, 24)
(14750580163, 24)
(2567, 6)
(14773600967, 6)
(2568, 0)
(14779356168, 0)
(2572, 6)
(14802376972, 6)
(2573, 21)
(14808132173, 4)
(2577, 20)
(14831152977, 20)
(2578, 1)
(14836908178, 1)
(2582, 0)
(14859928982, 0)
(2583, 12)
(14865684183, 12)
(2587, 3)
(14888704987, 22)
(2588, 24)
(14894460188, 24)
(2592, 13)
(14917480992, 13)
(2593, 16)
(14923236193, 9)
(2597, 14)
(14946256997, 11)
(2598, 9)
(14952012198, 9)
(2602, 19)
(14975033002, 6)
(2603, 15)
(14980788203, 15)
(2607, 22)
(15003809007, 3)
(2608, 2)
(15009564208, 2)
(2612, 0)
(15032585012, 0)
(2613, 1)
(15038340213, 1)
(2617, 17)
(15061361017, 17)
(2618, 20)
(15067116218, 5)
(2622, 11)
(15090137022, 14)
(2623, 7)
(15095892223, 7)
(2627, 17)
(15118913027, 8)
(2628, 0)
(15124668228, 0)
(2632, 0)
(15147689032, 0)
(2633, 3)
(15153444233, 22)
(2637, 24)
(15176465037, 24)
(2638, 15)
(15182220238, 10)
(2642, 8)
(15205241042, 8)
(2643, 10)
(15210996243, 10)
(2647, 0)
(15234017047, 0)
(2648, 0)
(15239772248, 0)
(2652, 17)
(15262793052, 8)
(2653, 11)
(15268548253, 14)
(2657, 17)
(15291569057, 17)
(2658, 4)
(15297324258, 21)
(2662, 11)
(15320345062, 14)
(2663, 13)
(15326100263, 12)
(2667, 3)
(15349121067, 22)
(2668, 7)
(15354876268, 18)
(2672, 4)
(15377897072, 21)
(2673, 3)
(15383652273, 22)
(2677, 22)
(15406673077, 3)
(2678, 20)
(15412428278, 20)
(2682, 15)
(15435449082, 10)
(2683, 20)
(15441204283, 20)
(2687, 9)
(15464225087, 9)
(2688, 6)
(15469980288, 6)
(2692, 0)
(15493001092, 0)
(2693, 8)
(15498756293, 8)
(2697, 9)
(15521777097, 16)
(2698, 19)
(15527532298, 6)
(2702, 22)
(15550553102, 22)
(2703, 8)
(15556308303, 17)
(2707, 2)
(15579329107, 23)
(2708, 0)
(15585084308, 0)
(2712, 0)
(15608105112, 0)
(2713, 11)
(15613860313, 11)
(2717, 17)
(15636881117, 8)
(2718, 1)
(15642636318, 1)
(2722, 15)
(15665657122, 10)
(2723, 3)
(15671412323, 3)
(2727, 15)
(15694433127, 15)
(2728, 0)
(15700188328, 0)
(2732, 20)
(15723209132, 5)
(2733, 13)
(15728964333, 12)
(2737, 6)
(15751985137, 6)
(2738, 4)
(15757740338, 4)
(2742, 23)
(15780761142, 23)
(2743, 5)
(15786516343, 5)
(2747, 18)
(15809537147, 7)
(2748, 6)
(15815292348, 19)
(2752, 0)
(15838313152, 0)
(2753, 12)
(15844068353, 12)
(2757, 4)
(15867089157, 4)
(2758, 4)
(15872844358, 21)
(2762, 19)
(15895865162, 19)
(2763, 20)
(15901620363, 5)
(2767, 14)
(15924641167, 14)
(2768, 12)
(15930396368, 12)
(2772, 0)
(15953417172, 0)
(2773, 4)
(15959172373, 21)
(2777, 5)
(15982193177, 5)
(2778, 6)
(15987948378, 19)
(2782, 7)
(16010969182, 18)
(2783, 9)
(16016724383, 9)
(2787, 1)
(16039745187, 24)
(2788, 0)
(16045500388, 0)
(2792, 0)
(16068521192, 0)
(2793, 4)
(16074276393, 21)
(2797, 18)
(16097297197, 18)
(2798, 9)
(16103052398, 16)
(2802, 11)
(16126073202, 14)
(2803, 21)
(16131828403, 21)
(2807, 18)
(16154849207, 18)
(2808, 0)
(16160604408, 0)
(2812, 8)
(16183625212, 8)
(2813, 15)
(16189380413, 15)
(2817, 5)
(16212401217, 5)
(2818, 5)
(16218156418, 5)
(2822, 7)
(16241177222, 18)
(2823, 11)
(16246932423, 14)
(2827, 18)
(16269953227, 18)
(2828, 13)
(16275708428, 13)
(2832, 18)
(16298729232, 18)
(2833, 13)
(16304484433, 13)
(2837, 16)
(16327505237, 9)
(2838, 15)
(16333260438, 10)
(2842, 2)
(16356281242, 23)
(2843, 15)
(16362036443, 10)
(2847, 13)
(16385057247, 13)
(2848, 9)
(16390812448, 9)
(2852, 0)
(16413833252, 0)
(2853, 10)
(16419588453, 15)
(2857, 10)
(16442609257, 15)
(2858, 23)
(16448364458, 23)
(2862, 12)
(16471385262, 13)
(2863, 17)
(16477140463, 8)
(2867, 2)
(16500161267, 23)
(2868, 0)
(16505916468, 0)
(2872, 0)
(16528937272, 0)
(2873, 13)
(16534692473, 13)
(2877, 10)
(16557713277, 15)
(2878, 21)
(16563468478, 4)
(2882, 11)
(16586489282, 11)
(2883, 18)
(16592244483, 18)
(2887, 20)
(16615265287, 20)
(2888, 0)
(16621020488, 0)
(2892, 18)
(16644041292, 7)
(2893, 19)
(16649796493, 19)
(2897, 11)
(16672817297, 14)
(2898, 5)
(16678572498, 5)
(2902, 7)
(16701593302, 18)
(2903, 14)
(16707348503, 14)
(2907, 22)
(16730369307, 3)
(2908, 14)
(16736124508, 11)
(2912, 4)
(16759145312, 21)
(2913, 17)
(16764900513, 8)
(2917, 17)
(16787921317, 8)
(2918, 14)
(16793676518, 14)
(2922, 16)
(16816697322, 16)
(2923, 9)
(16822452523, 16)
(2927, 14)
(16845473327, 11)
(2928, 13)
(16851228528, 13)
(2932, 0)
(16874249332, 0)
(2933, 11)
(16880004533, 11)
(2937, 24)
(16903025337, 1)
(2938, 19)
(16908780538, 6)
(2942, 20)
(16931801342, 20)
(2943, 8)
(16937556543, 8)
(2947, 8)
(16960577347, 17)
(2948, 0)
(16966332548, 0)
(2952, 0)
(16989353352, 0)
(2953, 21)
(16995108553, 4)
(2957, 4)
(17018129357, 4)
(2958, 22)
(17023884558, 3)
(2962, 9)
(17046905362, 16)
(2963, 12)
(17052660563, 13)
(2967, 11)
(17075681367, 11)
(2968, 0)
(17081436568, 0)
(2972, 17)
(17104457372, 8)
(2973, 12)
(17110212573, 12)
(2977, 19)
(17133233377, 19)
(2978, 5)
(17138988578, 5)
(2982, 1)
(17162009382, 1)
(2983, 0)
(17167764583, 0)
(2987, 15)
(17190785387, 15)
(2988, 7)
(17196540588, 18)
(2992, 6)
(17219561392, 19)
(2993, 17)
(17225316593, 8)
(2997, 9)
(17248337397, 16)
(2998, 3)
(17254092598, 22)
(3002, 4)
(17277113402, 21)
(3003, 7)
(17282868603, 7)
(3007, 15)
(17305889407, 10)
(3008, 15)
(17311644608, 10)
(3012, 0)
(17334665412, 0)
(3013, 3)
(17340420613, 22)
(3017, 8)
(17363441417, 17)
(3018, 4)
(17369196618, 21)
(3022, 7)
(17392217422, 7)
(3023, 12)
(17397972623, 13)
(3027, 7)
(17420993427, 7)
(3028, 0)
(17426748628, 0)
(3032, 0)
(17449769432, 0)
(3033, 20)
(17455524633, 5)
(3037, 3)
(17478545437, 3)
(3038, 16)
(17484300638, 16)
(3042, 0)
(17507321442, 0)
(3043, 8)
(17513076643, 8)
(3047, 7)
(17536097447, 7)
(3048, 0)
(17541852648, 0)
(3052, 23)
(17564873452, 23)
(3053, 10)
(17570628653, 10)
(3057, 3)
(17593649457, 22)
(3058, 17)
(17599404658, 17)
(3062, 4)
(17622425462, 21)
(3063, 21)
(17628180663, 4)
(3067, 12)
(17651201467, 13)
(3068, 21)
(17656956668, 4)
(3072, 14)
(17679977472, 14)
(3073, 6)
(17685732673, 19)
(3077, 9)
(17708753477, 9)
(3078, 14)
(17714508678, 11)
(3082, 0)
(17737529482, 0)
(3083, 22)
(17743284683, 3)
(3087, 20)
(17766305487, 20)
(3088, 7)
(17772060688, 7)
(3092, 0)
(17795081492, 0)
(3093, 7)
(17800836693, 7)
(3097, 13)
(17823857497, 12)
(3098, 24)
(17829612698, 1)
(3102, 16)
(17852633502, 16)
(3103, 5)
(17858388703, 20)
(3107, 18)
(17881409507, 18)
(3108, 0)
(17887164708, 0)
(3112, 0)
(17910185512, 0)
(3113, 11)
(17915940713, 11)
(3117, 10)
(17938961517, 15)
(3118, 15)
(17944716718, 10)
(3122, 8)
(17967737522, 17)
(3123, 5)
(17973492723, 5)
(3127, 1)
(17996513527, 24)
(3128, 0)
(18002268728, 0)
(3132, 3)
(18025289532, 22)
(3133, 15)
(18031044733, 15)
(3137, 6)
(18054065537, 6)
(3138, 24)
(18059820738, 24)
(3142, 10)
(18082841542, 15)
(3143, 16)
(18088596743, 16)
(3147, 5)
(18111617547, 20)
(3148, 10)
(18117372748, 10)
(3152, 10)
(18140393552, 15)
(3153, 24)
(18146148753, 24)
(3157, 24)
(18169169557, 1)
(3158, 2)
(18174924758, 23)
(3162, 0)
(18197945562, 0)
(3163, 1)
(18203700763, 24)
(3167, 22)
(18226721567, 22)
(3168, 10)
(18232476768, 15)
(3172, 0)
(18255497572, 0)
(3173, 20)
(18261252773, 20)
(3177, 18)
(18284273577, 18)
(3178, 20)
(18290028778, 5)
(3182, 22)
(18313049582, 3)
(3183, 19)
(18318804783, 19)
(3187, 12)
(18341825587, 13)
(3188, 0)
(18347580788, 0)
(3192, 0)
(18370601592, 0)
(3193, 4)
(18376356793, 21)
(3197, 14)
(18399377597, 11)
(3198, 17)
(18405132798, 8)
(3202, 6)
(18428153602, 6)
(3203, 9)
(18433908803, 16)
(3207, 18)
(18456929607, 18)
(3208, 0)
(18462684808, 0)
(3212, 20)
(18485705612, 20)
(3213, 3)
(18491460813, 3)
(3217, 11)
(18514481617, 14)
(3218, 21)
(18520236818, 4)
(3222, 15)
(18543257622, 15)
(3223, 5)
(18549012823, 20)
(3227, 4)
(18572033627, 4)
(3228, 2)
(18577788828, 23)
(3232, 17)
(18600809632, 17)
(3233, 19)
(18606564833, 6)
(3237, 22)
(18629585637, 22)
(3238, 23)
(18635340838, 23)
(3242, 8)
(18658361642, 17)
(3243, 2)
(18664116843, 23)
(3247, 23)
(18687137647, 2)
(3248, 8)
(18692892848, 17)
(3252, 0)
(18715913652, 0)
(3253, 1)
(18721668853, 1)
(3257, 6)
(18744689657, 6)
(3258, 9)
(18750444858, 9)
(3262, 23)
(18773465662, 2)
(3263, 18)
(18779220863, 18)
(3267, 24)
(18802241667, 24)
(3268, 0)
(18807996868, 0)
(3272, 0)
(18831017672, 0)
(3273, 4)
(18836772873, 21)
(3277, 8)
(18859793677, 17)
(3278, 16)
(18865548878, 16)
(3282, 15)
(18888569682, 15)
(3283, 16)
(18894324883, 9)
(3287, 1)
(18917345687, 24)
(3288, 0)
(18923100888, 0)
(3292, 8)
(18946121692, 8)
(3293, 21)
(18951876893, 4)
(3297, 15)
(18974897697, 15)
(3298, 1)
(18980652898, 24)
(3302, 1)
(19003673702, 1)
(3303, 15)
(19009428903, 15)
(3307, 14)
(19032449707, 11)
(3308, 1)
(19038204908, 1)
(3312, 1)
(19061225712, 1)
(3313, 1)
(19066980913, 1)
(3317, 11)
(19090001717, 11)
(3318, 2)
(19095756918, 2)
(3322, 24)
(19118777722, 1)
(3323, 8)
(19124532923, 17)
(3327, 24)
(19147553727, 1)
(3328, 2)
(19153308928, 23)
(3332, 0)
(19176329732, 0)
(3333, 18)
(19182084933, 7)
(3337, 4)
(19205105737, 21)
(3338, 20)
(19210860938, 20)
(3342, 9)
(19233881742, 9)
(3343, 14)
(19239636943, 14)
(3347, 11)
(19262657747, 11)
(3348, 0)
(19268412948, 0)
(3352, 0)
(19291433752, 0)
(3353, 10)
(19297188953, 15)
(3357, 0)
(19320209757, 0)
(3358, 7)
(19325964958, 18)
(3362, 19)
(19348985762, 19)
(3363, 9)
(19354740963, 16)
(3367, 20)
(19377761767, 20)
(3368, 0)
(19383516968, 0)
(3372, 22)
(19406537772, 3)
(3373, 9)
(19412292973, 9)
(3377, 13)
(19435313777, 13)
(3378, 24)
(19441068978, 1)
(3382, 10)
(19464089782, 15)
(3383, 16)
(19469844983, 16)
(3387, 7)
(19492865787, 7)
(3388, 13)
(19498620988, 13)
(3392, 6)
(19521641792, 19)
(3393, 12)
(19527396993, 12)
(3397, 0)
(19550417797, 0)
(3398, 13)
(19556172998, 12)
(3402, 23)
(19579193802, 23)
(3403, 17)
(19584949003, 8)
(3407, 18)
(19607969807, 18)
(3408, 4)
(19613725008, 4)
(3412, 0)
(19636745812, 0)
(3413, 13)
(19642501013, 13)
(3417, 14)
(19665521817, 11)
(3418, 22)
(19671277018, 3)
(3422, 13)
(19694297822, 12)
(3423, 10)
(19700053023, 10)
(3427, 21)
(19723073827, 4)
(3428, 0)
(19728829028, 0)
(3432, 0)
(19751849832, 0)
(3433, 11)
(19757605033, 11)
(3437, 22)
(19780625837, 22)
(3438, 5)
(19786381038, 20)
(3442, 5)
(19809401842, 20)
(3443, 14)
(19815157043, 11)
(3447, 24)
(19838177847, 1)
(3448, 0)
(19843933048, 0)
(3452, 22)
(19866953852, 3)
(3453, 3)
(19872709053, 3)
(3457, 23)
(19895729857, 23)
(3458, 0)
(19901485058, 0)
(3462, 3)
(19924505862, 3)
(3463, 24)
(19930261063, 1)
(3467, 19)
(19953281867, 19)
(3468, 19)
(19959037068, 19)
(3472, 11)
(19982057872, 11)
(3473, 15)
(19987813073, 15)
(3477, 2)
(20010833877, 23)
(3478, 9)
(20016589078, 9)
(3482, 4)
(20039609882, 4)
(3483, 3)
(20045365083, 3)
(3487, 22)
(20068385887, 22)
(3488, 20)
(20074141088, 20)
(3492, 0)
(20097161892, 0)
(3493, 23)
(20102917093, 23)
(3497, 7)
(20125937897, 7)
(3498, 10)
(20131693098, 10)
(3502, 19)
(20154713902, 6)
(3503, 12)
(20160469103, 12)
(3507, 23)
(20183489907, 2)
(3508, 0)
(20189245108, 0)
(3512, 0)
(20212265912, 0)
(3513, 24)
(20218021113, 24)
(3517, 5)
(20241041917, 20)
(3518, 8)
(20246797118, 17)
(3522, 8)
(20269817922, 17)
(3523, 24)
(20275573123, 1)
(3527, 0)
(20298593927, 0)
(3528, 0)
(20304349128, 0)
(3532, 16)
(20327369932, 16)
(3533, 10)
(20333125133, 10)
(3537, 3)
(20356145937, 22)
(3538, 8)
(20361901138, 17)
(3542, 2)
(20384921942, 23)
(3543, 3)
(20390677143, 3)
(3547, 14)
(20413697947, 14)
(3548, 2)
(20419453148, 23)
(3552, 14)
(20442473952, 11)
(3553, 11)
(20448229153, 11)
(3557, 4)
(20471249957, 4)
(3558, 23)
(20477005158, 2)
(3562, 12)
(20500025962, 12)
(3563, 3)
(20505781163, 22)
(3567, 0)
(20528801967, 0)
(3568, 22)
(20534557168, 3)
