(1, 2)
(744769, 2)
(4, 2)
(2979076, 2)
(7, 1)
(5213383, 2)
(10, 1)
(7447690, 2)
(13, 2)
(9681997, 1)
(16, 1)
(11916304, 1)
(19, 0)
(14150611, 0)
(22, 1)
(16384918, 2)
(25, 1)
(18619225, 1)
(28, 1)
(20853532, 2)
(31, 0)
(23087839, 0)
(34, 2)
(25322146, 2)
(37, 2)
(27556453, 2)
(40, 2)
(29790760, 1)
(43, 0)
(32025067, 0)
(46, 2)
(34259374, 1)
(49, 0)
(36493681, 0)
(52, 2)
(38727988, 1)
(55, 1)
(40962295, 1)
(58, 1)
(43196602, 1)
(61, 0)
(45430909, 0)
(64, 2)
(47665216, 2)
(67, 0)
(49899523, 0)
(70, 2)
(52133830, 2)
(73, 1)
(54368137, 2)
(76, 0)
(56602444, 0)
(79, 2)
(58836751, 1)
(82, 2)
(61071058, 2)
(85, 1)
(63305365, 2)
(88, 2)
(65539672, 1)
(91, 0)
(67773979, 0)
(94, 1)
(70008286, 2)
(97, 1)
(72242593, 2)
(100, 1)
(74476900, 1)
(103, 2)
(76711207, 2)
(106, 0)
(78945514, 0)
(109, 0)
(81179821, 0)
(112, 2)
(83414128, 1)
(115, 0)
(85648435, 0)
(118, 0)
(87882742, 0)
(121, 2)
(90117049, 2)
(124, 0)
(92351356, 0)
(127, 2)
(94585663, 2)
(130, 2)
(96819970, 2)
(133, 1)
(99054277, 2)
(136, 1)
(101288584, 1)
(139, 0)
(103522891, 0)
(142, 2)
(105757198, 2)
(145, 2)
(107991505, 1)
(148, 2)
(110225812, 2)
(151, 1)
(112460119, 1)
(154, 1)
(114694426, 1)
(157, 0)
(116928733, 0)
(160, 1)
(119163040, 2)
(163, 0)
(121397347, 0)
(166, 2)
(123631654, 1)
(169, 2)
(125865961, 2)
(172, 0)
(128100268, 0)
(175, 1)
(130334575, 2)
(178, 1)
(132568882, 2)
(181, 1)
(134803189, 1)
(184, 1)
(137037496, 2)
(187, 0)
(139271803, 0)
(190, 2)
(141506110, 1)
(193, 1)
(143740417, 2)
(196, 0)
(145974724, 0)
(199, 0)
(148209031, 0)
(202, 0)
(150443338, 0)
(205, 2)
(152677645, 1)
(208, 1)
(154911952, 2)
(211, 0)
(157146259, 0)
(214, 0)
(159380566, 0)
(217, 2)
(161614873, 1)
(220, 1)
(163849180, 1)
(223, 1)
(166083487, 1)
(226, 1)
(168317794, 1)
(229, 1)
(170552101, 1)
(232, 2)
(172786408, 2)
(235, 0)
(175020715, 0)
(238, 1)
(177255022, 2)
(241, 0)
(179489329, 0)
(244, 0)
(181723636, 0)
(247, 0)
(183957943, 0)
(250, 0)
(186192250, 0)
(253, 1)
(188426557, 1)
(256, 1)
(190660864, 1)
(259, 0)
(192895171, 0)
(262, 0)
(195129478, 0)
(265, 2)
(197363785, 1)
(268, 0)
(199598092, 0)
(271, 2)
(201832399, 1)
(274, 0)
(204066706, 0)
(277, 0)
(206301013, 0)
(280, 1)
(208535320, 1)
(283, 0)
(210769627, 0)
(286, 0)
(213003934, 0)
(289, 1)
(215238241, 1)
(292, 1)
(217472548, 2)
(295, 2)
(219706855, 1)
(298, 0)
(221941162, 0)
(301, 2)
(224175469, 1)
(304, 0)
(226409776, 0)
(307, 0)
(228644083, 0)
(310, 1)
(230878390, 2)
(313, 2)
(233112697, 2)
(316, 2)
(235347004, 1)
(319, 1)
(237581311, 2)
(322, 1)
(239815618, 1)
(325, 2)
(242049925, 1)
(328, 1)
(244284232, 1)
(331, 0)
(246518539, 0)
(334, 0)
(248752846, 0)
(337, 2)
(250987153, 2)
(340, 1)
(253221460, 2)
(343, 2)
(255455767, 1)
(346, 2)
(257690074, 1)
(349, 2)
(259924381, 1)
(352, 1)
(262158688, 2)
(355, 0)
(264392995, 0)
(358, 0)
(266627302, 0)
(361, 0)
(268861609, 0)
(364, 0)
(271095916, 0)
(367, 0)
(273330223, 0)
(370, 0)
(275564530, 0)
(373, 1)
(277798837, 1)
(376, 2)
(280033144, 1)
(379, 0)
(282267451, 0)
(382, 1)
(284501758, 1)
(385, 2)
(286736065, 1)
(388, 1)
(288970372, 2)
(391, 2)
(291204679, 1)
(394, 2)
(293438986, 1)
(397, 0)
(295673293, 0)
(400, 2)
(297907600, 2)
(403, 0)
(300141907, 0)
(406, 2)
(302376214, 1)
(409, 1)
(304610521, 1)
(412, 2)
(306844828, 2)
(415, 1)
(309079135, 1)
(418, 1)
(311313442, 2)
(421, 1)
(313547749, 1)
(424, 0)
(315782056, 0)
(427, 0)
(318016363, 0)
(430, 0)
(320250670, 0)
(433, 0)
(322484977, 0)
(436, 0)
(324719284, 0)
(439, 0)
(326953591, 0)
(442, 1)
(329187898, 2)
(445, 2)
(331422205, 2)
(448, 1)
(333656512, 2)
(451, 0)
(335890819, 0)
(454, 1)
(338125126, 2)
(457, 2)
(340359433, 2)
(460, 0)
(342593740, 0)
(463, 1)
(344828047, 2)
(466, 1)
(347062354, 2)
(469, 1)
(349296661, 1)
(472, 0)
(351530968, 0)
(475, 0)
(353765275, 0)
(478, 1)
(355999582, 1)
(481, 1)
(358233889, 2)
(484, 2)
(360468196, 2)
(487, 1)
(362702503, 1)
(490, 1)
(364936810, 2)
(493, 0)
(367171117, 0)
(496, 0)
(369405424, 0)
(499, 0)
(371639731, 0)
(502, 1)
(373874038, 2)
(505, 2)
(376108345, 2)
(508, 2)
(378342652, 2)
(511, 2)
(380576959, 2)
(514, 2)
(382811266, 2)
(517, 0)
(385045573, 0)
(520, 1)
(387279880, 1)
(523, 0)
(389514187, 0)
(526, 0)
(391748494, 0)
(529, 2)
(393982801, 2)
(532, 1)
(396217108, 2)
(535, 2)
(398451415, 1)
(538, 2)
(400685722, 2)
(541, 1)
(402920029, 2)
(544, 2)
(405154336, 2)
(547, 0)
(407388643, 0)
(550, 1)
(409622950, 2)
(553, 2)
(411857257, 2)
(556, 0)
(414091564, 0)
(559, 1)
(416325871, 2)
(562, 1)
(418560178, 1)
(565, 0)
(420794485, 0)
(568, 1)
(423028792, 1)
(571, 0)
(425263099, 0)
(574, 2)
(427497406, 1)
(577, 2)
(429731713, 1)
(580, 2)
(431966020, 1)
(583, 2)
(434200327, 1)
(586, 0)
(436434634, 0)
(589, 1)
(438668941, 1)
(592, 1)
(440903248, 1)
(595, 0)
(443137555, 0)
(598, 1)
(445371862, 1)
(601, 2)
(447606169, 2)
(604, 1)
(449840476, 1)
(607, 1)
(452074783, 2)
(610, 0)
(454309090, 0)
(613, 1)
(456543397, 1)
(616, 2)
(458777704, 2)
(619, 0)
(461012011, 0)
(622, 0)
(463246318, 0)
(625, 2)
(465480625, 2)
(628, 0)
(467714932, 0)
(631, 1)
(469949239, 2)
(634, 1)
(472183546, 2)
(637, 2)
(474417853, 1)
(640, 2)
(476652160, 1)
(643, 0)
(478886467, 0)
(646, 2)
(481120774, 2)
(649, 2)
(483355081, 1)
(652, 0)
(485589388, 0)
(655, 0)
(487823695, 0)
(658, 1)
(490058002, 1)
(661, 0)
(492292309, 0)
(664, 1)
(494526616, 2)
(667, 0)
(496760923, 0)
(670, 0)
(498995230, 0)
(673, 0)
(501229537, 0)
(676, 2)
(503463844, 2)
(679, 0)
(505698151, 0)
(682, 0)
(507932458, 0)
(685, 0)
(510166765, 0)
(688, 0)
(512401072, 0)
(691, 0)
(514635379, 0)
(694, 2)
(516869686, 1)
(697, 2)
(519103993, 2)
(700, 1)
(521338300, 2)
(703, 2)
(523572607, 2)
(706, 0)
(525806914, 0)
(709, 1)
(528041221, 2)
(712, 2)
(530275528, 1)
(715, 0)
(532509835, 0)
(718, 0)
(534744142, 0)
(721, 1)
(536978449, 2)
(724, 1)
(539212756, 1)
(727, 1)
(541447063, 2)
(730, 0)
(543681370, 0)
(733, 2)
(545915677, 1)
(736, 2)
(548149984, 1)
(739, 0)
(550384291, 0)
(742, 1)
(552618598, 2)
(745, 1)
(554852905, 2)
(748, 0)
(557087212, 0)
(751, 0)
(559321519, 0)
(754, 1)
(561555826, 2)
(757, 1)
(563790133, 2)
(760, 1)
(566024440, 2)
(763, 0)
(568258747, 0)
(766, 0)
(570493054, 0)
(769, 2)
(572727361, 2)
(772, 1)
(574961668, 2)
(775, 0)
(577195975, 0)
(778, 1)
(579430282, 1)
(781, 2)
(581664589, 1)
(784, 0)
(583898896, 0)
(787, 0)
(586133203, 0)
(790, 2)
(588367510, 2)
(793, 2)
(590601817, 1)
(796, 0)
(592836124, 0)
(799, 1)
(595070431, 2)
(802, 0)
(597304738, 0)
(805, 1)
(599539045, 2)
(808, 0)
(601773352, 0)
(811, 0)
(604007659, 0)
(814, 0)
(606241966, 0)
(817, 0)
(608476273, 0)
(820, 2)
(610710580, 1)
(823, 0)
(612944887, 0)
(826, 0)
(615179194, 0)
(829, 1)
(617413501, 2)
(832, 2)
(619647808, 1)
(835, 0)
(621882115, 0)
(838, 1)
(624116422, 2)
(841, 1)
(626350729, 1)
(844, 0)
(628585036, 0)
(847, 2)
(630819343, 1)
(850, 1)
(633053650, 1)
