(1, 2)
(27867841, 2)
(4, 2)
(111471364, 2)
(7, 1)
(195074887, 2)
(10, 1)
(278678410, 1)
(13, 2)
(362281933, 2)
(16, 1)
(445885456, 1)
(19, 0)
(529488979, 0)
(22, 1)
(613092502, 1)
(25, 1)
(696696025, 1)
(28, 1)
(780299548, 2)
(31, 0)
(863903071, 0)
(34, 2)
(947506594, 2)
(37, 2)
(1031110117, 2)
(40, 2)
(1114713640, 2)
(43, 0)
(1198317163, 0)
(46, 2)
(1281920686, 1)
(49, 0)
(1365524209, 0)
(52, 2)
(1449127732, 2)
(55, 1)
(1532731255, 1)
(58, 1)
(1616334778, 1)
(61, 0)
(1699938301, 0)
(64, 2)
(1783541824, 2)
(67, 0)
(1867145347, 0)
(70, 2)
(1950748870, 1)
(73, 1)
(2034352393, 1)
(76, 0)
(2117955916, 0)
(79, 2)
(2201559439, 1)
(82, 2)
(2285162962, 2)
(85, 1)
(2368766485, 1)
(88, 2)
(2452370008, 2)
(91, 0)
(2535973531, 0)
(94, 1)
(2619577054, 1)
(97, 1)
(2703180577, 2)
(100, 1)
(2786784100, 1)
(103, 2)
(2870387623, 1)
(106, 0)
(2953991146, 0)
(109, 0)
(3037594669, 0)
(112, 2)
(3121198192, 1)
(115, 0)
(3204801715, 0)
(118, 0)
(3288405238, 0)
(121, 2)
(3372008761, 2)
(124, 0)
(3455612284, 0)
(127, 2)
(3539215807, 1)
(130, 2)
(3622819330, 2)
(133, 1)
(3706422853, 1)
(136, 1)
(3790026376, 1)
(139, 0)
(3873629899, 0)
(142, 2)
(3957233422, 1)
(145, 2)
(4040836945, 2)
(148, 2)
(4124440468, 2)
(151, 1)
(4208043991, 2)
(154, 1)
(4291647514, 2)
(157, 0)
(4375251037, 0)
(160, 1)
(4458854560, 1)
(163, 0)
(4542458083, 0)
(166, 2)
(4626061606, 2)
(169, 2)
(4709665129, 2)
(172, 0)
(4793268652, 0)
(175, 1)
(4876872175, 2)
(178, 1)
(4960475698, 2)
(181, 1)
(5044079221, 2)
(184, 1)
(5127682744, 2)
(187, 0)
(5211286267, 0)
(190, 2)
(5294889790, 1)
(193, 1)
(5378493313, 2)
(196, 0)
(5462096836, 0)
(199, 0)
(5545700359, 0)
(202, 0)
(5629303882, 0)
(205, 2)
(5712907405, 2)
(208, 1)
(5796510928, 1)
(211, 0)
(5880114451, 0)
(214, 0)
(5963717974, 0)
(217, 2)
(6047321497, 2)
(220, 1)
(6130925020, 1)
(223, 1)
(6214528543, 1)
(226, 1)
(6298132066, 1)
(229, 1)
(6381735589, 1)
(232, 2)
(6465339112, 2)
(235, 0)
(6548942635, 0)
(238, 1)
(6632546158, 2)
(241, 0)
(6716149681, 0)
(244, 0)
(6799753204, 0)
(247, 0)
(6883356727, 0)
(250, 0)
(6966960250, 0)
(253, 1)
(7050563773, 2)
(256, 1)
(7134167296, 1)
(259, 0)
(7217770819, 0)
(262, 0)
(7301374342, 0)
(265, 2)
(7384977865, 1)
(268, 0)
(7468581388, 0)
(271, 2)
(7552184911, 2)
(274, 0)
(7635788434, 0)
(277, 0)
(7719391957, 0)
(280, 1)
(7802995480, 2)
(283, 0)
(7886599003, 0)
(286, 0)
(7970202526, 0)
(289, 1)
(8053806049, 1)
(292, 1)
(8137409572, 1)
(295, 2)
(8221013095, 1)
(298, 0)
(8304616618, 0)
(301, 2)
(8388220141, 1)
(304, 0)
(8471823664, 0)
(307, 0)
(8555427187, 0)
(310, 1)
(8639030710, 2)
(313, 2)
(8722634233, 1)
(316, 2)
(8806237756, 1)
(319, 1)
(8889841279, 1)
(322, 1)
(8973444802, 1)
(325, 2)
(9057048325, 2)
(328, 1)
(9140651848, 1)
(331, 0)
(9224255371, 0)
(334, 0)
(9307858894, 0)
(337, 2)
(9391462417, 2)
(340, 1)
(9475065940, 1)
(343, 2)
(9558669463, 1)
(346, 2)
(9642272986, 2)
(349, 2)
(9725876509, 1)
(352, 1)
(9809480032, 1)
(355, 0)
(9893083555, 0)
(358, 0)
(9976687078, 0)
(361, 0)
(10060290601, 0)
(364, 0)
(10143894124, 0)
(367, 0)
(10227497647, 0)
(370, 0)
(10311101170, 0)
(373, 1)
(10394704693, 2)
(376, 2)
(10478308216, 2)
(379, 0)
(10561911739, 0)
(382, 1)
(10645515262, 1)
(385, 2)
(10729118785, 1)
(388, 1)
(10812722308, 2)
(391, 2)
(10896325831, 1)
(394, 2)
(10979929354, 2)
(397, 0)
(11063532877, 0)
(400, 2)
(11147136400, 2)
(403, 0)
(11230739923, 0)
(406, 2)
(11314343446, 1)
(409, 1)
(11397946969, 2)
(412, 2)
(11481550492, 1)
(415, 1)
(11565154015, 1)
(418, 1)
(11648757538, 2)
(421, 1)
(11732361061, 2)
(424, 0)
(11815964584, 0)
(427, 0)
(11899568107, 0)
(430, 0)
(11983171630, 0)
(433, 0)
(12066775153, 0)
(436, 0)
(12150378676, 0)
(439, 0)
(12233982199, 0)
(442, 1)
(12317585722, 1)
(445, 2)
(12401189245, 1)
(448, 1)
(12484792768, 2)
(451, 0)
(12568396291, 0)
(454, 1)
(12651999814, 1)
(457, 2)
(12735603337, 2)
(460, 0)
(12819206860, 0)
(463, 1)
(12902810383, 1)
(466, 1)
(12986413906, 2)
(469, 1)
(13070017429, 2)
(472, 0)
(13153620952, 0)
(475, 0)
(13237224475, 0)
(478, 1)
(13320827998, 1)
(481, 1)
(13404431521, 1)
(484, 2)
(13488035044, 2)
(487, 1)
(13571638567, 1)
(490, 1)
(13655242090, 1)
(493, 0)
(13738845613, 0)
(496, 0)
(13822449136, 0)
(499, 0)
(13906052659, 0)
(502, 1)
(13989656182, 1)
(505, 2)
(14073259705, 1)
(508, 2)
(14156863228, 1)
(511, 2)
(14240466751, 1)
(514, 2)
(14324070274, 2)
(517, 0)
(14407673797, 0)
(520, 1)
(14491277320, 1)
(523, 0)
(14574880843, 0)
(526, 0)
(14658484366, 0)
(529, 2)
(14742087889, 2)
(532, 1)
(14825691412, 1)
(535, 2)
(14909294935, 1)
(538, 2)
(14992898458, 1)
(541, 1)
(15076501981, 2)
(544, 2)
(15160105504, 2)
(547, 0)
(15243709027, 0)
(550, 1)
(15327312550, 1)
(553, 2)
(15410916073, 2)
(556, 0)
(15494519596, 0)
(559, 1)
(15578123119, 1)
(562, 1)
(15661726642, 2)
(565, 0)
(15745330165, 0)
(568, 1)
(15828933688, 2)
(571, 0)
(15912537211, 0)
(574, 2)
(15996140734, 1)
(577, 2)
(16079744257, 1)
(580, 2)
(16163347780, 2)
(583, 2)
(16246951303, 1)
(586, 0)
(16330554826, 0)
(589, 1)
(16414158349, 1)
(592, 1)
(16497761872, 1)
(595, 0)
(16581365395, 0)
(598, 1)
(16664968918, 2)
(601, 2)
(16748572441, 2)
(604, 1)
(16832175964, 2)
(607, 1)
(16915779487, 2)
(610, 0)
(16999383010, 0)
(613, 1)
(17082986533, 2)
(616, 2)
(17166590056, 1)
(619, 0)
(17250193579, 0)
(622, 0)
(17333797102, 0)
(625, 2)
(17417400625, 2)
(628, 0)
(17501004148, 0)
(631, 1)
(17584607671, 1)
(634, 1)
(17668211194, 1)
(637, 2)
(17751814717, 2)
(640, 2)
(17835418240, 2)
(643, 0)
(17919021763, 0)
(646, 2)
(18002625286, 1)
(649, 2)
(18086228809, 1)
(652, 0)
(18169832332, 0)
(655, 0)
(18253435855, 0)
(658, 1)
(18337039378, 2)
(661, 0)
(18420642901, 0)
(664, 1)
(18504246424, 1)
(667, 0)
(18587849947, 0)
(670, 0)
(18671453470, 0)
(673, 0)
(18755056993, 0)
(676, 2)
(18838660516, 2)
(679, 0)
(18922264039, 0)
(682, 0)
(19005867562, 0)
(685, 0)
(19089471085, 0)
(688, 0)
(19173074608, 0)
(691, 0)
(19256678131, 0)
(694, 2)
(19340281654, 1)
(697, 2)
(19423885177, 2)
(700, 1)
(19507488700, 2)
(703, 2)
(19591092223, 1)
(706, 0)
(19674695746, 0)
(709, 1)
(19758299269, 2)
(712, 2)
(19841902792, 1)
(715, 0)
(19925506315, 0)
(718, 0)
(20009109838, 0)
(721, 1)
(20092713361, 1)
(724, 1)
(20176316884, 2)
(727, 1)
(20259920407, 2)
(730, 0)
(20343523930, 0)
(733, 2)
(20427127453, 2)
(736, 2)
(20510730976, 1)
(739, 0)
(20594334499, 0)
(742, 1)
(20677938022, 1)
(745, 1)
(20761541545, 1)
(748, 0)
(20845145068, 0)
(751, 0)
(20928748591, 0)
(754, 1)
(21012352114, 1)
(757, 1)
(21095955637, 2)
(760, 1)
(21179559160, 2)
(763, 0)
(21263162683, 0)
(766, 0)
(21346766206, 0)
(769, 2)
(21430369729, 1)
(772, 1)
(21513973252, 2)
(775, 0)
(21597576775, 0)
(778, 1)
(21681180298, 2)
(781, 2)
(21764783821, 1)
(784, 0)
(21848387344, 0)
(787, 0)
(21931990867, 0)
(790, 2)
(22015594390, 1)
(793, 2)
(22099197913, 1)
(796, 0)
(22182801436, 0)
(799, 1)
(22266404959, 1)
(802, 0)
(22350008482, 0)
(805, 1)
(22433612005, 1)
(808, 0)
(22517215528, 0)
(811, 0)
(22600819051, 0)
(814, 0)
(22684422574, 0)
(817, 0)
(22768026097, 0)
(820, 2)
(22851629620, 2)
(823, 0)
(22935233143, 0)
(826, 0)
(23018836666, 0)
(829, 1)
(23102440189, 1)
(832, 2)
(23186043712, 2)
(835, 0)
(23269647235, 0)
(838, 1)
(23353250758, 2)
(841, 1)
(23436854281, 1)
(844, 0)
(23520457804, 0)
(847, 2)
(23604061327, 1)
(850, 1)
(23687664850, 1)
