(1, 2)
(6713281, 2)
(4, 2)
(26853124, 2)
(7, 1)
(46992967, 2)
(10, 1)
(67132810, 1)
(13, 2)
(87272653, 2)
(16, 1)
(107412496, 1)
(19, 0)
(127552339, 0)
(22, 1)
(147692182, 1)
(25, 1)
(167832025, 1)
(28, 1)
(187971868, 2)
(31, 0)
(208111711, 0)
(34, 2)
(228251554, 1)
(37, 2)
(248391397, 2)
(40, 2)
(268531240, 2)
(43, 0)
(288671083, 0)
(46, 2)
(308810926, 2)
(49, 0)
(328950769, 0)
(52, 2)
(349090612, 2)
(55, 1)
(369230455, 1)
(58, 1)
(389370298, 2)
(61, 0)
(409510141, 0)
(64, 2)
(429649984, 2)
(67, 0)
(449789827, 0)
(70, 2)
(469929670, 1)
(73, 1)
(490069513, 1)
(76, 0)
(510209356, 0)
(79, 2)
(530349199, 2)
(82, 2)
(550489042, 2)
(85, 1)
(570628885, 2)
(88, 2)
(590768728, 2)
(91, 0)
(610908571, 0)
(94, 1)
(631048414, 2)
(97, 1)
(651188257, 2)
(100, 1)
(671328100, 1)
(103, 2)
(691467943, 1)
(106, 0)
(711607786, 0)
(109, 0)
(731747629, 0)
(112, 2)
(751887472, 1)
(115, 0)
(772027315, 0)
(118, 0)
(792167158, 0)
(121, 2)
(812307001, 2)
(124, 0)
(832446844, 0)
(127, 2)
(852586687, 2)
(130, 2)
(872726530, 2)
(133, 1)
(892866373, 1)
(136, 1)
(913006216, 2)
(139, 0)
(933146059, 0)
(142, 2)
(953285902, 2)
(145, 2)
(973425745, 1)
(148, 2)
(993565588, 2)
(151, 1)
(1013705431, 1)
(154, 1)
(1033845274, 2)
(157, 0)
(1053985117, 0)
(160, 1)
(1074124960, 1)
(163, 0)
(1094264803, 0)
(166, 2)
(1114404646, 2)
(169, 2)
(1134544489, 2)
(172, 0)
(1154684332, 0)
(175, 1)
(1174824175, 2)
(178, 1)
(1194964018, 1)
(181, 1)
(1215103861, 2)
(184, 1)
(1235243704, 1)
(187, 0)
(1255383547, 0)
(190, 2)
(1275523390, 1)
(193, 1)
(1295663233, 2)
(196, 0)
(1315803076, 0)
(199, 0)
(1335942919, 0)
(202, 0)
(1356082762, 0)
(205, 2)
(1376222605, 2)
(208, 1)
(1396362448, 1)
(211, 0)
(1416502291, 0)
(214, 0)
(1436642134, 0)
(217, 2)
(1456781977, 2)
(220, 1)
(1476921820, 1)
(223, 1)
(1497061663, 2)
(226, 1)
(1517201506, 1)
(229, 1)
(1537341349, 2)
(232, 2)
(1557481192, 1)
(235, 0)
(1577621035, 0)
(238, 1)
(1597760878, 1)
(241, 0)
(1617900721, 0)
(244, 0)
(1638040564, 0)
(247, 0)
(1658180407, 0)
(250, 0)
(1678320250, 0)
(253, 1)
(1698460093, 1)
(256, 1)
(1718599936, 1)
(259, 0)
(1738739779, 0)
(262, 0)
(1758879622, 0)
(265, 2)
(1779019465, 2)
(268, 0)
(1799159308, 0)
(271, 2)
(1819299151, 2)
(274, 0)
(1839438994, 0)
(277, 0)
(1859578837, 0)
(280, 1)
(1879718680, 2)
(283, 0)
(1899858523, 0)
(286, 0)
(1919998366, 0)
(289, 1)
(1940138209, 1)
(292, 1)
(1960278052, 1)
(295, 2)
(1980417895, 2)
(298, 0)
(2000557738, 0)
(301, 2)
(2020697581, 2)
(304, 0)
(2040837424, 0)
(307, 0)
(2060977267, 0)
(310, 1)
(2081117110, 2)
(313, 2)
(2101256953, 2)
(316, 2)
(2121396796, 2)
(319, 1)
(2141536639, 2)
(322, 1)
(2161676482, 2)
(325, 2)
(2181816325, 2)
(328, 1)
(2201956168, 1)
(331, 0)
(2222096011, 0)
(334, 0)
(2242235854, 0)
(337, 2)
(2262375697, 1)
(340, 1)
(2282515540, 2)
(343, 2)
(2302655383, 1)
(346, 2)
(2322795226, 2)
(349, 2)
(2342935069, 2)
(352, 1)
(2363074912, 1)
(355, 0)
(2383214755, 0)
(358, 0)
(2403354598, 0)
(361, 0)
(2423494441, 0)
(364, 0)
(2443634284, 0)
(367, 0)
(2463774127, 0)
(370, 0)
(2483913970, 0)
(373, 1)
(2504053813, 2)
(376, 2)
(2524193656, 1)
(379, 0)
(2544333499, 0)
(382, 1)
(2564473342, 2)
(385, 2)
(2584613185, 1)
(388, 1)
(2604753028, 2)
(391, 2)
(2624892871, 1)
(394, 2)
(2645032714, 1)
(397, 0)
(2665172557, 0)
(400, 2)
(2685312400, 2)
(403, 0)
(2705452243, 0)
(406, 2)
(2725592086, 2)
(409, 1)
(2745731929, 1)
(412, 2)
(2765871772, 1)
(415, 1)
(2786011615, 1)
(418, 1)
(2806151458, 2)
(421, 1)
(2826291301, 2)
(424, 0)
(2846431144, 0)
(427, 0)
(2866570987, 0)
(430, 0)
(2886710830, 0)
(433, 0)
(2906850673, 0)
(436, 0)
(2926990516, 0)
(439, 0)
(2947130359, 0)
(442, 1)
(2967270202, 2)
(445, 2)
(2987410045, 2)
(448, 1)
(3007549888, 2)
(451, 0)
(3027689731, 0)
(454, 1)
(3047829574, 1)
(457, 2)
(3067969417, 2)
(460, 0)
(3088109260, 0)
(463, 1)
(3108249103, 2)
(466, 1)
(3128388946, 1)
(469, 1)
(3148528789, 2)
(472, 0)
(3168668632, 0)
(475, 0)
(3188808475, 0)
(478, 1)
(3208948318, 2)
(481, 1)
(3229088161, 1)
(484, 2)
(3249228004, 2)
(487, 1)
(3269367847, 2)
(490, 1)
(3289507690, 1)
(493, 0)
(3309647533, 0)
(496, 0)
(3329787376, 0)
(499, 0)
(3349927219, 0)
(502, 1)
(3370067062, 2)
(505, 2)
(3390206905, 1)
(508, 2)
(3410346748, 2)
(511, 2)
(3430486591, 1)
(514, 2)
(3450626434, 2)
(517, 0)
(3470766277, 0)
(520, 1)
(3490906120, 1)
(523, 0)
(3511045963, 0)
(526, 0)
(3531185806, 0)
(529, 2)
(3551325649, 2)
(532, 1)
(3571465492, 1)
(535, 2)
(3591605335, 1)
(538, 2)
(3611745178, 2)
(541, 1)
(3631885021, 2)
(544, 2)
(3652024864, 1)
(547, 0)
(3672164707, 0)
(550, 1)
(3692304550, 1)
(553, 2)
(3712444393, 1)
(556, 0)
(3732584236, 0)
(559, 1)
(3752724079, 2)
(562, 1)
(3772863922, 1)
(565, 0)
(3793003765, 0)
(568, 1)
(3813143608, 1)
(571, 0)
(3833283451, 0)
(574, 2)
(3853423294, 1)
(577, 2)
(3873563137, 2)
(580, 2)
(3893702980, 1)
(583, 2)
(3913842823, 2)
(586, 0)
(3933982666, 0)
(589, 1)
(3954122509, 1)
(592, 1)
(3974262352, 1)
(595, 0)
(3994402195, 0)
(598, 1)
(4014542038, 1)
(601, 2)
(4034681881, 2)
(604, 1)
(4054821724, 1)
(607, 1)
(4074961567, 1)
(610, 0)
(4095101410, 0)
(613, 1)
(4115241253, 1)
(616, 2)
(4135381096, 1)
(619, 0)
(4155520939, 0)
(622, 0)
(4175660782, 0)
(625, 2)
(4195800625, 2)
(628, 0)
(4215940468, 0)
(631, 1)
(4236080311, 2)
(634, 1)
(4256220154, 2)
(637, 2)
(4276359997, 2)
(640, 2)
(4296499840, 2)
(643, 0)
(4316639683, 0)
(646, 2)
(4336779526, 2)
(649, 2)
(4356919369, 2)
(652, 0)
(4377059212, 0)
(655, 0)
(4397199055, 0)
(658, 1)
(4417338898, 1)
(661, 0)
(4437478741, 0)
(664, 1)
(4457618584, 1)
(667, 0)
(4477758427, 0)
(670, 0)
(4497898270, 0)
(673, 0)
(4518038113, 0)
(676, 2)
(4538177956, 2)
(679, 0)
(4558317799, 0)
(682, 0)
(4578457642, 0)
(685, 0)
(4598597485, 0)
(688, 0)
(4618737328, 0)
(691, 0)
(4638877171, 0)
(694, 2)
(4659017014, 2)
(697, 2)
(4679156857, 1)
(700, 1)
(4699296700, 2)
(703, 2)
(4719436543, 1)
(706, 0)
(4739576386, 0)
(709, 1)
(4759716229, 1)
(712, 2)
(4779856072, 2)
(715, 0)
(4799995915, 0)
(718, 0)
(4820135758, 0)
(721, 1)
(4840275601, 1)
(724, 1)
(4860415444, 2)
(727, 1)
(4880555287, 2)
(730, 0)
(4900695130, 0)
(733, 2)
(4920834973, 1)
(736, 2)
(4940974816, 2)
(739, 0)
(4961114659, 0)
(742, 1)
(4981254502, 2)
(745, 1)
(5001394345, 2)
(748, 0)
(5021534188, 0)
(751, 0)
(5041674031, 0)
(754, 1)
(5061813874, 2)
(757, 1)
(5081953717, 2)
(760, 1)
(5102093560, 2)
(763, 0)
(5122233403, 0)
(766, 0)
(5142373246, 0)
(769, 2)
(5162513089, 1)
(772, 1)
(5182652932, 2)
(775, 0)
(5202792775, 0)
(778, 1)
(5222932618, 2)
(781, 2)
(5243072461, 2)
(784, 0)
(5263212304, 0)
(787, 0)
(5283352147, 0)
(790, 2)
(5303491990, 2)
(793, 2)
(5323631833, 1)
(796, 0)
(5343771676, 0)
(799, 1)
(5363911519, 1)
(802, 0)
(5384051362, 0)
(805, 1)
(5404191205, 2)
(808, 0)
(5424331048, 0)
(811, 0)
(5444470891, 0)
(814, 0)
(5464610734, 0)
(817, 0)
(5484750577, 0)
(820, 2)
(5504890420, 2)
(823, 0)
(5525030263, 0)
(826, 0)
(5545170106, 0)
(829, 1)
(5565309949, 2)
(832, 2)
(5585449792, 2)
(835, 0)
(5605589635, 0)
(838, 1)
(5625729478, 1)
(841, 1)
(5645869321, 1)
(844, 0)
(5666009164, 0)
(847, 2)
(5686149007, 1)
(850, 1)
(5706288850, 2)
