(1, 2)
(22118209, 2)
(4, 2)
(88472836, 2)
(7, 1)
(154827463, 1)
(10, 1)
(221182090, 2)
(13, 2)
(287536717, 2)
(16, 1)
(353891344, 1)
(19, 0)
(420245971, 0)
(22, 1)
(486600598, 1)
(25, 1)
(552955225, 1)
(28, 1)
(619309852, 1)
(31, 0)
(685664479, 0)
(34, 2)
(752019106, 1)
(37, 2)
(818373733, 2)
(40, 2)
(884728360, 1)
(43, 0)
(951082987, 0)
(46, 2)
(1017437614, 2)
(49, 0)
(1083792241, 0)
(52, 2)
(1150146868, 2)
(55, 1)
(1216501495, 2)
(58, 1)
(1282856122, 1)
(61, 0)
(1349210749, 0)
(64, 2)
(1415565376, 2)
(67, 0)
(1481920003, 0)
(70, 2)
(1548274630, 1)
(73, 1)
(1614629257, 2)
(76, 0)
(1680983884, 0)
(79, 2)
(1747338511, 1)
(82, 2)
(1813693138, 1)
(85, 1)
(1880047765, 1)
(88, 2)
(1946402392, 2)
(91, 0)
(2012757019, 0)
(94, 1)
(2079111646, 2)
(97, 1)
(2145466273, 1)
(100, 1)
(2211820900, 1)
(103, 2)
(2278175527, 1)
(106, 0)
(2344530154, 0)
(109, 0)
(2410884781, 0)
(112, 2)
(2477239408, 2)
(115, 0)
(2543594035, 0)
(118, 0)
(2609948662, 0)
(121, 2)
(2676303289, 2)
(124, 0)
(2742657916, 0)
(127, 2)
(2809012543, 1)
(130, 2)
(2875367170, 1)
(133, 1)
(2941721797, 1)
(136, 1)
(3008076424, 2)
(139, 0)
(3074431051, 0)
(142, 2)
(3140785678, 2)
(145, 2)
(3207140305, 1)
(148, 2)
(3273494932, 2)
(151, 1)
(3339849559, 2)
(154, 1)
(3406204186, 1)
(157, 0)
(3472558813, 0)
(160, 1)
(3538913440, 2)
(163, 0)
(3605268067, 0)
(166, 2)
(3671622694, 2)
(169, 2)
(3737977321, 2)
(172, 0)
(3804331948, 0)
(175, 1)
(3870686575, 1)
(178, 1)
(3937041202, 2)
(181, 1)
(4003395829, 1)
(184, 1)
(4069750456, 1)
(187, 0)
(4136105083, 0)
(190, 2)
(4202459710, 1)
(193, 1)
(4268814337, 2)
(196, 0)
(4335168964, 0)
(199, 0)
(4401523591, 0)
(202, 0)
(4467878218, 0)
(205, 2)
(4534232845, 2)
(208, 1)
(4600587472, 1)
(211, 0)
(4666942099, 0)
(214, 0)
(4733296726, 0)
(217, 2)
(4799651353, 2)
(220, 1)
(4866005980, 2)
(223, 1)
(4932360607, 1)
(226, 1)
(4998715234, 2)
(229, 1)
(5065069861, 2)
(232, 2)
(5131424488, 2)
(235, 0)
(5197779115, 0)
(238, 1)
(5264133742, 2)
(241, 0)
(5330488369, 0)
(244, 0)
(5396842996, 0)
(247, 0)
(5463197623, 0)
(250, 0)
(5529552250, 0)
(253, 1)
(5595906877, 1)
(256, 1)
(5662261504, 1)
(259, 0)
(5728616131, 0)
(262, 0)
(5794970758, 0)
(265, 2)
(5861325385, 2)
(268, 0)
(5927680012, 0)
(271, 2)
(5994034639, 2)
(274, 0)
(6060389266, 0)
(277, 0)
(6126743893, 0)
(280, 1)
(6193098520, 2)
(283, 0)
(6259453147, 0)
(286, 0)
(6325807774, 0)
(289, 1)
(6392162401, 1)
(292, 1)
(6458517028, 2)
(295, 2)
(6524871655, 1)
(298, 0)
(6591226282, 0)
(301, 2)
(6657580909, 1)
(304, 0)
(6723935536, 0)
(307, 0)
(6790290163, 0)
(310, 1)
(6856644790, 2)
(313, 2)
(6922999417, 2)
(316, 2)
(6989354044, 1)
(319, 1)
(7055708671, 1)
(322, 1)
(7122063298, 1)
(325, 2)
(7188417925, 2)
(328, 1)
(7254772552, 2)
(331, 0)
(7321127179, 0)
(334, 0)
(7387481806, 0)
(337, 2)
(7453836433, 1)
(340, 1)
(7520191060, 1)
(343, 2)
(7586545687, 2)
(346, 2)
(7652900314, 1)
(349, 2)
(7719254941, 1)
(352, 1)
(7785609568, 1)
(355, 0)
(7851964195, 0)
(358, 0)
(7918318822, 0)
(361, 0)
(7984673449, 0)
(364, 0)
(8051028076, 0)
(367, 0)
(8117382703, 0)
(370, 0)
(8183737330, 0)
(373, 1)
(8250091957, 2)
(376, 2)
(8316446584, 1)
(379, 0)
(8382801211, 0)
(382, 1)
(8449155838, 1)
(385, 2)
(8515510465, 1)
(388, 1)
(8581865092, 1)
(391, 2)
(8648219719, 1)
(394, 2)
(8714574346, 2)
(397, 0)
(8780928973, 0)
(400, 2)
(8847283600, 2)
(403, 0)
(8913638227, 0)
(406, 2)
(8979992854, 2)
(409, 1)
(9046347481, 1)
(412, 2)
(9112702108, 1)
(415, 1)
(9179056735, 2)
(418, 1)
(9245411362, 1)
(421, 1)
(9311765989, 2)
(424, 0)
(9378120616, 0)
(427, 0)
(9444475243, 0)
(430, 0)
(9510829870, 0)
(433, 0)
(9577184497, 0)
(436, 0)
(9643539124, 0)
(439, 0)
(9709893751, 0)
(442, 1)
(9776248378, 2)
(445, 2)
(9842603005, 2)
(448, 1)
(9908957632, 1)
(451, 0)
(9975312259, 0)
(454, 1)
(10041666886, 1)
(457, 2)
(10108021513, 2)
(460, 0)
(10174376140, 0)
(463, 1)
(10240730767, 2)
(466, 1)
(10307085394, 2)
(469, 1)
(10373440021, 1)
(472, 0)
(10439794648, 0)
(475, 0)
(10506149275, 0)
(478, 1)
(10572503902, 2)
(481, 1)
(10638858529, 1)
(484, 2)
(10705213156, 2)
(487, 1)
(10771567783, 1)
(490, 1)
(10837922410, 2)
(493, 0)
(10904277037, 0)
(496, 0)
(10970631664, 0)
(499, 0)
(11036986291, 0)
(502, 1)
(11103340918, 1)
(505, 2)
(11169695545, 2)
(508, 2)
(11236050172, 1)
(511, 2)
(11302404799, 1)
(514, 2)
(11368759426, 1)
(517, 0)
(11435114053, 0)
(520, 1)
(11501468680, 2)
(523, 0)
(11567823307, 0)
(526, 0)
(11634177934, 0)
(529, 2)
(11700532561, 2)
(532, 1)
(11766887188, 1)
(535, 2)
(11833241815, 2)
(538, 2)
(11899596442, 1)
(541, 1)
(11965951069, 1)
(544, 2)
(12032305696, 1)
(547, 0)
(12098660323, 0)
(550, 1)
(12165014950, 1)
(553, 2)
(12231369577, 1)
(556, 0)
(12297724204, 0)
(559, 1)
(12364078831, 2)
(562, 1)
(12430433458, 2)
(565, 0)
(12496788085, 0)
(568, 1)
(12563142712, 1)
(571, 0)
(12629497339, 0)
(574, 2)
(12695851966, 1)
(577, 2)
(12762206593, 1)
(580, 2)
(12828561220, 1)
(583, 2)
(12894915847, 1)
(586, 0)
(12961270474, 0)
(589, 1)
(13027625101, 1)
(592, 1)
(13093979728, 1)
(595, 0)
(13160334355, 0)
(598, 1)
(13226688982, 1)
(601, 2)
(13293043609, 1)
(604, 1)
(13359398236, 2)
(607, 1)
(13425752863, 2)
(610, 0)
(13492107490, 0)
(613, 1)
(13558462117, 1)
(616, 2)
(13624816744, 2)
(619, 0)
(13691171371, 0)
(622, 0)
(13757525998, 0)
(625, 2)
(13823880625, 2)
(628, 0)
(13890235252, 0)
(631, 1)
(13956589879, 2)
(634, 1)
(14022944506, 2)
(637, 2)
(14089299133, 2)
(640, 2)
(14155653760, 1)
(643, 0)
(14222008387, 0)
(646, 2)
(14288363014, 1)
(649, 2)
(14354717641, 2)
(652, 0)
(14421072268, 0)
(655, 0)
(14487426895, 0)
(658, 1)
(14553781522, 2)
(661, 0)
(14620136149, 0)
(664, 1)
(14686490776, 1)
(667, 0)
(14752845403, 0)
(670, 0)
(14819200030, 0)
(673, 0)
(14885554657, 0)
(676, 2)
(14951909284, 2)
(679, 0)
(15018263911, 0)
(682, 0)
(15084618538, 0)
(685, 0)
(15150973165, 0)
(688, 0)
(15217327792, 0)
(691, 0)
(15283682419, 0)
(694, 2)
(15350037046, 1)
(697, 2)
(15416391673, 2)
(700, 1)
(15482746300, 1)
(703, 2)
(15549100927, 2)
(706, 0)
(15615455554, 0)
(709, 1)
(15681810181, 2)
(712, 2)
(15748164808, 1)
(715, 0)
(15814519435, 0)
(718, 0)
(15880874062, 0)
(721, 1)
(15947228689, 2)
(724, 1)
(16013583316, 1)
(727, 1)
(16079937943, 2)
(730, 0)
(16146292570, 0)
(733, 2)
(16212647197, 1)
(736, 2)
(16279001824, 2)
(739, 0)
(16345356451, 0)
(742, 1)
(16411711078, 2)
(745, 1)
(16478065705, 1)
(748, 0)
(16544420332, 0)
(751, 0)
(16610774959, 0)
(754, 1)
(16677129586, 1)
(757, 1)
(16743484213, 2)
(760, 1)
(16809838840, 2)
(763, 0)
(16876193467, 0)
(766, 0)
(16942548094, 0)
(769, 2)
(17008902721, 2)
(772, 1)
(17075257348, 2)
(775, 0)
(17141611975, 0)
(778, 1)
(17207966602, 1)
(781, 2)
(17274321229, 2)
(784, 0)
(17340675856, 0)
(787, 0)
(17407030483, 0)
(790, 2)
(17473385110, 2)
(793, 2)
(17539739737, 1)
(796, 0)
(17606094364, 0)
(799, 1)
(17672448991, 1)
(802, 0)
(17738803618, 0)
(805, 1)
(17805158245, 2)
(808, 0)
(17871512872, 0)
(811, 0)
(17937867499, 0)
(814, 0)
(18004222126, 0)
(817, 0)
(18070576753, 0)
(820, 2)
(18136931380, 2)
(823, 0)
(18203286007, 0)
(826, 0)
(18269640634, 0)
(829, 1)
(18335995261, 1)
(832, 2)
(18402349888, 2)
(835, 0)
(18468704515, 0)
(838, 1)
(18535059142, 1)
(841, 1)
(18601413769, 1)
(844, 0)
(18667768396, 0)
(847, 2)
(18734123023, 2)
(850, 1)
(18800477650, 2)
