(1, 2)
(19918369, 2)
(4, 2)
(79673476, 2)
(7, 1)
(139428583, 2)
(10, 1)
(199183690, 2)
(13, 2)
(258938797, 2)
(16, 1)
(318693904, 1)
(19, 0)
(378449011, 0)
(22, 1)
(438204118, 1)
(25, 1)
(497959225, 1)
(28, 1)
(557714332, 2)
(31, 0)
(617469439, 0)
(34, 2)
(677224546, 2)
(37, 2)
(736979653, 1)
(40, 2)
(796734760, 1)
(43, 0)
(856489867, 0)
(46, 2)
(916244974, 1)
(49, 0)
(976000081, 0)
(52, 2)
(1035755188, 2)
(55, 1)
(1095510295, 2)
(58, 1)
(1155265402, 2)
(61, 0)
(1215020509, 0)
(64, 2)
(1274775616, 2)
(67, 0)
(1334530723, 0)
(70, 2)
(1394285830, 2)
(73, 1)
(1454040937, 2)
(76, 0)
(1513796044, 0)
(79, 2)
(1573551151, 2)
(82, 2)
(1633306258, 1)
(85, 1)
(1693061365, 2)
(88, 2)
(1752816472, 2)
(91, 0)
(1812571579, 0)
(94, 1)
(1872326686, 1)
(97, 1)
(1932081793, 1)
(100, 1)
(1991836900, 1)
(103, 2)
(2051592007, 1)
(106, 0)
(2111347114, 0)
(109, 0)
(2171102221, 0)
(112, 2)
(2230857328, 1)
(115, 0)
(2290612435, 0)
(118, 0)
(2350367542, 0)
(121, 2)
(2410122649, 2)
(124, 0)
(2469877756, 0)
(127, 2)
(2529632863, 1)
(130, 2)
(2589387970, 1)
(133, 1)
(2649143077, 1)
(136, 1)
(2708898184, 1)
(139, 0)
(2768653291, 0)
(142, 2)
(2828408398, 2)
(145, 2)
(2888163505, 2)
(148, 2)
(2947918612, 1)
(151, 1)
(3007673719, 2)
(154, 1)
(3067428826, 2)
(157, 0)
(3127183933, 0)
(160, 1)
(3186939040, 2)
(163, 0)
(3246694147, 0)
(166, 2)
(3306449254, 1)
(169, 2)
(3366204361, 2)
(172, 0)
(3425959468, 0)
(175, 1)
(3485714575, 2)
(178, 1)
(3545469682, 2)
(181, 1)
(3605224789, 1)
(184, 1)
(3664979896, 2)
(187, 0)
(3724735003, 0)
(190, 2)
(3784490110, 2)
(193, 1)
(3844245217, 1)
(196, 0)
(3904000324, 0)
(199, 0)
(3963755431, 0)
(202, 0)
(4023510538, 0)
(205, 2)
(4083265645, 2)
(208, 1)
(4143020752, 1)
(211, 0)
(4202775859, 0)
(214, 0)
(4262530966, 0)
(217, 2)
(4322286073, 1)
(220, 1)
(4382041180, 2)
(223, 1)
(4441796287, 1)
(226, 1)
(4501551394, 1)
(229, 1)
(4561306501, 2)
(232, 2)
(4621061608, 1)
(235, 0)
(4680816715, 0)
(238, 1)
(4740571822, 2)
(241, 0)
(4800326929, 0)
(244, 0)
(4860082036, 0)
(247, 0)
(4919837143, 0)
(250, 0)
(4979592250, 0)
(253, 1)
(5039347357, 2)
(256, 1)
(5099102464, 1)
(259, 0)
(5158857571, 0)
(262, 0)
(5218612678, 0)
(265, 2)
(5278367785, 1)
(268, 0)
(5338122892, 0)
(271, 2)
(5397877999, 2)
(274, 0)
(5457633106, 0)
(277, 0)
(5517388213, 0)
(280, 1)
(5577143320, 1)
(283, 0)
(5636898427, 0)
(286, 0)
(5696653534, 0)
(289, 1)
(5756408641, 1)
(292, 1)
(5816163748, 2)
(295, 2)
(5875918855, 1)
(298, 0)
(5935673962, 0)
(301, 2)
(5995429069, 1)
(304, 0)
(6055184176, 0)
(307, 0)
(6114939283, 0)
(310, 1)
(6174694390, 2)
(313, 2)
(6234449497, 2)
(316, 2)
(6294204604, 2)
(319, 1)
(6353959711, 2)
(322, 1)
(6413714818, 1)
(325, 2)
(6473469925, 2)
(328, 1)
(6533225032, 2)
(331, 0)
(6592980139, 0)
(334, 0)
(6652735246, 0)
(337, 2)
(6712490353, 2)
(340, 1)
(6772245460, 2)
(343, 2)
(6832000567, 1)
(346, 2)
(6891755674, 2)
(349, 2)
(6951510781, 1)
(352, 1)
(7011265888, 1)
(355, 0)
(7071020995, 0)
(358, 0)
(7130776102, 0)
(361, 0)
(7190531209, 0)
(364, 0)
(7250286316, 0)
(367, 0)
(7310041423, 0)
(370, 0)
(7369796530, 0)
(373, 1)
(7429551637, 1)
(376, 2)
(7489306744, 2)
(379, 0)
(7549061851, 0)
(382, 1)
(7608816958, 1)
(385, 2)
(7668572065, 2)
(388, 1)
(7728327172, 1)
(391, 2)
(7788082279, 1)
(394, 2)
(7847837386, 1)
(397, 0)
(7907592493, 0)
(400, 2)
(7967347600, 2)
(403, 0)
(8027102707, 0)
(406, 2)
(8086857814, 2)
(409, 1)
(8146612921, 1)
(412, 2)
(8206368028, 1)
(415, 1)
(8266123135, 1)
(418, 1)
(8325878242, 2)
(421, 1)
(8385633349, 2)
(424, 0)
(8445388456, 0)
(427, 0)
(8505143563, 0)
(430, 0)
(8564898670, 0)
(433, 0)
(8624653777, 0)
(436, 0)
(8684408884, 0)
(439, 0)
(8744163991, 0)
(442, 1)
(8803919098, 1)
(445, 2)
(8863674205, 2)
(448, 1)
(8923429312, 2)
(451, 0)
(8983184419, 0)
(454, 1)
(9042939526, 1)
(457, 2)
(9102694633, 2)
(460, 0)
(9162449740, 0)
(463, 1)
(9222204847, 1)
(466, 1)
(9281959954, 1)
(469, 1)
(9341715061, 2)
(472, 0)
(9401470168, 0)
(475, 0)
(9461225275, 0)
(478, 1)
(9520980382, 2)
(481, 1)
(9580735489, 2)
(484, 2)
(9640490596, 2)
(487, 1)
(9700245703, 1)
(490, 1)
(9760000810, 2)
(493, 0)
(9819755917, 0)
(496, 0)
(9879511024, 0)
(499, 0)
(9939266131, 0)
(502, 1)
(9999021238, 2)
(505, 2)
(10058776345, 1)
(508, 2)
(10118531452, 1)
(511, 2)
(10178286559, 2)
(514, 2)
(10238041666, 1)
(517, 0)
(10297796773, 0)
(520, 1)
(10357551880, 2)
(523, 0)
(10417306987, 0)
(526, 0)
(10477062094, 0)
(529, 2)
(10536817201, 2)
(532, 1)
(10596572308, 1)
(535, 2)
(10656327415, 2)
(538, 2)
(10716082522, 1)
(541, 1)
(10775837629, 1)
(544, 2)
(10835592736, 2)
(547, 0)
(10895347843, 0)
(550, 1)
(10955102950, 1)
(553, 2)
(11014858057, 1)
(556, 0)
(11074613164, 0)
(559, 1)
(11134368271, 1)
(562, 1)
(11194123378, 1)
(565, 0)
(11253878485, 0)
(568, 1)
(11313633592, 1)
(571, 0)
(11373388699, 0)
(574, 2)
(11433143806, 2)
(577, 2)
(11492898913, 2)
(580, 2)
(11552654020, 2)
(583, 2)
(11612409127, 2)
(586, 0)
(11672164234, 0)
(589, 1)
(11731919341, 2)
(592, 1)
(11791674448, 2)
(595, 0)
(11851429555, 0)
(598, 1)
(11911184662, 2)
(601, 2)
(11970939769, 2)
(604, 1)
(12030694876, 2)
(607, 1)
(12090449983, 2)
(610, 0)
(12150205090, 0)
(613, 1)
(12209960197, 1)
(616, 2)
(12269715304, 1)
(619, 0)
(12329470411, 0)
(622, 0)
(12389225518, 0)
(625, 2)
(12448980625, 2)
(628, 0)
(12508735732, 0)
(631, 1)
(12568490839, 2)
(634, 1)
(12628245946, 1)
(637, 2)
(12688001053, 2)
(640, 2)
(12747756160, 1)
(643, 0)
(12807511267, 0)
(646, 2)
(12867266374, 1)
(649, 2)
(12927021481, 2)
(652, 0)
(12986776588, 0)
(655, 0)
(13046531695, 0)
(658, 1)
(13106286802, 2)
(661, 0)
(13166041909, 0)
(664, 1)
(13225797016, 2)
(667, 0)
(13285552123, 0)
(670, 0)
(13345307230, 0)
(673, 0)
(13405062337, 0)
(676, 2)
(13464817444, 2)
(679, 0)
(13524572551, 0)
(682, 0)
(13584327658, 0)
(685, 0)
(13644082765, 0)
(688, 0)
(13703837872, 0)
(691, 0)
(13763592979, 0)
(694, 2)
(13823348086, 2)
(697, 2)
(13883103193, 1)
(700, 1)
(13942858300, 2)
(703, 2)
(14002613407, 2)
(706, 0)
(14062368514, 0)
(709, 1)
(14122123621, 1)
(712, 2)
(14181878728, 1)
(715, 0)
(14241633835, 0)
(718, 0)
(14301388942, 0)
(721, 1)
(14361144049, 1)
(724, 1)
(14420899156, 1)
(727, 1)
(14480654263, 2)
(730, 0)
(14540409370, 0)
(733, 2)
(14600164477, 2)
(736, 2)
(14659919584, 1)
(739, 0)
(14719674691, 0)
(742, 1)
(14779429798, 2)
(745, 1)
(14839184905, 2)
(748, 0)
(14898940012, 0)
(751, 0)
(14958695119, 0)
(754, 1)
(15018450226, 2)
(757, 1)
(15078205333, 1)
(760, 1)
(15137960440, 1)
(763, 0)
(15197715547, 0)
(766, 0)
(15257470654, 0)
(769, 2)
(15317225761, 1)
(772, 1)
(15376980868, 1)
(775, 0)
(15436735975, 0)
(778, 1)
(15496491082, 1)
(781, 2)
(15556246189, 2)
(784, 0)
(15616001296, 0)
(787, 0)
(15675756403, 0)
(790, 2)
(15735511510, 1)
(793, 2)
(15795266617, 1)
(796, 0)
(15855021724, 0)
(799, 1)
(15914776831, 1)
(802, 0)
(15974531938, 0)
(805, 1)
(16034287045, 2)
(808, 0)
(16094042152, 0)
(811, 0)
(16153797259, 0)
(814, 0)
(16213552366, 0)
(817, 0)
(16273307473, 0)
(820, 2)
(16333062580, 2)
(823, 0)
(16392817687, 0)
(826, 0)
(16452572794, 0)
(829, 1)
(16512327901, 1)
(832, 2)
(16572083008, 2)
(835, 0)
(16631838115, 0)
(838, 1)
(16691593222, 2)
(841, 1)
(16751348329, 1)
(844, 0)
(16811103436, 0)
(847, 2)
(16870858543, 1)
(850, 1)
(16930613650, 1)
