(1, 2)
(48427681, 2)
(4, 2)
(193710724, 2)
(7, 1)
(338993767, 2)
(10, 1)
(484276810, 1)
(13, 2)
(629559853, 2)
(16, 1)
(774842896, 1)
(19, 0)
(920125939, 0)
(22, 1)
(1065408982, 1)
(25, 1)
(1210692025, 1)
(28, 1)
(1355975068, 2)
(31, 0)
(1501258111, 0)
(34, 2)
(1646541154, 1)
(37, 2)
(1791824197, 2)
(40, 2)
(1937107240, 2)
(43, 0)
(2082390283, 0)
(46, 2)
(2227673326, 1)
(49, 0)
(2372956369, 0)
(52, 2)
(2518239412, 2)
(55, 1)
(2663522455, 1)
(58, 1)
(2808805498, 1)
(61, 0)
(2954088541, 0)
(64, 2)
(3099371584, 2)
(67, 0)
(3244654627, 0)
(70, 2)
(3389937670, 1)
(73, 1)
(3535220713, 1)
(76, 0)
(3680503756, 0)
(79, 2)
(3825786799, 2)
(82, 2)
(3971069842, 1)
(85, 1)
(4116352885, 2)
(88, 2)
(4261635928, 2)
(91, 0)
(4406918971, 0)
(94, 1)
(4552202014, 2)
(97, 1)
(4697485057, 1)
(100, 1)
(4842768100, 1)
(103, 2)
(4988051143, 1)
(106, 0)
(5133334186, 0)
(109, 0)
(5278617229, 0)
(112, 2)
(5423900272, 1)
(115, 0)
(5569183315, 0)
(118, 0)
(5714466358, 0)
(121, 2)
(5859749401, 2)
(124, 0)
(6005032444, 0)
(127, 2)
(6150315487, 2)
(130, 2)
(6295598530, 2)
(133, 1)
(6440881573, 1)
(136, 1)
(6586164616, 2)
(139, 0)
(6731447659, 0)
(142, 2)
(6876730702, 1)
(145, 2)
(7022013745, 2)
(148, 2)
(7167296788, 2)
(151, 1)
(7312579831, 1)
(154, 1)
(7457862874, 2)
(157, 0)
(7603145917, 0)
(160, 1)
(7748428960, 1)
(163, 0)
(7893712003, 0)
(166, 2)
(8038995046, 1)
(169, 2)
(8184278089, 2)
(172, 0)
(8329561132, 0)
(175, 1)
(8474844175, 2)
(178, 1)
(8620127218, 1)
(181, 1)
(8765410261, 1)
(184, 1)
(8910693304, 2)
(187, 0)
(9055976347, 0)
(190, 2)
(9201259390, 1)
(193, 1)
(9346542433, 2)
(196, 0)
(9491825476, 0)
(199, 0)
(9637108519, 0)
(202, 0)
(9782391562, 0)
(205, 2)
(9927674605, 1)
(208, 1)
(10072957648, 1)
(211, 0)
(10218240691, 0)
(214, 0)
(10363523734, 0)
(217, 2)
(10508806777, 1)
(220, 1)
(10654089820, 1)
(223, 1)
(10799372863, 1)
(226, 1)
(10944655906, 2)
(229, 1)
(11089938949, 2)
(232, 2)
(11235221992, 2)
(235, 0)
(11380505035, 0)
(238, 1)
(11525788078, 1)
(241, 0)
(11671071121, 0)
(244, 0)
(11816354164, 0)
(247, 0)
(11961637207, 0)
(250, 0)
(12106920250, 0)
(253, 1)
(12252203293, 2)
(256, 1)
(12397486336, 1)
(259, 0)
(12542769379, 0)
(262, 0)
(12688052422, 0)
(265, 2)
(12833335465, 2)
(268, 0)
(12978618508, 0)
(271, 2)
(13123901551, 2)
(274, 0)
(13269184594, 0)
(277, 0)
(13414467637, 0)
(280, 1)
(13559750680, 2)
(283, 0)
(13705033723, 0)
(286, 0)
(13850316766, 0)
(289, 1)
(13995599809, 1)
(292, 1)
(14140882852, 1)
(295, 2)
(14286165895, 2)
(298, 0)
(14431448938, 0)
(301, 2)
(14576731981, 2)
(304, 0)
(14722015024, 0)
(307, 0)
(14867298067, 0)
(310, 1)
(15012581110, 1)
(313, 2)
(15157864153, 1)
(316, 2)
(15303147196, 2)
(319, 1)
(15448430239, 1)
(322, 1)
(15593713282, 1)
(325, 2)
(15738996325, 2)
(328, 1)
(15884279368, 2)
(331, 0)
(16029562411, 0)
(334, 0)
(16174845454, 0)
(337, 2)
(16320128497, 1)
(340, 1)
(16465411540, 2)
(343, 2)
(16610694583, 1)
(346, 2)
(16755977626, 1)
(349, 2)
(16901260669, 1)
(352, 1)
(17046543712, 1)
(355, 0)
(17191826755, 0)
(358, 0)
(17337109798, 0)
(361, 0)
(17482392841, 0)
(364, 0)
(17627675884, 0)
(367, 0)
(17772958927, 0)
(370, 0)
(17918241970, 0)
(373, 1)
(18063525013, 2)
(376, 2)
(18208808056, 1)
(379, 0)
(18354091099, 0)
(382, 1)
(18499374142, 1)
(385, 2)
(18644657185, 1)
(388, 1)
(18789940228, 1)
(391, 2)
(18935223271, 2)
(394, 2)
(19080506314, 2)
(397, 0)
(19225789357, 0)
(400, 2)
(19371072400, 2)
(403, 0)
(19516355443, 0)
(406, 2)
(19661638486, 1)
(409, 1)
(19806921529, 1)
(412, 2)
(19952204572, 1)
(415, 1)
(20097487615, 2)
(418, 1)
(20242770658, 2)
(421, 1)
(20388053701, 2)
(424, 0)
(20533336744, 0)
(427, 0)
(20678619787, 0)
(430, 0)
(20823902830, 0)
(433, 0)
(20969185873, 0)
(436, 0)
(21114468916, 0)
(439, 0)
(21259751959, 0)
(442, 1)
(21405035002, 2)
(445, 2)
(21550318045, 2)
(448, 1)
(21695601088, 2)
(451, 0)
(21840884131, 0)
(454, 1)
(21986167174, 1)
(457, 2)
(22131450217, 1)
(460, 0)
(22276733260, 0)
(463, 1)
(22422016303, 1)
(466, 1)
(22567299346, 1)
(469, 1)
(22712582389, 2)
(472, 0)
(22857865432, 0)
(475, 0)
(23003148475, 0)
(478, 1)
(23148431518, 1)
(481, 1)
(23293714561, 1)
(484, 2)
(23438997604, 2)
(487, 1)
(23584280647, 2)
(490, 1)
(23729563690, 1)
(493, 0)
(23874846733, 0)
(496, 0)
(24020129776, 0)
(499, 0)
(24165412819, 0)
(502, 1)
(24310695862, 1)
(505, 2)
(24455978905, 1)
(508, 2)
(24601261948, 2)
(511, 2)
(24746544991, 1)
(514, 2)
(24891828034, 1)
(517, 0)
(25037111077, 0)
(520, 1)
(25182394120, 1)
(523, 0)
(25327677163, 0)
(526, 0)
(25472960206, 0)
(529, 2)
(25618243249, 2)
(532, 1)
(25763526292, 1)
(535, 2)
(25908809335, 1)
(538, 2)
(26054092378, 1)
(541, 1)
(26199375421, 1)
(544, 2)
(26344658464, 1)
(547, 0)
(26489941507, 0)
(550, 1)
(26635224550, 1)
(553, 2)
(26780507593, 1)
(556, 0)
(26925790636, 0)
(559, 1)
(27071073679, 2)
(562, 1)
(27216356722, 1)
(565, 0)
(27361639765, 0)
(568, 1)
(27506922808, 2)
(571, 0)
(27652205851, 0)
(574, 2)
(27797488894, 2)
(577, 2)
(27942771937, 2)
(580, 2)
(28088054980, 2)
(583, 2)
(28233338023, 2)
(586, 0)
(28378621066, 0)
(589, 1)
(28523904109, 2)
(592, 1)
(28669187152, 1)
(595, 0)
(28814470195, 0)
(598, 1)
(28959753238, 2)
(601, 2)
(29105036281, 1)
(604, 1)
(29250319324, 1)
(607, 1)
(29395602367, 1)
(610, 0)
(29540885410, 0)
(613, 1)
(29686168453, 2)
(616, 2)
(29831451496, 1)
(619, 0)
(29976734539, 0)
(622, 0)
(30122017582, 0)
(625, 2)
(30267300625, 2)
(628, 0)
(30412583668, 0)
(631, 1)
(30557866711, 2)
(634, 1)
(30703149754, 1)
(637, 2)
(30848432797, 2)
(640, 2)
(30993715840, 2)
(643, 0)
(31138998883, 0)
(646, 2)
(31284281926, 2)
(649, 2)
(31429564969, 2)
(652, 0)
(31574848012, 0)
(655, 0)
(31720131055, 0)
(658, 1)
(31865414098, 1)
(661, 0)
(32010697141, 0)
(664, 1)
(32155980184, 2)
(667, 0)
(32301263227, 0)
(670, 0)
(32446546270, 0)
(673, 0)
(32591829313, 0)
(676, 2)
(32737112356, 2)
(679, 0)
(32882395399, 0)
(682, 0)
(33027678442, 0)
(685, 0)
(33172961485, 0)
(688, 0)
(33318244528, 0)
(691, 0)
(33463527571, 0)
(694, 2)
(33608810614, 2)
(697, 2)
(33754093657, 2)
(700, 1)
(33899376700, 2)
(703, 2)
(34044659743, 1)
(706, 0)
(34189942786, 0)
(709, 1)
(34335225829, 2)
(712, 2)
(34480508872, 2)
(715, 0)
(34625791915, 0)
(718, 0)
(34771074958, 0)
(721, 1)
(34916358001, 1)
(724, 1)
(35061641044, 1)
(727, 1)
(35206924087, 2)
(730, 0)
(35352207130, 0)
(733, 2)
(35497490173, 1)
(736, 2)
(35642773216, 1)
(739, 0)
(35788056259, 0)
(742, 1)
(35933339302, 2)
(745, 1)
(36078622345, 2)
(748, 0)
(36223905388, 0)
(751, 0)
(36369188431, 0)
(754, 1)
(36514471474, 1)
(757, 1)
(36659754517, 2)
(760, 1)
(36805037560, 2)
(763, 0)
(36950320603, 0)
(766, 0)
(37095603646, 0)
(769, 2)
(37240886689, 2)
(772, 1)
(37386169732, 2)
(775, 0)
(37531452775, 0)
(778, 1)
(37676735818, 2)
(781, 2)
(37822018861, 1)
(784, 0)
(37967301904, 0)
(787, 0)
(38112584947, 0)
(790, 2)
(38257867990, 2)
(793, 2)
(38403151033, 2)
(796, 0)
(38548434076, 0)
(799, 1)
(38693717119, 1)
(802, 0)
(38839000162, 0)
(805, 1)
(38984283205, 1)
(808, 0)
(39129566248, 0)
(811, 0)
(39274849291, 0)
(814, 0)
(39420132334, 0)
(817, 0)
(39565415377, 0)
(820, 2)
(39710698420, 1)
(823, 0)
(39855981463, 0)
(826, 0)
(40001264506, 0)
(829, 1)
(40146547549, 1)
(832, 2)
(40291830592, 2)
(835, 0)
(40437113635, 0)
(838, 1)
(40582396678, 1)
(841, 1)
(40727679721, 1)
(844, 0)
(40872962764, 0)
(847, 2)
(41018245807, 1)
(850, 1)
(41163528850, 2)
