(1, 2)
(94926049, 2)
(4, 2)
(379704196, 2)
(7, 1)
(664482343, 1)
(10, 1)
(949260490, 2)
(13, 2)
(1234038637, 1)
(16, 1)
(1518816784, 1)
(19, 0)
(1803594931, 0)
(22, 1)
(2088373078, 1)
(25, 1)
(2373151225, 1)
(28, 1)
(2657929372, 1)
(31, 0)
(2942707519, 0)
(34, 2)
(3227485666, 2)
(37, 2)
(3512263813, 2)
(40, 2)
(3797041960, 1)
(43, 0)
(4081820107, 0)
(46, 2)
(4366598254, 2)
(49, 0)
(4651376401, 0)
(52, 2)
(4936154548, 1)
(55, 1)
(5220932695, 2)
(58, 1)
(5505710842, 1)
(61, 0)
(5790488989, 0)
(64, 2)
(6075267136, 2)
(67, 0)
(6360045283, 0)
(70, 2)
(6644823430, 1)
(73, 1)
(6929601577, 2)
(76, 0)
(7214379724, 0)
(79, 2)
(7499157871, 1)
(82, 2)
(7783936018, 1)
(85, 1)
(8068714165, 2)
(88, 2)
(8353492312, 2)
(91, 0)
(8638270459, 0)
(94, 1)
(8923048606, 2)
(97, 1)
(9207826753, 1)
(100, 1)
(9492604900, 1)
(103, 2)
(9777383047, 1)
(106, 0)
(10062161194, 0)
(109, 0)
(10346939341, 0)
(112, 2)
(10631717488, 2)
(115, 0)
(10916495635, 0)
(118, 0)
(11201273782, 0)
(121, 2)
(11486051929, 2)
(124, 0)
(11770830076, 0)
(127, 2)
(12055608223, 2)
(130, 2)
(12340386370, 2)
(133, 1)
(12625164517, 1)
(136, 1)
(12909942664, 1)
(139, 0)
(13194720811, 0)
(142, 2)
(13479498958, 1)
(145, 2)
(13764277105, 1)
(148, 2)
(14049055252, 2)
(151, 1)
(14333833399, 1)
(154, 1)
(14618611546, 1)
(157, 0)
(14903389693, 0)
(160, 1)
(15188167840, 2)
(163, 0)
(15472945987, 0)
(166, 2)
(15757724134, 2)
(169, 2)
(16042502281, 2)
(172, 0)
(16327280428, 0)
(175, 1)
(16612058575, 1)
(178, 1)
(16896836722, 1)
(181, 1)
(17181614869, 2)
(184, 1)
(17466393016, 1)
(187, 0)
(17751171163, 0)
(190, 2)
(18035949310, 1)
(193, 1)
(18320727457, 1)
(196, 0)
(18605505604, 0)
(199, 0)
(18890283751, 0)
(202, 0)
(19175061898, 0)
(205, 2)
(19459840045, 2)
(208, 1)
(19744618192, 2)
(211, 0)
(20029396339, 0)
(214, 0)
(20314174486, 0)
(217, 2)
(20598952633, 1)
(220, 1)
(20883730780, 2)
(223, 1)
(21168508927, 1)
(226, 1)
(21453287074, 1)
(229, 1)
(21738065221, 1)
(232, 2)
(22022843368, 2)
(235, 0)
(22307621515, 0)
(238, 1)
(22592399662, 1)
(241, 0)
(22877177809, 0)
(244, 0)
(23161955956, 0)
(247, 0)
(23446734103, 0)
(250, 0)
(23731512250, 0)
(253, 1)
(24016290397, 1)
(256, 1)
(24301068544, 1)
(259, 0)
(24585846691, 0)
(262, 0)
(24870624838, 0)
(265, 2)
(25155402985, 1)
(268, 0)
(25440181132, 0)
(271, 2)
(25724959279, 1)
(274, 0)
(26009737426, 0)
(277, 0)
(26294515573, 0)
(280, 1)
(26579293720, 2)
(283, 0)
(26864071867, 0)
(286, 0)
(27148850014, 0)
(289, 1)
(27433628161, 1)
(292, 1)
(27718406308, 2)
(295, 2)
(28003184455, 1)
(298, 0)
(28287962602, 0)
(301, 2)
(28572740749, 1)
(304, 0)
(28857518896, 0)
(307, 0)
(29142297043, 0)
(310, 1)
(29427075190, 1)
(313, 2)
(29711853337, 1)
(316, 2)
(29996631484, 1)
(319, 1)
(30281409631, 1)
(322, 1)
(30566187778, 1)
(325, 2)
(30850965925, 1)
(328, 1)
(31135744072, 2)
(331, 0)
(31420522219, 0)
(334, 0)
(31705300366, 0)
(337, 2)
(31990078513, 1)
(340, 1)
(32274856660, 2)
(343, 2)
(32559634807, 2)
(346, 2)
(32844412954, 2)
(349, 2)
(33129191101, 2)
(352, 1)
(33413969248, 1)
(355, 0)
(33698747395, 0)
(358, 0)
(33983525542, 0)
(361, 0)
(34268303689, 0)
(364, 0)
(34553081836, 0)
(367, 0)
(34837859983, 0)
(370, 0)
(35122638130, 0)
(373, 1)
(35407416277, 2)
(376, 2)
(35692194424, 1)
(379, 0)
(35976972571, 0)
(382, 1)
(36261750718, 2)
(385, 2)
(36546528865, 1)
(388, 1)
(36831307012, 1)
(391, 2)
(37116085159, 2)
(394, 2)
(37400863306, 2)
(397, 0)
(37685641453, 0)
(400, 2)
(37970419600, 2)
(403, 0)
(38255197747, 0)
(406, 2)
(38539975894, 2)
(409, 1)
(38824754041, 2)
(412, 2)
(39109532188, 1)
(415, 1)
(39394310335, 2)
(418, 1)
(39679088482, 1)
(421, 1)
(39963866629, 1)
(424, 0)
(40248644776, 0)
(427, 0)
(40533422923, 0)
(430, 0)
(40818201070, 0)
(433, 0)
(41102979217, 0)
(436, 0)
(41387757364, 0)
(439, 0)
(41672535511, 0)
(442, 1)
(41957313658, 2)
(445, 2)
(42242091805, 1)
(448, 1)
(42526869952, 1)
(451, 0)
(42811648099, 0)
(454, 1)
(43096426246, 2)
(457, 2)
(43381204393, 2)
(460, 0)
(43665982540, 0)
(463, 1)
(43950760687, 1)
(466, 1)
(44235538834, 2)
(469, 1)
(44520316981, 1)
(472, 0)
(44805095128, 0)
(475, 0)
(45089873275, 0)
(478, 1)
(45374651422, 2)
(481, 1)
(45659429569, 2)
(484, 2)
(45944207716, 2)
(487, 1)
(46228985863, 1)
(490, 1)
(46513764010, 2)
(493, 0)
(46798542157, 0)
(496, 0)
(47083320304, 0)
(499, 0)
(47368098451, 0)
(502, 1)
(47652876598, 2)
(505, 2)
(47937654745, 1)
(508, 2)
(48222432892, 2)
(511, 2)
(48507211039, 1)
(514, 2)
(48791989186, 2)
(517, 0)
(49076767333, 0)
(520, 1)
(49361545480, 1)
(523, 0)
(49646323627, 0)
(526, 0)
(49931101774, 0)
(529, 2)
(50215879921, 2)
(532, 1)
(50500658068, 1)
(535, 2)
(50785436215, 1)
(538, 2)
(51070214362, 1)
(541, 1)
(51354992509, 1)
(544, 2)
(51639770656, 2)
(547, 0)
(51924548803, 0)
(550, 1)
(52209326950, 1)
(553, 2)
(52494105097, 1)
(556, 0)
(52778883244, 0)
(559, 1)
(53063661391, 1)
(562, 1)
(53348439538, 2)
(565, 0)
(53633217685, 0)
(568, 1)
(53917995832, 2)
(571, 0)
(54202773979, 0)
(574, 2)
(54487552126, 1)
(577, 2)
(54772330273, 2)
(580, 2)
(55057108420, 1)
(583, 2)
(55341886567, 2)
(586, 0)
(55626664714, 0)
(589, 1)
(55911442861, 2)
(592, 1)
(56196221008, 1)
(595, 0)
(56480999155, 0)
(598, 1)
(56765777302, 2)
(601, 2)
(57050555449, 1)
(604, 1)
(57335333596, 1)
(607, 1)
(57620111743, 1)
(610, 0)
(57904889890, 0)
(613, 1)
(58189668037, 1)
(616, 2)
(58474446184, 2)
(619, 0)
(58759224331, 0)
(622, 0)
(59044002478, 0)
(625, 2)
(59328780625, 2)
(628, 0)
(59613558772, 0)
(631, 1)
(59898336919, 2)
(634, 1)
(60183115066, 2)
(637, 2)
(60467893213, 1)
(640, 2)
(60752671360, 1)
(643, 0)
(61037449507, 0)
(646, 2)
(61322227654, 2)
(649, 2)
(61607005801, 2)
(652, 0)
(61891783948, 0)
(655, 0)
(62176562095, 0)
(658, 1)
(62461340242, 2)
(661, 0)
(62746118389, 0)
(664, 1)
(63030896536, 1)
(667, 0)
(63315674683, 0)
(670, 0)
(63600452830, 0)
(673, 0)
(63885230977, 0)
(676, 2)
(64170009124, 2)
(679, 0)
(64454787271, 0)
(682, 0)
(64739565418, 0)
(685, 0)
(65024343565, 0)
(688, 0)
(65309121712, 0)
(691, 0)
(65593899859, 0)
(694, 2)
(65878678006, 1)
(697, 2)
(66163456153, 1)
(700, 1)
(66448234300, 1)
(703, 2)
(66733012447, 2)
(706, 0)
(67017790594, 0)
(709, 1)
(67302568741, 2)
(712, 2)
(67587346888, 2)
(715, 0)
(67872125035, 0)
(718, 0)
(68156903182, 0)
(721, 1)
(68441681329, 2)
(724, 1)
(68726459476, 2)
(727, 1)
(69011237623, 2)
(730, 0)
(69296015770, 0)
(733, 2)
(69580793917, 2)
(736, 2)
(69865572064, 2)
(739, 0)
(70150350211, 0)
(742, 1)
(70435128358, 1)
(745, 1)
(70719906505, 1)
(748, 0)
(71004684652, 0)
(751, 0)
(71289462799, 0)
(754, 1)
(71574240946, 2)
(757, 1)
(71859019093, 2)
(760, 1)
(72143797240, 2)
(763, 0)
(72428575387, 0)
(766, 0)
(72713353534, 0)
(769, 2)
(72998131681, 1)
(772, 1)
(73282909828, 1)
(775, 0)
(73567687975, 0)
(778, 1)
(73852466122, 2)
(781, 2)
(74137244269, 1)
(784, 0)
(74422022416, 0)
(787, 0)
(74706800563, 0)
(790, 2)
(74991578710, 2)
(793, 2)
(75276356857, 2)
(796, 0)
(75561135004, 0)
(799, 1)
(75845913151, 2)
(802, 0)
(76130691298, 0)
(805, 1)
(76415469445, 2)
(808, 0)
(76700247592, 0)
(811, 0)
(76985025739, 0)
(814, 0)
(77269803886, 0)
(817, 0)
(77554582033, 0)
(820, 2)
(77839360180, 2)
(823, 0)
(78124138327, 0)
(826, 0)
(78408916474, 0)
(829, 1)
(78693694621, 1)
(832, 2)
(78978472768, 1)
(835, 0)
(79263250915, 0)
(838, 1)
(79548029062, 2)
(841, 1)
(79832807209, 1)
(844, 0)
(80117585356, 0)
(847, 2)
(80402363503, 2)
(850, 1)
(80687141650, 1)
