(1, 2)
(51136801, 2)
(4, 2)
(204547204, 2)
(7, 1)
(357957607, 2)
(10, 1)
(511368010, 1)
(13, 2)
(664778413, 2)
(16, 1)
(818188816, 1)
(19, 0)
(971599219, 0)
(22, 1)
(1125009622, 2)
(25, 1)
(1278420025, 1)
(28, 1)
(1431830428, 2)
(31, 0)
(1585240831, 0)
(34, 2)
(1738651234, 1)
(37, 2)
(1892061637, 2)
(40, 2)
(2045472040, 2)
(43, 0)
(2198882443, 0)
(46, 2)
(2352292846, 2)
(49, 0)
(2505703249, 0)
(52, 2)
(2659113652, 2)
(55, 1)
(2812524055, 2)
(58, 1)
(2965934458, 2)
(61, 0)
(3119344861, 0)
(64, 2)
(3272755264, 2)
(67, 0)
(3426165667, 0)
(70, 2)
(3579576070, 1)
(73, 1)
(3732986473, 1)
(76, 0)
(3886396876, 0)
(79, 2)
(4039807279, 2)
(82, 2)
(4193217682, 1)
(85, 1)
(4346628085, 2)
(88, 2)
(4500038488, 1)
(91, 0)
(4653448891, 0)
(94, 1)
(4806859294, 2)
(97, 1)
(4960269697, 1)
(100, 1)
(5113680100, 1)
(103, 2)
(5267090503, 2)
(106, 0)
(5420500906, 0)
(109, 0)
(5573911309, 0)
(112, 2)
(5727321712, 1)
(115, 0)
(5880732115, 0)
(118, 0)
(6034142518, 0)
(121, 2)
(6187552921, 2)
(124, 0)
(6340963324, 0)
(127, 2)
(6494373727, 2)
(130, 2)
(6647784130, 2)
(133, 1)
(6801194533, 1)
(136, 1)
(6954604936, 2)
(139, 0)
(7108015339, 0)
(142, 2)
(7261425742, 2)
(145, 2)
(7414836145, 1)
(148, 2)
(7568246548, 2)
(151, 1)
(7721656951, 1)
(154, 1)
(7875067354, 1)
(157, 0)
(8028477757, 0)
(160, 1)
(8181888160, 1)
(163, 0)
(8335298563, 0)
(166, 2)
(8488708966, 2)
(169, 2)
(8642119369, 2)
(172, 0)
(8795529772, 0)
(175, 1)
(8948940175, 2)
(178, 1)
(9102350578, 2)
(181, 1)
(9255760981, 2)
(184, 1)
(9409171384, 1)
(187, 0)
(9562581787, 0)
(190, 2)
(9715992190, 1)
(193, 1)
(9869402593, 2)
(196, 0)
(10022812996, 0)
(199, 0)
(10176223399, 0)
(202, 0)
(10329633802, 0)
(205, 2)
(10483044205, 1)
(208, 1)
(10636454608, 1)
(211, 0)
(10789865011, 0)
(214, 0)
(10943275414, 0)
(217, 2)
(11096685817, 1)
(220, 1)
(11250096220, 2)
(223, 1)
(11403506623, 2)
(226, 1)
(11556917026, 1)
(229, 1)
(11710327429, 2)
(232, 2)
(11863737832, 1)
(235, 0)
(12017148235, 0)
(238, 1)
(12170558638, 1)
(241, 0)
(12323969041, 0)
(244, 0)
(12477379444, 0)
(247, 0)
(12630789847, 0)
(250, 0)
(12784200250, 0)
(253, 1)
(12937610653, 2)
(256, 1)
(13091021056, 1)
(259, 0)
(13244431459, 0)
(262, 0)
(13397841862, 0)
(265, 2)
(13551252265, 2)
(268, 0)
(13704662668, 0)
(271, 2)
(13858073071, 2)
(274, 0)
(14011483474, 0)
(277, 0)
(14164893877, 0)
(280, 1)
(14318304280, 2)
(283, 0)
(14471714683, 0)
(286, 0)
(14625125086, 0)
(289, 1)
(14778535489, 1)
(292, 1)
(14931945892, 1)
(295, 2)
(15085356295, 1)
(298, 0)
(15238766698, 0)
(301, 2)
(15392177101, 2)
(304, 0)
(15545587504, 0)
(307, 0)
(15698997907, 0)
(310, 1)
(15852408310, 1)
(313, 2)
(16005818713, 2)
(316, 2)
(16159229116, 2)
(319, 1)
(16312639519, 1)
(322, 1)
(16466049922, 2)
(325, 2)
(16619460325, 2)
(328, 1)
(16772870728, 2)
(331, 0)
(16926281131, 0)
(334, 0)
(17079691534, 0)
(337, 2)
(17233101937, 2)
(340, 1)
(17386512340, 2)
(343, 2)
(17539922743, 1)
(346, 2)
(17693333146, 1)
(349, 2)
(17846743549, 2)
(352, 1)
(18000153952, 2)
(355, 0)
(18153564355, 0)
(358, 0)
(18306974758, 0)
(361, 0)
(18460385161, 0)
(364, 0)
(18613795564, 0)
(367, 0)
(18767205967, 0)
(370, 0)
(18920616370, 0)
(373, 1)
(19074026773, 1)
(376, 2)
(19227437176, 1)
(379, 0)
(19380847579, 0)
(382, 1)
(19534257982, 1)
(385, 2)
(19687668385, 2)
(388, 1)
(19841078788, 1)
(391, 2)
(19994489191, 1)
(394, 2)
(20147899594, 2)
(397, 0)
(20301309997, 0)
(400, 2)
(20454720400, 2)
(403, 0)
(20608130803, 0)
(406, 2)
(20761541206, 2)
(409, 1)
(20914951609, 2)
(412, 2)
(21068362012, 2)
(415, 1)
(21221772415, 1)
(418, 1)
(21375182818, 1)
(421, 1)
(21528593221, 2)
(424, 0)
(21682003624, 0)
(427, 0)
(21835414027, 0)
(430, 0)
(21988824430, 0)
(433, 0)
(22142234833, 0)
(436, 0)
(22295645236, 0)
(439, 0)
(22449055639, 0)
(442, 1)
(22602466042, 2)
(445, 2)
(22755876445, 1)
(448, 1)
(22909286848, 2)
(451, 0)
(23062697251, 0)
(454, 1)
(23216107654, 1)
(457, 2)
(23369518057, 1)
(460, 0)
(23522928460, 0)
(463, 1)
(23676338863, 2)
(466, 1)
(23829749266, 1)
(469, 1)
(23983159669, 1)
(472, 0)
(24136570072, 0)
(475, 0)
(24289980475, 0)
(478, 1)
(24443390878, 2)
(481, 1)
(24596801281, 1)
(484, 2)
(24750211684, 2)
(487, 1)
(24903622087, 1)
(490, 1)
(25057032490, 1)
(493, 0)
(25210442893, 0)
(496, 0)
(25363853296, 0)
(499, 0)
(25517263699, 0)
(502, 1)
(25670674102, 2)
(505, 2)
(25824084505, 2)
(508, 2)
(25977494908, 2)
(511, 2)
(26130905311, 1)
(514, 2)
(26284315714, 1)
(517, 0)
(26437726117, 0)
(520, 1)
(26591136520, 1)
(523, 0)
(26744546923, 0)
(526, 0)
(26897957326, 0)
(529, 2)
(27051367729, 2)
(532, 1)
(27204778132, 1)
(535, 2)
(27358188535, 1)
(538, 2)
(27511598938, 1)
(541, 1)
(27665009341, 1)
(544, 2)
(27818419744, 1)
(547, 0)
(27971830147, 0)
(550, 1)
(28125240550, 2)
(553, 2)
(28278650953, 1)
(556, 0)
(28432061356, 0)
(559, 1)
(28585471759, 2)
(562, 1)
(28738882162, 1)
(565, 0)
(28892292565, 0)
(568, 1)
(29045702968, 1)
(571, 0)
(29199113371, 0)
(574, 2)
(29352523774, 2)
(577, 2)
(29505934177, 1)
(580, 2)
(29659344580, 1)
(583, 2)
(29812754983, 1)
(586, 0)
(29966165386, 0)
(589, 1)
(30119575789, 2)
(592, 1)
(30272986192, 1)
(595, 0)
(30426396595, 0)
(598, 1)
(30579806998, 1)
(601, 2)
(30733217401, 2)
(604, 1)
(30886627804, 1)
(607, 1)
(31040038207, 1)
(610, 0)
(31193448610, 0)
(613, 1)
(31346859013, 2)
(616, 2)
(31500269416, 2)
(619, 0)
(31653679819, 0)
(622, 0)
(31807090222, 0)
(625, 2)
(31960500625, 2)
(628, 0)
(32113911028, 0)
(631, 1)
(32267321431, 2)
(634, 1)
(32420731834, 2)
(637, 2)
(32574142237, 2)
(640, 2)
(32727552640, 2)
(643, 0)
(32880963043, 0)
(646, 2)
(33034373446, 2)
(649, 2)
(33187783849, 2)
(652, 0)
(33341194252, 0)
(655, 0)
(33494604655, 0)
(658, 1)
(33648015058, 1)
(661, 0)
(33801425461, 0)
(664, 1)
(33954835864, 1)
(667, 0)
(34108246267, 0)
(670, 0)
(34261656670, 0)
(673, 0)
(34415067073, 0)
(676, 2)
(34568477476, 2)
(679, 0)
(34721887879, 0)
(682, 0)
(34875298282, 0)
(685, 0)
(35028708685, 0)
(688, 0)
(35182119088, 0)
(691, 0)
(35335529491, 0)
(694, 2)
(35488939894, 2)
(697, 2)
(35642350297, 2)
(700, 1)
(35795760700, 2)
(703, 2)
(35949171103, 1)
(706, 0)
(36102581506, 0)
(709, 1)
(36255991909, 2)
(712, 2)
(36409402312, 1)
(715, 0)
(36562812715, 0)
(718, 0)
(36716223118, 0)
(721, 1)
(36869633521, 2)
(724, 1)
(37023043924, 2)
(727, 1)
(37176454327, 1)
(730, 0)
(37329864730, 0)
(733, 2)
(37483275133, 2)
(736, 2)
(37636685536, 2)
(739, 0)
(37790095939, 0)
(742, 1)
(37943506342, 2)
(745, 1)
(38096916745, 1)
(748, 0)
(38250327148, 0)
(751, 0)
(38403737551, 0)
(754, 1)
(38557147954, 2)
(757, 1)
(38710558357, 2)
(760, 1)
(38863968760, 2)
(763, 0)
(39017379163, 0)
(766, 0)
(39170789566, 0)
(769, 2)
(39324199969, 1)
(772, 1)
(39477610372, 2)
(775, 0)
(39631020775, 0)
(778, 1)
(39784431178, 2)
(781, 2)
(39937841581, 1)
(784, 0)
(40091251984, 0)
(787, 0)
(40244662387, 0)
(790, 2)
(40398072790, 2)
(793, 2)
(40551483193, 2)
(796, 0)
(40704893596, 0)
(799, 1)
(40858303999, 1)
(802, 0)
(41011714402, 0)
(805, 1)
(41165124805, 2)
(808, 0)
(41318535208, 0)
(811, 0)
(41471945611, 0)
(814, 0)
(41625356014, 0)
(817, 0)
(41778766417, 0)
(820, 2)
(41932176820, 1)
(823, 0)
(42085587223, 0)
(826, 0)
(42238997626, 0)
(829, 1)
(42392408029, 1)
(832, 2)
(42545818432, 2)
(835, 0)
(42699228835, 0)
(838, 1)
(42852639238, 2)
(841, 1)
(43006049641, 1)
(844, 0)
(43159460044, 0)
(847, 2)
(43312870447, 1)
(850, 1)
(43466280850, 2)
