(1, 2)
(18241441, 2)
(4, 2)
(72965764, 2)
(7, 1)
(127690087, 2)
(10, 1)
(182414410, 1)
(13, 2)
(237138733, 1)
(16, 1)
(291863056, 1)
(19, 0)
(346587379, 0)
(22, 1)
(401311702, 2)
(25, 1)
(456036025, 1)
(28, 1)
(510760348, 2)
(31, 0)
(565484671, 0)
(34, 2)
(620208994, 2)
(37, 2)
(674933317, 2)
(40, 2)
(729657640, 2)
(43, 0)
(784381963, 0)
(46, 2)
(839106286, 1)
(49, 0)
(893830609, 0)
(52, 2)
(948554932, 1)
(55, 1)
(1003279255, 2)
(58, 1)
(1058003578, 2)
(61, 0)
(1112727901, 0)
(64, 2)
(1167452224, 2)
(67, 0)
(1222176547, 0)
(70, 2)
(1276900870, 1)
(73, 1)
(1331625193, 1)
(76, 0)
(1386349516, 0)
(79, 2)
(1441073839, 1)
(82, 2)
(1495798162, 1)
(85, 1)
(1550522485, 1)
(88, 2)
(1605246808, 1)
(91, 0)
(1659971131, 0)
(94, 1)
(1714695454, 1)
(97, 1)
(1769419777, 1)
(100, 1)
(1824144100, 1)
(103, 2)
(1878868423, 2)
(106, 0)
(1933592746, 0)
(109, 0)
(1988317069, 0)
(112, 2)
(2043041392, 1)
(115, 0)
(2097765715, 0)
(118, 0)
(2152490038, 0)
(121, 2)
(2207214361, 2)
(124, 0)
(2261938684, 0)
(127, 2)
(2316663007, 2)
(130, 2)
(2371387330, 1)
(133, 1)
(2426111653, 2)
(136, 1)
(2480835976, 1)
(139, 0)
(2535560299, 0)
(142, 2)
(2590284622, 2)
(145, 2)
(2645008945, 1)
(148, 2)
(2699733268, 2)
(151, 1)
(2754457591, 2)
(154, 1)
(2809181914, 1)
(157, 0)
(2863906237, 0)
(160, 1)
(2918630560, 1)
(163, 0)
(2973354883, 0)
(166, 2)
(3028079206, 1)
(169, 2)
(3082803529, 2)
(172, 0)
(3137527852, 0)
(175, 1)
(3192252175, 2)
(178, 1)
(3246976498, 1)
(181, 1)
(3301700821, 1)
(184, 1)
(3356425144, 2)
(187, 0)
(3411149467, 0)
(190, 2)
(3465873790, 2)
(193, 1)
(3520598113, 1)
(196, 0)
(3575322436, 0)
(199, 0)
(3630046759, 0)
(202, 0)
(3684771082, 0)
(205, 2)
(3739495405, 1)
(208, 1)
(3794219728, 2)
(211, 0)
(3848944051, 0)
(214, 0)
(3903668374, 0)
(217, 2)
(3958392697, 1)
(220, 1)
(4013117020, 2)
(223, 1)
(4067841343, 2)
(226, 1)
(4122565666, 2)
(229, 1)
(4177289989, 1)
(232, 2)
(4232014312, 1)
(235, 0)
(4286738635, 0)
(238, 1)
(4341462958, 2)
(241, 0)
(4396187281, 0)
(244, 0)
(4450911604, 0)
(247, 0)
(4505635927, 0)
(250, 0)
(4560360250, 0)
(253, 1)
(4615084573, 1)
(256, 1)
(4669808896, 1)
(259, 0)
(4724533219, 0)
(262, 0)
(4779257542, 0)
(265, 2)
(4833981865, 1)
(268, 0)
(4888706188, 0)
(271, 2)
(4943430511, 1)
(274, 0)
(4998154834, 0)
(277, 0)
(5052879157, 0)
(280, 1)
(5107603480, 2)
(283, 0)
(5162327803, 0)
(286, 0)
(5217052126, 0)
(289, 1)
(5271776449, 1)
(292, 1)
(5326500772, 1)
(295, 2)
(5381225095, 2)
(298, 0)
(5435949418, 0)
(301, 2)
(5490673741, 2)
(304, 0)
(5545398064, 0)
(307, 0)
(5600122387, 0)
(310, 1)
(5654846710, 1)
(313, 2)
(5709571033, 1)
(316, 2)
(5764295356, 1)
(319, 1)
(5819019679, 1)
(322, 1)
(5873744002, 1)
(325, 2)
(5928468325, 1)
(328, 1)
(5983192648, 2)
(331, 0)
(6037916971, 0)
(334, 0)
(6092641294, 0)
(337, 2)
(6147365617, 2)
(340, 1)
(6202089940, 1)
(343, 2)
(6256814263, 1)
(346, 2)
(6311538586, 2)
(349, 2)
(6366262909, 2)
(352, 1)
(6420987232, 2)
(355, 0)
(6475711555, 0)
(358, 0)
(6530435878, 0)
(361, 0)
(6585160201, 0)
(364, 0)
(6639884524, 0)
(367, 0)
(6694608847, 0)
(370, 0)
(6749333170, 0)
(373, 1)
(6804057493, 2)
(376, 2)
(6858781816, 2)
(379, 0)
(6913506139, 0)
(382, 1)
(6968230462, 2)
(385, 2)
(7022954785, 2)
(388, 1)
(7077679108, 1)
(391, 2)
(7132403431, 1)
(394, 2)
(7187127754, 2)
(397, 0)
(7241852077, 0)
(400, 2)
(7296576400, 2)
(403, 0)
(7351300723, 0)
(406, 2)
(7406025046, 2)
(409, 1)
(7460749369, 2)
(412, 2)
(7515473692, 2)
(415, 1)
(7570198015, 2)
(418, 1)
(7624922338, 2)
(421, 1)
(7679646661, 2)
(424, 0)
(7734370984, 0)
(427, 0)
(7789095307, 0)
(430, 0)
(7843819630, 0)
(433, 0)
(7898543953, 0)
(436, 0)
(7953268276, 0)
(439, 0)
(8007992599, 0)
(442, 1)
(8062716922, 2)
(445, 2)
(8117441245, 2)
(448, 1)
(8172165568, 2)
(451, 0)
(8226889891, 0)
(454, 1)
(8281614214, 2)
(457, 2)
(8336338537, 2)
(460, 0)
(8391062860, 0)
(463, 1)
(8445787183, 1)
(466, 1)
(8500511506, 2)
(469, 1)
(8555235829, 2)
(472, 0)
(8609960152, 0)
(475, 0)
(8664684475, 0)
(478, 1)
(8719408798, 1)
(481, 1)
(8774133121, 2)
(484, 2)
(8828857444, 2)
(487, 1)
(8883581767, 2)
(490, 1)
(8938306090, 1)
(493, 0)
(8993030413, 0)
(496, 0)
(9047754736, 0)
(499, 0)
(9102479059, 0)
(502, 1)
(9157203382, 2)
(505, 2)
(9211927705, 1)
(508, 2)
(9266652028, 2)
(511, 2)
(9321376351, 1)
(514, 2)
(9376100674, 2)
(517, 0)
(9430824997, 0)
(520, 1)
(9485549320, 2)
(523, 0)
(9540273643, 0)
(526, 0)
(9594997966, 0)
(529, 2)
(9649722289, 2)
(532, 1)
(9704446612, 2)
(535, 2)
(9759170935, 2)
(538, 2)
(9813895258, 1)
(541, 1)
(9868619581, 1)
(544, 2)
(9923343904, 2)
(547, 0)
(9978068227, 0)
(550, 1)
(10032792550, 2)
(553, 2)
(10087516873, 2)
(556, 0)
(10142241196, 0)
(559, 1)
(10196965519, 1)
(562, 1)
(10251689842, 1)
(565, 0)
(10306414165, 0)
(568, 1)
(10361138488, 1)
(571, 0)
(10415862811, 0)
(574, 2)
(10470587134, 2)
(577, 2)
(10525311457, 1)
(580, 2)
(10580035780, 1)
(583, 2)
(10634760103, 2)
(586, 0)
(10689484426, 0)
(589, 1)
(10744208749, 1)
(592, 1)
(10798933072, 1)
(595, 0)
(10853657395, 0)
(598, 1)
(10908381718, 1)
(601, 2)
(10963106041, 2)
(604, 1)
(11017830364, 2)
(607, 1)
(11072554687, 2)
(610, 0)
(11127279010, 0)
(613, 1)
(11182003333, 2)
(616, 2)
(11236727656, 2)
(619, 0)
(11291451979, 0)
(622, 0)
(11346176302, 0)
(625, 2)
(11400900625, 2)
(628, 0)
(11455624948, 0)
(631, 1)
(11510349271, 2)
(634, 1)
(11565073594, 1)
(637, 2)
(11619797917, 1)
(640, 2)
(11674522240, 2)
(643, 0)
(11729246563, 0)
(646, 2)
(11783970886, 2)
(649, 2)
(11838695209, 1)
(652, 0)
(11893419532, 0)
(655, 0)
(11948143855, 0)
(658, 1)
(12002868178, 2)
(661, 0)
(12057592501, 0)
(664, 1)
(12112316824, 2)
(667, 0)
(12167041147, 0)
(670, 0)
(12221765470, 0)
(673, 0)
(12276489793, 0)
(676, 2)
(12331214116, 2)
(679, 0)
(12385938439, 0)
(682, 0)
(12440662762, 0)
(685, 0)
(12495387085, 0)
(688, 0)
(12550111408, 0)
(691, 0)
(12604835731, 0)
(694, 2)
(12659560054, 1)
(697, 2)
(12714284377, 1)
(700, 1)
(12769008700, 2)
(703, 2)
(12823733023, 2)
(706, 0)
(12878457346, 0)
(709, 1)
(12933181669, 2)
(712, 2)
(12987905992, 2)
(715, 0)
(13042630315, 0)
(718, 0)
(13097354638, 0)
(721, 1)
(13152078961, 2)
(724, 1)
(13206803284, 1)
(727, 1)
(13261527607, 1)
(730, 0)
(13316251930, 0)
(733, 2)
(13370976253, 2)
(736, 2)
(13425700576, 1)
(739, 0)
(13480424899, 0)
(742, 1)
(13535149222, 1)
(745, 1)
(13589873545, 2)
(748, 0)
(13644597868, 0)
(751, 0)
(13699322191, 0)
(754, 1)
(13754046514, 1)
(757, 1)
(13808770837, 2)
(760, 1)
(13863495160, 1)
(763, 0)
(13918219483, 0)
(766, 0)
(13972943806, 0)
(769, 2)
(14027668129, 1)
(772, 1)
(14082392452, 1)
(775, 0)
(14137116775, 0)
(778, 1)
(14191841098, 2)
(781, 2)
(14246565421, 1)
(784, 0)
(14301289744, 0)
(787, 0)
(14356014067, 0)
(790, 2)
(14410738390, 1)
(793, 2)
(14465462713, 1)
(796, 0)
(14520187036, 0)
(799, 1)
(14574911359, 1)
(802, 0)
(14629635682, 0)
(805, 1)
(14684360005, 1)
(808, 0)
(14739084328, 0)
(811, 0)
(14793808651, 0)
(814, 0)
(14848532974, 0)
(817, 0)
(14903257297, 0)
(820, 2)
(14957981620, 1)
(823, 0)
(15012705943, 0)
(826, 0)
(15067430266, 0)
(829, 1)
(15122154589, 1)
(832, 2)
(15176878912, 1)
(835, 0)
(15231603235, 0)
(838, 1)
(15286327558, 2)
(841, 1)
(15341051881, 1)
(844, 0)
(15395776204, 0)
(847, 2)
(15450500527, 1)
(850, 1)
(15505224850, 1)
