(1, 2)
(229441, 2)
(4, 2)
(917764, 2)
(7, 1)
(1606087, 1)
(10, 1)
(2294410, 1)
(13, 2)
(2982733, 1)
(16, 1)
(3671056, 1)
(19, 0)
(4359379, 0)
(22, 1)
(5047702, 1)
(25, 1)
(5736025, 1)
(28, 1)
(6424348, 1)
(31, 0)
(7112671, 0)
(34, 2)
(7800994, 1)
(37, 2)
(8489317, 1)
(40, 2)
(9177640, 2)
(43, 0)
(9865963, 0)
(46, 2)
(10554286, 2)
(49, 0)
(11242609, 0)
(52, 2)
(11930932, 1)
(55, 1)
(12619255, 1)
(58, 1)
(13307578, 2)
(61, 0)
(13995901, 0)
(64, 2)
(14684224, 2)
(67, 0)
(15372547, 0)
(70, 2)
(16060870, 2)
(73, 1)
(16749193, 1)
(76, 0)
(17437516, 0)
(79, 2)
(18125839, 1)
(82, 2)
(18814162, 1)
(85, 1)
(19502485, 2)
(88, 2)
(20190808, 2)
(91, 0)
(20879131, 0)
(94, 1)
(21567454, 2)
(97, 1)
(22255777, 1)
(100, 1)
(22944100, 1)
(103, 2)
(23632423, 2)
(106, 0)
(24320746, 0)
(109, 0)
(25009069, 0)
(112, 2)
(25697392, 2)
(115, 0)
(26385715, 0)
(118, 0)
(27074038, 0)
(121, 2)
(27762361, 2)
(124, 0)
(28450684, 0)
(127, 2)
(29139007, 1)
(130, 2)
(29827330, 1)
(133, 1)
(30515653, 2)
(136, 1)
(31203976, 2)
(139, 0)
(31892299, 0)
(142, 2)
(32580622, 2)
(145, 2)
(33268945, 1)
(148, 2)
(33957268, 1)
(151, 1)
(34645591, 1)
(154, 1)
(35333914, 1)
(157, 0)
(36022237, 0)
(160, 1)
(36710560, 1)
(163, 0)
(37398883, 0)
(166, 2)
(38087206, 1)
(169, 2)
(38775529, 2)
(172, 0)
(39463852, 0)
(175, 1)
(40152175, 1)
(178, 1)
(40840498, 1)
(181, 1)
(41528821, 1)
(184, 1)
(42217144, 1)
(187, 0)
(42905467, 0)
(190, 2)
(43593790, 1)
(193, 1)
(44282113, 1)
(196, 0)
(44970436, 0)
(199, 0)
(45658759, 0)
(202, 0)
(46347082, 0)
(205, 2)
(47035405, 1)
(208, 1)
(47723728, 2)
(211, 0)
(48412051, 0)
(214, 0)
(49100374, 0)
(217, 2)
(49788697, 1)
(220, 1)
(50477020, 1)
(223, 1)
(51165343, 2)
(226, 1)
(51853666, 2)
(229, 1)
(52541989, 2)
(232, 2)
(53230312, 1)
(235, 0)
(53918635, 0)
(238, 1)
(54606958, 2)
(241, 0)
(55295281, 0)
(244, 0)
(55983604, 0)
(247, 0)
(56671927, 0)
(250, 0)
(57360250, 0)
(253, 1)
(58048573, 1)
(256, 1)
(58736896, 1)
(259, 0)
(59425219, 0)
(262, 0)
(60113542, 0)
(265, 2)
(60801865, 1)
(268, 0)
(61490188, 0)
(271, 2)
(62178511, 2)
(274, 0)
(62866834, 0)
(277, 0)
(63555157, 0)
(280, 1)
(64243480, 1)
(283, 0)
(64931803, 0)
(286, 0)
(65620126, 0)
(289, 1)
(66308449, 1)
(292, 1)
(66996772, 1)
(295, 2)
(67685095, 1)
(298, 0)
(68373418, 0)
(301, 2)
(69061741, 1)
(304, 0)
(69750064, 0)
(307, 0)
(70438387, 0)
(310, 1)
(71126710, 2)
(313, 2)
(71815033, 2)
(316, 2)
(72503356, 1)
(319, 1)
(73191679, 2)
(322, 1)
(73880002, 1)
(325, 2)
(74568325, 1)
(328, 1)
(75256648, 2)
(331, 0)
(75944971, 0)
(334, 0)
(76633294, 0)
(337, 2)
(77321617, 1)
(340, 1)
(78009940, 2)
(343, 2)
(78698263, 2)
(346, 2)
(79386586, 2)
(349, 2)
(80074909, 2)
(352, 1)
(80763232, 1)
(355, 0)
(81451555, 0)
(358, 0)
(82139878, 0)
(361, 0)
(82828201, 0)
(364, 0)
(83516524, 0)
(367, 0)
(84204847, 0)
(370, 0)
(84893170, 0)
(373, 1)
(85581493, 1)
(376, 2)
(86269816, 1)
(379, 0)
(86958139, 0)
(382, 1)
(87646462, 2)
(385, 2)
(88334785, 2)
(388, 1)
(89023108, 1)
(391, 2)
(89711431, 1)
(394, 2)
(90399754, 2)
(397, 0)
(91088077, 0)
(400, 2)
(91776400, 2)
(403, 0)
(92464723, 0)
(406, 2)
(93153046, 1)
(409, 1)
(93841369, 2)
(412, 2)
(94529692, 2)
(415, 1)
(95218015, 2)
(418, 1)
(95906338, 2)
(421, 1)
(96594661, 1)
(424, 0)
(97282984, 0)
(427, 0)
(97971307, 0)
(430, 0)
(98659630, 0)
(433, 0)
(99347953, 0)
(436, 0)
(100036276, 0)
(439, 0)
(100724599, 0)
(442, 1)
(101412922, 1)
(445, 2)
(102101245, 2)
(448, 1)
(102789568, 1)
(451, 0)
(103477891, 0)
(454, 1)
(104166214, 2)
(457, 2)
(104854537, 1)
(460, 0)
(105542860, 0)
(463, 1)
(106231183, 2)
(466, 1)
(106919506, 1)
(469, 1)
(107607829, 2)
(472, 0)
(108296152, 0)
(475, 0)
(108984475, 0)
(478, 1)
(109672798, 2)
(481, 1)
(110361121, 1)
(484, 2)
(111049444, 2)
(487, 1)
(111737767, 1)
(490, 1)
(112426090, 1)
(493, 0)
(113114413, 0)
(496, 0)
(113802736, 0)
(499, 0)
(114491059, 0)
(502, 1)
(115179382, 1)
(505, 2)
(115867705, 1)
(508, 2)
(116556028, 1)
(511, 2)
(117244351, 2)
(514, 2)
(117932674, 2)
(517, 0)
(118620997, 0)
(520, 1)
(119309320, 2)
(523, 0)
(119997643, 0)
(526, 0)
(120685966, 0)
(529, 2)
(121374289, 2)
(532, 1)
(122062612, 2)
(535, 2)
(122750935, 2)
(538, 2)
(123439258, 1)
(541, 1)
(124127581, 2)
(544, 2)
(124815904, 1)
(547, 0)
(125504227, 0)
(550, 1)
(126192550, 1)
(553, 2)
(126880873, 1)
(556, 0)
(127569196, 0)
(559, 1)
(128257519, 1)
(562, 1)
(128945842, 2)
(565, 0)
(129634165, 0)
(568, 1)
(130322488, 1)
(571, 0)
(131010811, 0)
(574, 2)
(131699134, 1)
(577, 2)
(132387457, 2)
(580, 2)
(133075780, 1)
(583, 2)
(133764103, 1)
(586, 0)
(134452426, 0)
(589, 1)
(135140749, 1)
(592, 1)
(135829072, 2)
(595, 0)
(136517395, 0)
(598, 1)
(137205718, 2)
(601, 2)
(137894041, 2)
(604, 1)
(138582364, 1)
(607, 1)
(139270687, 1)
(610, 0)
(139959010, 0)
(613, 1)
(140647333, 2)
(616, 2)
(141335656, 2)
(619, 0)
(142023979, 0)
(622, 0)
(142712302, 0)
(625, 2)
(143400625, 2)
(628, 0)
(144088948, 0)
(631, 1)
(144777271, 2)
(634, 1)
(145465594, 2)
(637, 2)
(146153917, 1)
(640, 2)
(146842240, 2)
(643, 0)
(147530563, 0)
(646, 2)
(148218886, 2)
(649, 2)
(148907209, 1)
(652, 0)
(149595532, 0)
(655, 0)
(150283855, 0)
(658, 1)
(150972178, 2)
(661, 0)
(151660501, 0)
(664, 1)
(152348824, 2)
(667, 0)
(153037147, 0)
(670, 0)
(153725470, 0)
(673, 0)
(154413793, 0)
(676, 2)
(155102116, 2)
(679, 0)
(155790439, 0)
(682, 0)
(156478762, 0)
(685, 0)
(157167085, 0)
(688, 0)
(157855408, 0)
(691, 0)
(158543731, 0)
(694, 2)
(159232054, 1)
(697, 2)
(159920377, 2)
(700, 1)
(160608700, 1)
(703, 2)
(161297023, 2)
(706, 0)
(161985346, 0)
(709, 1)
(162673669, 1)
(712, 2)
(163361992, 2)
(715, 0)
(164050315, 0)
(718, 0)
(164738638, 0)
(721, 1)
(165426961, 1)
(724, 1)
(166115284, 1)
(727, 1)
(166803607, 2)
(730, 0)
(167491930, 0)
(733, 2)
(168180253, 1)
(736, 2)
(168868576, 2)
(739, 0)
(169556899, 0)
(742, 1)
(170245222, 2)
(745, 1)
(170933545, 2)
(748, 0)
(171621868, 0)
(751, 0)
(172310191, 0)
(754, 1)
(172998514, 1)
(757, 1)
(173686837, 1)
(760, 1)
(174375160, 2)
(763, 0)
(175063483, 0)
(766, 0)
(175751806, 0)
(769, 2)
(176440129, 1)
(772, 1)
(177128452, 1)
(775, 0)
(177816775, 0)
(778, 1)
(178505098, 2)
(781, 2)
(179193421, 2)
(784, 0)
(179881744, 0)
(787, 0)
(180570067, 0)
(790, 2)
(181258390, 1)
(793, 2)
(181946713, 1)
(796, 0)
(182635036, 0)
(799, 1)
(183323359, 1)
(802, 0)
(184011682, 0)
(805, 1)
(184700005, 1)
(808, 0)
(185388328, 0)
(811, 0)
(186076651, 0)
(814, 0)
(186764974, 0)
(817, 0)
(187453297, 0)
(820, 2)
(188141620, 1)
(823, 0)
(188829943, 0)
(826, 0)
(189518266, 0)
(829, 1)
(190206589, 1)
(832, 2)
(190894912, 1)
(835, 0)
(191583235, 0)
(838, 1)
(192271558, 2)
(841, 1)
(192959881, 1)
(844, 0)
(193648204, 0)
(847, 2)
(194336527, 2)
(850, 1)
(195024850, 2)
