(1, 2)
(97752769, 2)
(4, 2)
(391011076, 2)
(7, 1)
(684269383, 1)
(10, 1)
(977527690, 2)
(13, 2)
(1270785997, 1)
(16, 1)
(1564044304, 1)
(19, 0)
(1857302611, 0)
(22, 1)
(2150560918, 2)
(25, 1)
(2443819225, 1)
(28, 1)
(2737077532, 1)
(31, 0)
(3030335839, 0)
(34, 2)
(3323594146, 1)
(37, 2)
(3616852453, 1)
(40, 2)
(3910110760, 1)
(43, 0)
(4203369067, 0)
(46, 2)
(4496627374, 2)
(49, 0)
(4789885681, 0)
(52, 2)
(5083143988, 1)
(55, 1)
(5376402295, 1)
(58, 1)
(5669660602, 2)
(61, 0)
(5962918909, 0)
(64, 2)
(6256177216, 2)
(67, 0)
(6549435523, 0)
(70, 2)
(6842693830, 1)
(73, 1)
(7135952137, 1)
(76, 0)
(7429210444, 0)
(79, 2)
(7722468751, 2)
(82, 2)
(8015727058, 1)
(85, 1)
(8308985365, 1)
(88, 2)
(8602243672, 1)
(91, 0)
(8895501979, 0)
(94, 1)
(9188760286, 2)
(97, 1)
(9482018593, 2)
(100, 1)
(9775276900, 1)
(103, 2)
(10068535207, 2)
(106, 0)
(10361793514, 0)
(109, 0)
(10655051821, 0)
(112, 2)
(10948310128, 2)
(115, 0)
(11241568435, 0)
(118, 0)
(11534826742, 0)
(121, 2)
(11828085049, 2)
(124, 0)
(12121343356, 0)
(127, 2)
(12414601663, 2)
(130, 2)
(12707859970, 2)
(133, 1)
(13001118277, 2)
(136, 1)
(13294376584, 2)
(139, 0)
(13587634891, 0)
(142, 2)
(13880893198, 1)
(145, 2)
(14174151505, 2)
(148, 2)
(14467409812, 1)
(151, 1)
(14760668119, 2)
(154, 1)
(15053926426, 2)
(157, 0)
(15347184733, 0)
(160, 1)
(15640443040, 2)
(163, 0)
(15933701347, 0)
(166, 2)
(16226959654, 1)
(169, 2)
(16520217961, 2)
(172, 0)
(16813476268, 0)
(175, 1)
(17106734575, 1)
(178, 1)
(17399992882, 1)
(181, 1)
(17693251189, 2)
(184, 1)
(17986509496, 1)
(187, 0)
(18279767803, 0)
(190, 2)
(18573026110, 2)
(193, 1)
(18866284417, 2)
(196, 0)
(19159542724, 0)
(199, 0)
(19452801031, 0)
(202, 0)
(19746059338, 0)
(205, 2)
(20039317645, 2)
(208, 1)
(20332575952, 2)
(211, 0)
(20625834259, 0)
(214, 0)
(20919092566, 0)
(217, 2)
(21212350873, 2)
(220, 1)
(21505609180, 1)
(223, 1)
(21798867487, 1)
(226, 1)
(22092125794, 1)
(229, 1)
(22385384101, 2)
(232, 2)
(22678642408, 1)
(235, 0)
(22971900715, 0)
(238, 1)
(23265159022, 2)
(241, 0)
(23558417329, 0)
(244, 0)
(23851675636, 0)
(247, 0)
(24144933943, 0)
(250, 0)
(24438192250, 0)
(253, 1)
(24731450557, 2)
(256, 1)
(25024708864, 1)
(259, 0)
(25317967171, 0)
(262, 0)
(25611225478, 0)
(265, 2)
(25904483785, 1)
(268, 0)
(26197742092, 0)
(271, 2)
(26491000399, 2)
(274, 0)
(26784258706, 0)
(277, 0)
(27077517013, 0)
(280, 1)
(27370775320, 2)
(283, 0)
(27664033627, 0)
(286, 0)
(27957291934, 0)
(289, 1)
(28250550241, 1)
(292, 1)
(28543808548, 1)
(295, 2)
(28837066855, 1)
(298, 0)
(29130325162, 0)
(301, 2)
(29423583469, 1)
(304, 0)
(29716841776, 0)
(307, 0)
(30010100083, 0)
(310, 1)
(30303358390, 2)
(313, 2)
(30596616697, 1)
(316, 2)
(30889875004, 2)
(319, 1)
(31183133311, 1)
(322, 1)
(31476391618, 1)
(325, 2)
(31769649925, 1)
(328, 1)
(32062908232, 2)
(331, 0)
(32356166539, 0)
(334, 0)
(32649424846, 0)
(337, 2)
(32942683153, 1)
(340, 1)
(33235941460, 1)
(343, 2)
(33529199767, 2)
(346, 2)
(33822458074, 1)
(349, 2)
(34115716381, 2)
(352, 1)
(34408974688, 2)
(355, 0)
(34702232995, 0)
(358, 0)
(34995491302, 0)
(361, 0)
(35288749609, 0)
(364, 0)
(35582007916, 0)
(367, 0)
(35875266223, 0)
(370, 0)
(36168524530, 0)
(373, 1)
(36461782837, 1)
(376, 2)
(36755041144, 1)
(379, 0)
(37048299451, 0)
(382, 1)
(37341557758, 1)
(385, 2)
(37634816065, 2)
(388, 1)
(37928074372, 2)
(391, 2)
(38221332679, 1)
(394, 2)
(38514590986, 2)
(397, 0)
(38807849293, 0)
(400, 2)
(39101107600, 2)
(403, 0)
(39394365907, 0)
(406, 2)
(39687624214, 1)
(409, 1)
(39980882521, 1)
(412, 2)
(40274140828, 2)
(415, 1)
(40567399135, 1)
(418, 1)
(40860657442, 1)
(421, 1)
(41153915749, 1)
(424, 0)
(41447174056, 0)
(427, 0)
(41740432363, 0)
(430, 0)
(42033690670, 0)
(433, 0)
(42326948977, 0)
(436, 0)
(42620207284, 0)
(439, 0)
(42913465591, 0)
(442, 1)
(43206723898, 1)
(445, 2)
(43499982205, 1)
(448, 1)
(43793240512, 1)
(451, 0)
(44086498819, 0)
(454, 1)
(44379757126, 1)
(457, 2)
(44673015433, 1)
(460, 0)
(44966273740, 0)
(463, 1)
(45259532047, 1)
(466, 1)
(45552790354, 1)
(469, 1)
(45846048661, 1)
(472, 0)
(46139306968, 0)
(475, 0)
(46432565275, 0)
(478, 1)
(46725823582, 2)
(481, 1)
(47019081889, 1)
(484, 2)
(47312340196, 2)
(487, 1)
(47605598503, 1)
(490, 1)
(47898856810, 2)
(493, 0)
(48192115117, 0)
(496, 0)
(48485373424, 0)
(499, 0)
(48778631731, 0)
(502, 1)
(49071890038, 1)
(505, 2)
(49365148345, 2)
(508, 2)
(49658406652, 2)
(511, 2)
(49951664959, 2)
(514, 2)
(50244923266, 2)
(517, 0)
(50538181573, 0)
(520, 1)
(50831439880, 1)
(523, 0)
(51124698187, 0)
(526, 0)
(51417956494, 0)
(529, 2)
(51711214801, 2)
(532, 1)
(52004473108, 2)
(535, 2)
(52297731415, 1)
(538, 2)
(52590989722, 2)
(541, 1)
(52884248029, 2)
(544, 2)
(53177506336, 1)
(547, 0)
(53470764643, 0)
(550, 1)
(53764022950, 2)
(553, 2)
(54057281257, 2)
(556, 0)
(54350539564, 0)
(559, 1)
(54643797871, 1)
(562, 1)
(54937056178, 2)
(565, 0)
(55230314485, 0)
(568, 1)
(55523572792, 2)
(571, 0)
(55816831099, 0)
(574, 2)
(56110089406, 1)
(577, 2)
(56403347713, 1)
(580, 2)
(56696606020, 2)
(583, 2)
(56989864327, 1)
(586, 0)
(57283122634, 0)
(589, 1)
(57576380941, 2)
(592, 1)
(57869639248, 2)
(595, 0)
(58162897555, 0)
(598, 1)
(58456155862, 2)
(601, 2)
(58749414169, 1)
(604, 1)
(59042672476, 2)
(607, 1)
(59335930783, 2)
(610, 0)
(59629189090, 0)
(613, 1)
(59922447397, 2)
(616, 2)
(60215705704, 1)
(619, 0)
(60508964011, 0)
(622, 0)
(60802222318, 0)
(625, 2)
(61095480625, 2)
(628, 0)
(61388738932, 0)
(631, 1)
(61681997239, 1)
(634, 1)
(61975255546, 1)
(637, 2)
(62268513853, 1)
(640, 2)
(62561772160, 1)
(643, 0)
(62855030467, 0)
(646, 2)
(63148288774, 2)
(649, 2)
(63441547081, 1)
(652, 0)
(63734805388, 0)
(655, 0)
(64028063695, 0)
(658, 1)
(64321322002, 2)
(661, 0)
(64614580309, 0)
(664, 1)
(64907838616, 2)
(667, 0)
(65201096923, 0)
(670, 0)
(65494355230, 0)
(673, 0)
(65787613537, 0)
(676, 2)
(66080871844, 2)
(679, 0)
(66374130151, 0)
(682, 0)
(66667388458, 0)
(685, 0)
(66960646765, 0)
(688, 0)
(67253905072, 0)
(691, 0)
(67547163379, 0)
(694, 2)
(67840421686, 2)
(697, 2)
(68133679993, 2)
(700, 1)
(68426938300, 1)
(703, 2)
(68720196607, 2)
(706, 0)
(69013454914, 0)
(709, 1)
(69306713221, 2)
(712, 2)
(69599971528, 2)
(715, 0)
(69893229835, 0)
(718, 0)
(70186488142, 0)
(721, 1)
(70479746449, 1)
(724, 1)
(70773004756, 2)
(727, 1)
(71066263063, 2)
(730, 0)
(71359521370, 0)
(733, 2)
(71652779677, 1)
(736, 2)
(71946037984, 2)
(739, 0)
(72239296291, 0)
(742, 1)
(72532554598, 1)
(745, 1)
(72825812905, 2)
(748, 0)
(73119071212, 0)
(751, 0)
(73412329519, 0)
(754, 1)
(73705587826, 1)
(757, 1)
(73998846133, 1)
(760, 1)
(74292104440, 1)
(763, 0)
(74585362747, 0)
(766, 0)
(74878621054, 0)
(769, 2)
(75171879361, 1)
(772, 1)
(75465137668, 2)
(775, 0)
(75758395975, 0)
(778, 1)
(76051654282, 2)
(781, 2)
(76344912589, 2)
(784, 0)
(76638170896, 0)
(787, 0)
(76931429203, 0)
(790, 2)
(77224687510, 1)
(793, 2)
(77517945817, 1)
(796, 0)
(77811204124, 0)
(799, 1)
(78104462431, 1)
(802, 0)
(78397720738, 0)
(805, 1)
(78690979045, 2)
(808, 0)
(78984237352, 0)
(811, 0)
(79277495659, 0)
(814, 0)
(79570753966, 0)
(817, 0)
(79864012273, 0)
(820, 2)
(80157270580, 2)
(823, 0)
(80450528887, 0)
(826, 0)
(80743787194, 0)
(829, 1)
(81037045501, 1)
(832, 2)
(81330303808, 1)
(835, 0)
(81623562115, 0)
(838, 1)
(81916820422, 1)
(841, 1)
(82210078729, 1)
(844, 0)
(82503337036, 0)
(847, 2)
(82796595343, 2)
(850, 1)
(83089853650, 2)
