(1, 2)
(33721249, 2)
(4, 2)
(134884996, 2)
(7, 1)
(236048743, 2)
(10, 1)
(337212490, 2)
(13, 2)
(438376237, 2)
(16, 1)
(539539984, 1)
(19, 0)
(640703731, 0)
(22, 1)
(741867478, 1)
(25, 1)
(843031225, 1)
(28, 1)
(944194972, 2)
(31, 0)
(1045358719, 0)
(34, 2)
(1146522466, 1)
(37, 2)
(1247686213, 1)
(40, 2)
(1348849960, 1)
(43, 0)
(1450013707, 0)
(46, 2)
(1551177454, 2)
(49, 0)
(1652341201, 0)
(52, 2)
(1753504948, 2)
(55, 1)
(1854668695, 2)
(58, 1)
(1955832442, 1)
(61, 0)
(2056996189, 0)
(64, 2)
(2158159936, 2)
(67, 0)
(2259323683, 0)
(70, 2)
(2360487430, 2)
(73, 1)
(2461651177, 2)
(76, 0)
(2562814924, 0)
(79, 2)
(2663978671, 1)
(82, 2)
(2765142418, 1)
(85, 1)
(2866306165, 1)
(88, 2)
(2967469912, 2)
(91, 0)
(3068633659, 0)
(94, 1)
(3169797406, 1)
(97, 1)
(3270961153, 2)
(100, 1)
(3372124900, 1)
(103, 2)
(3473288647, 2)
(106, 0)
(3574452394, 0)
(109, 0)
(3675616141, 0)
(112, 2)
(3776779888, 1)
(115, 0)
(3877943635, 0)
(118, 0)
(3979107382, 0)
(121, 2)
(4080271129, 2)
(124, 0)
(4181434876, 0)
(127, 2)
(4282598623, 2)
(130, 2)
(4383762370, 1)
(133, 1)
(4484926117, 2)
(136, 1)
(4586089864, 2)
(139, 0)
(4687253611, 0)
(142, 2)
(4788417358, 2)
(145, 2)
(4889581105, 1)
(148, 2)
(4990744852, 1)
(151, 1)
(5091908599, 2)
(154, 1)
(5193072346, 2)
(157, 0)
(5294236093, 0)
(160, 1)
(5395399840, 2)
(163, 0)
(5496563587, 0)
(166, 2)
(5597727334, 2)
(169, 2)
(5698891081, 2)
(172, 0)
(5800054828, 0)
(175, 1)
(5901218575, 2)
(178, 1)
(6002382322, 1)
(181, 1)
(6103546069, 1)
(184, 1)
(6204709816, 1)
(187, 0)
(6305873563, 0)
(190, 2)
(6407037310, 1)
(193, 1)
(6508201057, 2)
(196, 0)
(6609364804, 0)
(199, 0)
(6710528551, 0)
(202, 0)
(6811692298, 0)
(205, 2)
(6912856045, 2)
(208, 1)
(7014019792, 1)
(211, 0)
(7115183539, 0)
(214, 0)
(7216347286, 0)
(217, 2)
(7317511033, 2)
(220, 1)
(7418674780, 2)
(223, 1)
(7519838527, 2)
(226, 1)
(7621002274, 1)
(229, 1)
(7722166021, 1)
(232, 2)
(7823329768, 2)
(235, 0)
(7924493515, 0)
(238, 1)
(8025657262, 1)
(241, 0)
(8126821009, 0)
(244, 0)
(8227984756, 0)
(247, 0)
(8329148503, 0)
(250, 0)
(8430312250, 0)
(253, 1)
(8531475997, 1)
(256, 1)
(8632639744, 1)
(259, 0)
(8733803491, 0)
(262, 0)
(8834967238, 0)
(265, 2)
(8936130985, 2)
(268, 0)
(9037294732, 0)
(271, 2)
(9138458479, 2)
(274, 0)
(9239622226, 0)
(277, 0)
(9340785973, 0)
(280, 1)
(9441949720, 1)
(283, 0)
(9543113467, 0)
(286, 0)
(9644277214, 0)
(289, 1)
(9745440961, 1)
(292, 1)
(9846604708, 2)
(295, 2)
(9947768455, 2)
(298, 0)
(10048932202, 0)
(301, 2)
(10150095949, 1)
(304, 0)
(10251259696, 0)
(307, 0)
(10352423443, 0)
(310, 1)
(10453587190, 1)
(313, 2)
(10554750937, 2)
(316, 2)
(10655914684, 1)
(319, 1)
(10757078431, 1)
(322, 1)
(10858242178, 2)
(325, 2)
(10959405925, 2)
(328, 1)
(11060569672, 2)
(331, 0)
(11161733419, 0)
(334, 0)
(11262897166, 0)
(337, 2)
(11364060913, 2)
(340, 1)
(11465224660, 1)
(343, 2)
(11566388407, 1)
(346, 2)
(11667552154, 1)
(349, 2)
(11768715901, 2)
(352, 1)
(11869879648, 1)
(355, 0)
(11971043395, 0)
(358, 0)
(12072207142, 0)
(361, 0)
(12173370889, 0)
(364, 0)
(12274534636, 0)
(367, 0)
(12375698383, 0)
(370, 0)
(12476862130, 0)
(373, 1)
(12578025877, 2)
(376, 2)
(12679189624, 2)
(379, 0)
(12780353371, 0)
(382, 1)
(12881517118, 2)
(385, 2)
(12982680865, 2)
(388, 1)
(13083844612, 2)
(391, 2)
(13185008359, 1)
(394, 2)
(13286172106, 1)
(397, 0)
(13387335853, 0)
(400, 2)
(13488499600, 2)
(403, 0)
(13589663347, 0)
(406, 2)
(13690827094, 1)
(409, 1)
(13791990841, 1)
(412, 2)
(13893154588, 2)
(415, 1)
(13994318335, 2)
(418, 1)
(14095482082, 1)
(421, 1)
(14196645829, 2)
(424, 0)
(14297809576, 0)
(427, 0)
(14398973323, 0)
(430, 0)
(14500137070, 0)
(433, 0)
(14601300817, 0)
(436, 0)
(14702464564, 0)
(439, 0)
(14803628311, 0)
(442, 1)
(14904792058, 2)
(445, 2)
(15005955805, 1)
(448, 1)
(15107119552, 2)
(451, 0)
(15208283299, 0)
(454, 1)
(15309447046, 2)
(457, 2)
(15410610793, 2)
(460, 0)
(15511774540, 0)
(463, 1)
(15612938287, 2)
(466, 1)
(15714102034, 1)
(469, 1)
(15815265781, 2)
(472, 0)
(15916429528, 0)
(475, 0)
(16017593275, 0)
(478, 1)
(16118757022, 2)
(481, 1)
(16219920769, 2)
(484, 2)
(16321084516, 2)
(487, 1)
(16422248263, 2)
(490, 1)
(16523412010, 2)
(493, 0)
(16624575757, 0)
(496, 0)
(16725739504, 0)
(499, 0)
(16826903251, 0)
(502, 1)
(16928066998, 1)
(505, 2)
(17029230745, 2)
(508, 2)
(17130394492, 2)
(511, 2)
(17231558239, 2)
(514, 2)
(17332721986, 2)
(517, 0)
(17433885733, 0)
(520, 1)
(17535049480, 2)
(523, 0)
(17636213227, 0)
(526, 0)
(17737376974, 0)
(529, 2)
(17838540721, 2)
(532, 1)
(17939704468, 2)
(535, 2)
(18040868215, 2)
(538, 2)
(18142031962, 1)
(541, 1)
(18243195709, 1)
(544, 2)
(18344359456, 1)
(547, 0)
(18445523203, 0)
(550, 1)
(18546686950, 1)
(553, 2)
(18647850697, 2)
(556, 0)
(18749014444, 0)
(559, 1)
(18850178191, 1)
(562, 1)
(18951341938, 2)
(565, 0)
(19052505685, 0)
(568, 1)
(19153669432, 1)
(571, 0)
(19254833179, 0)
(574, 2)
(19355996926, 2)
(577, 2)
(19457160673, 1)
(580, 2)
(19558324420, 1)
(583, 2)
(19659488167, 1)
(586, 0)
(19760651914, 0)
(589, 1)
(19861815661, 2)
(592, 1)
(19962979408, 2)
(595, 0)
(20064143155, 0)
(598, 1)
(20165306902, 1)
(601, 2)
(20266470649, 2)
(604, 1)
(20367634396, 2)
(607, 1)
(20468798143, 2)
(610, 0)
(20569961890, 0)
(613, 1)
(20671125637, 1)
(616, 2)
(20772289384, 1)
(619, 0)
(20873453131, 0)
(622, 0)
(20974616878, 0)
(625, 2)
(21075780625, 2)
(628, 0)
(21176944372, 0)
(631, 1)
(21278108119, 2)
(634, 1)
(21379271866, 1)
(637, 2)
(21480435613, 2)
(640, 2)
(21581599360, 1)
(643, 0)
(21682763107, 0)
(646, 2)
(21783926854, 1)
(649, 2)
(21885090601, 1)
(652, 0)
(21986254348, 0)
(655, 0)
(22087418095, 0)
(658, 1)
(22188581842, 2)
(661, 0)
(22289745589, 0)
(664, 1)
(22390909336, 1)
(667, 0)
(22492073083, 0)
(670, 0)
(22593236830, 0)
(673, 0)
(22694400577, 0)
(676, 2)
(22795564324, 2)
(679, 0)
(22896728071, 0)
(682, 0)
(22997891818, 0)
(685, 0)
(23099055565, 0)
(688, 0)
(23200219312, 0)
(691, 0)
(23301383059, 0)
(694, 2)
(23402546806, 1)
(697, 2)
(23503710553, 2)
(700, 1)
(23604874300, 2)
(703, 2)
(23706038047, 1)
(706, 0)
(23807201794, 0)
(709, 1)
(23908365541, 1)
(712, 2)
(24009529288, 2)
(715, 0)
(24110693035, 0)
(718, 0)
(24211856782, 0)
(721, 1)
(24313020529, 2)
(724, 1)
(24414184276, 1)
(727, 1)
(24515348023, 1)
(730, 0)
(24616511770, 0)
(733, 2)
(24717675517, 2)
(736, 2)
(24818839264, 2)
(739, 0)
(24920003011, 0)
(742, 1)
(25021166758, 1)
(745, 1)
(25122330505, 2)
(748, 0)
(25223494252, 0)
(751, 0)
(25324657999, 0)
(754, 1)
(25425821746, 1)
(757, 1)
(25526985493, 1)
(760, 1)
(25628149240, 2)
(763, 0)
(25729312987, 0)
(766, 0)
(25830476734, 0)
(769, 2)
(25931640481, 1)
(772, 1)
(26032804228, 2)
(775, 0)
(26133967975, 0)
(778, 1)
(26235131722, 1)
(781, 2)
(26336295469, 2)
(784, 0)
(26437459216, 0)
(787, 0)
(26538622963, 0)
(790, 2)
(26639786710, 2)
(793, 2)
(26740950457, 2)
(796, 0)
(26842114204, 0)
(799, 1)
(26943277951, 2)
(802, 0)
(27044441698, 0)
(805, 1)
(27145605445, 1)
(808, 0)
(27246769192, 0)
(811, 0)
(27347932939, 0)
(814, 0)
(27449096686, 0)
(817, 0)
(27550260433, 0)
(820, 2)
(27651424180, 2)
(823, 0)
(27752587927, 0)
(826, 0)
(27853751674, 0)
(829, 1)
(27954915421, 1)
(832, 2)
(28056079168, 2)
(835, 0)
(28157242915, 0)
(838, 1)
(28258406662, 1)
(841, 1)
(28359570409, 1)
(844, 0)
(28460734156, 0)
(847, 2)
(28561897903, 1)
(850, 1)
(28663061650, 2)
