(1, 2)
(2211169, 2)
(4, 2)
(8844676, 2)
(7, 1)
(15478183, 1)
(10, 1)
(22111690, 2)
(13, 2)
(28745197, 1)
(16, 1)
(35378704, 1)
(19, 0)
(42012211, 0)
(22, 1)
(48645718, 1)
(25, 1)
(55279225, 1)
(28, 1)
(61912732, 1)
(31, 0)
(68546239, 0)
(34, 2)
(75179746, 2)
(37, 2)
(81813253, 2)
(40, 2)
(88446760, 1)
(43, 0)
(95080267, 0)
(46, 2)
(101713774, 2)
(49, 0)
(108347281, 0)
(52, 2)
(114980788, 1)
(55, 1)
(121614295, 2)
(58, 1)
(128247802, 2)
(61, 0)
(134881309, 0)
(64, 2)
(141514816, 2)
(67, 0)
(148148323, 0)
(70, 2)
(154781830, 1)
(73, 1)
(161415337, 1)
(76, 0)
(168048844, 0)
(79, 2)
(174682351, 1)
(82, 2)
(181315858, 1)
(85, 1)
(187949365, 2)
(88, 2)
(194582872, 2)
(91, 0)
(201216379, 0)
(94, 1)
(207849886, 1)
(97, 1)
(214483393, 1)
(100, 1)
(221116900, 1)
(103, 2)
(227750407, 2)
(106, 0)
(234383914, 0)
(109, 0)
(241017421, 0)
(112, 2)
(247650928, 2)
(115, 0)
(254284435, 0)
(118, 0)
(260917942, 0)
(121, 2)
(267551449, 2)
(124, 0)
(274184956, 0)
(127, 2)
(280818463, 2)
(130, 2)
(287451970, 2)
(133, 1)
(294085477, 2)
(136, 1)
(300718984, 1)
(139, 0)
(307352491, 0)
(142, 2)
(313985998, 2)
(145, 2)
(320619505, 2)
(148, 2)
(327253012, 2)
(151, 1)
(333886519, 2)
(154, 1)
(340520026, 1)
(157, 0)
(347153533, 0)
(160, 1)
(353787040, 2)
(163, 0)
(360420547, 0)
(166, 2)
(367054054, 2)
(169, 2)
(373687561, 2)
(172, 0)
(380321068, 0)
(175, 1)
(386954575, 1)
(178, 1)
(393588082, 2)
(181, 1)
(400221589, 1)
(184, 1)
(406855096, 1)
(187, 0)
(413488603, 0)
(190, 2)
(420122110, 2)
(193, 1)
(426755617, 2)
(196, 0)
(433389124, 0)
(199, 0)
(440022631, 0)
(202, 0)
(446656138, 0)
(205, 2)
(453289645, 2)
(208, 1)
(459923152, 2)
(211, 0)
(466556659, 0)
(214, 0)
(473190166, 0)
(217, 2)
(479823673, 2)
(220, 1)
(486457180, 2)
(223, 1)
(493090687, 1)
(226, 1)
(499724194, 1)
(229, 1)
(506357701, 2)
(232, 2)
(512991208, 1)
(235, 0)
(519624715, 0)
(238, 1)
(526258222, 1)
(241, 0)
(532891729, 0)
(244, 0)
(539525236, 0)
(247, 0)
(546158743, 0)
(250, 0)
(552792250, 0)
(253, 1)
(559425757, 1)
(256, 1)
(566059264, 1)
(259, 0)
(572692771, 0)
(262, 0)
(579326278, 0)
(265, 2)
(585959785, 2)
(268, 0)
(592593292, 0)
(271, 2)
(599226799, 2)
(274, 0)
(605860306, 0)
(277, 0)
(612493813, 0)
(280, 1)
(619127320, 2)
(283, 0)
(625760827, 0)
(286, 0)
(632394334, 0)
(289, 1)
(639027841, 1)
(292, 1)
(645661348, 1)
(295, 2)
(652294855, 2)
(298, 0)
(658928362, 0)
(301, 2)
(665561869, 1)
(304, 0)
(672195376, 0)
(307, 0)
(678828883, 0)
(310, 1)
(685462390, 2)
(313, 2)
(692095897, 2)
(316, 2)
(698729404, 1)
(319, 1)
(705362911, 2)
(322, 1)
(711996418, 1)
(325, 2)
(718629925, 1)
(328, 1)
(725263432, 2)
(331, 0)
(731896939, 0)
(334, 0)
(738530446, 0)
(337, 2)
(745163953, 1)
(340, 1)
(751797460, 2)
(343, 2)
(758430967, 2)
(346, 2)
(765064474, 1)
(349, 2)
(771697981, 2)
(352, 1)
(778331488, 1)
(355, 0)
(784964995, 0)
(358, 0)
(791598502, 0)
(361, 0)
(798232009, 0)
(364, 0)
(804865516, 0)
(367, 0)
(811499023, 0)
(370, 0)
(818132530, 0)
(373, 1)
(824766037, 2)
(376, 2)
(831399544, 2)
(379, 0)
(838033051, 0)
(382, 1)
(844666558, 2)
(385, 2)
(851300065, 1)
(388, 1)
(857933572, 1)
(391, 2)
(864567079, 2)
(394, 2)
(871200586, 1)
(397, 0)
(877834093, 0)
(400, 2)
(884467600, 2)
(403, 0)
(891101107, 0)
(406, 2)
(897734614, 1)
(409, 1)
(904368121, 2)
(412, 2)
(911001628, 2)
(415, 1)
(917635135, 2)
(418, 1)
(924268642, 2)
(421, 1)
(930902149, 2)
(424, 0)
(937535656, 0)
(427, 0)
(944169163, 0)
(430, 0)
(950802670, 0)
(433, 0)
(957436177, 0)
(436, 0)
(964069684, 0)
(439, 0)
(970703191, 0)
(442, 1)
(977336698, 2)
(445, 2)
(983970205, 2)
(448, 1)
(990603712, 1)
(451, 0)
(997237219, 0)
(454, 1)
(1003870726, 1)
(457, 2)
(1010504233, 2)
(460, 0)
(1017137740, 0)
(463, 1)
(1023771247, 2)
(466, 1)
(1030404754, 1)
(469, 1)
(1037038261, 1)
(472, 0)
(1043671768, 0)
(475, 0)
(1050305275, 0)
(478, 1)
(1056938782, 1)
(481, 1)
(1063572289, 2)
(484, 2)
(1070205796, 2)
(487, 1)
(1076839303, 1)
(490, 1)
(1083472810, 2)
(493, 0)
(1090106317, 0)
(496, 0)
(1096739824, 0)
(499, 0)
(1103373331, 0)
(502, 1)
(1110006838, 2)
(505, 2)
(1116640345, 2)
(508, 2)
(1123273852, 2)
(511, 2)
(1129907359, 2)
(514, 2)
(1136540866, 1)
(517, 0)
(1143174373, 0)
(520, 1)
(1149807880, 1)
(523, 0)
(1156441387, 0)
(526, 0)
(1163074894, 0)
(529, 2)
(1169708401, 2)
(532, 1)
(1176341908, 2)
(535, 2)
(1182975415, 1)
(538, 2)
(1189608922, 2)
(541, 1)
(1196242429, 1)
(544, 2)
(1202875936, 2)
(547, 0)
(1209509443, 0)
(550, 1)
(1216142950, 1)
(553, 2)
(1222776457, 1)
(556, 0)
(1229409964, 0)
(559, 1)
(1236043471, 1)
(562, 1)
(1242676978, 2)
(565, 0)
(1249310485, 0)
(568, 1)
(1255943992, 1)
(571, 0)
(1262577499, 0)
(574, 2)
(1269211006, 1)
(577, 2)
(1275844513, 1)
(580, 2)
(1282478020, 2)
(583, 2)
(1289111527, 1)
(586, 0)
(1295745034, 0)
(589, 1)
(1302378541, 2)
(592, 1)
(1309012048, 1)
(595, 0)
(1315645555, 0)
(598, 1)
(1322279062, 2)
(601, 2)
(1328912569, 1)
(604, 1)
(1335546076, 2)
(607, 1)
(1342179583, 1)
(610, 0)
(1348813090, 0)
(613, 1)
(1355446597, 1)
(616, 2)
(1362080104, 2)
(619, 0)
(1368713611, 0)
(622, 0)
(1375347118, 0)
(625, 2)
(1381980625, 2)
(628, 0)
(1388614132, 0)
(631, 1)
(1395247639, 2)
(634, 1)
(1401881146, 2)
(637, 2)
(1408514653, 1)
(640, 2)
(1415148160, 1)
(643, 0)
(1421781667, 0)
(646, 2)
(1428415174, 1)
(649, 2)
(1435048681, 1)
(652, 0)
(1441682188, 0)
(655, 0)
(1448315695, 0)
(658, 1)
(1454949202, 1)
(661, 0)
(1461582709, 0)
(664, 1)
(1468216216, 1)
(667, 0)
(1474849723, 0)
(670, 0)
(1481483230, 0)
(673, 0)
(1488116737, 0)
(676, 2)
(1494750244, 2)
(679, 0)
(1501383751, 0)
(682, 0)
(1508017258, 0)
(685, 0)
(1514650765, 0)
(688, 0)
(1521284272, 0)
(691, 0)
(1527917779, 0)
(694, 2)
(1534551286, 1)
(697, 2)
(1541184793, 1)
(700, 1)
(1547818300, 1)
(703, 2)
(1554451807, 1)
(706, 0)
(1561085314, 0)
(709, 1)
(1567718821, 2)
(712, 2)
(1574352328, 1)
(715, 0)
(1580985835, 0)
(718, 0)
(1587619342, 0)
(721, 1)
(1594252849, 1)
(724, 1)
(1600886356, 1)
(727, 1)
(1607519863, 2)
(730, 0)
(1614153370, 0)
(733, 2)
(1620786877, 1)
(736, 2)
(1627420384, 2)
(739, 0)
(1634053891, 0)
(742, 1)
(1640687398, 2)
(745, 1)
(1647320905, 1)
(748, 0)
(1653954412, 0)
(751, 0)
(1660587919, 0)
(754, 1)
(1667221426, 1)
(757, 1)
(1673854933, 1)
(760, 1)
(1680488440, 1)
(763, 0)
(1687121947, 0)
(766, 0)
(1693755454, 0)
(769, 2)
(1700388961, 2)
(772, 1)
(1707022468, 2)
(775, 0)
(1713655975, 0)
(778, 1)
(1720289482, 1)
(781, 2)
(1726922989, 2)
(784, 0)
(1733556496, 0)
(787, 0)
(1740190003, 0)
(790, 2)
(1746823510, 2)
(793, 2)
(1753457017, 2)
(796, 0)
(1760090524, 0)
(799, 1)
(1766724031, 1)
(802, 0)
(1773357538, 0)
(805, 1)
(1779991045, 2)
(808, 0)
(1786624552, 0)
(811, 0)
(1793258059, 0)
(814, 0)
(1799891566, 0)
(817, 0)
(1806525073, 0)
(820, 2)
(1813158580, 2)
(823, 0)
(1819792087, 0)
(826, 0)
(1826425594, 0)
(829, 1)
(1833059101, 2)
(832, 2)
(1839692608, 1)
(835, 0)
(1846326115, 0)
(838, 1)
(1852959622, 1)
(841, 1)
(1859593129, 1)
(844, 0)
(1866226636, 0)
(847, 2)
(1872860143, 2)
(850, 1)
(1879493650, 1)
