(1, 2)
(2209, 2)
(4, 2)
(8836, 2)
(7, 1)
(15463, 1)
(10, 1)
(22090, 2)
(13, 2)
(28717, 1)
(16, 1)
(35344, 1)
(19, 0)
(41971, 0)
(22, 1)
(48598, 2)
(25, 1)
(55225, 1)
(28, 1)
(61852, 1)
(31, 0)
(68479, 0)
(34, 2)
(75106, 2)
(37, 2)
(81733, 2)
(40, 2)
(88360, 1)
(43, 0)
(94987, 0)
(46, 2)
(101614, 1)
(49, 0)
(108241, 0)
(52, 2)
(114868, 1)
(55, 1)
(121495, 1)
(58, 1)
(128122, 2)
(61, 0)
(134749, 0)
(64, 2)
(141376, 2)
(67, 0)
(148003, 0)
(70, 2)
(154630, 1)
(73, 1)
(161257, 2)
(76, 0)
(167884, 0)
(79, 2)
(174511, 2)
(82, 2)
(181138, 1)
(85, 1)
(187765, 2)
(88, 2)
(194392, 1)
(91, 0)
(201019, 0)
(94, 1)
(207646, 0)
(97, 1)
(214273, 1)
(100, 1)
(220900, 1)
(103, 2)
(227527, 2)
(106, 0)
(234154, 0)
(109, 0)
(240781, 0)
(112, 2)
(247408, 2)
(115, 0)
(254035, 0)
(118, 0)
(260662, 0)
(121, 2)
(267289, 2)
(124, 0)
(273916, 0)
(127, 2)
(280543, 1)
(130, 2)
(287170, 2)
(133, 1)
(293797, 2)
(136, 1)
(300424, 1)
(139, 0)
(307051, 0)
(142, 2)
(313678, 2)
(145, 2)
(320305, 2)
(148, 2)
(326932, 2)
(151, 1)
(333559, 2)
(154, 1)
(340186, 2)
(157, 0)
(346813, 0)
(160, 1)
(353440, 2)
(163, 0)
(360067, 0)
(166, 2)
(366694, 2)
(169, 2)
(373321, 2)
(172, 0)
(379948, 0)
(175, 1)
(386575, 1)
(178, 1)
(393202, 1)
(181, 1)
(399829, 2)
(184, 1)
(406456, 2)
(187, 0)
(413083, 0)
(190, 2)
(419710, 2)
(193, 1)
(426337, 2)
(196, 0)
(432964, 0)
(199, 0)
(439591, 0)
(202, 0)
(446218, 0)
(205, 2)
(452845, 2)
(208, 1)
(459472, 2)
(211, 0)
(466099, 0)
(214, 0)
(472726, 0)
(217, 2)
(479353, 1)
(220, 1)
(485980, 1)
(223, 1)
(492607, 2)
(226, 1)
(499234, 2)
(229, 1)
(505861, 2)
(232, 2)
(512488, 1)
(235, 0)
(519115, 0)
(238, 1)
(525742, 1)
(241, 0)
(532369, 0)
(244, 0)
(538996, 0)
(247, 0)
(545623, 0)
(250, 0)
(552250, 0)
(253, 1)
(558877, 1)
(256, 1)
(565504, 1)
(259, 0)
(572131, 0)
(262, 0)
(578758, 0)
(265, 2)
(585385, 1)
(268, 0)
(592012, 0)
(271, 2)
(598639, 2)
(274, 0)
(605266, 0)
(277, 0)
(611893, 0)
(280, 1)
(618520, 2)
(283, 0)
(625147, 0)
(286, 0)
(631774, 0)
(289, 1)
(638401, 1)
(292, 1)
(645028, 2)
(295, 2)
(651655, 1)
(298, 0)
(658282, 0)
(301, 2)
(664909, 1)
(304, 0)
(671536, 0)
(307, 0)
(678163, 0)
(310, 1)
(684790, 1)
(313, 2)
(691417, 1)
(316, 2)
(698044, 2)
(319, 1)
(704671, 1)
(322, 1)
(711298, 2)
(325, 2)
(717925, 1)
(328, 1)
(724552, 2)
(331, 0)
(731179, 0)
(334, 0)
(737806, 0)
(337, 2)
(744433, 2)
(340, 1)
(751060, 2)
(343, 2)
(757687, 2)
(346, 2)
(764314, 2)
(349, 2)
(770941, 1)
(352, 1)
(777568, 2)
(355, 0)
(784195, 0)
(358, 0)
(790822, 0)
(361, 0)
(797449, 0)
(364, 0)
(804076, 0)
(367, 0)
(810703, 0)
(370, 0)
(817330, 0)
(373, 1)
(823957, 2)
(376, 2)
(830584, 0)
(379, 0)
(837211, 0)
(382, 1)
(843838, 1)
(385, 2)
(850465, 2)
(388, 1)
(857092, 1)
(391, 2)
(863719, 1)
(394, 2)
(870346, 2)
(397, 0)
(876973, 0)
(400, 2)
(883600, 2)
(403, 0)
(890227, 0)
(406, 2)
(896854, 1)
(409, 1)
(903481, 2)
(412, 2)
(910108, 2)
(415, 1)
(916735, 2)
(418, 1)
(923362, 1)
(421, 1)
(929989, 2)
(424, 0)
(936616, 0)
(427, 0)
(943243, 0)
(430, 0)
(949870, 0)
(433, 0)
(956497, 0)
(436, 0)
(963124, 0)
(439, 0)
(969751, 0)
(442, 1)
(976378, 2)
(445, 2)
(983005, 1)
(448, 1)
(989632, 1)
(451, 0)
(996259, 0)
(454, 1)
(1002886, 2)
(457, 2)
(1009513, 2)
(460, 0)
(1016140, 0)
(463, 1)
(1022767, 2)
(466, 1)
(1029394, 2)
(469, 1)
(1036021, 2)
(472, 0)
(1042648, 0)
(475, 0)
(1049275, 0)
(478, 1)
(1055902, 1)
(481, 1)
(1062529, 2)
(484, 2)
(1069156, 2)
(487, 1)
(1075783, 1)
(490, 1)
(1082410, 2)
(493, 0)
(1089037, 0)
(496, 0)
(1095664, 0)
(499, 0)
(1102291, 0)
(502, 1)
(1108918, 1)
(505, 2)
(1115545, 1)
(508, 2)
(1122172, 1)
(511, 2)
(1128799, 1)
(514, 2)
(1135426, 1)
(517, 0)
(1142053, 0)
(520, 1)
(1148680, 1)
(523, 0)
(1155307, 0)
(526, 0)
(1161934, 0)
(529, 2)
(1168561, 2)
(532, 1)
(1175188, 2)
(535, 2)
(1181815, 2)
(538, 2)
(1188442, 2)
(541, 1)
(1195069, 1)
(544, 2)
(1201696, 2)
(547, 0)
(1208323, 0)
(550, 1)
(1214950, 2)
(553, 2)
(1221577, 2)
(556, 0)
(1228204, 0)
(559, 1)
(1234831, 1)
(562, 1)
(1241458, 2)
(565, 0)
(1248085, 0)
(568, 1)
(1254712, 1)
(571, 0)
(1261339, 0)
(574, 2)
(1267966, 1)
(577, 2)
(1274593, 1)
(580, 2)
(1281220, 2)
(583, 2)
(1287847, 1)
(586, 0)
(1294474, 0)
(589, 1)
(1301101, 1)
(592, 1)
(1307728, 1)
(595, 0)
(1314355, 0)
(598, 1)
(1320982, 1)
(601, 2)
(1327609, 2)
(604, 1)
(1334236, 2)
(607, 1)
(1340863, 2)
(610, 0)
(1347490, 0)
(613, 1)
(1354117, 1)
(616, 2)
(1360744, 1)
(619, 0)
(1367371, 0)
(622, 0)
(1373998, 0)
(625, 2)
(1380625, 2)
(628, 0)
(1387252, 0)
(631, 1)
(1393879, 2)
(634, 1)
(1400506, 2)
(637, 2)
(1407133, 1)
(640, 2)
(1413760, 1)
(643, 0)
(1420387, 0)
(646, 2)
(1427014, 1)
(649, 2)
(1433641, 1)
(652, 0)
(1440268, 0)
(655, 0)
(1446895, 0)
(658, 1)
(1453522, 0)
(661, 0)
(1460149, 0)
(664, 1)
(1466776, 1)
(667, 0)
(1473403, 0)
(670, 0)
(1480030, 0)
(673, 0)
(1486657, 0)
(676, 2)
(1493284, 2)
(679, 0)
(1499911, 0)
(682, 0)
(1506538, 0)
(685, 0)
(1513165, 0)
(688, 0)
(1519792, 0)
(691, 0)
(1526419, 0)
(694, 2)
(1533046, 2)
(697, 2)
(1539673, 1)
(700, 1)
(1546300, 1)
(703, 2)
(1552927, 1)
(706, 0)
(1559554, 0)
(709, 1)
(1566181, 1)
(712, 2)
(1572808, 2)
(715, 0)
(1579435, 0)
(718, 0)
(1586062, 0)
(721, 1)
(1592689, 1)
(724, 1)
(1599316, 2)
(727, 1)
(1605943, 2)
(730, 0)
(1612570, 0)
(733, 2)
(1619197, 2)
(736, 2)
(1625824, 1)
(739, 0)
(1632451, 0)
(742, 1)
(1639078, 1)
(745, 1)
(1645705, 2)
(748, 0)
(1652332, 0)
(751, 0)
(1658959, 0)
(754, 1)
(1665586, 1)
(757, 1)
(1672213, 2)
(760, 1)
(1678840, 1)
(763, 0)
(1685467, 0)
(766, 0)
(1692094, 0)
(769, 2)
(1698721, 2)
(772, 1)
(1705348, 2)
(775, 0)
(1711975, 0)
(778, 1)
(1718602, 2)
(781, 2)
(1725229, 1)
(784, 0)
(1731856, 0)
(787, 0)
(1738483, 0)
(790, 2)
(1745110, 1)
(793, 2)
(1751737, 1)
(796, 0)
(1758364, 0)
(799, 1)
(1764991, 0)
(802, 0)
(1771618, 0)
(805, 1)
(1778245, 1)
(808, 0)
(1784872, 0)
(811, 0)
(1791499, 0)
(814, 0)
(1798126, 0)
(817, 0)
(1804753, 0)
(820, 2)
(1811380, 2)
(823, 0)
(1818007, 0)
(826, 0)
(1824634, 0)
(829, 1)
(1831261, 2)
(832, 2)
(1837888, 1)
(835, 0)
(1844515, 0)
(838, 1)
(1851142, 2)
(841, 1)
(1857769, 1)
(844, 0)
(1864396, 0)
(847, 2)
(1871023, 2)
(850, 1)
(1877650, 1)
