(1, 2)
(91221601, 2)
(4, 2)
(364886404, 2)
(7, 1)
(638551207, 1)
(10, 1)
(912216010, 1)
(13, 2)
(1185880813, 2)
(16, 1)
(1459545616, 1)
(19, 0)
(1733210419, 0)
(22, 1)
(2006875222, 2)
(25, 1)
(2280540025, 1)
(28, 1)
(2554204828, 1)
(31, 0)
(2827869631, 0)
(34, 2)
(3101534434, 1)
(37, 2)
(3375199237, 1)
(40, 2)
(3648864040, 2)
(43, 0)
(3922528843, 0)
(46, 2)
(4196193646, 1)
(49, 0)
(4469858449, 0)
(52, 2)
(4743523252, 2)
(55, 1)
(5017188055, 2)
(58, 1)
(5290852858, 2)
(61, 0)
(5564517661, 0)
(64, 2)
(5838182464, 2)
(67, 0)
(6111847267, 0)
(70, 2)
(6385512070, 2)
(73, 1)
(6659176873, 1)
(76, 0)
(6932841676, 0)
(79, 2)
(7206506479, 2)
(82, 2)
(7480171282, 2)
(85, 1)
(7753836085, 2)
(88, 2)
(8027500888, 1)
(91, 0)
(8301165691, 0)
(94, 1)
(8574830494, 1)
(97, 1)
(8848495297, 2)
(100, 1)
(9122160100, 1)
(103, 2)
(9395824903, 2)
(106, 0)
(9669489706, 0)
(109, 0)
(9943154509, 0)
(112, 2)
(10216819312, 2)
(115, 0)
(10490484115, 0)
(118, 0)
(10764148918, 0)
(121, 2)
(11037813721, 2)
(124, 0)
(11311478524, 0)
(127, 2)
(11585143327, 1)
(130, 2)
(11858808130, 2)
(133, 1)
(12132472933, 1)
(136, 1)
(12406137736, 2)
(139, 0)
(12679802539, 0)
(142, 2)
(12953467342, 1)
(145, 2)
(13227132145, 1)
(148, 2)
(13500796948, 1)
(151, 1)
(13774461751, 2)
(154, 1)
(14048126554, 2)
(157, 0)
(14321791357, 0)
(160, 1)
(14595456160, 1)
(163, 0)
(14869120963, 0)
(166, 2)
(15142785766, 2)
(169, 2)
(15416450569, 2)
(172, 0)
(15690115372, 0)
(175, 1)
(15963780175, 1)
(178, 1)
(16237444978, 2)
(181, 1)
(16511109781, 1)
(184, 1)
(16784774584, 2)
(187, 0)
(17058439387, 0)
(190, 2)
(17332104190, 2)
(193, 1)
(17605768993, 2)
(196, 0)
(17879433796, 0)
(199, 0)
(18153098599, 0)
(202, 0)
(18426763402, 0)
(205, 2)
(18700428205, 2)
(208, 1)
(18974093008, 1)
(211, 0)
(19247757811, 0)
(214, 0)
(19521422614, 0)
(217, 2)
(19795087417, 2)
(220, 1)
(20068752220, 2)
(223, 1)
(20342417023, 1)
(226, 1)
(20616081826, 2)
(229, 1)
(20889746629, 2)
(232, 2)
(21163411432, 1)
(235, 0)
(21437076235, 0)
(238, 1)
(21710741038, 2)
(241, 0)
(21984405841, 0)
(244, 0)
(22258070644, 0)
(247, 0)
(22531735447, 0)
(250, 0)
(22805400250, 0)
(253, 1)
(23079065053, 1)
(256, 1)
(23352729856, 1)
(259, 0)
(23626394659, 0)
(262, 0)
(23900059462, 0)
(265, 2)
(24173724265, 2)
(268, 0)
(24447389068, 0)
(271, 2)
(24721053871, 2)
(274, 0)
(24994718674, 0)
(277, 0)
(25268383477, 0)
(280, 1)
(25542048280, 1)
(283, 0)
(25815713083, 0)
(286, 0)
(26089377886, 0)
(289, 1)
(26363042689, 1)
(292, 1)
(26636707492, 1)
(295, 2)
(26910372295, 2)
(298, 0)
(27184037098, 0)
(301, 2)
(27457701901, 2)
(304, 0)
(27731366704, 0)
(307, 0)
(28005031507, 0)
(310, 1)
(28278696310, 1)
(313, 2)
(28552361113, 2)
(316, 2)
(28826025916, 2)
(319, 1)
(29099690719, 1)
(322, 1)
(29373355522, 2)
(325, 2)
(29647020325, 2)
(328, 1)
(29920685128, 1)
(331, 0)
(30194349931, 0)
(334, 0)
(30468014734, 0)
(337, 2)
(30741679537, 2)
(340, 1)
(31015344340, 2)
(343, 2)
(31289009143, 2)
(346, 2)
(31562673946, 2)
(349, 2)
(31836338749, 1)
(352, 1)
(32110003552, 2)
(355, 0)
(32383668355, 0)
(358, 0)
(32657333158, 0)
(361, 0)
(32930997961, 0)
(364, 0)
(33204662764, 0)
(367, 0)
(33478327567, 0)
(370, 0)
(33751992370, 0)
(373, 1)
(34025657173, 1)
(376, 2)
(34299321976, 2)
(379, 0)
(34572986779, 0)
(382, 1)
(34846651582, 2)
(385, 2)
(35120316385, 1)
(388, 1)
(35393981188, 2)
(391, 2)
(35667645991, 2)
(394, 2)
(35941310794, 1)
(397, 0)
(36214975597, 0)
(400, 2)
(36488640400, 2)
(403, 0)
(36762305203, 0)
(406, 2)
(37035970006, 1)
(409, 1)
(37309634809, 1)
(412, 2)
(37583299612, 2)
(415, 1)
(37856964415, 1)
(418, 1)
(38130629218, 2)
(421, 1)
(38404294021, 1)
(424, 0)
(38677958824, 0)
(427, 0)
(38951623627, 0)
(430, 0)
(39225288430, 0)
(433, 0)
(39498953233, 0)
(436, 0)
(39772618036, 0)
(439, 0)
(40046282839, 0)
(442, 1)
(40319947642, 2)
(445, 2)
(40593612445, 1)
(448, 1)
(40867277248, 1)
(451, 0)
(41140942051, 0)
(454, 1)
(41414606854, 1)
(457, 2)
(41688271657, 1)
(460, 0)
(41961936460, 0)
(463, 1)
(42235601263, 1)
(466, 1)
(42509266066, 1)
(469, 1)
(42782930869, 2)
(472, 0)
(43056595672, 0)
(475, 0)
(43330260475, 0)
(478, 1)
(43603925278, 1)
(481, 1)
(43877590081, 2)
(484, 2)
(44151254884, 2)
(487, 1)
(44424919687, 1)
(490, 1)
(44698584490, 1)
(493, 0)
(44972249293, 0)
(496, 0)
(45245914096, 0)
(499, 0)
(45519578899, 0)
(502, 1)
(45793243702, 2)
(505, 2)
(46066908505, 1)
(508, 2)
(46340573308, 1)
(511, 2)
(46614238111, 2)
(514, 2)
(46887902914, 2)
(517, 0)
(47161567717, 0)
(520, 1)
(47435232520, 1)
(523, 0)
(47708897323, 0)
(526, 0)
(47982562126, 0)
(529, 2)
(48256226929, 2)
(532, 1)
(48529891732, 1)
(535, 2)
(48803556535, 2)
(538, 2)
(49077221338, 2)
(541, 1)
(49350886141, 1)
(544, 2)
(49624550944, 1)
(547, 0)
(49898215747, 0)
(550, 1)
(50171880550, 2)
(553, 2)
(50445545353, 2)
(556, 0)
(50719210156, 0)
(559, 1)
(50992874959, 1)
(562, 1)
(51266539762, 2)
(565, 0)
(51540204565, 0)
(568, 1)
(51813869368, 2)
(571, 0)
(52087534171, 0)
(574, 2)
(52361198974, 2)
(577, 2)
(52634863777, 1)
(580, 2)
(52908528580, 1)
(583, 2)
(53182193383, 1)
(586, 0)
(53455858186, 0)
(589, 1)
(53729522989, 1)
(592, 1)
(54003187792, 2)
(595, 0)
(54276852595, 0)
(598, 1)
(54550517398, 2)
(601, 2)
(54824182201, 2)
(604, 1)
(55097847004, 2)
(607, 1)
(55371511807, 2)
(610, 0)
(55645176610, 0)
(613, 1)
(55918841413, 1)
(616, 2)
(56192506216, 1)
(619, 0)
(56466171019, 0)
(622, 0)
(56739835822, 0)
(625, 2)
(57013500625, 2)
(628, 0)
(57287165428, 0)
(631, 1)
(57560830231, 2)
(634, 1)
(57834495034, 2)
(637, 2)
(58108159837, 2)
(640, 2)
(58381824640, 2)
(643, 0)
(58655489443, 0)
(646, 2)
(58929154246, 1)
(649, 2)
(59202819049, 1)
(652, 0)
(59476483852, 0)
(655, 0)
(59750148655, 0)
(658, 1)
(60023813458, 1)
(661, 0)
(60297478261, 0)
(664, 1)
(60571143064, 1)
(667, 0)
(60844807867, 0)
(670, 0)
(61118472670, 0)
(673, 0)
(61392137473, 0)
(676, 2)
(61665802276, 2)
(679, 0)
(61939467079, 0)
(682, 0)
(62213131882, 0)
(685, 0)
(62486796685, 0)
(688, 0)
(62760461488, 0)
(691, 0)
(63034126291, 0)
(694, 2)
(63307791094, 1)
(697, 2)
(63581455897, 1)
(700, 1)
(63855120700, 1)
(703, 2)
(64128785503, 1)
(706, 0)
(64402450306, 0)
(709, 1)
(64676115109, 1)
(712, 2)
(64949779912, 1)
(715, 0)
(65223444715, 0)
(718, 0)
(65497109518, 0)
(721, 1)
(65770774321, 1)
(724, 1)
(66044439124, 1)
(727, 1)
(66318103927, 2)
(730, 0)
(66591768730, 0)
(733, 2)
(66865433533, 2)
(736, 2)
(67139098336, 1)
(739, 0)
(67412763139, 0)
(742, 1)
(67686427942, 1)
(745, 1)
(67960092745, 2)
(748, 0)
(68233757548, 0)
(751, 0)
(68507422351, 0)
(754, 1)
(68781087154, 2)
(757, 1)
(69054751957, 2)
(760, 1)
(69328416760, 1)
(763, 0)
(69602081563, 0)
(766, 0)
(69875746366, 0)
(769, 2)
(70149411169, 2)
(772, 1)
(70423075972, 2)
(775, 0)
(70696740775, 0)
(778, 1)
(70970405578, 2)
(781, 2)
(71244070381, 2)
(784, 0)
(71517735184, 0)
(787, 0)
(71791399987, 0)
(790, 2)
(72065064790, 2)
(793, 2)
(72338729593, 1)
(796, 0)
(72612394396, 0)
(799, 1)
(72886059199, 2)
(802, 0)
(73159724002, 0)
(805, 1)
(73433388805, 2)
(808, 0)
(73707053608, 0)
(811, 0)
(73980718411, 0)
(814, 0)
(74254383214, 0)
(817, 0)
(74528048017, 0)
(820, 2)
(74801712820, 2)
(823, 0)
(75075377623, 0)
(826, 0)
(75349042426, 0)
(829, 1)
(75622707229, 1)
(832, 2)
(75896372032, 2)
(835, 0)
(76170036835, 0)
(838, 1)
(76443701638, 2)
(841, 1)
(76717366441, 1)
(844, 0)
(76991031244, 0)
(847, 2)
(77264696047, 2)
(850, 1)
(77538360850, 2)
