(1, 2)
(57501889, 2)
(4, 2)
(230007556, 2)
(7, 1)
(402513223, 2)
(10, 1)
(575018890, 2)
(13, 2)
(747524557, 2)
(16, 1)
(920030224, 1)
(19, 0)
(1092535891, 0)
(22, 1)
(1265041558, 2)
(25, 1)
(1437547225, 1)
(28, 1)
(1610052892, 2)
(31, 0)
(1782558559, 0)
(34, 2)
(1955064226, 2)
(37, 2)
(2127569893, 1)
(40, 2)
(2300075560, 1)
(43, 0)
(2472581227, 0)
(46, 2)
(2645086894, 1)
(49, 0)
(2817592561, 0)
(52, 2)
(2990098228, 2)
(55, 1)
(3162603895, 1)
(58, 1)
(3335109562, 2)
(61, 0)
(3507615229, 0)
(64, 2)
(3680120896, 2)
(67, 0)
(3852626563, 0)
(70, 2)
(4025132230, 2)
(73, 1)
(4197637897, 1)
(76, 0)
(4370143564, 0)
(79, 2)
(4542649231, 2)
(82, 2)
(4715154898, 2)
(85, 1)
(4887660565, 2)
(88, 2)
(5060166232, 1)
(91, 0)
(5232671899, 0)
(94, 1)
(5405177566, 2)
(97, 1)
(5577683233, 2)
(100, 1)
(5750188900, 1)
(103, 2)
(5922694567, 1)
(106, 0)
(6095200234, 0)
(109, 0)
(6267705901, 0)
(112, 2)
(6440211568, 1)
(115, 0)
(6612717235, 0)
(118, 0)
(6785222902, 0)
(121, 2)
(6957728569, 2)
(124, 0)
(7130234236, 0)
(127, 2)
(7302739903, 2)
(130, 2)
(7475245570, 1)
(133, 1)
(7647751237, 2)
(136, 1)
(7820256904, 1)
(139, 0)
(7992762571, 0)
(142, 2)
(8165268238, 1)
(145, 2)
(8337773905, 2)
(148, 2)
(8510279572, 1)
(151, 1)
(8682785239, 1)
(154, 1)
(8855290906, 1)
(157, 0)
(9027796573, 0)
(160, 1)
(9200302240, 2)
(163, 0)
(9372807907, 0)
(166, 2)
(9545313574, 1)
(169, 2)
(9717819241, 2)
(172, 0)
(9890324908, 0)
(175, 1)
(10062830575, 2)
(178, 1)
(10235336242, 1)
(181, 1)
(10407841909, 2)
(184, 1)
(10580347576, 2)
(187, 0)
(10752853243, 0)
(190, 2)
(10925358910, 1)
(193, 1)
(11097864577, 1)
(196, 0)
(11270370244, 0)
(199, 0)
(11442875911, 0)
(202, 0)
(11615381578, 0)
(205, 2)
(11787887245, 1)
(208, 1)
(11960392912, 1)
(211, 0)
(12132898579, 0)
(214, 0)
(12305404246, 0)
(217, 2)
(12477909913, 2)
(220, 1)
(12650415580, 1)
(223, 1)
(12822921247, 2)
(226, 1)
(12995426914, 2)
(229, 1)
(13167932581, 1)
(232, 2)
(13340438248, 1)
(235, 0)
(13512943915, 0)
(238, 1)
(13685449582, 2)
(241, 0)
(13857955249, 0)
(244, 0)
(14030460916, 0)
(247, 0)
(14202966583, 0)
(250, 0)
(14375472250, 0)
(253, 1)
(14547977917, 1)
(256, 1)
(14720483584, 1)
(259, 0)
(14892989251, 0)
(262, 0)
(15065494918, 0)
(265, 2)
(15238000585, 1)
(268, 0)
(15410506252, 0)
(271, 2)
(15583011919, 2)
(274, 0)
(15755517586, 0)
(277, 0)
(15928023253, 0)
(280, 1)
(16100528920, 1)
(283, 0)
(16273034587, 0)
(286, 0)
(16445540254, 0)
(289, 1)
(16618045921, 1)
(292, 1)
(16790551588, 1)
(295, 2)
(16963057255, 1)
(298, 0)
(17135562922, 0)
(301, 2)
(17308068589, 2)
(304, 0)
(17480574256, 0)
(307, 0)
(17653079923, 0)
(310, 1)
(17825585590, 1)
(313, 2)
(17998091257, 2)
(316, 2)
(18170596924, 2)
(319, 1)
(18343102591, 1)
(322, 1)
(18515608258, 1)
(325, 2)
(18688113925, 2)
(328, 1)
(18860619592, 1)
(331, 0)
(19033125259, 0)
(334, 0)
(19205630926, 0)
(337, 2)
(19378136593, 2)
(340, 1)
(19550642260, 2)
(343, 2)
(19723147927, 1)
(346, 2)
(19895653594, 2)
(349, 2)
(20068159261, 2)
(352, 1)
(20240664928, 2)
(355, 0)
(20413170595, 0)
(358, 0)
(20585676262, 0)
(361, 0)
(20758181929, 0)
(364, 0)
(20930687596, 0)
(367, 0)
(21103193263, 0)
(370, 0)
(21275698930, 0)
(373, 1)
(21448204597, 1)
(376, 2)
(21620710264, 1)
(379, 0)
(21793215931, 0)
(382, 1)
(21965721598, 2)
(385, 2)
(22138227265, 1)
(388, 1)
(22310732932, 2)
(391, 2)
(22483238599, 1)
(394, 2)
(22655744266, 2)
(397, 0)
(22828249933, 0)
(400, 2)
(23000755600, 2)
(403, 0)
(23173261267, 0)
(406, 2)
(23345766934, 2)
(409, 1)
(23518272601, 2)
(412, 2)
(23690778268, 1)
(415, 1)
(23863283935, 1)
(418, 1)
(24035789602, 2)
(421, 1)
(24208295269, 1)
(424, 0)
(24380800936, 0)
(427, 0)
(24553306603, 0)
(430, 0)
(24725812270, 0)
(433, 0)
(24898317937, 0)
(436, 0)
(25070823604, 0)
(439, 0)
(25243329271, 0)
(442, 1)
(25415834938, 1)
(445, 2)
(25588340605, 1)
(448, 1)
(25760846272, 2)
(451, 0)
(25933351939, 0)
(454, 1)
(26105857606, 2)
(457, 2)
(26278363273, 1)
(460, 0)
(26450868940, 0)
(463, 1)
(26623374607, 1)
(466, 1)
(26795880274, 2)
(469, 1)
(26968385941, 2)
(472, 0)
(27140891608, 0)
(475, 0)
(27313397275, 0)
(478, 1)
(27485902942, 2)
(481, 1)
(27658408609, 2)
(484, 2)
(27830914276, 2)
(487, 1)
(28003419943, 2)
(490, 1)
(28175925610, 2)
(493, 0)
(28348431277, 0)
(496, 0)
(28520936944, 0)
(499, 0)
(28693442611, 0)
(502, 1)
(28865948278, 1)
(505, 2)
(29038453945, 2)
(508, 2)
(29210959612, 2)
(511, 2)
(29383465279, 1)
(514, 2)
(29555970946, 1)
(517, 0)
(29728476613, 0)
(520, 1)
(29900982280, 2)
(523, 0)
(30073487947, 0)
(526, 0)
(30245993614, 0)
(529, 2)
(30418499281, 2)
(532, 1)
(30591004948, 2)
(535, 2)
(30763510615, 1)
(538, 2)
(30936016282, 2)
(541, 1)
(31108521949, 1)
(544, 2)
(31281027616, 2)
(547, 0)
(31453533283, 0)
(550, 1)
(31626038950, 2)
(553, 2)
(31798544617, 1)
(556, 0)
(31971050284, 0)
(559, 1)
(32143555951, 2)
(562, 1)
(32316061618, 1)
(565, 0)
(32488567285, 0)
(568, 1)
(32661072952, 2)
(571, 0)
(32833578619, 0)
(574, 2)
(33006084286, 1)
(577, 2)
(33178589953, 1)
(580, 2)
(33351095620, 2)
(583, 2)
(33523601287, 1)
(586, 0)
(33696106954, 0)
(589, 1)
(33868612621, 2)
(592, 1)
(34041118288, 2)
(595, 0)
(34213623955, 0)
(598, 1)
(34386129622, 2)
(601, 2)
(34558635289, 2)
(604, 1)
(34731140956, 1)
(607, 1)
(34903646623, 1)
(610, 0)
(35076152290, 0)
(613, 1)
(35248657957, 1)
(616, 2)
(35421163624, 2)
(619, 0)
(35593669291, 0)
(622, 0)
(35766174958, 0)
(625, 2)
(35938680625, 2)
(628, 0)
(36111186292, 0)
(631, 1)
(36283691959, 1)
(634, 1)
(36456197626, 1)
(637, 2)
(36628703293, 2)
(640, 2)
(36801208960, 1)
(643, 0)
(36973714627, 0)
(646, 2)
(37146220294, 2)
(649, 2)
(37318725961, 1)
(652, 0)
(37491231628, 0)
(655, 0)
(37663737295, 0)
(658, 1)
(37836242962, 1)
(661, 0)
(38008748629, 0)
(664, 1)
(38181254296, 2)
(667, 0)
(38353759963, 0)
(670, 0)
(38526265630, 0)
(673, 0)
(38698771297, 0)
(676, 2)
(38871276964, 2)
(679, 0)
(39043782631, 0)
(682, 0)
(39216288298, 0)
(685, 0)
(39388793965, 0)
(688, 0)
(39561299632, 0)
(691, 0)
(39733805299, 0)
(694, 2)
(39906310966, 1)
(697, 2)
(40078816633, 2)
(700, 1)
(40251322300, 2)
(703, 2)
(40423827967, 1)
(706, 0)
(40596333634, 0)
(709, 1)
(40768839301, 2)
(712, 2)
(40941344968, 2)
(715, 0)
(41113850635, 0)
(718, 0)
(41286356302, 0)
(721, 1)
(41458861969, 1)
(724, 1)
(41631367636, 2)
(727, 1)
(41803873303, 1)
(730, 0)
(41976378970, 0)
(733, 2)
(42148884637, 2)
(736, 2)
(42321390304, 1)
(739, 0)
(42493895971, 0)
(742, 1)
(42666401638, 2)
(745, 1)
(42838907305, 2)
(748, 0)
(43011412972, 0)
(751, 0)
(43183918639, 0)
(754, 1)
(43356424306, 2)
(757, 1)
(43528929973, 1)
(760, 1)
(43701435640, 2)
(763, 0)
(43873941307, 0)
(766, 0)
(44046446974, 0)
(769, 2)
(44218952641, 1)
(772, 1)
(44391458308, 1)
(775, 0)
(44563963975, 0)
(778, 1)
(44736469642, 2)
(781, 2)
(44908975309, 2)
(784, 0)
(45081480976, 0)
(787, 0)
(45253986643, 0)
(790, 2)
(45426492310, 1)
(793, 2)
(45598997977, 2)
(796, 0)
(45771503644, 0)
(799, 1)
(45944009311, 2)
(802, 0)
(46116514978, 0)
(805, 1)
(46289020645, 2)
(808, 0)
(46461526312, 0)
(811, 0)
(46634031979, 0)
(814, 0)
(46806537646, 0)
(817, 0)
(46979043313, 0)
(820, 2)
(47151548980, 1)
(823, 0)
(47324054647, 0)
(826, 0)
(47496560314, 0)
(829, 1)
(47669065981, 2)
(832, 2)
(47841571648, 2)
(835, 0)
(48014077315, 0)
(838, 1)
(48186582982, 2)
(841, 1)
(48359088649, 1)
(844, 0)
(48531594316, 0)
(847, 2)
(48704099983, 1)
(850, 1)
(48876605650, 1)
