(1, 2)
(47761921, 2)
(4, 2)
(191047684, 2)
(7, 1)
(334333447, 2)
(10, 1)
(477619210, 1)
(13, 2)
(620904973, 1)
(16, 1)
(764190736, 1)
(19, 0)
(907476499, 0)
(22, 1)
(1050762262, 2)
(25, 1)
(1194048025, 1)
(28, 1)
(1337333788, 2)
(31, 0)
(1480619551, 0)
(34, 2)
(1623905314, 2)
(37, 2)
(1767191077, 1)
(40, 2)
(1910476840, 2)
(43, 0)
(2053762603, 0)
(46, 2)
(2197048366, 2)
(49, 0)
(2340334129, 0)
(52, 2)
(2483619892, 1)
(55, 1)
(2626905655, 2)
(58, 1)
(2770191418, 1)
(61, 0)
(2913477181, 0)
(64, 2)
(3056762944, 2)
(67, 0)
(3200048707, 0)
(70, 2)
(3343334470, 1)
(73, 1)
(3486620233, 1)
(76, 0)
(3629905996, 0)
(79, 2)
(3773191759, 1)
(82, 2)
(3916477522, 2)
(85, 1)
(4059763285, 1)
(88, 2)
(4203049048, 1)
(91, 0)
(4346334811, 0)
(94, 1)
(4489620574, 2)
(97, 1)
(4632906337, 1)
(100, 1)
(4776192100, 1)
(103, 2)
(4919477863, 2)
(106, 0)
(5062763626, 0)
(109, 0)
(5206049389, 0)
(112, 2)
(5349335152, 1)
(115, 0)
(5492620915, 0)
(118, 0)
(5635906678, 0)
(121, 2)
(5779192441, 2)
(124, 0)
(5922478204, 0)
(127, 2)
(6065763967, 2)
(130, 2)
(6209049730, 1)
(133, 1)
(6352335493, 2)
(136, 1)
(6495621256, 1)
(139, 0)
(6638907019, 0)
(142, 2)
(6782192782, 1)
(145, 2)
(6925478545, 2)
(148, 2)
(7068764308, 1)
(151, 1)
(7212050071, 2)
(154, 1)
(7355335834, 1)
(157, 0)
(7498621597, 0)
(160, 1)
(7641907360, 1)
(163, 0)
(7785193123, 0)
(166, 2)
(7928478886, 2)
(169, 2)
(8071764649, 2)
(172, 0)
(8215050412, 0)
(175, 1)
(8358336175, 2)
(178, 1)
(8501621938, 2)
(181, 1)
(8644907701, 1)
(184, 1)
(8788193464, 1)
(187, 0)
(8931479227, 0)
(190, 2)
(9074764990, 2)
(193, 1)
(9218050753, 2)
(196, 0)
(9361336516, 0)
(199, 0)
(9504622279, 0)
(202, 0)
(9647908042, 0)
(205, 2)
(9791193805, 2)
(208, 1)
(9934479568, 2)
(211, 0)
(10077765331, 0)
(214, 0)
(10221051094, 0)
(217, 2)
(10364336857, 1)
(220, 1)
(10507622620, 2)
(223, 1)
(10650908383, 1)
(226, 1)
(10794194146, 1)
(229, 1)
(10937479909, 2)
(232, 2)
(11080765672, 2)
(235, 0)
(11224051435, 0)
(238, 1)
(11367337198, 2)
(241, 0)
(11510622961, 0)
(244, 0)
(11653908724, 0)
(247, 0)
(11797194487, 0)
(250, 0)
(11940480250, 0)
(253, 1)
(12083766013, 2)
(256, 1)
(12227051776, 1)
(259, 0)
(12370337539, 0)
(262, 0)
(12513623302, 0)
(265, 2)
(12656909065, 1)
(268, 0)
(12800194828, 0)
(271, 2)
(12943480591, 1)
(274, 0)
(13086766354, 0)
(277, 0)
(13230052117, 0)
(280, 1)
(13373337880, 2)
(283, 0)
(13516623643, 0)
(286, 0)
(13659909406, 0)
(289, 1)
(13803195169, 1)
(292, 1)
(13946480932, 1)
(295, 2)
(14089766695, 2)
(298, 0)
(14233052458, 0)
(301, 2)
(14376338221, 2)
(304, 0)
(14519623984, 0)
(307, 0)
(14662909747, 0)
(310, 1)
(14806195510, 1)
(313, 2)
(14949481273, 2)
(316, 2)
(15092767036, 1)
(319, 1)
(15236052799, 2)
(322, 1)
(15379338562, 2)
(325, 2)
(15522624325, 1)
(328, 1)
(15665910088, 1)
(331, 0)
(15809195851, 0)
(334, 0)
(15952481614, 0)
(337, 2)
(16095767377, 1)
(340, 1)
(16239053140, 1)
(343, 2)
(16382338903, 1)
(346, 2)
(16525624666, 2)
(349, 2)
(16668910429, 2)
(352, 1)
(16812196192, 2)
(355, 0)
(16955481955, 0)
(358, 0)
(17098767718, 0)
(361, 0)
(17242053481, 0)
(364, 0)
(17385339244, 0)
(367, 0)
(17528625007, 0)
(370, 0)
(17671910770, 0)
(373, 1)
(17815196533, 2)
(376, 2)
(17958482296, 1)
(379, 0)
(18101768059, 0)
(382, 1)
(18245053822, 1)
(385, 2)
(18388339585, 2)
(388, 1)
(18531625348, 1)
(391, 2)
(18674911111, 2)
(394, 2)
(18818196874, 2)
(397, 0)
(18961482637, 0)
(400, 2)
(19104768400, 2)
(403, 0)
(19248054163, 0)
(406, 2)
(19391339926, 1)
(409, 1)
(19534625689, 2)
(412, 2)
(19677911452, 2)
(415, 1)
(19821197215, 1)
(418, 1)
(19964482978, 2)
(421, 1)
(20107768741, 1)
(424, 0)
(20251054504, 0)
(427, 0)
(20394340267, 0)
(430, 0)
(20537626030, 0)
(433, 0)
(20680911793, 0)
(436, 0)
(20824197556, 0)
(439, 0)
(20967483319, 0)
(442, 1)
(21110769082, 2)
(445, 2)
(21254054845, 1)
(448, 1)
(21397340608, 2)
(451, 0)
(21540626371, 0)
(454, 1)
(21683912134, 2)
(457, 2)
(21827197897, 2)
(460, 0)
(21970483660, 0)
(463, 1)
(22113769423, 1)
(466, 1)
(22257055186, 2)
(469, 1)
(22400340949, 1)
(472, 0)
(22543626712, 0)
(475, 0)
(22686912475, 0)
(478, 1)
(22830198238, 1)
(481, 1)
(22973484001, 1)
(484, 2)
(23116769764, 2)
(487, 1)
(23260055527, 1)
(490, 1)
(23403341290, 1)
(493, 0)
(23546627053, 0)
(496, 0)
(23689912816, 0)
(499, 0)
(23833198579, 0)
(502, 1)
(23976484342, 1)
(505, 2)
(24119770105, 2)
(508, 2)
(24263055868, 2)
(511, 2)
(24406341631, 1)
(514, 2)
(24549627394, 1)
(517, 0)
(24692913157, 0)
(520, 1)
(24836198920, 2)
(523, 0)
(24979484683, 0)
(526, 0)
(25122770446, 0)
(529, 2)
(25266056209, 2)
(532, 1)
(25409341972, 2)
(535, 2)
(25552627735, 2)
(538, 2)
(25695913498, 1)
(541, 1)
(25839199261, 1)
(544, 2)
(25982485024, 2)
(547, 0)
(26125770787, 0)
(550, 1)
(26269056550, 2)
(553, 2)
(26412342313, 2)
(556, 0)
(26555628076, 0)
(559, 1)
(26698913839, 1)
(562, 1)
(26842199602, 1)
(565, 0)
(26985485365, 0)
(568, 1)
(27128771128, 2)
(571, 0)
(27272056891, 0)
(574, 2)
(27415342654, 1)
(577, 2)
(27558628417, 1)
(580, 2)
(27701914180, 2)
(583, 2)
(27845199943, 2)
(586, 0)
(27988485706, 0)
(589, 1)
(28131771469, 1)
(592, 1)
(28275057232, 2)
(595, 0)
(28418342995, 0)
(598, 1)
(28561628758, 2)
(601, 2)
(28704914521, 2)
(604, 1)
(28848200284, 2)
(607, 1)
(28991486047, 2)
(610, 0)
(29134771810, 0)
(613, 1)
(29278057573, 2)
(616, 2)
(29421343336, 2)
(619, 0)
(29564629099, 0)
(622, 0)
(29707914862, 0)
(625, 2)
(29851200625, 2)
(628, 0)
(29994486388, 0)
(631, 1)
(30137772151, 2)
(634, 1)
(30281057914, 1)
(637, 2)
(30424343677, 1)
(640, 2)
(30567629440, 2)
(643, 0)
(30710915203, 0)
(646, 2)
(30854200966, 2)
(649, 2)
(30997486729, 1)
(652, 0)
(31140772492, 0)
(655, 0)
(31284058255, 0)
(658, 1)
(31427344018, 1)
(661, 0)
(31570629781, 0)
(664, 1)
(31713915544, 1)
(667, 0)
(31857201307, 0)
(670, 0)
(32000487070, 0)
(673, 0)
(32143772833, 0)
(676, 2)
(32287058596, 2)
(679, 0)
(32430344359, 0)
(682, 0)
(32573630122, 0)
(685, 0)
(32716915885, 0)
(688, 0)
(32860201648, 0)
(691, 0)
(33003487411, 0)
(694, 2)
(33146773174, 2)
(697, 2)
(33290058937, 2)
(700, 1)
(33433344700, 2)
(703, 2)
(33576630463, 1)
(706, 0)
(33719916226, 0)
(709, 1)
(33863201989, 1)
(712, 2)
(34006487752, 1)
(715, 0)
(34149773515, 0)
(718, 0)
(34293059278, 0)
(721, 1)
(34436345041, 2)
(724, 1)
(34579630804, 1)
(727, 1)
(34722916567, 2)
(730, 0)
(34866202330, 0)
(733, 2)
(35009488093, 1)
(736, 2)
(35152773856, 2)
(739, 0)
(35296059619, 0)
(742, 1)
(35439345382, 1)
(745, 1)
(35582631145, 2)
(748, 0)
(35725916908, 0)
(751, 0)
(35869202671, 0)
(754, 1)
(36012488434, 2)
(757, 1)
(36155774197, 2)
(760, 1)
(36299059960, 1)
(763, 0)
(36442345723, 0)
(766, 0)
(36585631486, 0)
(769, 2)
(36728917249, 2)
(772, 1)
(36872203012, 2)
(775, 0)
(37015488775, 0)
(778, 1)
(37158774538, 1)
(781, 2)
(37302060301, 2)
(784, 0)
(37445346064, 0)
(787, 0)
(37588631827, 0)
(790, 2)
(37731917590, 1)
(793, 2)
(37875203353, 2)
(796, 0)
(38018489116, 0)
(799, 1)
(38161774879, 2)
(802, 0)
(38305060642, 0)
(805, 1)
(38448346405, 2)
(808, 0)
(38591632168, 0)
(811, 0)
(38734917931, 0)
(814, 0)
(38878203694, 0)
(817, 0)
(39021489457, 0)
(820, 2)
(39164775220, 2)
(823, 0)
(39308060983, 0)
(826, 0)
(39451346746, 0)
(829, 1)
(39594632509, 2)
(832, 2)
(39737918272, 1)
(835, 0)
(39881204035, 0)
(838, 1)
(40024489798, 2)
(841, 1)
(40167775561, 1)
(844, 0)
(40311061324, 0)
(847, 2)
(40454347087, 1)
(850, 1)
(40597632850, 1)
