(1, 2)
(6466849, 2)
(4, 2)
(25867396, 2)
(7, 1)
(45267943, 2)
(10, 1)
(64668490, 2)
(13, 2)
(84069037, 1)
(16, 1)
(103469584, 1)
(19, 0)
(122870131, 0)
(22, 1)
(142270678, 1)
(25, 1)
(161671225, 1)
(28, 1)
(181071772, 2)
(31, 0)
(200472319, 0)
(34, 2)
(219872866, 1)
(37, 2)
(239273413, 2)
(40, 2)
(258673960, 1)
(43, 0)
(278074507, 0)
(46, 2)
(297475054, 1)
(49, 0)
(316875601, 0)
(52, 2)
(336276148, 1)
(55, 1)
(355676695, 2)
(58, 1)
(375077242, 1)
(61, 0)
(394477789, 0)
(64, 2)
(413878336, 2)
(67, 0)
(433278883, 0)
(70, 2)
(452679430, 2)
(73, 1)
(472079977, 1)
(76, 0)
(491480524, 0)
(79, 2)
(510881071, 2)
(82, 2)
(530281618, 2)
(85, 1)
(549682165, 1)
(88, 2)
(569082712, 2)
(91, 0)
(588483259, 0)
(94, 1)
(607883806, 1)
(97, 1)
(627284353, 2)
(100, 1)
(646684900, 1)
(103, 2)
(666085447, 2)
(106, 0)
(685485994, 0)
(109, 0)
(704886541, 0)
(112, 2)
(724287088, 1)
(115, 0)
(743687635, 0)
(118, 0)
(763088182, 0)
(121, 2)
(782488729, 2)
(124, 0)
(801889276, 0)
(127, 2)
(821289823, 2)
(130, 2)
(840690370, 2)
(133, 1)
(860090917, 1)
(136, 1)
(879491464, 2)
(139, 0)
(898892011, 0)
(142, 2)
(918292558, 1)
(145, 2)
(937693105, 1)
(148, 2)
(957093652, 2)
(151, 1)
(976494199, 2)
(154, 1)
(995894746, 2)
(157, 0)
(1015295293, 0)
(160, 1)
(1034695840, 2)
(163, 0)
(1054096387, 0)
(166, 2)
(1073496934, 2)
(169, 2)
(1092897481, 2)
(172, 0)
(1112298028, 0)
(175, 1)
(1131698575, 2)
(178, 1)
(1151099122, 2)
(181, 1)
(1170499669, 1)
(184, 1)
(1189900216, 2)
(187, 0)
(1209300763, 0)
(190, 2)
(1228701310, 2)
(193, 1)
(1248101857, 2)
(196, 0)
(1267502404, 0)
(199, 0)
(1286902951, 0)
(202, 0)
(1306303498, 0)
(205, 2)
(1325704045, 1)
(208, 1)
(1345104592, 2)
(211, 0)
(1364505139, 0)
(214, 0)
(1383905686, 0)
(217, 2)
(1403306233, 2)
(220, 1)
(1422706780, 2)
(223, 1)
(1442107327, 1)
(226, 1)
(1461507874, 1)
(229, 1)
(1480908421, 2)
(232, 2)
(1500308968, 2)
(235, 0)
(1519709515, 0)
(238, 1)
(1539110062, 1)
(241, 0)
(1558510609, 0)
(244, 0)
(1577911156, 0)
(247, 0)
(1597311703, 0)
(250, 0)
(1616712250, 0)
(253, 1)
(1636112797, 2)
(256, 1)
(1655513344, 1)
(259, 0)
(1674913891, 0)
(262, 0)
(1694314438, 0)
(265, 2)
(1713714985, 1)
(268, 0)
(1733115532, 0)
(271, 2)
(1752516079, 2)
(274, 0)
(1771916626, 0)
(277, 0)
(1791317173, 0)
(280, 1)
(1810717720, 1)
(283, 0)
(1830118267, 0)
(286, 0)
(1849518814, 0)
(289, 1)
(1868919361, 1)
(292, 1)
(1888319908, 1)
(295, 2)
(1907720455, 1)
(298, 0)
(1927121002, 0)
(301, 2)
(1946521549, 2)
(304, 0)
(1965922096, 0)
(307, 0)
(1985322643, 0)
(310, 1)
(2004723190, 1)
(313, 2)
(2024123737, 2)
(316, 2)
(2043524284, 2)
(319, 1)
(2062924831, 1)
(322, 1)
(2082325378, 1)
(325, 2)
(2101725925, 1)
(328, 1)
(2121126472, 1)
(331, 0)
(2140527019, 0)
(334, 0)
(2159927566, 0)
(337, 2)
(2179328113, 1)
(340, 1)
(2198728660, 1)
(343, 2)
(2218129207, 1)
(346, 2)
(2237529754, 2)
(349, 2)
(2256930301, 2)
(352, 1)
(2276330848, 1)
(355, 0)
(2295731395, 0)
(358, 0)
(2315131942, 0)
(361, 0)
(2334532489, 0)
(364, 0)
(2353933036, 0)
(367, 0)
(2373333583, 0)
(370, 0)
(2392734130, 0)
(373, 1)
(2412134677, 1)
(376, 2)
(2431535224, 2)
(379, 0)
(2450935771, 0)
(382, 1)
(2470336318, 2)
(385, 2)
(2489736865, 2)
(388, 1)
(2509137412, 2)
(391, 2)
(2528537959, 2)
(394, 2)
(2547938506, 1)
(397, 0)
(2567339053, 0)
(400, 2)
(2586739600, 2)
(403, 0)
(2606140147, 0)
(406, 2)
(2625540694, 1)
(409, 1)
(2644941241, 1)
(412, 2)
(2664341788, 2)
(415, 1)
(2683742335, 2)
(418, 1)
(2703142882, 2)
(421, 1)
(2722543429, 1)
(424, 0)
(2741943976, 0)
(427, 0)
(2761344523, 0)
(430, 0)
(2780745070, 0)
(433, 0)
(2800145617, 0)
(436, 0)
(2819546164, 0)
(439, 0)
(2838946711, 0)
(442, 1)
(2858347258, 1)
(445, 2)
(2877747805, 2)
(448, 1)
(2897148352, 2)
(451, 0)
(2916548899, 0)
(454, 1)
(2935949446, 1)
(457, 2)
(2955349993, 1)
(460, 0)
(2974750540, 0)
(463, 1)
(2994151087, 2)
(466, 1)
(3013551634, 2)
(469, 1)
(3032952181, 1)
(472, 0)
(3052352728, 0)
(475, 0)
(3071753275, 0)
(478, 1)
(3091153822, 2)
(481, 1)
(3110554369, 2)
(484, 2)
(3129954916, 2)
(487, 1)
(3149355463, 1)
(490, 1)
(3168756010, 2)
(493, 0)
(3188156557, 0)
(496, 0)
(3207557104, 0)
(499, 0)
(3226957651, 0)
(502, 1)
(3246358198, 1)
(505, 2)
(3265758745, 2)
(508, 2)
(3285159292, 2)
(511, 2)
(3304559839, 1)
(514, 2)
(3323960386, 1)
(517, 0)
(3343360933, 0)
(520, 1)
(3362761480, 1)
(523, 0)
(3382162027, 0)
(526, 0)
(3401562574, 0)
(529, 2)
(3420963121, 2)
(532, 1)
(3440363668, 1)
(535, 2)
(3459764215, 1)
(538, 2)
(3479164762, 1)
(541, 1)
(3498565309, 2)
(544, 2)
(3517965856, 1)
(547, 0)
(3537366403, 0)
(550, 1)
(3556766950, 1)
(553, 2)
(3576167497, 1)
(556, 0)
(3595568044, 0)
(559, 1)
(3614968591, 1)
(562, 1)
(3634369138, 1)
(565, 0)
(3653769685, 0)
(568, 1)
(3673170232, 2)
(571, 0)
(3692570779, 0)
(574, 2)
(3711971326, 1)
(577, 2)
(3731371873, 2)
(580, 2)
(3750772420, 1)
(583, 2)
(3770172967, 2)
(586, 0)
(3789573514, 0)
(589, 1)
(3808974061, 1)
(592, 1)
(3828374608, 1)
(595, 0)
(3847775155, 0)
(598, 1)
(3867175702, 1)
(601, 2)
(3886576249, 2)
(604, 1)
(3905976796, 2)
(607, 1)
(3925377343, 2)
(610, 0)
(3944777890, 0)
(613, 1)
(3964178437, 2)
(616, 2)
(3983578984, 1)
(619, 0)
(4002979531, 0)
(622, 0)
(4022380078, 0)
(625, 2)
(4041780625, 2)
(628, 0)
(4061181172, 0)
(631, 1)
(4080581719, 1)
(634, 1)
(4099982266, 1)
(637, 2)
(4119382813, 1)
(640, 2)
(4138783360, 1)
(643, 0)
(4158183907, 0)
(646, 2)
(4177584454, 2)
(649, 2)
(4196985001, 2)
(652, 0)
(4216385548, 0)
(655, 0)
(4235786095, 0)
(658, 1)
(4255186642, 2)
(661, 0)
(4274587189, 0)
(664, 1)
(4293987736, 1)
(667, 0)
(4313388283, 0)
(670, 0)
(4332788830, 0)
(673, 0)
(4352189377, 0)
(676, 2)
(4371589924, 2)
(679, 0)
(4390990471, 0)
(682, 0)
(4410391018, 0)
(685, 0)
(4429791565, 0)
(688, 0)
(4449192112, 0)
(691, 0)
(4468592659, 0)
(694, 2)
(4487993206, 1)
(697, 2)
(4507393753, 1)
(700, 1)
(4526794300, 2)
(703, 2)
(4546194847, 1)
(706, 0)
(4565595394, 0)
(709, 1)
(4584995941, 1)
(712, 2)
(4604396488, 1)
(715, 0)
(4623797035, 0)
(718, 0)
(4643197582, 0)
(721, 1)
(4662598129, 2)
(724, 1)
(4681998676, 1)
(727, 1)
(4701399223, 2)
(730, 0)
(4720799770, 0)
(733, 2)
(4740200317, 2)
(736, 2)
(4759600864, 1)
(739, 0)
(4779001411, 0)
(742, 1)
(4798401958, 2)
(745, 1)
(4817802505, 1)
(748, 0)
(4837203052, 0)
(751, 0)
(4856603599, 0)
(754, 1)
(4876004146, 2)
(757, 1)
(4895404693, 1)
(760, 1)
(4914805240, 1)
(763, 0)
(4934205787, 0)
(766, 0)
(4953606334, 0)
(769, 2)
(4973006881, 1)
(772, 1)
(4992407428, 2)
(775, 0)
(5011807975, 0)
(778, 1)
(5031208522, 1)
(781, 2)
(5050609069, 1)
(784, 0)
(5070009616, 0)
(787, 0)
(5089410163, 0)
(790, 2)
(5108810710, 1)
(793, 2)
(5128211257, 1)
(796, 0)
(5147611804, 0)
(799, 1)
(5167012351, 2)
(802, 0)
(5186412898, 0)
(805, 1)
(5205813445, 2)
(808, 0)
(5225213992, 0)
(811, 0)
(5244614539, 0)
(814, 0)
(5264015086, 0)
(817, 0)
(5283415633, 0)
(820, 2)
(5302816180, 1)
(823, 0)
(5322216727, 0)
(826, 0)
(5341617274, 0)
(829, 1)
(5361017821, 1)
(832, 2)
(5380418368, 1)
(835, 0)
(5399818915, 0)
(838, 1)
(5419219462, 2)
(841, 1)
(5438620009, 1)
(844, 0)
(5458020556, 0)
(847, 2)
(5477421103, 1)
(850, 1)
(5496821650, 2)
