(1, 2)
(185761, 2)
(4, 2)
(743044, 2)
(7, 1)
(1300327, 2)
(10, 1)
(1857610, 1)
(13, 2)
(2414893, 1)
(16, 1)
(2972176, 1)
(19, 0)
(3529459, 0)
(22, 1)
(4086742, 1)
(25, 1)
(4644025, 1)
(28, 1)
(5201308, 2)
(31, 0)
(5758591, 0)
(34, 2)
(6315874, 1)
(37, 2)
(6873157, 1)
(40, 2)
(7430440, 2)
(43, 0)
(7987723, 0)
(46, 2)
(8545006, 2)
(49, 0)
(9102289, 0)
(52, 2)
(9659572, 1)
(55, 1)
(10216855, 1)
(58, 1)
(10774138, 1)
(61, 0)
(11331421, 0)
(64, 2)
(11888704, 2)
(67, 0)
(12445987, 0)
(70, 2)
(13003270, 1)
(73, 1)
(13560553, 2)
(76, 0)
(14117836, 0)
(79, 2)
(14675119, 1)
(82, 2)
(15232402, 2)
(85, 1)
(15789685, 2)
(88, 2)
(16346968, 2)
(91, 0)
(16904251, 0)
(94, 1)
(17461534, 2)
(97, 1)
(18018817, 1)
(100, 1)
(18576100, 1)
(103, 2)
(19133383, 1)
(106, 0)
(19690666, 0)
(109, 0)
(20247949, 0)
(112, 2)
(20805232, 1)
(115, 0)
(21362515, 0)
(118, 0)
(21919798, 0)
(121, 2)
(22477081, 2)
(124, 0)
(23034364, 0)
(127, 2)
(23591647, 1)
(130, 2)
(24148930, 1)
(133, 1)
(24706213, 2)
(136, 1)
(25263496, 2)
(139, 0)
(25820779, 0)
(142, 2)
(26378062, 1)
(145, 2)
(26935345, 2)
(148, 2)
(27492628, 1)
(151, 1)
(28049911, 1)
(154, 1)
(28607194, 2)
(157, 0)
(29164477, 0)
(160, 1)
(29721760, 1)
(163, 0)
(30279043, 0)
(166, 2)
(30836326, 1)
(169, 2)
(31393609, 2)
(172, 0)
(31950892, 0)
(175, 1)
(32508175, 2)
(178, 1)
(33065458, 2)
(181, 1)
(33622741, 2)
(184, 1)
(34180024, 1)
(187, 0)
(34737307, 0)
(190, 2)
(35294590, 2)
(193, 1)
(35851873, 2)
(196, 0)
(36409156, 0)
(199, 0)
(36966439, 0)
(202, 0)
(37523722, 0)
(205, 2)
(38081005, 2)
(208, 1)
(38638288, 2)
(211, 0)
(39195571, 0)
(214, 0)
(39752854, 0)
(217, 2)
(40310137, 2)
(220, 1)
(40867420, 1)
(223, 1)
(41424703, 1)
(226, 1)
(41981986, 2)
(229, 1)
(42539269, 1)
(232, 2)
(43096552, 2)
(235, 0)
(43653835, 0)
(238, 1)
(44211118, 1)
(241, 0)
(44768401, 0)
(244, 0)
(45325684, 0)
(247, 0)
(45882967, 0)
(250, 0)
(46440250, 0)
(253, 1)
(46997533, 1)
(256, 1)
(47554816, 1)
(259, 0)
(48112099, 0)
(262, 0)
(48669382, 0)
(265, 2)
(49226665, 2)
(268, 0)
(49783948, 0)
(271, 2)
(50341231, 1)
(274, 0)
(50898514, 0)
(277, 0)
(51455797, 0)
(280, 1)
(52013080, 2)
(283, 0)
(52570363, 0)
(286, 0)
(53127646, 0)
(289, 1)
(53684929, 1)
(292, 1)
(54242212, 2)
(295, 2)
(54799495, 2)
(298, 0)
(55356778, 0)
(301, 2)
(55914061, 2)
(304, 0)
(56471344, 0)
(307, 0)
(57028627, 0)
(310, 1)
(57585910, 2)
(313, 2)
(58143193, 1)
(316, 2)
(58700476, 1)
(319, 1)
(59257759, 1)
(322, 1)
(59815042, 2)
(325, 2)
(60372325, 1)
(328, 1)
(60929608, 1)
(331, 0)
(61486891, 0)
(334, 0)
(62044174, 0)
(337, 2)
(62601457, 2)
(340, 1)
(63158740, 2)
(343, 2)
(63716023, 1)
(346, 2)
(64273306, 2)
(349, 2)
(64830589, 1)
(352, 1)
(65387872, 1)
(355, 0)
(65945155, 0)
(358, 0)
(66502438, 0)
(361, 0)
(67059721, 0)
(364, 0)
(67617004, 0)
(367, 0)
(68174287, 0)
(370, 0)
(68731570, 0)
(373, 1)
(69288853, 2)
(376, 2)
(69846136, 1)
(379, 0)
(70403419, 0)
(382, 1)
(70960702, 2)
(385, 2)
(71517985, 1)
(388, 1)
(72075268, 1)
(391, 2)
(72632551, 1)
(394, 2)
(73189834, 2)
(397, 0)
(73747117, 0)
(400, 2)
(74304400, 2)
(403, 0)
(74861683, 0)
(406, 2)
(75418966, 1)
(409, 1)
(75976249, 2)
(412, 2)
(76533532, 1)
(415, 1)
(77090815, 2)
(418, 1)
(77648098, 1)
(421, 1)
(78205381, 2)
(424, 0)
(78762664, 0)
(427, 0)
(79319947, 0)
(430, 0)
(79877230, 0)
(433, 0)
(80434513, 0)
(436, 0)
(80991796, 0)
(439, 0)
(81549079, 0)
(442, 1)
(82106362, 1)
(445, 2)
(82663645, 1)
(448, 1)
(83220928, 2)
(451, 0)
(83778211, 0)
(454, 1)
(84335494, 1)
(457, 2)
(84892777, 1)
(460, 0)
(85450060, 0)
(463, 1)
(86007343, 1)
(466, 1)
(86564626, 2)
(469, 1)
(87121909, 1)
(472, 0)
(87679192, 0)
(475, 0)
(88236475, 0)
(478, 1)
(88793758, 2)
(481, 1)
(89351041, 1)
(484, 2)
(89908324, 2)
(487, 1)
(90465607, 2)
(490, 1)
(91022890, 1)
(493, 0)
(91580173, 0)
(496, 0)
(92137456, 0)
(499, 0)
(92694739, 0)
(502, 1)
(93252022, 2)
(505, 2)
(93809305, 1)
(508, 2)
(94366588, 1)
(511, 2)
(94923871, 2)
(514, 2)
(95481154, 1)
(517, 0)
(96038437, 0)
(520, 1)
(96595720, 2)
(523, 0)
(97153003, 0)
(526, 0)
(97710286, 0)
(529, 2)
(98267569, 2)
(532, 1)
(98824852, 2)
(535, 2)
(99382135, 1)
(538, 2)
(99939418, 1)
(541, 1)
(100496701, 1)
(544, 2)
(101053984, 1)
(547, 0)
(101611267, 0)
(550, 1)
(102168550, 1)
(553, 2)
(102725833, 2)
(556, 0)
(103283116, 0)
(559, 1)
(103840399, 1)
(562, 1)
(104397682, 2)
(565, 0)
(104954965, 0)
(568, 1)
(105512248, 2)
(571, 0)
(106069531, 0)
(574, 2)
(106626814, 1)
(577, 2)
(107184097, 1)
(580, 2)
(107741380, 2)
(583, 2)
(108298663, 2)
(586, 0)
(108855946, 0)
(589, 1)
(109413229, 2)
(592, 1)
(109970512, 2)
(595, 0)
(110527795, 0)
(598, 1)
(111085078, 2)
(601, 2)
(111642361, 1)
(604, 1)
(112199644, 1)
(607, 1)
(112756927, 1)
(610, 0)
(113314210, 0)
(613, 1)
(113871493, 1)
(616, 2)
(114428776, 1)
(619, 0)
(114986059, 0)
(622, 0)
(115543342, 0)
(625, 2)
(116100625, 2)
(628, 0)
(116657908, 0)
(631, 1)
(117215191, 1)
(634, 1)
(117772474, 2)
(637, 2)
(118329757, 1)
(640, 2)
(118887040, 2)
(643, 0)
(119444323, 0)
(646, 2)
(120001606, 1)
(649, 2)
(120558889, 2)
(652, 0)
(121116172, 0)
(655, 0)
(121673455, 0)
(658, 1)
(122230738, 1)
(661, 0)
(122788021, 0)
(664, 1)
(123345304, 2)
(667, 0)
(123902587, 0)
(670, 0)
(124459870, 0)
(673, 0)
(125017153, 0)
(676, 2)
(125574436, 2)
(679, 0)
(126131719, 0)
(682, 0)
(126689002, 0)
(685, 0)
(127246285, 0)
(688, 0)
(127803568, 0)
(691, 0)
(128360851, 0)
(694, 2)
(128918134, 2)
(697, 2)
(129475417, 1)
(700, 1)
(130032700, 2)
(703, 2)
(130589983, 1)
(706, 0)
(131147266, 0)
(709, 1)
(131704549, 1)
(712, 2)
(132261832, 1)
(715, 0)
(132819115, 0)
(718, 0)
(133376398, 0)
(721, 1)
(133933681, 1)
(724, 1)
(134490964, 2)
(727, 1)
(135048247, 2)
(730, 0)
(135605530, 0)
(733, 2)
(136162813, 2)
(736, 2)
(136720096, 2)
(739, 0)
(137277379, 0)
(742, 1)
(137834662, 2)
(745, 1)
(138391945, 1)
(748, 0)
(138949228, 0)
(751, 0)
(139506511, 0)
(754, 1)
(140063794, 2)
(757, 1)
(140621077, 1)
(760, 1)
(141178360, 1)
(763, 0)
(141735643, 0)
(766, 0)
(142292926, 0)
(769, 2)
(142850209, 2)
(772, 1)
(143407492, 2)
(775, 0)
(143964775, 0)
(778, 1)
(144522058, 1)
(781, 2)
(145079341, 1)
(784, 0)
(145636624, 0)
(787, 0)
(146193907, 0)
(790, 2)
(146751190, 1)
(793, 2)
(147308473, 1)
(796, 0)
(147865756, 0)
(799, 1)
(148423039, 1)
(802, 0)
(148980322, 0)
(805, 1)
(149537605, 2)
(808, 0)
(150094888, 0)
(811, 0)
(150652171, 0)
(814, 0)
(151209454, 0)
(817, 0)
(151766737, 0)
(820, 2)
(152324020, 2)
(823, 0)
(152881303, 0)
(826, 0)
(153438586, 0)
(829, 1)
(153995869, 2)
(832, 2)
(154553152, 1)
(835, 0)
(155110435, 0)
(838, 1)
(155667718, 2)
(841, 1)
(156225001, 1)
(844, 0)
(156782284, 0)
(847, 2)
(157339567, 1)
(850, 1)
(157896850, 2)
