(1, 2)
(36566209, 2)
(4, 2)
(146264836, 2)
(7, 1)
(255963463, 1)
(10, 1)
(365662090, 2)
(13, 2)
(475360717, 1)
(16, 1)
(585059344, 1)
(19, 0)
(694757971, 0)
(22, 1)
(804456598, 1)
(25, 1)
(914155225, 1)
(28, 1)
(1023853852, 1)
(31, 0)
(1133552479, 0)
(34, 2)
(1243251106, 1)
(37, 2)
(1352949733, 2)
(40, 2)
(1462648360, 1)
(43, 0)
(1572346987, 0)
(46, 2)
(1682045614, 2)
(49, 0)
(1791744241, 0)
(52, 2)
(1901442868, 1)
(55, 1)
(2011141495, 2)
(58, 1)
(2120840122, 2)
(61, 0)
(2230538749, 0)
(64, 2)
(2340237376, 2)
(67, 0)
(2449936003, 0)
(70, 2)
(2559634630, 1)
(73, 1)
(2669333257, 1)
(76, 0)
(2779031884, 0)
(79, 2)
(2888730511, 2)
(82, 2)
(2998429138, 2)
(85, 1)
(3108127765, 1)
(88, 2)
(3217826392, 2)
(91, 0)
(3327525019, 0)
(94, 1)
(3437223646, 1)
(97, 1)
(3546922273, 1)
(100, 1)
(3656620900, 1)
(103, 2)
(3766319527, 2)
(106, 0)
(3876018154, 0)
(109, 0)
(3985716781, 0)
(112, 2)
(4095415408, 2)
(115, 0)
(4205114035, 0)
(118, 0)
(4314812662, 0)
(121, 2)
(4424511289, 2)
(124, 0)
(4534209916, 0)
(127, 2)
(4643908543, 2)
(130, 2)
(4753607170, 2)
(133, 1)
(4863305797, 2)
(136, 1)
(4973004424, 2)
(139, 0)
(5082703051, 0)
(142, 2)
(5192401678, 1)
(145, 2)
(5302100305, 2)
(148, 2)
(5411798932, 2)
(151, 1)
(5521497559, 1)
(154, 1)
(5631196186, 1)
(157, 0)
(5740894813, 0)
(160, 1)
(5850593440, 2)
(163, 0)
(5960292067, 0)
(166, 2)
(6069990694, 2)
(169, 2)
(6179689321, 2)
(172, 0)
(6289387948, 0)
(175, 1)
(6399086575, 1)
(178, 1)
(6508785202, 1)
(181, 1)
(6618483829, 2)
(184, 1)
(6728182456, 1)
(187, 0)
(6837881083, 0)
(190, 2)
(6947579710, 2)
(193, 1)
(7057278337, 1)
(196, 0)
(7166976964, 0)
(199, 0)
(7276675591, 0)
(202, 0)
(7386374218, 0)
(205, 2)
(7496072845, 1)
(208, 1)
(7605771472, 2)
(211, 0)
(7715470099, 0)
(214, 0)
(7825168726, 0)
(217, 2)
(7934867353, 1)
(220, 1)
(8044565980, 2)
(223, 1)
(8154264607, 1)
(226, 1)
(8263963234, 2)
(229, 1)
(8373661861, 2)
(232, 2)
(8483360488, 1)
(235, 0)
(8593059115, 0)
(238, 1)
(8702757742, 2)
(241, 0)
(8812456369, 0)
(244, 0)
(8922154996, 0)
(247, 0)
(9031853623, 0)
(250, 0)
(9141552250, 0)
(253, 1)
(9251250877, 1)
(256, 1)
(9360949504, 1)
(259, 0)
(9470648131, 0)
(262, 0)
(9580346758, 0)
(265, 2)
(9690045385, 2)
(268, 0)
(9799744012, 0)
(271, 2)
(9909442639, 1)
(274, 0)
(10019141266, 0)
(277, 0)
(10128839893, 0)
(280, 1)
(10238538520, 2)
(283, 0)
(10348237147, 0)
(286, 0)
(10457935774, 0)
(289, 1)
(10567634401, 1)
(292, 1)
(10677333028, 1)
(295, 2)
(10787031655, 2)
(298, 0)
(10896730282, 0)
(301, 2)
(11006428909, 2)
(304, 0)
(11116127536, 0)
(307, 0)
(11225826163, 0)
(310, 1)
(11335524790, 1)
(313, 2)
(11445223417, 2)
(316, 2)
(11554922044, 2)
(319, 1)
(11664620671, 2)
(322, 1)
(11774319298, 1)
(325, 2)
(11884017925, 1)
(328, 1)
(11993716552, 1)
(331, 0)
(12103415179, 0)
(334, 0)
(12213113806, 0)
(337, 2)
(12322812433, 1)
(340, 1)
(12432511060, 1)
(343, 2)
(12542209687, 2)
(346, 2)
(12651908314, 1)
(349, 2)
(12761606941, 1)
(352, 1)
(12871305568, 1)
(355, 0)
(12981004195, 0)
(358, 0)
(13090702822, 0)
(361, 0)
(13200401449, 0)
(364, 0)
(13310100076, 0)
(367, 0)
(13419798703, 0)
(370, 0)
(13529497330, 0)
(373, 1)
(13639195957, 2)
(376, 2)
(13748894584, 2)
(379, 0)
(13858593211, 0)
(382, 1)
(13968291838, 1)
(385, 2)
(14077990465, 1)
(388, 1)
(14187689092, 1)
(391, 2)
(14297387719, 1)
(394, 2)
(14407086346, 2)
(397, 0)
(14516784973, 0)
(400, 2)
(14626483600, 2)
(403, 0)
(14736182227, 0)
(406, 2)
(14845880854, 1)
(409, 1)
(14955579481, 2)
(412, 2)
(15065278108, 2)
(415, 1)
(15174976735, 2)
(418, 1)
(15284675362, 2)
(421, 1)
(15394373989, 1)
(424, 0)
(15504072616, 0)
(427, 0)
(15613771243, 0)
(430, 0)
(15723469870, 0)
(433, 0)
(15833168497, 0)
(436, 0)
(15942867124, 0)
(439, 0)
(16052565751, 0)
(442, 1)
(16162264378, 1)
(445, 2)
(16271963005, 1)
(448, 1)
(16381661632, 1)
(451, 0)
(16491360259, 0)
(454, 1)
(16601058886, 1)
(457, 2)
(16710757513, 1)
(460, 0)
(16820456140, 0)
(463, 1)
(16930154767, 1)
(466, 1)
(17039853394, 2)
(469, 1)
(17149552021, 2)
(472, 0)
(17259250648, 0)
(475, 0)
(17368949275, 0)
(478, 1)
(17478647902, 2)
(481, 1)
(17588346529, 2)
(484, 2)
(17698045156, 2)
(487, 1)
(17807743783, 1)
(490, 1)
(17917442410, 2)
(493, 0)
(18027141037, 0)
(496, 0)
(18136839664, 0)
(499, 0)
(18246538291, 0)
(502, 1)
(18356236918, 2)
(505, 2)
(18465935545, 1)
(508, 2)
(18575634172, 2)
(511, 2)
(18685332799, 2)
(514, 2)
(18795031426, 2)
(517, 0)
(18904730053, 0)
(520, 1)
(19014428680, 1)
(523, 0)
(19124127307, 0)
(526, 0)
(19233825934, 0)
(529, 2)
(19343524561, 2)
(532, 1)
(19453223188, 2)
(535, 2)
(19562921815, 1)
(538, 2)
(19672620442, 1)
(541, 1)
(19782319069, 2)
(544, 2)
(19892017696, 1)
(547, 0)
(20001716323, 0)
(550, 1)
(20111414950, 1)
(553, 2)
(20221113577, 2)
(556, 0)
(20330812204, 0)
(559, 1)
(20440510831, 2)
(562, 1)
(20550209458, 2)
(565, 0)
(20659908085, 0)
(568, 1)
(20769606712, 2)
(571, 0)
(20879305339, 0)
(574, 2)
(20989003966, 2)
(577, 2)
(21098702593, 2)
(580, 2)
(21208401220, 2)
(583, 2)
(21318099847, 1)
(586, 0)
(21427798474, 0)
(589, 1)
(21537497101, 1)
(592, 1)
(21647195728, 1)
(595, 0)
(21756894355, 0)
(598, 1)
(21866592982, 2)
(601, 2)
(21976291609, 2)
(604, 1)
(22085990236, 1)
(607, 1)
(22195688863, 2)
(610, 0)
(22305387490, 0)
(613, 1)
(22415086117, 2)
(616, 2)
(22524784744, 2)
(619, 0)
(22634483371, 0)
(622, 0)
(22744181998, 0)
(625, 2)
(22853880625, 2)
(628, 0)
(22963579252, 0)
(631, 1)
(23073277879, 2)
(634, 1)
(23182976506, 1)
(637, 2)
(23292675133, 1)
(640, 2)
(23402373760, 1)
(643, 0)
(23512072387, 0)
(646, 2)
(23621771014, 2)
(649, 2)
(23731469641, 1)
(652, 0)
(23841168268, 0)
(655, 0)
(23950866895, 0)
(658, 1)
(24060565522, 1)
(661, 0)
(24170264149, 0)
(664, 1)
(24279962776, 1)
(667, 0)
(24389661403, 0)
(670, 0)
(24499360030, 0)
(673, 0)
(24609058657, 0)
(676, 2)
(24718757284, 2)
(679, 0)
(24828455911, 0)
(682, 0)
(24938154538, 0)
(685, 0)
(25047853165, 0)
(688, 0)
(25157551792, 0)
(691, 0)
(25267250419, 0)
(694, 2)
(25376949046, 2)
(697, 2)
(25486647673, 1)
(700, 1)
(25596346300, 1)
(703, 2)
(25706044927, 1)
(706, 0)
(25815743554, 0)
(709, 1)
(25925442181, 1)
(712, 2)
(26035140808, 2)
(715, 0)
(26144839435, 0)
(718, 0)
(26254538062, 0)
(721, 1)
(26364236689, 1)
(724, 1)
(26473935316, 2)
(727, 1)
(26583633943, 2)
(730, 0)
(26693332570, 0)
(733, 2)
(26803031197, 2)
(736, 2)
(26912729824, 2)
(739, 0)
(27022428451, 0)
(742, 1)
(27132127078, 2)
(745, 1)
(27241825705, 1)
(748, 0)
(27351524332, 0)
(751, 0)
(27461222959, 0)
(754, 1)
(27570921586, 1)
(757, 1)
(27680620213, 1)
(760, 1)
(27790318840, 1)
(763, 0)
(27900017467, 0)
(766, 0)
(28009716094, 0)
(769, 2)
(28119414721, 1)
(772, 1)
(28229113348, 1)
(775, 0)
(28338811975, 0)
(778, 1)
(28448510602, 2)
(781, 2)
(28558209229, 1)
(784, 0)
(28667907856, 0)
(787, 0)
(28777606483, 0)
(790, 2)
(28887305110, 1)
(793, 2)
(28997003737, 2)
(796, 0)
(29106702364, 0)
(799, 1)
(29216400991, 2)
(802, 0)
(29326099618, 0)
(805, 1)
(29435798245, 2)
(808, 0)
(29545496872, 0)
(811, 0)
(29655195499, 0)
(814, 0)
(29764894126, 0)
(817, 0)
(29874592753, 0)
(820, 2)
(29984291380, 1)
(823, 0)
(30093990007, 0)
(826, 0)
(30203688634, 0)
(829, 1)
(30313387261, 1)
(832, 2)
(30423085888, 1)
(835, 0)
(30532784515, 0)
(838, 1)
(30642483142, 1)
(841, 1)
(30752181769, 1)
(844, 0)
(30861880396, 0)
(847, 2)
(30971579023, 2)
(850, 1)
(31081277650, 2)
