(1, 2)
(37736449, 2)
(4, 2)
(150945796, 2)
(7, 1)
(264155143, 2)
(10, 1)
(377364490, 2)
(13, 2)
(490573837, 1)
(16, 1)
(603783184, 1)
(19, 0)
(716992531, 0)
(22, 1)
(830201878, 2)
(25, 1)
(943411225, 1)
(28, 1)
(1056620572, 2)
(31, 0)
(1169829919, 0)
(34, 2)
(1283039266, 1)
(37, 2)
(1396248613, 2)
(40, 2)
(1509457960, 1)
(43, 0)
(1622667307, 0)
(46, 2)
(1735876654, 1)
(49, 0)
(1849086001, 0)
(52, 2)
(1962295348, 1)
(55, 1)
(2075504695, 1)
(58, 1)
(2188714042, 1)
(61, 0)
(2301923389, 0)
(64, 2)
(2415132736, 2)
(67, 0)
(2528342083, 0)
(70, 2)
(2641551430, 2)
(73, 1)
(2754760777, 2)
(76, 0)
(2867970124, 0)
(79, 2)
(2981179471, 2)
(82, 2)
(3094388818, 1)
(85, 1)
(3207598165, 1)
(88, 2)
(3320807512, 1)
(91, 0)
(3434016859, 0)
(94, 1)
(3547226206, 1)
(97, 1)
(3660435553, 1)
(100, 1)
(3773644900, 1)
(103, 2)
(3886854247, 1)
(106, 0)
(4000063594, 0)
(109, 0)
(4113272941, 0)
(112, 2)
(4226482288, 1)
(115, 0)
(4339691635, 0)
(118, 0)
(4452900982, 0)
(121, 2)
(4566110329, 2)
(124, 0)
(4679319676, 0)
(127, 2)
(4792529023, 1)
(130, 2)
(4905738370, 2)
(133, 1)
(5018947717, 1)
(136, 1)
(5132157064, 2)
(139, 0)
(5245366411, 0)
(142, 2)
(5358575758, 1)
(145, 2)
(5471785105, 1)
(148, 2)
(5584994452, 2)
(151, 1)
(5698203799, 2)
(154, 1)
(5811413146, 1)
(157, 0)
(5924622493, 0)
(160, 1)
(6037831840, 2)
(163, 0)
(6151041187, 0)
(166, 2)
(6264250534, 1)
(169, 2)
(6377459881, 2)
(172, 0)
(6490669228, 0)
(175, 1)
(6603878575, 2)
(178, 1)
(6717087922, 1)
(181, 1)
(6830297269, 1)
(184, 1)
(6943506616, 2)
(187, 0)
(7056715963, 0)
(190, 2)
(7169925310, 2)
(193, 1)
(7283134657, 2)
(196, 0)
(7396344004, 0)
(199, 0)
(7509553351, 0)
(202, 0)
(7622762698, 0)
(205, 2)
(7735972045, 2)
(208, 1)
(7849181392, 2)
(211, 0)
(7962390739, 0)
(214, 0)
(8075600086, 0)
(217, 2)
(8188809433, 2)
(220, 1)
(8302018780, 1)
(223, 1)
(8415228127, 1)
(226, 1)
(8528437474, 1)
(229, 1)
(8641646821, 2)
(232, 2)
(8754856168, 2)
(235, 0)
(8868065515, 0)
(238, 1)
(8981274862, 1)
(241, 0)
(9094484209, 0)
(244, 0)
(9207693556, 0)
(247, 0)
(9320902903, 0)
(250, 0)
(9434112250, 0)
(253, 1)
(9547321597, 1)
(256, 1)
(9660530944, 1)
(259, 0)
(9773740291, 0)
(262, 0)
(9886949638, 0)
(265, 2)
(10000158985, 2)
(268, 0)
(10113368332, 0)
(271, 2)
(10226577679, 2)
(274, 0)
(10339787026, 0)
(277, 0)
(10452996373, 0)
(280, 1)
(10566205720, 1)
(283, 0)
(10679415067, 0)
(286, 0)
(10792624414, 0)
(289, 1)
(10905833761, 1)
(292, 1)
(11019043108, 2)
(295, 2)
(11132252455, 2)
(298, 0)
(11245461802, 0)
(301, 2)
(11358671149, 1)
(304, 0)
(11471880496, 0)
(307, 0)
(11585089843, 0)
(310, 1)
(11698299190, 1)
(313, 2)
(11811508537, 2)
(316, 2)
(11924717884, 2)
(319, 1)
(12037927231, 2)
(322, 1)
(12151136578, 1)
(325, 2)
(12264345925, 1)
(328, 1)
(12377555272, 2)
(331, 0)
(12490764619, 0)
(334, 0)
(12603973966, 0)
(337, 2)
(12717183313, 1)
(340, 1)
(12830392660, 1)
(343, 2)
(12943602007, 1)
(346, 2)
(13056811354, 2)
(349, 2)
(13170020701, 2)
(352, 1)
(13283230048, 2)
(355, 0)
(13396439395, 0)
(358, 0)
(13509648742, 0)
(361, 0)
(13622858089, 0)
(364, 0)
(13736067436, 0)
(367, 0)
(13849276783, 0)
(370, 0)
(13962486130, 0)
(373, 1)
(14075695477, 1)
(376, 2)
(14188904824, 2)
(379, 0)
(14302114171, 0)
(382, 1)
(14415323518, 1)
(385, 2)
(14528532865, 1)
(388, 1)
(14641742212, 1)
(391, 2)
(14754951559, 2)
(394, 2)
(14868160906, 2)
(397, 0)
(14981370253, 0)
(400, 2)
(15094579600, 2)
(403, 0)
(15207788947, 0)
(406, 2)
(15320998294, 1)
(409, 1)
(15434207641, 1)
(412, 2)
(15547416988, 1)
(415, 1)
(15660626335, 1)
(418, 1)
(15773835682, 1)
(421, 1)
(15887045029, 2)
(424, 0)
(16000254376, 0)
(427, 0)
(16113463723, 0)
(430, 0)
(16226673070, 0)
(433, 0)
(16339882417, 0)
(436, 0)
(16453091764, 0)
(439, 0)
(16566301111, 0)
(442, 1)
(16679510458, 1)
(445, 2)
(16792719805, 1)
(448, 1)
(16905929152, 2)
(451, 0)
(17019138499, 0)
(454, 1)
(17132347846, 1)
(457, 2)
(17245557193, 1)
(460, 0)
(17358766540, 0)
(463, 1)
(17471975887, 2)
(466, 1)
(17585185234, 1)
(469, 1)
(17698394581, 2)
(472, 0)
(17811603928, 0)
(475, 0)
(17924813275, 0)
(478, 1)
(18038022622, 1)
(481, 1)
(18151231969, 2)
(484, 2)
(18264441316, 2)
(487, 1)
(18377650663, 2)
(490, 1)
(18490860010, 2)
(493, 0)
(18604069357, 0)
(496, 0)
(18717278704, 0)
(499, 0)
(18830488051, 0)
(502, 1)
(18943697398, 2)
(505, 2)
(19056906745, 2)
(508, 2)
(19170116092, 1)
(511, 2)
(19283325439, 2)
(514, 2)
(19396534786, 2)
(517, 0)
(19509744133, 0)
(520, 1)
(19622953480, 1)
(523, 0)
(19736162827, 0)
(526, 0)
(19849372174, 0)
(529, 2)
(19962581521, 2)
(532, 1)
(20075790868, 1)
(535, 2)
(20189000215, 2)
(538, 2)
(20302209562, 2)
(541, 1)
(20415418909, 1)
(544, 2)
(20528628256, 1)
(547, 0)
(20641837603, 0)
(550, 1)
(20755046950, 2)
(553, 2)
(20868256297, 1)
(556, 0)
(20981465644, 0)
(559, 1)
(21094674991, 2)
(562, 1)
(21207884338, 1)
(565, 0)
(21321093685, 0)
(568, 1)
(21434303032, 2)
(571, 0)
(21547512379, 0)
(574, 2)
(21660721726, 2)
(577, 2)
(21773931073, 2)
(580, 2)
(21887140420, 1)
(583, 2)
(22000349767, 2)
(586, 0)
(22113559114, 0)
(589, 1)
(22226768461, 1)
(592, 1)
(22339977808, 1)
(595, 0)
(22453187155, 0)
(598, 1)
(22566396502, 1)
(601, 2)
(22679605849, 2)
(604, 1)
(22792815196, 2)
(607, 1)
(22906024543, 2)
(610, 0)
(23019233890, 0)
(613, 1)
(23132443237, 2)
(616, 2)
(23245652584, 2)
(619, 0)
(23358861931, 0)
(622, 0)
(23472071278, 0)
(625, 2)
(23585280625, 2)
(628, 0)
(23698489972, 0)
(631, 1)
(23811699319, 2)
(634, 1)
(23924908666, 2)
(637, 2)
(24038118013, 1)
(640, 2)
(24151327360, 1)
(643, 0)
(24264536707, 0)
(646, 2)
(24377746054, 2)
(649, 2)
(24490955401, 2)
(652, 0)
(24604164748, 0)
(655, 0)
(24717374095, 0)
(658, 1)
(24830583442, 2)
(661, 0)
(24943792789, 0)
(664, 1)
(25057002136, 2)
(667, 0)
(25170211483, 0)
(670, 0)
(25283420830, 0)
(673, 0)
(25396630177, 0)
(676, 2)
(25509839524, 2)
(679, 0)
(25623048871, 0)
(682, 0)
(25736258218, 0)
(685, 0)
(25849467565, 0)
(688, 0)
(25962676912, 0)
(691, 0)
(26075886259, 0)
(694, 2)
(26189095606, 1)
(697, 2)
(26302304953, 2)
(700, 1)
(26415514300, 2)
(703, 2)
(26528723647, 1)
(706, 0)
(26641932994, 0)
(709, 1)
(26755142341, 1)
(712, 2)
(26868351688, 2)
(715, 0)
(26981561035, 0)
(718, 0)
(27094770382, 0)
(721, 1)
(27207979729, 1)
(724, 1)
(27321189076, 1)
(727, 1)
(27434398423, 1)
(730, 0)
(27547607770, 0)
(733, 2)
(27660817117, 2)
(736, 2)
(27774026464, 1)
(739, 0)
(27887235811, 0)
(742, 1)
(28000445158, 1)
(745, 1)
(28113654505, 1)
(748, 0)
(28226863852, 0)
(751, 0)
(28340073199, 0)
(754, 1)
(28453282546, 2)
(757, 1)
(28566491893, 2)
(760, 1)
(28679701240, 1)
(763, 0)
(28792910587, 0)
(766, 0)
(28906119934, 0)
(769, 2)
(29019329281, 2)
(772, 1)
(29132538628, 2)
(775, 0)
(29245747975, 0)
(778, 1)
(29358957322, 1)
(781, 2)
(29472166669, 2)
(784, 0)
(29585376016, 0)
(787, 0)
(29698585363, 0)
(790, 2)
(29811794710, 1)
(793, 2)
(29925004057, 2)
(796, 0)
(30038213404, 0)
(799, 1)
(30151422751, 2)
(802, 0)
(30264632098, 0)
(805, 1)
(30377841445, 2)
(808, 0)
(30491050792, 0)
(811, 0)
(30604260139, 0)
(814, 0)
(30717469486, 0)
(817, 0)
(30830678833, 0)
(820, 2)
(30943888180, 2)
(823, 0)
(31057097527, 0)
(826, 0)
(31170306874, 0)
(829, 1)
(31283516221, 1)
(832, 2)
(31396725568, 1)
(835, 0)
(31509934915, 0)
(838, 1)
(31623144262, 1)
(841, 1)
(31736353609, 1)
(844, 0)
(31849562956, 0)
(847, 2)
(31962772303, 1)
(850, 1)
(32075981650, 2)
