(1, 2)
(27363361, 2)
(4, 2)
(109453444, 2)
(7, 1)
(191543527, 2)
(10, 1)
(273633610, 1)
(13, 2)
(355723693, 1)
(16, 1)
(437813776, 1)
(19, 0)
(519903859, 0)
(22, 1)
(601993942, 1)
(25, 1)
(684084025, 1)
(28, 1)
(766174108, 2)
(31, 0)
(848264191, 0)
(34, 2)
(930354274, 1)
(37, 2)
(1012444357, 1)
(40, 2)
(1094534440, 2)
(43, 0)
(1176624523, 0)
(46, 2)
(1258714606, 2)
(49, 0)
(1340804689, 0)
(52, 2)
(1422894772, 1)
(55, 1)
(1504984855, 1)
(58, 1)
(1587074938, 2)
(61, 0)
(1669165021, 0)
(64, 2)
(1751255104, 2)
(67, 0)
(1833345187, 0)
(70, 2)
(1915435270, 1)
(73, 1)
(1997525353, 1)
(76, 0)
(2079615436, 0)
(79, 2)
(2161705519, 2)
(82, 2)
(2243795602, 1)
(85, 1)
(2325885685, 2)
(88, 2)
(2407975768, 2)
(91, 0)
(2490065851, 0)
(94, 1)
(2572155934, 2)
(97, 1)
(2654246017, 2)
(100, 1)
(2736336100, 1)
(103, 2)
(2818426183, 1)
(106, 0)
(2900516266, 0)
(109, 0)
(2982606349, 0)
(112, 2)
(3064696432, 1)
(115, 0)
(3146786515, 0)
(118, 0)
(3228876598, 0)
(121, 2)
(3310966681, 2)
(124, 0)
(3393056764, 0)
(127, 2)
(3475146847, 2)
(130, 2)
(3557236930, 1)
(133, 1)
(3639327013, 1)
(136, 1)
(3721417096, 2)
(139, 0)
(3803507179, 0)
(142, 2)
(3885597262, 1)
(145, 2)
(3967687345, 1)
(148, 2)
(4049777428, 1)
(151, 1)
(4131867511, 2)
(154, 1)
(4213957594, 2)
(157, 0)
(4296047677, 0)
(160, 1)
(4378137760, 1)
(163, 0)
(4460227843, 0)
(166, 2)
(4542317926, 2)
(169, 2)
(4624408009, 2)
(172, 0)
(4706498092, 0)
(175, 1)
(4788588175, 2)
(178, 1)
(4870678258, 1)
(181, 1)
(4952768341, 2)
(184, 1)
(5034858424, 1)
(187, 0)
(5116948507, 0)
(190, 2)
(5199038590, 1)
(193, 1)
(5281128673, 2)
(196, 0)
(5363218756, 0)
(199, 0)
(5445308839, 0)
(202, 0)
(5527398922, 0)
(205, 2)
(5609489005, 1)
(208, 1)
(5691579088, 2)
(211, 0)
(5773669171, 0)
(214, 0)
(5855759254, 0)
(217, 2)
(5937849337, 1)
(220, 1)
(6019939420, 1)
(223, 1)
(6102029503, 1)
(226, 1)
(6184119586, 2)
(229, 1)
(6266209669, 1)
(232, 2)
(6348299752, 1)
(235, 0)
(6430389835, 0)
(238, 1)
(6512479918, 1)
(241, 0)
(6594570001, 0)
(244, 0)
(6676660084, 0)
(247, 0)
(6758750167, 0)
(250, 0)
(6840840250, 0)
(253, 1)
(6922930333, 1)
(256, 1)
(7005020416, 1)
(259, 0)
(7087110499, 0)
(262, 0)
(7169200582, 0)
(265, 2)
(7251290665, 2)
(268, 0)
(7333380748, 0)
(271, 2)
(7415470831, 1)
(274, 0)
(7497560914, 0)
(277, 0)
(7579650997, 0)
(280, 1)
(7661741080, 2)
(283, 0)
(7743831163, 0)
(286, 0)
(7825921246, 0)
(289, 1)
(7908011329, 1)
(292, 1)
(7990101412, 1)
(295, 2)
(8072191495, 2)
(298, 0)
(8154281578, 0)
(301, 2)
(8236371661, 1)
(304, 0)
(8318461744, 0)
(307, 0)
(8400551827, 0)
(310, 1)
(8482641910, 1)
(313, 2)
(8564731993, 1)
(316, 2)
(8646822076, 2)
(319, 1)
(8728912159, 2)
(322, 1)
(8811002242, 2)
(325, 2)
(8893092325, 1)
(328, 1)
(8975182408, 2)
(331, 0)
(9057272491, 0)
(334, 0)
(9139362574, 0)
(337, 2)
(9221452657, 1)
(340, 1)
(9303542740, 2)
(343, 2)
(9385632823, 1)
(346, 2)
(9467722906, 2)
(349, 2)
(9549812989, 2)
(352, 1)
(9631903072, 1)
(355, 0)
(9713993155, 0)
(358, 0)
(9796083238, 0)
(361, 0)
(9878173321, 0)
(364, 0)
(9960263404, 0)
(367, 0)
(10042353487, 0)
(370, 0)
(10124443570, 0)
(373, 1)
(10206533653, 1)
(376, 2)
(10288623736, 1)
(379, 0)
(10370713819, 0)
(382, 1)
(10452803902, 1)
(385, 2)
(10534893985, 1)
(388, 1)
(10616984068, 2)
(391, 2)
(10699074151, 1)
(394, 2)
(10781164234, 2)
(397, 0)
(10863254317, 0)
(400, 2)
(10945344400, 2)
(403, 0)
(11027434483, 0)
(406, 2)
(11109524566, 2)
(409, 1)
(11191614649, 2)
(412, 2)
(11273704732, 1)
(415, 1)
(11355794815, 1)
(418, 1)
(11437884898, 2)
(421, 1)
(11519974981, 2)
(424, 0)
(11602065064, 0)
(427, 0)
(11684155147, 0)
(430, 0)
(11766245230, 0)
(433, 0)
(11848335313, 0)
(436, 0)
(11930425396, 0)
(439, 0)
(12012515479, 0)
(442, 1)
(12094605562, 1)
(445, 2)
(12176695645, 2)
(448, 1)
(12258785728, 2)
(451, 0)
(12340875811, 0)
(454, 1)
(12422965894, 2)
(457, 2)
(12505055977, 2)
(460, 0)
(12587146060, 0)
(463, 1)
(12669236143, 2)
(466, 1)
(12751326226, 1)
(469, 1)
(12833416309, 2)
(472, 0)
(12915506392, 0)
(475, 0)
(12997596475, 0)
(478, 1)
(13079686558, 1)
(481, 1)
(13161776641, 1)
(484, 2)
(13243866724, 2)
(487, 1)
(13325956807, 2)
(490, 1)
(13408046890, 1)
(493, 0)
(13490136973, 0)
(496, 0)
(13572227056, 0)
(499, 0)
(13654317139, 0)
(502, 1)
(13736407222, 2)
(505, 2)
(13818497305, 2)
(508, 2)
(13900587388, 2)
(511, 2)
(13982677471, 1)
(514, 2)
(14064767554, 1)
(517, 0)
(14146857637, 0)
(520, 1)
(14228947720, 2)
(523, 0)
(14311037803, 0)
(526, 0)
(14393127886, 0)
(529, 2)
(14475217969, 2)
(532, 1)
(14557308052, 1)
(535, 2)
(14639398135, 2)
(538, 2)
(14721488218, 2)
(541, 1)
(14803578301, 1)
(544, 2)
(14885668384, 1)
(547, 0)
(14967758467, 0)
(550, 1)
(15049848550, 1)
(553, 2)
(15131938633, 1)
(556, 0)
(15214028716, 0)
(559, 1)
(15296118799, 2)
(562, 1)
(15378208882, 2)
(565, 0)
(15460298965, 0)
(568, 1)
(15542389048, 2)
(571, 0)
(15624479131, 0)
(574, 2)
(15706569214, 2)
(577, 2)
(15788659297, 2)
(580, 2)
(15870749380, 1)
(583, 2)
(15952839463, 2)
(586, 0)
(16034929546, 0)
(589, 1)
(16117019629, 2)
(592, 1)
(16199109712, 2)
(595, 0)
(16281199795, 0)
(598, 1)
(16363289878, 2)
(601, 2)
(16445379961, 2)
(604, 1)
(16527470044, 2)
(607, 1)
(16609560127, 2)
(610, 0)
(16691650210, 0)
(613, 1)
(16773740293, 2)
(616, 2)
(16855830376, 1)
(619, 0)
(16937920459, 0)
(622, 0)
(17020010542, 0)
(625, 2)
(17102100625, 2)
(628, 0)
(17184190708, 0)
(631, 1)
(17266280791, 2)
(634, 1)
(17348370874, 2)
(637, 2)
(17430460957, 1)
(640, 2)
(17512551040, 2)
(643, 0)
(17594641123, 0)
(646, 2)
(17676731206, 2)
(649, 2)
(17758821289, 2)
(652, 0)
(17840911372, 0)
(655, 0)
(17923001455, 0)
(658, 1)
(18005091538, 1)
(661, 0)
(18087181621, 0)
(664, 1)
(18169271704, 1)
(667, 0)
(18251361787, 0)
(670, 0)
(18333451870, 0)
(673, 0)
(18415541953, 0)
(676, 2)
(18497632036, 2)
(679, 0)
(18579722119, 0)
(682, 0)
(18661812202, 0)
(685, 0)
(18743902285, 0)
(688, 0)
(18825992368, 0)
(691, 0)
(18908082451, 0)
(694, 2)
(18990172534, 2)
(697, 2)
(19072262617, 2)
(700, 1)
(19154352700, 2)
(703, 2)
(19236442783, 2)
(706, 0)
(19318532866, 0)
(709, 1)
(19400622949, 1)
(712, 2)
(19482713032, 2)
(715, 0)
(19564803115, 0)
(718, 0)
(19646893198, 0)
(721, 1)
(19728983281, 1)
(724, 1)
(19811073364, 2)
(727, 1)
(19893163447, 2)
(730, 0)
(19975253530, 0)
(733, 2)
(20057343613, 2)
(736, 2)
(20139433696, 2)
(739, 0)
(20221523779, 0)
(742, 1)
(20303613862, 2)
(745, 1)
(20385703945, 1)
(748, 0)
(20467794028, 0)
(751, 0)
(20549884111, 0)
(754, 1)
(20631974194, 1)
(757, 1)
(20714064277, 1)
(760, 1)
(20796154360, 2)
(763, 0)
(20878244443, 0)
(766, 0)
(20960334526, 0)
(769, 2)
(21042424609, 2)
(772, 1)
(21124514692, 2)
(775, 0)
(21206604775, 0)
(778, 1)
(21288694858, 2)
(781, 2)
(21370784941, 1)
(784, 0)
(21452875024, 0)
(787, 0)
(21534965107, 0)
(790, 2)
(21617055190, 2)
(793, 2)
(21699145273, 1)
(796, 0)
(21781235356, 0)
(799, 1)
(21863325439, 1)
(802, 0)
(21945415522, 0)
(805, 1)
(22027505605, 2)
(808, 0)
(22109595688, 0)
(811, 0)
(22191685771, 0)
(814, 0)
(22273775854, 0)
(817, 0)
(22355865937, 0)
(820, 2)
(22437956020, 1)
(823, 0)
(22520046103, 0)
(826, 0)
(22602136186, 0)
(829, 1)
(22684226269, 1)
(832, 2)
(22766316352, 1)
(835, 0)
(22848406435, 0)
(838, 1)
(22930496518, 2)
(841, 1)
(23012586601, 1)
(844, 0)
(23094676684, 0)
(847, 2)
(23176766767, 1)
(850, 1)
(23258856850, 2)
