(1, 2)
(9728161, 2)
(4, 2)
(38912644, 2)
(7, 1)
(68097127, 2)
(10, 1)
(97281610, 1)
(13, 2)
(126466093, 2)
(16, 1)
(155650576, 1)
(19, 0)
(184835059, 0)
(22, 1)
(214019542, 1)
(25, 1)
(243204025, 1)
(28, 1)
(272388508, 2)
(31, 0)
(301572991, 0)
(34, 2)
(330757474, 2)
(37, 2)
(359941957, 2)
(40, 2)
(389126440, 2)
(43, 0)
(418310923, 0)
(46, 2)
(447495406, 2)
(49, 0)
(476679889, 0)
(52, 2)
(505864372, 2)
(55, 1)
(535048855, 1)
(58, 1)
(564233338, 1)
(61, 0)
(593417821, 0)
(64, 2)
(622602304, 2)
(67, 0)
(651786787, 0)
(70, 2)
(680971270, 1)
(73, 1)
(710155753, 2)
(76, 0)
(739340236, 0)
(79, 2)
(768524719, 1)
(82, 2)
(797709202, 1)
(85, 1)
(826893685, 1)
(88, 2)
(856078168, 2)
(91, 0)
(885262651, 0)
(94, 1)
(914447134, 2)
(97, 1)
(943631617, 2)
(100, 1)
(972816100, 1)
(103, 2)
(1002000583, 1)
(106, 0)
(1031185066, 0)
(109, 0)
(1060369549, 0)
(112, 2)
(1089554032, 1)
(115, 0)
(1118738515, 0)
(118, 0)
(1147922998, 0)
(121, 2)
(1177107481, 2)
(124, 0)
(1206291964, 0)
(127, 2)
(1235476447, 1)
(130, 2)
(1264660930, 2)
(133, 1)
(1293845413, 2)
(136, 1)
(1323029896, 1)
(139, 0)
(1352214379, 0)
(142, 2)
(1381398862, 2)
(145, 2)
(1410583345, 2)
(148, 2)
(1439767828, 2)
(151, 1)
(1468952311, 2)
(154, 1)
(1498136794, 2)
(157, 0)
(1527321277, 0)
(160, 1)
(1556505760, 1)
(163, 0)
(1585690243, 0)
(166, 2)
(1614874726, 1)
(169, 2)
(1644059209, 2)
(172, 0)
(1673243692, 0)
(175, 1)
(1702428175, 2)
(178, 1)
(1731612658, 1)
(181, 1)
(1760797141, 1)
(184, 1)
(1789981624, 1)
(187, 0)
(1819166107, 0)
(190, 2)
(1848350590, 2)
(193, 1)
(1877535073, 1)
(196, 0)
(1906719556, 0)
(199, 0)
(1935904039, 0)
(202, 0)
(1965088522, 0)
(205, 2)
(1994273005, 1)
(208, 1)
(2023457488, 1)
(211, 0)
(2052641971, 0)
(214, 0)
(2081826454, 0)
(217, 2)
(2111010937, 2)
(220, 1)
(2140195420, 1)
(223, 1)
(2169379903, 2)
(226, 1)
(2198564386, 2)
(229, 1)
(2227748869, 2)
(232, 2)
(2256933352, 2)
(235, 0)
(2286117835, 0)
(238, 1)
(2315302318, 2)
(241, 0)
(2344486801, 0)
(244, 0)
(2373671284, 0)
(247, 0)
(2402855767, 0)
(250, 0)
(2432040250, 0)
(253, 1)
(2461224733, 1)
(256, 1)
(2490409216, 1)
(259, 0)
(2519593699, 0)
(262, 0)
(2548778182, 0)
(265, 2)
(2577962665, 1)
(268, 0)
(2607147148, 0)
(271, 2)
(2636331631, 1)
(274, 0)
(2665516114, 0)
(277, 0)
(2694700597, 0)
(280, 1)
(2723885080, 2)
(283, 0)
(2753069563, 0)
(286, 0)
(2782254046, 0)
(289, 1)
(2811438529, 1)
(292, 1)
(2840623012, 2)
(295, 2)
(2869807495, 1)
(298, 0)
(2898991978, 0)
(301, 2)
(2928176461, 2)
(304, 0)
(2957360944, 0)
(307, 0)
(2986545427, 0)
(310, 1)
(3015729910, 2)
(313, 2)
(3044914393, 2)
(316, 2)
(3074098876, 1)
(319, 1)
(3103283359, 1)
(322, 1)
(3132467842, 2)
(325, 2)
(3161652325, 2)
(328, 1)
(3190836808, 2)
(331, 0)
(3220021291, 0)
(334, 0)
(3249205774, 0)
(337, 2)
(3278390257, 2)
(340, 1)
(3307574740, 1)
(343, 2)
(3336759223, 1)
(346, 2)
(3365943706, 1)
(349, 2)
(3395128189, 2)
(352, 1)
(3424312672, 1)
(355, 0)
(3453497155, 0)
(358, 0)
(3482681638, 0)
(361, 0)
(3511866121, 0)
(364, 0)
(3541050604, 0)
(367, 0)
(3570235087, 0)
(370, 0)
(3599419570, 0)
(373, 1)
(3628604053, 2)
(376, 2)
(3657788536, 1)
(379, 0)
(3686973019, 0)
(382, 1)
(3716157502, 1)
(385, 2)
(3745341985, 1)
(388, 1)
(3774526468, 2)
(391, 2)
(3803710951, 2)
(394, 2)
(3832895434, 2)
(397, 0)
(3862079917, 0)
(400, 2)
(3891264400, 2)
(403, 0)
(3920448883, 0)
(406, 2)
(3949633366, 1)
(409, 1)
(3978817849, 1)
(412, 2)
(4008002332, 1)
(415, 1)
(4037186815, 2)
(418, 1)
(4066371298, 1)
(421, 1)
(4095555781, 2)
(424, 0)
(4124740264, 0)
(427, 0)
(4153924747, 0)
(430, 0)
(4183109230, 0)
(433, 0)
(4212293713, 0)
(436, 0)
(4241478196, 0)
(439, 0)
(4270662679, 0)
(442, 1)
(4299847162, 1)
(445, 2)
(4329031645, 2)
(448, 1)
(4358216128, 2)
(451, 0)
(4387400611, 0)
(454, 1)
(4416585094, 1)
(457, 2)
(4445769577, 1)
(460, 0)
(4474954060, 0)
(463, 1)
(4504138543, 1)
(466, 1)
(4533323026, 2)
(469, 1)
(4562507509, 1)
(472, 0)
(4591691992, 0)
(475, 0)
(4620876475, 0)
(478, 1)
(4650060958, 2)
(481, 1)
(4679245441, 1)
(484, 2)
(4708429924, 2)
(487, 1)
(4737614407, 2)
(490, 1)
(4766798890, 1)
(493, 0)
(4795983373, 0)
(496, 0)
(4825167856, 0)
(499, 0)
(4854352339, 0)
(502, 1)
(4883536822, 1)
(505, 2)
(4912721305, 1)
(508, 2)
(4941905788, 1)
(511, 2)
(4971090271, 2)
(514, 2)
(5000274754, 2)
(517, 0)
(5029459237, 0)
(520, 1)
(5058643720, 1)
(523, 0)
(5087828203, 0)
(526, 0)
(5117012686, 0)
(529, 2)
(5146197169, 2)
(532, 1)
(5175381652, 2)
(535, 2)
(5204566135, 1)
(538, 2)
(5233750618, 1)
(541, 1)
(5262935101, 2)
(544, 2)
(5292119584, 2)
(547, 0)
(5321304067, 0)
(550, 1)
(5350488550, 1)
(553, 2)
(5379673033, 2)
(556, 0)
(5408857516, 0)
(559, 1)
(5438041999, 2)
(562, 1)
(5467226482, 1)
(565, 0)
(5496410965, 0)
(568, 1)
(5525595448, 1)
(571, 0)
(5554779931, 0)
(574, 2)
(5583964414, 2)
(577, 2)
(5613148897, 1)
(580, 2)
(5642333380, 2)
(583, 2)
(5671517863, 1)
(586, 0)
(5700702346, 0)
(589, 1)
(5729886829, 2)
(592, 1)
(5759071312, 1)
(595, 0)
(5788255795, 0)
(598, 1)
(5817440278, 1)
(601, 2)
(5846624761, 1)
(604, 1)
(5875809244, 2)
(607, 1)
(5904993727, 1)
(610, 0)
(5934178210, 0)
(613, 1)
(5963362693, 2)
(616, 2)
(5992547176, 1)
(619, 0)
(6021731659, 0)
(622, 0)
(6050916142, 0)
(625, 2)
(6080100625, 2)
(628, 0)
(6109285108, 0)
(631, 1)
(6138469591, 1)
(634, 1)
(6167654074, 1)
(637, 2)
(6196838557, 2)
(640, 2)
(6226023040, 2)
(643, 0)
(6255207523, 0)
(646, 2)
(6284392006, 2)
(649, 2)
(6313576489, 1)
(652, 0)
(6342760972, 0)
(655, 0)
(6371945455, 0)
(658, 1)
(6401129938, 1)
(661, 0)
(6430314421, 0)
(664, 1)
(6459498904, 2)
(667, 0)
(6488683387, 0)
(670, 0)
(6517867870, 0)
(673, 0)
(6547052353, 0)
(676, 2)
(6576236836, 2)
(679, 0)
(6605421319, 0)
(682, 0)
(6634605802, 0)
(685, 0)
(6663790285, 0)
(688, 0)
(6692974768, 0)
(691, 0)
(6722159251, 0)
(694, 2)
(6751343734, 2)
(697, 2)
(6780528217, 1)
(700, 1)
(6809712700, 2)
(703, 2)
(6838897183, 2)
(706, 0)
(6868081666, 0)
(709, 1)
(6897266149, 1)
(712, 2)
(6926450632, 2)
(715, 0)
(6955635115, 0)
(718, 0)
(6984819598, 0)
(721, 1)
(7014004081, 1)
(724, 1)
(7043188564, 1)
(727, 1)
(7072373047, 2)
(730, 0)
(7101557530, 0)
(733, 2)
(7130742013, 1)
(736, 2)
(7159926496, 2)
(739, 0)
(7189110979, 0)
(742, 1)
(7218295462, 1)
(745, 1)
(7247479945, 2)
(748, 0)
(7276664428, 0)
(751, 0)
(7305848911, 0)
(754, 1)
(7335033394, 1)
(757, 1)
(7364217877, 1)
(760, 1)
(7393402360, 1)
(763, 0)
(7422586843, 0)
(766, 0)
(7451771326, 0)
(769, 2)
(7480955809, 2)
(772, 1)
(7510140292, 1)
(775, 0)
(7539324775, 0)
(778, 1)
(7568509258, 1)
(781, 2)
(7597693741, 2)
(784, 0)
(7626878224, 0)
(787, 0)
(7656062707, 0)
(790, 2)
(7685247190, 1)
(793, 2)
(7714431673, 1)
(796, 0)
(7743616156, 0)
(799, 1)
(7772800639, 2)
(802, 0)
(7801985122, 0)
(805, 1)
(7831169605, 2)
(808, 0)
(7860354088, 0)
(811, 0)
(7889538571, 0)
(814, 0)
(7918723054, 0)
(817, 0)
(7947907537, 0)
(820, 2)
(7977092020, 1)
(823, 0)
(8006276503, 0)
(826, 0)
(8035460986, 0)
(829, 1)
(8064645469, 1)
(832, 2)
(8093829952, 2)
(835, 0)
(8123014435, 0)
(838, 1)
(8152198918, 2)
(841, 1)
(8181383401, 1)
(844, 0)
(8210567884, 0)
(847, 2)
(8239752367, 1)
(850, 1)
(8268936850, 1)
