(1, 2)
(5527201, 2)
(4, 2)
(22108804, 2)
(7, 1)
(38690407, 1)
(10, 1)
(55272010, 1)
(13, 2)
(71853613, 1)
(16, 1)
(88435216, 1)
(19, 0)
(105016819, 0)
(22, 1)
(121598422, 1)
(25, 1)
(138180025, 1)
(28, 1)
(154761628, 1)
(31, 0)
(171343231, 0)
(34, 2)
(187924834, 1)
(37, 2)
(204506437, 1)
(40, 2)
(221088040, 2)
(43, 0)
(237669643, 0)
(46, 2)
(254251246, 2)
(49, 0)
(270832849, 0)
(52, 2)
(287414452, 1)
(55, 1)
(303996055, 1)
(58, 1)
(320577658, 2)
(61, 0)
(337159261, 0)
(64, 2)
(353740864, 2)
(67, 0)
(370322467, 0)
(70, 2)
(386904070, 2)
(73, 1)
(403485673, 2)
(76, 0)
(420067276, 0)
(79, 2)
(436648879, 2)
(82, 2)
(453230482, 1)
(85, 1)
(469812085, 2)
(88, 2)
(486393688, 2)
(91, 0)
(502975291, 0)
(94, 1)
(519556894, 2)
(97, 1)
(536138497, 2)
(100, 1)
(552720100, 1)
(103, 2)
(569301703, 2)
(106, 0)
(585883306, 0)
(109, 0)
(602464909, 0)
(112, 2)
(619046512, 2)
(115, 0)
(635628115, 0)
(118, 0)
(652209718, 0)
(121, 2)
(668791321, 2)
(124, 0)
(685372924, 0)
(127, 2)
(701954527, 2)
(130, 2)
(718536130, 1)
(133, 1)
(735117733, 1)
(136, 1)
(751699336, 2)
(139, 0)
(768280939, 0)
(142, 2)
(784862542, 1)
(145, 2)
(801444145, 1)
(148, 2)
(818025748, 1)
(151, 1)
(834607351, 2)
(154, 1)
(851188954, 1)
(157, 0)
(867770557, 0)
(160, 1)
(884352160, 1)
(163, 0)
(900933763, 0)
(166, 2)
(917515366, 1)
(169, 2)
(934096969, 2)
(172, 0)
(950678572, 0)
(175, 1)
(967260175, 1)
(178, 1)
(983841778, 2)
(181, 1)
(1000423381, 2)
(184, 1)
(1017004984, 1)
(187, 0)
(1033586587, 0)
(190, 2)
(1050168190, 2)
(193, 1)
(1066749793, 2)
(196, 0)
(1083331396, 0)
(199, 0)
(1099912999, 0)
(202, 0)
(1116494602, 0)
(205, 2)
(1133076205, 1)
(208, 1)
(1149657808, 2)
(211, 0)
(1166239411, 0)
(214, 0)
(1182821014, 0)
(217, 2)
(1199402617, 2)
(220, 1)
(1215984220, 1)
(223, 1)
(1232565823, 2)
(226, 1)
(1249147426, 1)
(229, 1)
(1265729029, 1)
(232, 2)
(1282310632, 1)
(235, 0)
(1298892235, 0)
(238, 1)
(1315473838, 2)
(241, 0)
(1332055441, 0)
(244, 0)
(1348637044, 0)
(247, 0)
(1365218647, 0)
(250, 0)
(1381800250, 0)
(253, 1)
(1398381853, 1)
(256, 1)
(1414963456, 1)
(259, 0)
(1431545059, 0)
(262, 0)
(1448126662, 0)
(265, 2)
(1464708265, 1)
(268, 0)
(1481289868, 0)
(271, 2)
(1497871471, 2)
(274, 0)
(1514453074, 0)
(277, 0)
(1531034677, 0)
(280, 1)
(1547616280, 1)
(283, 0)
(1564197883, 0)
(286, 0)
(1580779486, 0)
(289, 1)
(1597361089, 1)
(292, 1)
(1613942692, 2)
(295, 2)
(1630524295, 2)
(298, 0)
(1647105898, 0)
(301, 2)
(1663687501, 2)
(304, 0)
(1680269104, 0)
(307, 0)
(1696850707, 0)
(310, 1)
(1713432310, 1)
(313, 2)
(1730013913, 1)
(316, 2)
(1746595516, 2)
(319, 1)
(1763177119, 2)
(322, 1)
(1779758722, 1)
(325, 2)
(1796340325, 1)
(328, 1)
(1812921928, 2)
(331, 0)
(1829503531, 0)
(334, 0)
(1846085134, 0)
(337, 2)
(1862666737, 2)
(340, 1)
(1879248340, 2)
(343, 2)
(1895829943, 2)
(346, 2)
(1912411546, 1)
(349, 2)
(1928993149, 2)
(352, 1)
(1945574752, 1)
(355, 0)
(1962156355, 0)
(358, 0)
(1978737958, 0)
(361, 0)
(1995319561, 0)
(364, 0)
(2011901164, 0)
(367, 0)
(2028482767, 0)
(370, 0)
(2045064370, 0)
(373, 1)
(2061645973, 2)
(376, 2)
(2078227576, 1)
(379, 0)
(2094809179, 0)
(382, 1)
(2111390782, 2)
(385, 2)
(2127972385, 2)
(388, 1)
(2144553988, 2)
(391, 2)
(2161135591, 1)
(394, 2)
(2177717194, 1)
(397, 0)
(2194298797, 0)
(400, 2)
(2210880400, 2)
(403, 0)
(2227462003, 0)
(406, 2)
(2244043606, 1)
(409, 1)
(2260625209, 1)
(412, 2)
(2277206812, 2)
(415, 1)
(2293788415, 2)
(418, 1)
(2310370018, 1)
(421, 1)
(2326951621, 1)
(424, 0)
(2343533224, 0)
(427, 0)
(2360114827, 0)
(430, 0)
(2376696430, 0)
(433, 0)
(2393278033, 0)
(436, 0)
(2409859636, 0)
(439, 0)
(2426441239, 0)
(442, 1)
(2443022842, 1)
(445, 2)
(2459604445, 1)
(448, 1)
(2476186048, 1)
(451, 0)
(2492767651, 0)
(454, 1)
(2509349254, 2)
(457, 2)
(2525930857, 1)
(460, 0)
(2542512460, 0)
(463, 1)
(2559094063, 2)
(466, 1)
(2575675666, 2)
(469, 1)
(2592257269, 2)
(472, 0)
(2608838872, 0)
(475, 0)
(2625420475, 0)
(478, 1)
(2642002078, 2)
(481, 1)
(2658583681, 1)
(484, 2)
(2675165284, 2)
(487, 1)
(2691746887, 1)
(490, 1)
(2708328490, 1)
(493, 0)
(2724910093, 0)
(496, 0)
(2741491696, 0)
(499, 0)
(2758073299, 0)
(502, 1)
(2774654902, 2)
(505, 2)
(2791236505, 1)
(508, 2)
(2807818108, 2)
(511, 2)
(2824399711, 1)
(514, 2)
(2840981314, 1)
(517, 0)
(2857562917, 0)
(520, 1)
(2874144520, 2)
(523, 0)
(2890726123, 0)
(526, 0)
(2907307726, 0)
(529, 2)
(2923889329, 2)
(532, 1)
(2940470932, 1)
(535, 2)
(2957052535, 2)
(538, 2)
(2973634138, 2)
(541, 1)
(2990215741, 1)
(544, 2)
(3006797344, 1)
(547, 0)
(3023378947, 0)
(550, 1)
(3039960550, 1)
(553, 2)
(3056542153, 2)
(556, 0)
(3073123756, 0)
(559, 1)
(3089705359, 2)
(562, 1)
(3106286962, 2)
(565, 0)
(3122868565, 0)
(568, 1)
(3139450168, 2)
(571, 0)
(3156031771, 0)
(574, 2)
(3172613374, 1)
(577, 2)
(3189194977, 1)
(580, 2)
(3205776580, 1)
(583, 2)
(3222358183, 1)
(586, 0)
(3238939786, 0)
(589, 1)
(3255521389, 1)
(592, 1)
(3272102992, 2)
(595, 0)
(3288684595, 0)
(598, 1)
(3305266198, 2)
(601, 2)
(3321847801, 1)
(604, 1)
(3338429404, 2)
(607, 1)
(3355011007, 1)
(610, 0)
(3371592610, 0)
(613, 1)
(3388174213, 2)
(616, 2)
(3404755816, 2)
(619, 0)
(3421337419, 0)
(622, 0)
(3437919022, 0)
(625, 2)
(3454500625, 2)
(628, 0)
(3471082228, 0)
(631, 1)
(3487663831, 2)
(634, 1)
(3504245434, 2)
(637, 2)
(3520827037, 1)
(640, 2)
(3537408640, 2)
(643, 0)
(3553990243, 0)
(646, 2)
(3570571846, 1)
(649, 2)
(3587153449, 2)
(652, 0)
(3603735052, 0)
(655, 0)
(3620316655, 0)
(658, 1)
(3636898258, 2)
(661, 0)
(3653479861, 0)
(664, 1)
(3670061464, 2)
(667, 0)
(3686643067, 0)
(670, 0)
(3703224670, 0)
(673, 0)
(3719806273, 0)
(676, 2)
(3736387876, 2)
(679, 0)
(3752969479, 0)
(682, 0)
(3769551082, 0)
(685, 0)
(3786132685, 0)
(688, 0)
(3802714288, 0)
(691, 0)
(3819295891, 0)
(694, 2)
(3835877494, 1)
(697, 2)
(3852459097, 2)
(700, 1)
(3869040700, 1)
(703, 2)
(3885622303, 1)
(706, 0)
(3902203906, 0)
(709, 1)
(3918785509, 2)
(712, 2)
(3935367112, 1)
(715, 0)
(3951948715, 0)
(718, 0)
(3968530318, 0)
(721, 1)
(3985111921, 1)
(724, 1)
(4001693524, 2)
(727, 1)
(4018275127, 1)
(730, 0)
(4034856730, 0)
(733, 2)
(4051438333, 1)
(736, 2)
(4068019936, 2)
(739, 0)
(4084601539, 0)
(742, 1)
(4101183142, 2)
(745, 1)
(4117764745, 1)
(748, 0)
(4134346348, 0)
(751, 0)
(4150927951, 0)
(754, 1)
(4167509554, 1)
(757, 1)
(4184091157, 2)
(760, 1)
(4200672760, 1)
(763, 0)
(4217254363, 0)
(766, 0)
(4233835966, 0)
(769, 2)
(4250417569, 1)
(772, 1)
(4266999172, 2)
(775, 0)
(4283580775, 0)
(778, 1)
(4300162378, 1)
(781, 2)
(4316743981, 1)
(784, 0)
(4333325584, 0)
(787, 0)
(4349907187, 0)
(790, 2)
(4366488790, 2)
(793, 2)
(4383070393, 2)
(796, 0)
(4399651996, 0)
(799, 1)
(4416233599, 1)
(802, 0)
(4432815202, 0)
(805, 1)
(4449396805, 1)
(808, 0)
(4465978408, 0)
(811, 0)
(4482560011, 0)
(814, 0)
(4499141614, 0)
(817, 0)
(4515723217, 0)
(820, 2)
(4532304820, 1)
(823, 0)
(4548886423, 0)
(826, 0)
(4565468026, 0)
(829, 1)
(4582049629, 2)
(832, 2)
(4598631232, 1)
(835, 0)
(4615212835, 0)
(838, 1)
(4631794438, 2)
(841, 1)
(4648376041, 1)
(844, 0)
(4664957644, 0)
(847, 2)
(4681539247, 2)
(850, 1)
(4698120850, 2)
