(1, 2)
(95863681, 2)
(4, 2)
(383454724, 2)
(7, 1)
(671045767, 1)
(10, 1)
(958636810, 1)
(13, 2)
(1246227853, 1)
(16, 1)
(1533818896, 1)
(19, 0)
(1821409939, 0)
(22, 1)
(2109000982, 2)
(25, 1)
(2396592025, 1)
(28, 1)
(2684183068, 1)
(31, 0)
(2971774111, 0)
(34, 2)
(3259365154, 2)
(37, 2)
(3546956197, 1)
(40, 2)
(3834547240, 2)
(43, 0)
(4122138283, 0)
(46, 2)
(4409729326, 1)
(49, 0)
(4697320369, 0)
(52, 2)
(4984911412, 1)
(55, 1)
(5272502455, 2)
(58, 1)
(5560093498, 2)
(61, 0)
(5847684541, 0)
(64, 2)
(6135275584, 2)
(67, 0)
(6422866627, 0)
(70, 2)
(6710457670, 2)
(73, 1)
(6998048713, 1)
(76, 0)
(7285639756, 0)
(79, 2)
(7573230799, 2)
(82, 2)
(7860821842, 2)
(85, 1)
(8148412885, 1)
(88, 2)
(8436003928, 1)
(91, 0)
(8723594971, 0)
(94, 1)
(9011186014, 1)
(97, 1)
(9298777057, 1)
(100, 1)
(9586368100, 1)
(103, 2)
(9873959143, 2)
(106, 0)
(10161550186, 0)
(109, 0)
(10449141229, 0)
(112, 2)
(10736732272, 2)
(115, 0)
(11024323315, 0)
(118, 0)
(11311914358, 0)
(121, 2)
(11599505401, 2)
(124, 0)
(11887096444, 0)
(127, 2)
(12174687487, 2)
(130, 2)
(12462278530, 1)
(133, 1)
(12749869573, 2)
(136, 1)
(13037460616, 1)
(139, 0)
(13325051659, 0)
(142, 2)
(13612642702, 1)
(145, 2)
(13900233745, 1)
(148, 2)
(14187824788, 1)
(151, 1)
(14475415831, 2)
(154, 1)
(14763006874, 2)
(157, 0)
(15050597917, 0)
(160, 1)
(15338188960, 1)
(163, 0)
(15625780003, 0)
(166, 2)
(15913371046, 2)
(169, 2)
(16200962089, 2)
(172, 0)
(16488553132, 0)
(175, 1)
(16776144175, 1)
(178, 1)
(17063735218, 1)
(181, 1)
(17351326261, 2)
(184, 1)
(17638917304, 2)
(187, 0)
(17926508347, 0)
(190, 2)
(18214099390, 1)
(193, 1)
(18501690433, 2)
(196, 0)
(18789281476, 0)
(199, 0)
(19076872519, 0)
(202, 0)
(19364463562, 0)
(205, 2)
(19652054605, 2)
(208, 1)
(19939645648, 2)
(211, 0)
(20227236691, 0)
(214, 0)
(20514827734, 0)
(217, 2)
(20802418777, 2)
(220, 1)
(21090009820, 2)
(223, 1)
(21377600863, 2)
(226, 1)
(21665191906, 2)
(229, 1)
(21952782949, 1)
(232, 2)
(22240373992, 1)
(235, 0)
(22527965035, 0)
(238, 1)
(22815556078, 1)
(241, 0)
(23103147121, 0)
(244, 0)
(23390738164, 0)
(247, 0)
(23678329207, 0)
(250, 0)
(23965920250, 0)
(253, 1)
(24253511293, 1)
(256, 1)
(24541102336, 1)
(259, 0)
(24828693379, 0)
(262, 0)
(25116284422, 0)
(265, 2)
(25403875465, 1)
(268, 0)
(25691466508, 0)
(271, 2)
(25979057551, 1)
(274, 0)
(26266648594, 0)
(277, 0)
(26554239637, 0)
(280, 1)
(26841830680, 1)
(283, 0)
(27129421723, 0)
(286, 0)
(27417012766, 0)
(289, 1)
(27704603809, 1)
(292, 1)
(27992194852, 1)
(295, 2)
(28279785895, 2)
(298, 0)
(28567376938, 0)
(301, 2)
(28854967981, 2)
(304, 0)
(29142559024, 0)
(307, 0)
(29430150067, 0)
(310, 1)
(29717741110, 1)
(313, 2)
(30005332153, 2)
(316, 2)
(30292923196, 2)
(319, 1)
(30580514239, 1)
(322, 1)
(30868105282, 2)
(325, 2)
(31155696325, 1)
(328, 1)
(31443287368, 1)
(331, 0)
(31730878411, 0)
(334, 0)
(32018469454, 0)
(337, 2)
(32306060497, 2)
(340, 1)
(32593651540, 1)
(343, 2)
(32881242583, 2)
(346, 2)
(33168833626, 1)
(349, 2)
(33456424669, 2)
(352, 1)
(33744015712, 2)
(355, 0)
(34031606755, 0)
(358, 0)
(34319197798, 0)
(361, 0)
(34606788841, 0)
(364, 0)
(34894379884, 0)
(367, 0)
(35181970927, 0)
(370, 0)
(35469561970, 0)
(373, 1)
(35757153013, 1)
(376, 2)
(36044744056, 2)
(379, 0)
(36332335099, 0)
(382, 1)
(36619926142, 2)
(385, 2)
(36907517185, 1)
(388, 1)
(37195108228, 1)
(391, 2)
(37482699271, 1)
(394, 2)
(37770290314, 2)
(397, 0)
(38057881357, 0)
(400, 2)
(38345472400, 2)
(403, 0)
(38633063443, 0)
(406, 2)
(38920654486, 1)
(409, 1)
(39208245529, 1)
(412, 2)
(39495836572, 2)
(415, 1)
(39783427615, 1)
(418, 1)
(40071018658, 1)
(421, 1)
(40358609701, 1)
(424, 0)
(40646200744, 0)
(427, 0)
(40933791787, 0)
(430, 0)
(41221382830, 0)
(433, 0)
(41508973873, 0)
(436, 0)
(41796564916, 0)
(439, 0)
(42084155959, 0)
(442, 1)
(42371747002, 2)
(445, 2)
(42659338045, 2)
(448, 1)
(42946929088, 1)
(451, 0)
(43234520131, 0)
(454, 1)
(43522111174, 2)
(457, 2)
(43809702217, 1)
(460, 0)
(44097293260, 0)
(463, 1)
(44384884303, 2)
(466, 1)
(44672475346, 2)
(469, 1)
(44960066389, 2)
(472, 0)
(45247657432, 0)
(475, 0)
(45535248475, 0)
(478, 1)
(45822839518, 1)
(481, 1)
(46110430561, 1)
(484, 2)
(46398021604, 2)
(487, 1)
(46685612647, 2)
(490, 1)
(46973203690, 1)
(493, 0)
(47260794733, 0)
(496, 0)
(47548385776, 0)
(499, 0)
(47835976819, 0)
(502, 1)
(48123567862, 1)
(505, 2)
(48411158905, 2)
(508, 2)
(48698749948, 2)
(511, 2)
(48986340991, 2)
(514, 2)
(49273932034, 2)
(517, 0)
(49561523077, 0)
(520, 1)
(49849114120, 2)
(523, 0)
(50136705163, 0)
(526, 0)
(50424296206, 0)
(529, 2)
(50711887249, 2)
(532, 1)
(50999478292, 2)
(535, 2)
(51287069335, 2)
(538, 2)
(51574660378, 1)
(541, 1)
(51862251421, 1)
(544, 2)
(52149842464, 2)
(547, 0)
(52437433507, 0)
(550, 1)
(52725024550, 2)
(553, 2)
(53012615593, 2)
(556, 0)
(53300206636, 0)
(559, 1)
(53587797679, 2)
(562, 1)
(53875388722, 2)
(565, 0)
(54162979765, 0)
(568, 1)
(54450570808, 2)
(571, 0)
(54738161851, 0)
(574, 2)
(55025752894, 2)
(577, 2)
(55313343937, 2)
(580, 2)
(55600934980, 1)
(583, 2)
(55888526023, 2)
(586, 0)
(56176117066, 0)
(589, 1)
(56463708109, 2)
(592, 1)
(56751299152, 2)
(595, 0)
(57038890195, 0)
(598, 1)
(57326481238, 1)
(601, 2)
(57614072281, 1)
(604, 1)
(57901663324, 2)
(607, 1)
(58189254367, 2)
(610, 0)
(58476845410, 0)
(613, 1)
(58764436453, 1)
(616, 2)
(59052027496, 1)
(619, 0)
(59339618539, 0)
(622, 0)
(59627209582, 0)
(625, 2)
(59914800625, 2)
(628, 0)
(60202391668, 0)
(631, 1)
(60489982711, 2)
(634, 1)
(60777573754, 1)
(637, 2)
(61065164797, 1)
(640, 2)
(61352755840, 2)
(643, 0)
(61640346883, 0)
(646, 2)
(61927937926, 1)
(649, 2)
(62215528969, 1)
(652, 0)
(62503120012, 0)
(655, 0)
(62790711055, 0)
(658, 1)
(63078302098, 1)
(661, 0)
(63365893141, 0)
(664, 1)
(63653484184, 1)
(667, 0)
(63941075227, 0)
(670, 0)
(64228666270, 0)
(673, 0)
(64516257313, 0)
(676, 2)
(64803848356, 2)
(679, 0)
(65091439399, 0)
(682, 0)
(65379030442, 0)
(685, 0)
(65666621485, 0)
(688, 0)
(65954212528, 0)
(691, 0)
(66241803571, 0)
(694, 2)
(66529394614, 1)
(697, 2)
(66816985657, 2)
(700, 1)
(67104576700, 1)
(703, 2)
(67392167743, 2)
(706, 0)
(67679758786, 0)
(709, 1)
(67967349829, 1)
(712, 2)
(68254940872, 2)
(715, 0)
(68542531915, 0)
(718, 0)
(68830122958, 0)
(721, 1)
(69117714001, 1)
(724, 1)
(69405305044, 2)
(727, 1)
(69692896087, 1)
(730, 0)
(69980487130, 0)
(733, 2)
(70268078173, 2)
(736, 2)
(70555669216, 1)
(739, 0)
(70843260259, 0)
(742, 1)
(71130851302, 2)
(745, 1)
(71418442345, 2)
(748, 0)
(71706033388, 0)
(751, 0)
(71993624431, 0)
(754, 1)
(72281215474, 1)
(757, 1)
(72568806517, 2)
(760, 1)
(72856397560, 2)
(763, 0)
(73143988603, 0)
(766, 0)
(73431579646, 0)
(769, 2)
(73719170689, 1)
(772, 1)
(74006761732, 2)
(775, 0)
(74294352775, 0)
(778, 1)
(74581943818, 1)
(781, 2)
(74869534861, 2)
(784, 0)
(75157125904, 0)
(787, 0)
(75444716947, 0)
(790, 2)
(75732307990, 2)
(793, 2)
(76019899033, 2)
(796, 0)
(76307490076, 0)
(799, 1)
(76595081119, 1)
(802, 0)
(76882672162, 0)
(805, 1)
(77170263205, 2)
(808, 0)
(77457854248, 0)
(811, 0)
(77745445291, 0)
(814, 0)
(78033036334, 0)
(817, 0)
(78320627377, 0)
(820, 2)
(78608218420, 2)
(823, 0)
(78895809463, 0)
(826, 0)
(79183400506, 0)
(829, 1)
(79470991549, 1)
(832, 2)
(79758582592, 1)
(835, 0)
(80046173635, 0)
(838, 1)
(80333764678, 2)
(841, 1)
(80621355721, 1)
(844, 0)
(80908946764, 0)
(847, 2)
(81196537807, 2)
(850, 1)
(81484128850, 1)
