(1, 2)
(9138529, 2)
(4, 2)
(36554116, 2)
(7, 1)
(63969703, 1)
(10, 1)
(91385290, 2)
(13, 2)
(118800877, 1)
(16, 1)
(146216464, 1)
(19, 0)
(173632051, 0)
(22, 1)
(201047638, 2)
(25, 1)
(228463225, 1)
(28, 1)
(255878812, 1)
(31, 0)
(283294399, 0)
(34, 2)
(310709986, 1)
(37, 2)
(338125573, 2)
(40, 2)
(365541160, 1)
(43, 0)
(392956747, 0)
(46, 2)
(420372334, 2)
(49, 0)
(447787921, 0)
(52, 2)
(475203508, 1)
(55, 1)
(502619095, 1)
(58, 1)
(530034682, 1)
(61, 0)
(557450269, 0)
(64, 2)
(584865856, 2)
(67, 0)
(612281443, 0)
(70, 2)
(639697030, 1)
(73, 1)
(667112617, 2)
(76, 0)
(694528204, 0)
(79, 2)
(721943791, 1)
(82, 2)
(749359378, 1)
(85, 1)
(776774965, 1)
(88, 2)
(804190552, 1)
(91, 0)
(831606139, 0)
(94, 1)
(859021726, 1)
(97, 1)
(886437313, 1)
(100, 1)
(913852900, 1)
(103, 2)
(941268487, 1)
(106, 0)
(968684074, 0)
(109, 0)
(996099661, 0)
(112, 2)
(1023515248, 2)
(115, 0)
(1050930835, 0)
(118, 0)
(1078346422, 0)
(121, 2)
(1105762009, 2)
(124, 0)
(1133177596, 0)
(127, 2)
(1160593183, 2)
(130, 2)
(1188008770, 2)
(133, 1)
(1215424357, 1)
(136, 1)
(1242839944, 2)
(139, 0)
(1270255531, 0)
(142, 2)
(1297671118, 2)
(145, 2)
(1325086705, 1)
(148, 2)
(1352502292, 2)
(151, 1)
(1379917879, 1)
(154, 1)
(1407333466, 2)
(157, 0)
(1434749053, 0)
(160, 1)
(1462164640, 2)
(163, 0)
(1489580227, 0)
(166, 2)
(1516995814, 2)
(169, 2)
(1544411401, 2)
(172, 0)
(1571826988, 0)
(175, 1)
(1599242575, 1)
(178, 1)
(1626658162, 2)
(181, 1)
(1654073749, 2)
(184, 1)
(1681489336, 1)
(187, 0)
(1708904923, 0)
(190, 2)
(1736320510, 1)
(193, 1)
(1763736097, 1)
(196, 0)
(1791151684, 0)
(199, 0)
(1818567271, 0)
(202, 0)
(1845982858, 0)
(205, 2)
(1873398445, 2)
(208, 1)
(1900814032, 2)
(211, 0)
(1928229619, 0)
(214, 0)
(1955645206, 0)
(217, 2)
(1983060793, 1)
(220, 1)
(2010476380, 1)
(223, 1)
(2037891967, 2)
(226, 1)
(2065307554, 1)
(229, 1)
(2092723141, 1)
(232, 2)
(2120138728, 2)
(235, 0)
(2147554315, 0)
(238, 1)
(2174969902, 2)
(241, 0)
(2202385489, 0)
(244, 0)
(2229801076, 0)
(247, 0)
(2257216663, 0)
(250, 0)
(2284632250, 0)
(253, 1)
(2312047837, 2)
(256, 1)
(2339463424, 1)
(259, 0)
(2366879011, 0)
(262, 0)
(2394294598, 0)
(265, 2)
(2421710185, 2)
(268, 0)
(2449125772, 0)
(271, 2)
(2476541359, 2)
(274, 0)
(2503956946, 0)
(277, 0)
(2531372533, 0)
(280, 1)
(2558788120, 2)
(283, 0)
(2586203707, 0)
(286, 0)
(2613619294, 0)
(289, 1)
(2641034881, 1)
(292, 1)
(2668450468, 2)
(295, 2)
(2695866055, 1)
(298, 0)
(2723281642, 0)
(301, 2)
(2750697229, 1)
(304, 0)
(2778112816, 0)
(307, 0)
(2805528403, 0)
(310, 1)
(2832943990, 1)
(313, 2)
(2860359577, 2)
(316, 2)
(2887775164, 1)
(319, 1)
(2915190751, 2)
(322, 1)
(2942606338, 1)
(325, 2)
(2970021925, 1)
(328, 1)
(2997437512, 2)
(331, 0)
(3024853099, 0)
(334, 0)
(3052268686, 0)
(337, 2)
(3079684273, 1)
(340, 1)
(3107099860, 1)
(343, 2)
(3134515447, 2)
(346, 2)
(3161931034, 1)
(349, 2)
(3189346621, 2)
(352, 1)
(3216762208, 2)
(355, 0)
(3244177795, 0)
(358, 0)
(3271593382, 0)
(361, 0)
(3299008969, 0)
(364, 0)
(3326424556, 0)
(367, 0)
(3353840143, 0)
(370, 0)
(3381255730, 0)
(373, 1)
(3408671317, 1)
(376, 2)
(3436086904, 2)
(379, 0)
(3463502491, 0)
(382, 1)
(3490918078, 2)
(385, 2)
(3518333665, 2)
(388, 1)
(3545749252, 1)
(391, 2)
(3573164839, 1)
(394, 2)
(3600580426, 1)
(397, 0)
(3627996013, 0)
(400, 2)
(3655411600, 2)
(403, 0)
(3682827187, 0)
(406, 2)
(3710242774, 2)
(409, 1)
(3737658361, 1)
(412, 2)
(3765073948, 1)
(415, 1)
(3792489535, 2)
(418, 1)
(3819905122, 2)
(421, 1)
(3847320709, 2)
(424, 0)
(3874736296, 0)
(427, 0)
(3902151883, 0)
(430, 0)
(3929567470, 0)
(433, 0)
(3956983057, 0)
(436, 0)
(3984398644, 0)
(439, 0)
(4011814231, 0)
(442, 1)
(4039229818, 1)
(445, 2)
(4066645405, 2)
(448, 1)
(4094060992, 1)
(451, 0)
(4121476579, 0)
(454, 1)
(4148892166, 1)
(457, 2)
(4176307753, 1)
(460, 0)
(4203723340, 0)
(463, 1)
(4231138927, 1)
(466, 1)
(4258554514, 2)
(469, 1)
(4285970101, 1)
(472, 0)
(4313385688, 0)
(475, 0)
(4340801275, 0)
(478, 1)
(4368216862, 2)
(481, 1)
(4395632449, 2)
(484, 2)
(4423048036, 2)
(487, 1)
(4450463623, 1)
(490, 1)
(4477879210, 2)
(493, 0)
(4505294797, 0)
(496, 0)
(4532710384, 0)
(499, 0)
(4560125971, 0)
(502, 1)
(4587541558, 1)
(505, 2)
(4614957145, 2)
(508, 2)
(4642372732, 2)
(511, 2)
(4669788319, 1)
(514, 2)
(4697203906, 2)
(517, 0)
(4724619493, 0)
(520, 1)
(4752035080, 1)
(523, 0)
(4779450667, 0)
(526, 0)
(4806866254, 0)
(529, 2)
(4834281841, 2)
(532, 1)
(4861697428, 1)
(535, 2)
(4889113015, 2)
(538, 2)
(4916528602, 2)
(541, 1)
(4943944189, 2)
(544, 2)
(4971359776, 1)
(547, 0)
(4998775363, 0)
(550, 1)
(5026190950, 2)
(553, 2)
(5053606537, 1)
(556, 0)
(5081022124, 0)
(559, 1)
(5108437711, 1)
(562, 1)
(5135853298, 1)
(565, 0)
(5163268885, 0)
(568, 1)
(5190684472, 1)
(571, 0)
(5218100059, 0)
(574, 2)
(5245515646, 1)
(577, 2)
(5272931233, 2)
(580, 2)
(5300346820, 1)
(583, 2)
(5327762407, 2)
(586, 0)
(5355177994, 0)
(589, 1)
(5382593581, 2)
(592, 1)
(5410009168, 1)
(595, 0)
(5437424755, 0)
(598, 1)
(5464840342, 2)
(601, 2)
(5492255929, 2)
(604, 1)
(5519671516, 1)
(607, 1)
(5547087103, 2)
(610, 0)
(5574502690, 0)
(613, 1)
(5601918277, 2)
(616, 2)
(5629333864, 1)
(619, 0)
(5656749451, 0)
(622, 0)
(5684165038, 0)
(625, 2)
(5711580625, 2)
(628, 0)
(5738996212, 0)
(631, 1)
(5766411799, 1)
(634, 1)
(5793827386, 2)
(637, 2)
(5821242973, 1)
(640, 2)
(5848658560, 1)
(643, 0)
(5876074147, 0)
(646, 2)
(5903489734, 1)
(649, 2)
(5930905321, 1)
(652, 0)
(5958320908, 0)
(655, 0)
(5985736495, 0)
(658, 1)
(6013152082, 1)
(661, 0)
(6040567669, 0)
(664, 1)
(6067983256, 1)
(667, 0)
(6095398843, 0)
(670, 0)
(6122814430, 0)
(673, 0)
(6150230017, 0)
(676, 2)
(6177645604, 2)
(679, 0)
(6205061191, 0)
(682, 0)
(6232476778, 0)
(685, 0)
(6259892365, 0)
(688, 0)
(6287307952, 0)
(691, 0)
(6314723539, 0)
(694, 2)
(6342139126, 2)
(697, 2)
(6369554713, 2)
(700, 1)
(6396970300, 1)
(703, 2)
(6424385887, 2)
(706, 0)
(6451801474, 0)
(709, 1)
(6479217061, 2)
(712, 2)
(6506632648, 1)
(715, 0)
(6534048235, 0)
(718, 0)
(6561463822, 0)
(721, 1)
(6588879409, 2)
(724, 1)
(6616294996, 2)
(727, 1)
(6643710583, 1)
(730, 0)
(6671126170, 0)
(733, 2)
(6698541757, 2)
(736, 2)
(6725957344, 2)
(739, 0)
(6753372931, 0)
(742, 1)
(6780788518, 2)
(745, 1)
(6808204105, 1)
(748, 0)
(6835619692, 0)
(751, 0)
(6863035279, 0)
(754, 1)
(6890450866, 2)
(757, 1)
(6917866453, 2)
(760, 1)
(6945282040, 2)
(763, 0)
(6972697627, 0)
(766, 0)
(7000113214, 0)
(769, 2)
(7027528801, 1)
(772, 1)
(7054944388, 1)
(775, 0)
(7082359975, 0)
(778, 1)
(7109775562, 2)
(781, 2)
(7137191149, 1)
(784, 0)
(7164606736, 0)
(787, 0)
(7192022323, 0)
(790, 2)
(7219437910, 2)
(793, 2)
(7246853497, 1)
(796, 0)
(7274269084, 0)
(799, 1)
(7301684671, 2)
(802, 0)
(7329100258, 0)
(805, 1)
(7356515845, 2)
(808, 0)
(7383931432, 0)
(811, 0)
(7411347019, 0)
(814, 0)
(7438762606, 0)
(817, 0)
(7466178193, 0)
(820, 2)
(7493593780, 2)
(823, 0)
(7521009367, 0)
(826, 0)
(7548424954, 0)
(829, 1)
(7575840541, 2)
(832, 2)
(7603256128, 1)
(835, 0)
(7630671715, 0)
(838, 1)
(7658087302, 1)
(841, 1)
(7685502889, 1)
(844, 0)
(7712918476, 0)
(847, 2)
(7740334063, 2)
(850, 1)
(7767749650, 2)
