(1, 2)
(77141089, 2)
(4, 2)
(308564356, 2)
(7, 1)
(539987623, 1)
(10, 1)
(771410890, 2)
(13, 2)
(1002834157, 1)
(16, 1)
(1234257424, 1)
(19, 0)
(1465680691, 0)
(22, 1)
(1697103958, 2)
(25, 1)
(1928527225, 1)
(28, 1)
(2159950492, 1)
(31, 0)
(2391373759, 0)
(34, 2)
(2622797026, 1)
(37, 2)
(2854220293, 1)
(40, 2)
(3085643560, 1)
(43, 0)
(3317066827, 0)
(46, 2)
(3548490094, 2)
(49, 0)
(3779913361, 0)
(52, 2)
(4011336628, 1)
(55, 1)
(4242759895, 1)
(58, 1)
(4474183162, 1)
(61, 0)
(4705606429, 0)
(64, 2)
(4937029696, 2)
(67, 0)
(5168452963, 0)
(70, 2)
(5399876230, 1)
(73, 1)
(5631299497, 1)
(76, 0)
(5862722764, 0)
(79, 2)
(6094146031, 2)
(82, 2)
(6325569298, 2)
(85, 1)
(6556992565, 1)
(88, 2)
(6788415832, 1)
(91, 0)
(7019839099, 0)
(94, 1)
(7251262366, 1)
(97, 1)
(7482685633, 1)
(100, 1)
(7714108900, 1)
(103, 2)
(7945532167, 1)
(106, 0)
(8176955434, 0)
(109, 0)
(8408378701, 0)
(112, 2)
(8639801968, 2)
(115, 0)
(8871225235, 0)
(118, 0)
(9102648502, 0)
(121, 2)
(9334071769, 2)
(124, 0)
(9565495036, 0)
(127, 2)
(9796918303, 2)
(130, 2)
(10028341570, 2)
(133, 1)
(10259764837, 2)
(136, 1)
(10491188104, 2)
(139, 0)
(10722611371, 0)
(142, 2)
(10954034638, 1)
(145, 2)
(11185457905, 1)
(148, 2)
(11416881172, 1)
(151, 1)
(11648304439, 2)
(154, 1)
(11879727706, 2)
(157, 0)
(12111150973, 0)
(160, 1)
(12342574240, 2)
(163, 0)
(12573997507, 0)
(166, 2)
(12805420774, 1)
(169, 2)
(13036844041, 2)
(172, 0)
(13268267308, 0)
(175, 1)
(13499690575, 1)
(178, 1)
(13731113842, 2)
(181, 1)
(13962537109, 2)
(184, 1)
(14193960376, 1)
(187, 0)
(14425383643, 0)
(190, 2)
(14656806910, 2)
(193, 1)
(14888230177, 1)
(196, 0)
(15119653444, 0)
(199, 0)
(15351076711, 0)
(202, 0)
(15582499978, 0)
(205, 2)
(15813923245, 1)
(208, 1)
(16045346512, 2)
(211, 0)
(16276769779, 0)
(214, 0)
(16508193046, 0)
(217, 2)
(16739616313, 1)
(220, 1)
(16971039580, 1)
(223, 1)
(17202462847, 2)
(226, 1)
(17433886114, 1)
(229, 1)
(17665309381, 1)
(232, 2)
(17896732648, 2)
(235, 0)
(18128155915, 0)
(238, 1)
(18359579182, 2)
(241, 0)
(18591002449, 0)
(244, 0)
(18822425716, 0)
(247, 0)
(19053848983, 0)
(250, 0)
(19285272250, 0)
(253, 1)
(19516695517, 2)
(256, 1)
(19748118784, 1)
(259, 0)
(19979542051, 0)
(262, 0)
(20210965318, 0)
(265, 2)
(20442388585, 1)
(268, 0)
(20673811852, 0)
(271, 2)
(20905235119, 2)
(274, 0)
(21136658386, 0)
(277, 0)
(21368081653, 0)
(280, 1)
(21599504920, 2)
(283, 0)
(21830928187, 0)
(286, 0)
(22062351454, 0)
(289, 1)
(22293774721, 1)
(292, 1)
(22525197988, 1)
(295, 2)
(22756621255, 2)
(298, 0)
(22988044522, 0)
(301, 2)
(23219467789, 1)
(304, 0)
(23450891056, 0)
(307, 0)
(23682314323, 0)
(310, 1)
(23913737590, 1)
(313, 2)
(24145160857, 2)
(316, 2)
(24376584124, 2)
(319, 1)
(24608007391, 2)
(322, 1)
(24839430658, 1)
(325, 2)
(25070853925, 1)
(328, 1)
(25302277192, 1)
(331, 0)
(25533700459, 0)
(334, 0)
(25765123726, 0)
(337, 2)
(25996546993, 2)
(340, 1)
(26227970260, 1)
(343, 2)
(26459393527, 2)
(346, 2)
(26690816794, 2)
(349, 2)
(26922240061, 1)
(352, 1)
(27153663328, 2)
(355, 0)
(27385086595, 0)
(358, 0)
(27616509862, 0)
(361, 0)
(27847933129, 0)
(364, 0)
(28079356396, 0)
(367, 0)
(28310779663, 0)
(370, 0)
(28542202930, 0)
(373, 1)
(28773626197, 1)
(376, 2)
(29005049464, 2)
(379, 0)
(29236472731, 0)
(382, 1)
(29467895998, 1)
(385, 2)
(29699319265, 2)
(388, 1)
(29930742532, 1)
(391, 2)
(30162165799, 1)
(394, 2)
(30393589066, 1)
(397, 0)
(30625012333, 0)
(400, 2)
(30856435600, 2)
(403, 0)
(31087858867, 0)
(406, 2)
(31319282134, 2)
(409, 1)
(31550705401, 2)
(412, 2)
(31782128668, 1)
(415, 1)
(32013551935, 1)
(418, 1)
(32244975202, 1)
(421, 1)
(32476398469, 1)
(424, 0)
(32707821736, 0)
(427, 0)
(32939245003, 0)
(430, 0)
(33170668270, 0)
(433, 0)
(33402091537, 0)
(436, 0)
(33633514804, 0)
(439, 0)
(33864938071, 0)
(442, 1)
(34096361338, 1)
(445, 2)
(34327784605, 2)
(448, 1)
(34559207872, 1)
(451, 0)
(34790631139, 0)
(454, 1)
(35022054406, 1)
(457, 2)
(35253477673, 2)
(460, 0)
(35484900940, 0)
(463, 1)
(35716324207, 2)
(466, 1)
(35947747474, 1)
(469, 1)
(36179170741, 2)
(472, 0)
(36410594008, 0)
(475, 0)
(36642017275, 0)
(478, 1)
(36873440542, 1)
(481, 1)
(37104863809, 1)
(484, 2)
(37336287076, 2)
(487, 1)
(37567710343, 1)
(490, 1)
(37799133610, 2)
(493, 0)
(38030556877, 0)
(496, 0)
(38261980144, 0)
(499, 0)
(38493403411, 0)
(502, 1)
(38724826678, 2)
(505, 2)
(38956249945, 1)
(508, 2)
(39187673212, 2)
(511, 2)
(39419096479, 2)
(514, 2)
(39650519746, 1)
(517, 0)
(39881943013, 0)
(520, 1)
(40113366280, 1)
(523, 0)
(40344789547, 0)
(526, 0)
(40576212814, 0)
(529, 2)
(40807636081, 2)
(532, 1)
(41039059348, 2)
(535, 2)
(41270482615, 2)
(538, 2)
(41501905882, 1)
(541, 1)
(41733329149, 2)
(544, 2)
(41964752416, 1)
(547, 0)
(42196175683, 0)
(550, 1)
(42427598950, 2)
(553, 2)
(42659022217, 2)
(556, 0)
(42890445484, 0)
(559, 1)
(43121868751, 1)
(562, 1)
(43353292018, 1)
(565, 0)
(43584715285, 0)
(568, 1)
(43816138552, 2)
(571, 0)
(44047561819, 0)
(574, 2)
(44278985086, 2)
(577, 2)
(44510408353, 2)
(580, 2)
(44741831620, 1)
(583, 2)
(44973254887, 1)
(586, 0)
(45204678154, 0)
(589, 1)
(45436101421, 1)
(592, 1)
(45667524688, 2)
(595, 0)
(45898947955, 0)
(598, 1)
(46130371222, 2)
(601, 2)
(46361794489, 1)
(604, 1)
(46593217756, 2)
(607, 1)
(46824641023, 2)
(610, 0)
(47056064290, 0)
(613, 1)
(47287487557, 1)
(616, 2)
(47518910824, 1)
(619, 0)
(47750334091, 0)
(622, 0)
(47981757358, 0)
(625, 2)
(48213180625, 2)
(628, 0)
(48444603892, 0)
(631, 1)
(48676027159, 2)
(634, 1)
(48907450426, 2)
(637, 2)
(49138873693, 1)
(640, 2)
(49370296960, 1)
(643, 0)
(49601720227, 0)
(646, 2)
(49833143494, 2)
(649, 2)
(50064566761, 2)
(652, 0)
(50295990028, 0)
(655, 0)
(50527413295, 0)
(658, 1)
(50758836562, 1)
(661, 0)
(50990259829, 0)
(664, 1)
(51221683096, 2)
(667, 0)
(51453106363, 0)
(670, 0)
(51684529630, 0)
(673, 0)
(51915952897, 0)
(676, 2)
(52147376164, 2)
(679, 0)
(52378799431, 0)
(682, 0)
(52610222698, 0)
(685, 0)
(52841645965, 0)
(688, 0)
(53073069232, 0)
(691, 0)
(53304492499, 0)
(694, 2)
(53535915766, 1)
(697, 2)
(53767339033, 1)
(700, 1)
(53998762300, 1)
(703, 2)
(54230185567, 2)
(706, 0)
(54461608834, 0)
(709, 1)
(54693032101, 1)
(712, 2)
(54924455368, 1)
(715, 0)
(55155878635, 0)
(718, 0)
(55387301902, 0)
(721, 1)
(55618725169, 2)
(724, 1)
(55850148436, 2)
(727, 1)
(56081571703, 1)
(730, 0)
(56312994970, 0)
(733, 2)
(56544418237, 1)
(736, 2)
(56775841504, 2)
(739, 0)
(57007264771, 0)
(742, 1)
(57238688038, 1)
(745, 1)
(57470111305, 1)
(748, 0)
(57701534572, 0)
(751, 0)
(57932957839, 0)
(754, 1)
(58164381106, 2)
(757, 1)
(58395804373, 2)
(760, 1)
(58627227640, 1)
(763, 0)
(58858650907, 0)
(766, 0)
(59090074174, 0)
(769, 2)
(59321497441, 2)
(772, 1)
(59552920708, 1)
(775, 0)
(59784343975, 0)
(778, 1)
(60015767242, 1)
(781, 2)
(60247190509, 2)
(784, 0)
(60478613776, 0)
(787, 0)
(60710037043, 0)
(790, 2)
(60941460310, 1)
(793, 2)
(61172883577, 1)
(796, 0)
(61404306844, 0)
(799, 1)
(61635730111, 2)
(802, 0)
(61867153378, 0)
(805, 1)
(62098576645, 2)
(808, 0)
(62329999912, 0)
(811, 0)
(62561423179, 0)
(814, 0)
(62792846446, 0)
(817, 0)
(63024269713, 0)
(820, 2)
(63255692980, 1)
(823, 0)
(63487116247, 0)
(826, 0)
(63718539514, 0)
(829, 1)
(63949962781, 2)
(832, 2)
(64181386048, 1)
(835, 0)
(64412809315, 0)
(838, 1)
(64644232582, 1)
(841, 1)
(64875655849, 1)
(844, 0)
(65107079116, 0)
(847, 2)
(65338502383, 2)
(850, 1)
(65569925650, 2)
