(1, 2)
(45144961, 2)
(4, 2)
(180579844, 2)
(7, 1)
(316014727, 1)
(10, 1)
(451449610, 1)
(13, 2)
(586884493, 1)
(16, 1)
(722319376, 1)
(19, 0)
(857754259, 0)
(22, 1)
(993189142, 2)
(25, 1)
(1128624025, 1)
(28, 1)
(1264058908, 1)
(31, 0)
(1399493791, 0)
(34, 2)
(1534928674, 2)
(37, 2)
(1670363557, 1)
(40, 2)
(1805798440, 2)
(43, 0)
(1941233323, 0)
(46, 2)
(2076668206, 1)
(49, 0)
(2212103089, 0)
(52, 2)
(2347537972, 1)
(55, 1)
(2482972855, 2)
(58, 1)
(2618407738, 1)
(61, 0)
(2753842621, 0)
(64, 2)
(2889277504, 2)
(67, 0)
(3024712387, 0)
(70, 2)
(3160147270, 2)
(73, 1)
(3295582153, 1)
(76, 0)
(3431017036, 0)
(79, 2)
(3566451919, 1)
(82, 2)
(3701886802, 2)
(85, 1)
(3837321685, 1)
(88, 2)
(3972756568, 1)
(91, 0)
(4108191451, 0)
(94, 1)
(4243626334, 1)
(97, 1)
(4379061217, 2)
(100, 1)
(4514496100, 1)
(103, 2)
(4649930983, 2)
(106, 0)
(4785365866, 0)
(109, 0)
(4920800749, 0)
(112, 2)
(5056235632, 2)
(115, 0)
(5191670515, 0)
(118, 0)
(5327105398, 0)
(121, 2)
(5462540281, 2)
(124, 0)
(5597975164, 0)
(127, 2)
(5733410047, 1)
(130, 2)
(5868844930, 1)
(133, 1)
(6004279813, 1)
(136, 1)
(6139714696, 1)
(139, 0)
(6275149579, 0)
(142, 2)
(6410584462, 1)
(145, 2)
(6546019345, 2)
(148, 2)
(6681454228, 1)
(151, 1)
(6816889111, 1)
(154, 1)
(6952323994, 2)
(157, 0)
(7087758877, 0)
(160, 1)
(7223193760, 1)
(163, 0)
(7358628643, 0)
(166, 2)
(7494063526, 2)
(169, 2)
(7629498409, 2)
(172, 0)
(7764933292, 0)
(175, 1)
(7900368175, 1)
(178, 1)
(8035803058, 1)
(181, 1)
(8171237941, 2)
(184, 1)
(8306672824, 2)
(187, 0)
(8442107707, 0)
(190, 2)
(8577542590, 2)
(193, 1)
(8712977473, 1)
(196, 0)
(8848412356, 0)
(199, 0)
(8983847239, 0)
(202, 0)
(9119282122, 0)
(205, 2)
(9254717005, 2)
(208, 1)
(9390151888, 2)
(211, 0)
(9525586771, 0)
(214, 0)
(9661021654, 0)
(217, 2)
(9796456537, 2)
(220, 1)
(9931891420, 2)
(223, 1)
(10067326303, 2)
(226, 1)
(10202761186, 1)
(229, 1)
(10338196069, 1)
(232, 2)
(10473630952, 2)
(235, 0)
(10609065835, 0)
(238, 1)
(10744500718, 1)
(241, 0)
(10879935601, 0)
(244, 0)
(11015370484, 0)
(247, 0)
(11150805367, 0)
(250, 0)
(11286240250, 0)
(253, 1)
(11421675133, 1)
(256, 1)
(11557110016, 1)
(259, 0)
(11692544899, 0)
(262, 0)
(11827979782, 0)
(265, 2)
(11963414665, 1)
(268, 0)
(12098849548, 0)
(271, 2)
(12234284431, 2)
(274, 0)
(12369719314, 0)
(277, 0)
(12505154197, 0)
(280, 1)
(12640589080, 1)
(283, 0)
(12776023963, 0)
(286, 0)
(12911458846, 0)
(289, 1)
(13046893729, 1)
(292, 1)
(13182328612, 1)
(295, 2)
(13317763495, 2)
(298, 0)
(13453198378, 0)
(301, 2)
(13588633261, 1)
(304, 0)
(13724068144, 0)
(307, 0)
(13859503027, 0)
(310, 1)
(13994937910, 1)
(313, 2)
(14130372793, 1)
(316, 2)
(14265807676, 1)
(319, 1)
(14401242559, 2)
(322, 1)
(14536677442, 2)
(325, 2)
(14672112325, 1)
(328, 1)
(14807547208, 1)
(331, 0)
(14942982091, 0)
(334, 0)
(15078416974, 0)
(337, 2)
(15213851857, 2)
(340, 1)
(15349286740, 1)
(343, 2)
(15484721623, 2)
(346, 2)
(15620156506, 1)
(349, 2)
(15755591389, 2)
(352, 1)
(15891026272, 2)
(355, 0)
(16026461155, 0)
(358, 0)
(16161896038, 0)
(361, 0)
(16297330921, 0)
(364, 0)
(16432765804, 0)
(367, 0)
(16568200687, 0)
(370, 0)
(16703635570, 0)
(373, 1)
(16839070453, 2)
(376, 2)
(16974505336, 2)
(379, 0)
(17109940219, 0)
(382, 1)
(17245375102, 2)
(385, 2)
(17380809985, 1)
(388, 1)
(17516244868, 2)
(391, 2)
(17651679751, 1)
(394, 2)
(17787114634, 1)
(397, 0)
(17922549517, 0)
(400, 2)
(18057984400, 2)
(403, 0)
(18193419283, 0)
(406, 2)
(18328854166, 2)
(409, 1)
(18464289049, 2)
(412, 2)
(18599723932, 2)
(415, 1)
(18735158815, 1)
(418, 1)
(18870593698, 2)
(421, 1)
(19006028581, 1)
(424, 0)
(19141463464, 0)
(427, 0)
(19276898347, 0)
(430, 0)
(19412333230, 0)
(433, 0)
(19547768113, 0)
(436, 0)
(19683202996, 0)
(439, 0)
(19818637879, 0)
(442, 1)
(19954072762, 2)
(445, 2)
(20089507645, 2)
(448, 1)
(20224942528, 1)
(451, 0)
(20360377411, 0)
(454, 1)
(20495812294, 2)
(457, 2)
(20631247177, 2)
(460, 0)
(20766682060, 0)
(463, 1)
(20902116943, 1)
(466, 1)
(21037551826, 1)
(469, 1)
(21172986709, 2)
(472, 0)
(21308421592, 0)
(475, 0)
(21443856475, 0)
(478, 1)
(21579291358, 2)
(481, 1)
(21714726241, 1)
(484, 2)
(21850161124, 2)
(487, 1)
(21985596007, 2)
(490, 1)
(22121030890, 1)
(493, 0)
(22256465773, 0)
(496, 0)
(22391900656, 0)
(499, 0)
(22527335539, 0)
(502, 1)
(22662770422, 1)
(505, 2)
(22798205305, 1)
(508, 2)
(22933640188, 1)
(511, 2)
(23069075071, 2)
(514, 2)
(23204509954, 1)
(517, 0)
(23339944837, 0)
(520, 1)
(23475379720, 2)
(523, 0)
(23610814603, 0)
(526, 0)
(23746249486, 0)
(529, 2)
(23881684369, 2)
(532, 1)
(24017119252, 1)
(535, 2)
(24152554135, 1)
(538, 2)
(24287989018, 2)
(541, 1)
(24423423901, 1)
(544, 2)
(24558858784, 2)
(547, 0)
(24694293667, 0)
(550, 1)
(24829728550, 2)
(553, 2)
(24965163433, 1)
(556, 0)
(25100598316, 0)
(559, 1)
(25236033199, 1)
(562, 1)
(25371468082, 1)
(565, 0)
(25506902965, 0)
(568, 1)
(25642337848, 2)
(571, 0)
(25777772731, 0)
(574, 2)
(25913207614, 2)
(577, 2)
(26048642497, 2)
(580, 2)
(26184077380, 2)
(583, 2)
(26319512263, 2)
(586, 0)
(26454947146, 0)
(589, 1)
(26590382029, 1)
(592, 1)
(26725816912, 2)
(595, 0)
(26861251795, 0)
(598, 1)
(26996686678, 1)
(601, 2)
(27132121561, 2)
(604, 1)
(27267556444, 1)
(607, 1)
(27402991327, 1)
(610, 0)
(27538426210, 0)
(613, 1)
(27673861093, 2)
(616, 2)
(27809295976, 1)
(619, 0)
(27944730859, 0)
(622, 0)
(28080165742, 0)
(625, 2)
(28215600625, 2)
(628, 0)
(28351035508, 0)
(631, 1)
(28486470391, 1)
(634, 1)
(28621905274, 2)
(637, 2)
(28757340157, 1)
(640, 2)
(28892775040, 2)
(643, 0)
(29028209923, 0)
(646, 2)
(29163644806, 2)
(649, 2)
(29299079689, 1)
(652, 0)
(29434514572, 0)
(655, 0)
(29569949455, 0)
(658, 1)
(29705384338, 1)
(661, 0)
(29840819221, 0)
(664, 1)
(29976254104, 1)
(667, 0)
(30111688987, 0)
(670, 0)
(30247123870, 0)
(673, 0)
(30382558753, 0)
(676, 2)
(30517993636, 2)
(679, 0)
(30653428519, 0)
(682, 0)
(30788863402, 0)
(685, 0)
(30924298285, 0)
(688, 0)
(31059733168, 0)
(691, 0)
(31195168051, 0)
(694, 2)
(31330602934, 1)
(697, 2)
(31466037817, 2)
(700, 1)
(31601472700, 1)
(703, 2)
(31736907583, 1)
(706, 0)
(31872342466, 0)
(709, 1)
(32007777349, 2)
(712, 2)
(32143212232, 2)
(715, 0)
(32278647115, 0)
(718, 0)
(32414081998, 0)
(721, 1)
(32549516881, 1)
(724, 1)
(32684951764, 2)
(727, 1)
(32820386647, 1)
(730, 0)
(32955821530, 0)
(733, 2)
(33091256413, 1)
(736, 2)
(33226691296, 1)
(739, 0)
(33362126179, 0)
(742, 1)
(33497561062, 2)
(745, 1)
(33632995945, 2)
(748, 0)
(33768430828, 0)
(751, 0)
(33903865711, 0)
(754, 1)
(34039300594, 2)
(757, 1)
(34174735477, 1)
(760, 1)
(34310170360, 1)
(763, 0)
(34445605243, 0)
(766, 0)
(34581040126, 0)
(769, 2)
(34716475009, 1)
(772, 1)
(34851909892, 1)
(775, 0)
(34987344775, 0)
(778, 1)
(35122779658, 1)
(781, 2)
(35258214541, 2)
(784, 0)
(35393649424, 0)
(787, 0)
(35529084307, 0)
(790, 2)
(35664519190, 1)
(793, 2)
(35799954073, 1)
(796, 0)
(35935388956, 0)
(799, 1)
(36070823839, 1)
(802, 0)
(36206258722, 0)
(805, 1)
(36341693605, 2)
(808, 0)
(36477128488, 0)
(811, 0)
(36612563371, 0)
(814, 0)
(36747998254, 0)
(817, 0)
(36883433137, 0)
(820, 2)
(37018868020, 2)
(823, 0)
(37154302903, 0)
(826, 0)
(37289737786, 0)
(829, 1)
(37425172669, 2)
(832, 2)
(37560607552, 1)
(835, 0)
(37696042435, 0)
(838, 1)
(37831477318, 2)
(841, 1)
(37966912201, 1)
(844, 0)
(38102347084, 0)
(847, 2)
(38237781967, 2)
(850, 1)
(38373216850, 1)
