(1, 2)
(4456321, 2)
(4, 2)
(17825284, 2)
(7, 1)
(31194247, 2)
(10, 1)
(44563210, 1)
(13, 2)
(57932173, 1)
(16, 1)
(71301136, 1)
(19, 0)
(84670099, 0)
(22, 1)
(98039062, 1)
(25, 1)
(111408025, 1)
(28, 1)
(124776988, 2)
(31, 0)
(138145951, 0)
(34, 2)
(151514914, 1)
(37, 2)
(164883877, 1)
(40, 2)
(178252840, 2)
(43, 0)
(191621803, 0)
(46, 2)
(204990766, 1)
(49, 0)
(218359729, 0)
(52, 2)
(231728692, 1)
(55, 1)
(245097655, 1)
(58, 1)
(258466618, 1)
(61, 0)
(271835581, 0)
(64, 2)
(285204544, 2)
(67, 0)
(298573507, 0)
(70, 2)
(311942470, 1)
(73, 1)
(325311433, 1)
(76, 0)
(338680396, 0)
(79, 2)
(352049359, 2)
(82, 2)
(365418322, 2)
(85, 1)
(378787285, 2)
(88, 2)
(392156248, 2)
(91, 0)
(405525211, 0)
(94, 1)
(418894174, 1)
(97, 1)
(432263137, 2)
(100, 1)
(445632100, 1)
(103, 2)
(459001063, 2)
(106, 0)
(472370026, 0)
(109, 0)
(485738989, 0)
(112, 2)
(499107952, 1)
(115, 0)
(512476915, 0)
(118, 0)
(525845878, 0)
(121, 2)
(539214841, 2)
(124, 0)
(552583804, 0)
(127, 2)
(565952767, 1)
(130, 2)
(579321730, 1)
(133, 1)
(592690693, 2)
(136, 1)
(606059656, 2)
(139, 0)
(619428619, 0)
(142, 2)
(632797582, 2)
(145, 2)
(646166545, 2)
(148, 2)
(659535508, 1)
(151, 1)
(672904471, 2)
(154, 1)
(686273434, 2)
(157, 0)
(699642397, 0)
(160, 1)
(713011360, 1)
(163, 0)
(726380323, 0)
(166, 2)
(739749286, 1)
(169, 2)
(753118249, 2)
(172, 0)
(766487212, 0)
(175, 1)
(779856175, 2)
(178, 1)
(793225138, 1)
(181, 1)
(806594101, 2)
(184, 1)
(819963064, 2)
(187, 0)
(833332027, 0)
(190, 2)
(846700990, 2)
(193, 1)
(860069953, 1)
(196, 0)
(873438916, 0)
(199, 0)
(886807879, 0)
(202, 0)
(900176842, 0)
(205, 2)
(913545805, 2)
(208, 1)
(926914768, 2)
(211, 0)
(940283731, 0)
(214, 0)
(953652694, 0)
(217, 2)
(967021657, 1)
(220, 1)
(980390620, 1)
(223, 1)
(993759583, 1)
(226, 1)
(1007128546, 1)
(229, 1)
(1020497509, 2)
(232, 2)
(1033866472, 2)
(235, 0)
(1047235435, 0)
(238, 1)
(1060604398, 1)
(241, 0)
(1073973361, 0)
(244, 0)
(1087342324, 0)
(247, 0)
(1100711287, 0)
(250, 0)
(1114080250, 0)
(253, 1)
(1127449213, 2)
(256, 1)
(1140818176, 1)
(259, 0)
(1154187139, 0)
(262, 0)
(1167556102, 0)
(265, 2)
(1180925065, 2)
(268, 0)
(1194294028, 0)
(271, 2)
(1207662991, 2)
(274, 0)
(1221031954, 0)
(277, 0)
(1234400917, 0)
(280, 1)
(1247769880, 2)
(283, 0)
(1261138843, 0)
(286, 0)
(1274507806, 0)
(289, 1)
(1287876769, 1)
(292, 1)
(1301245732, 1)
(295, 2)
(1314614695, 1)
(298, 0)
(1327983658, 0)
(301, 2)
(1341352621, 2)
(304, 0)
(1354721584, 0)
(307, 0)
(1368090547, 0)
(310, 1)
(1381459510, 1)
(313, 2)
(1394828473, 1)
(316, 2)
(1408197436, 2)
(319, 1)
(1421566399, 1)
(322, 1)
(1434935362, 1)
(325, 2)
(1448304325, 1)
(328, 1)
(1461673288, 1)
(331, 0)
(1475042251, 0)
(334, 0)
(1488411214, 0)
(337, 2)
(1501780177, 1)
(340, 1)
(1515149140, 2)
(343, 2)
(1528518103, 1)
(346, 2)
(1541887066, 2)
(349, 2)
(1555256029, 2)
(352, 1)
(1568624992, 1)
(355, 0)
(1581993955, 0)
(358, 0)
(1595362918, 0)
(361, 0)
(1608731881, 0)
(364, 0)
(1622100844, 0)
(367, 0)
(1635469807, 0)
(370, 0)
(1648838770, 0)
(373, 1)
(1662207733, 2)
(376, 2)
(1675576696, 2)
(379, 0)
(1688945659, 0)
(382, 1)
(1702314622, 2)
(385, 2)
(1715683585, 1)
(388, 1)
(1729052548, 2)
(391, 2)
(1742421511, 2)
(394, 2)
(1755790474, 1)
(397, 0)
(1769159437, 0)
(400, 2)
(1782528400, 2)
(403, 0)
(1795897363, 0)
(406, 2)
(1809266326, 1)
(409, 1)
(1822635289, 2)
(412, 2)
(1836004252, 2)
(415, 1)
(1849373215, 2)
(418, 1)
(1862742178, 1)
(421, 1)
(1876111141, 2)
(424, 0)
(1889480104, 0)
(427, 0)
(1902849067, 0)
(430, 0)
(1916218030, 0)
(433, 0)
(1929586993, 0)
(436, 0)
(1942955956, 0)
(439, 0)
(1956324919, 0)
(442, 1)
(1969693882, 1)
(445, 2)
(1983062845, 2)
(448, 1)
(1996431808, 2)
(451, 0)
(2009800771, 0)
(454, 1)
(2023169734, 1)
(457, 2)
(2036538697, 2)
(460, 0)
(2049907660, 0)
(463, 1)
(2063276623, 2)
(466, 1)
(2076645586, 1)
(469, 1)
(2090014549, 2)
(472, 0)
(2103383512, 0)
(475, 0)
(2116752475, 0)
(478, 1)
(2130121438, 1)
(481, 1)
(2143490401, 1)
(484, 2)
(2156859364, 2)
(487, 1)
(2170228327, 1)
(490, 1)
(2183597290, 1)
(493, 0)
(2196966253, 0)
(496, 0)
(2210335216, 0)
(499, 0)
(2223704179, 0)
(502, 1)
(2237073142, 2)
(505, 2)
(2250442105, 1)
(508, 2)
(2263811068, 1)
(511, 2)
(2277180031, 1)
(514, 2)
(2290548994, 1)
(517, 0)
(2303917957, 0)
(520, 1)
(2317286920, 2)
(523, 0)
(2330655883, 0)
(526, 0)
(2344024846, 0)
(529, 2)
(2357393809, 2)
(532, 1)
(2370762772, 2)
(535, 2)
(2384131735, 2)
(538, 2)
(2397500698, 2)
(541, 1)
(2410869661, 1)
(544, 2)
(2424238624, 1)
(547, 0)
(2437607587, 0)
(550, 1)
(2450976550, 1)
(553, 2)
(2464345513, 1)
(556, 0)
(2477714476, 0)
(559, 1)
(2491083439, 1)
(562, 1)
(2504452402, 1)
(565, 0)
(2517821365, 0)
(568, 1)
(2531190328, 1)
(571, 0)
(2544559291, 0)
(574, 2)
(2557928254, 1)
(577, 2)
(2571297217, 1)
(580, 2)
(2584666180, 2)
(583, 2)
(2598035143, 2)
(586, 0)
(2611404106, 0)
(589, 1)
(2624773069, 1)
(592, 1)
(2638142032, 2)
(595, 0)
(2651510995, 0)
(598, 1)
(2664879958, 1)
(601, 2)
(2678248921, 2)
(604, 1)
(2691617884, 2)
(607, 1)
(2704986847, 2)
(610, 0)
(2718355810, 0)
(613, 1)
(2731724773, 1)
(616, 2)
(2745093736, 1)
(619, 0)
(2758462699, 0)
(622, 0)
(2771831662, 0)
(625, 2)
(2785200625, 2)
(628, 0)
(2798569588, 0)
(631, 1)
(2811938551, 1)
(634, 1)
(2825307514, 2)
(637, 2)
(2838676477, 1)
(640, 2)
(2852045440, 2)
(643, 0)
(2865414403, 0)
(646, 2)
(2878783366, 1)
(649, 2)
(2892152329, 1)
(652, 0)
(2905521292, 0)
(655, 0)
(2918890255, 0)
(658, 1)
(2932259218, 2)
(661, 0)
(2945628181, 0)
(664, 1)
(2958997144, 2)
(667, 0)
(2972366107, 0)
(670, 0)
(2985735070, 0)
(673, 0)
(2999104033, 0)
(676, 2)
(3012472996, 2)
(679, 0)
(3025841959, 0)
(682, 0)
(3039210922, 0)
(685, 0)
(3052579885, 0)
(688, 0)
(3065948848, 0)
(691, 0)
(3079317811, 0)
(694, 2)
(3092686774, 1)
(697, 2)
(3106055737, 1)
(700, 1)
(3119424700, 2)
(703, 2)
(3132793663, 1)
(706, 0)
(3146162626, 0)
(709, 1)
(3159531589, 1)
(712, 2)
(3172900552, 2)
(715, 0)
(3186269515, 0)
(718, 0)
(3199638478, 0)
(721, 1)
(3213007441, 2)
(724, 1)
(3226376404, 2)
(727, 1)
(3239745367, 2)
(730, 0)
(3253114330, 0)
(733, 2)
(3266483293, 2)
(736, 2)
(3279852256, 1)
(739, 0)
(3293221219, 0)
(742, 1)
(3306590182, 2)
(745, 1)
(3319959145, 1)
(748, 0)
(3333328108, 0)
(751, 0)
(3346697071, 0)
(754, 1)
(3360066034, 2)
(757, 1)
(3373434997, 1)
(760, 1)
(3386803960, 1)
(763, 0)
(3400172923, 0)
(766, 0)
(3413541886, 0)
(769, 2)
(3426910849, 2)
(772, 1)
(3440279812, 1)
(775, 0)
(3453648775, 0)
(778, 1)
(3467017738, 1)
(781, 2)
(3480386701, 2)
(784, 0)
(3493755664, 0)
(787, 0)
(3507124627, 0)
(790, 2)
(3520493590, 2)
(793, 2)
(3533862553, 2)
(796, 0)
(3547231516, 0)
(799, 1)
(3560600479, 2)
(802, 0)
(3573969442, 0)
(805, 1)
(3587338405, 1)
(808, 0)
(3600707368, 0)
(811, 0)
(3614076331, 0)
(814, 0)
(3627445294, 0)
(817, 0)
(3640814257, 0)
(820, 2)
(3654183220, 2)
(823, 0)
(3667552183, 0)
(826, 0)
(3680921146, 0)
(829, 1)
(3694290109, 1)
(832, 2)
(3707659072, 1)
(835, 0)
(3721028035, 0)
(838, 1)
(3734396998, 2)
(841, 1)
(3747765961, 1)
(844, 0)
(3761134924, 0)
(847, 2)
(3774503887, 1)
(850, 1)
(3787872850, 2)
