(1, 2)
(65788321, 2)
(4, 2)
(263153284, 2)
(7, 1)
(460518247, 1)
(10, 1)
(657883210, 1)
(13, 2)
(855248173, 2)
(16, 1)
(1052613136, 1)
(19, 0)
(1249978099, 0)
(22, 1)
(1447343062, 2)
(25, 1)
(1644708025, 1)
(28, 1)
(1842072988, 1)
(31, 0)
(2039437951, 0)
(34, 2)
(2236802914, 2)
(37, 2)
(2434167877, 1)
(40, 2)
(2631532840, 2)
(43, 0)
(2828897803, 0)
(46, 2)
(3026262766, 2)
(49, 0)
(3223627729, 0)
(52, 2)
(3420992692, 2)
(55, 1)
(3618357655, 2)
(58, 1)
(3815722618, 1)
(61, 0)
(4013087581, 0)
(64, 2)
(4210452544, 2)
(67, 0)
(4407817507, 0)
(70, 2)
(4605182470, 2)
(73, 1)
(4802547433, 1)
(76, 0)
(4999912396, 0)
(79, 2)
(5197277359, 2)
(82, 2)
(5394642322, 1)
(85, 1)
(5592007285, 1)
(88, 2)
(5789372248, 1)
(91, 0)
(5986737211, 0)
(94, 1)
(6184102174, 2)
(97, 1)
(6381467137, 2)
(100, 1)
(6578832100, 1)
(103, 2)
(6776197063, 2)
(106, 0)
(6973562026, 0)
(109, 0)
(7170926989, 0)
(112, 2)
(7368291952, 2)
(115, 0)
(7565656915, 0)
(118, 0)
(7763021878, 0)
(121, 2)
(7960386841, 2)
(124, 0)
(8157751804, 0)
(127, 2)
(8355116767, 2)
(130, 2)
(8552481730, 2)
(133, 1)
(8749846693, 2)
(136, 1)
(8947211656, 1)
(139, 0)
(9144576619, 0)
(142, 2)
(9341941582, 2)
(145, 2)
(9539306545, 2)
(148, 2)
(9736671508, 1)
(151, 1)
(9934036471, 1)
(154, 1)
(10131401434, 2)
(157, 0)
(10328766397, 0)
(160, 1)
(10526131360, 1)
(163, 0)
(10723496323, 0)
(166, 2)
(10920861286, 2)
(169, 2)
(11118226249, 2)
(172, 0)
(11315591212, 0)
(175, 1)
(11512956175, 1)
(178, 1)
(11710321138, 2)
(181, 1)
(11907686101, 1)
(184, 1)
(12105051064, 1)
(187, 0)
(12302416027, 0)
(190, 2)
(12499780990, 1)
(193, 1)
(12697145953, 2)
(196, 0)
(12894510916, 0)
(199, 0)
(13091875879, 0)
(202, 0)
(13289240842, 0)
(205, 2)
(13486605805, 1)
(208, 1)
(13683970768, 1)
(211, 0)
(13881335731, 0)
(214, 0)
(14078700694, 0)
(217, 2)
(14276065657, 1)
(220, 1)
(14473430620, 2)
(223, 1)
(14670795583, 2)
(226, 1)
(14868160546, 1)
(229, 1)
(15065525509, 2)
(232, 2)
(15262890472, 2)
(235, 0)
(15460255435, 0)
(238, 1)
(15657620398, 1)
(241, 0)
(15854985361, 0)
(244, 0)
(16052350324, 0)
(247, 0)
(16249715287, 0)
(250, 0)
(16447080250, 0)
(253, 1)
(16644445213, 2)
(256, 1)
(16841810176, 1)
(259, 0)
(17039175139, 0)
(262, 0)
(17236540102, 0)
(265, 2)
(17433905065, 1)
(268, 0)
(17631270028, 0)
(271, 2)
(17828634991, 1)
(274, 0)
(18025999954, 0)
(277, 0)
(18223364917, 0)
(280, 1)
(18420729880, 1)
(283, 0)
(18618094843, 0)
(286, 0)
(18815459806, 0)
(289, 1)
(19012824769, 1)
(292, 1)
(19210189732, 1)
(295, 2)
(19407554695, 1)
(298, 0)
(19604919658, 0)
(301, 2)
(19802284621, 2)
(304, 0)
(19999649584, 0)
(307, 0)
(20197014547, 0)
(310, 1)
(20394379510, 2)
(313, 2)
(20591744473, 2)
(316, 2)
(20789109436, 2)
(319, 1)
(20986474399, 2)
(322, 1)
(21183839362, 1)
(325, 2)
(21381204325, 2)
(328, 1)
(21578569288, 2)
(331, 0)
(21775934251, 0)
(334, 0)
(21973299214, 0)
(337, 2)
(22170664177, 1)
(340, 1)
(22368029140, 1)
(343, 2)
(22565394103, 2)
(346, 2)
(22762759066, 1)
(349, 2)
(22960124029, 1)
(352, 1)
(23157488992, 2)
(355, 0)
(23354853955, 0)
(358, 0)
(23552218918, 0)
(361, 0)
(23749583881, 0)
(364, 0)
(23946948844, 0)
(367, 0)
(24144313807, 0)
(370, 0)
(24341678770, 0)
(373, 1)
(24539043733, 1)
(376, 2)
(24736408696, 1)
(379, 0)
(24933773659, 0)
(382, 1)
(25131138622, 1)
(385, 2)
(25328503585, 1)
(388, 1)
(25525868548, 2)
(391, 2)
(25723233511, 2)
(394, 2)
(25920598474, 2)
(397, 0)
(26117963437, 0)
(400, 2)
(26315328400, 2)
(403, 0)
(26512693363, 0)
(406, 2)
(26710058326, 2)
(409, 1)
(26907423289, 1)
(412, 2)
(27104788252, 2)
(415, 1)
(27302153215, 1)
(418, 1)
(27499518178, 1)
(421, 1)
(27696883141, 1)
(424, 0)
(27894248104, 0)
(427, 0)
(28091613067, 0)
(430, 0)
(28288978030, 0)
(433, 0)
(28486342993, 0)
(436, 0)
(28683707956, 0)
(439, 0)
(28881072919, 0)
(442, 1)
(29078437882, 1)
(445, 2)
(29275802845, 1)
(448, 1)
(29473167808, 1)
(451, 0)
(29670532771, 0)
(454, 1)
(29867897734, 2)
(457, 2)
(30065262697, 2)
(460, 0)
(30262627660, 0)
(463, 1)
(30459992623, 2)
(466, 1)
(30657357586, 2)
(469, 1)
(30854722549, 2)
(472, 0)
(31052087512, 0)
(475, 0)
(31249452475, 0)
(478, 1)
(31446817438, 1)
(481, 1)
(31644182401, 2)
(484, 2)
(31841547364, 2)
(487, 1)
(32038912327, 1)
(490, 1)
(32236277290, 1)
(493, 0)
(32433642253, 0)
(496, 0)
(32631007216, 0)
(499, 0)
(32828372179, 0)
(502, 1)
(33025737142, 2)
(505, 2)
(33223102105, 2)
(508, 2)
(33420467068, 2)
(511, 2)
(33617832031, 2)
(514, 2)
(33815196994, 2)
(517, 0)
(34012561957, 0)
(520, 1)
(34209926920, 1)
(523, 0)
(34407291883, 0)
(526, 0)
(34604656846, 0)
(529, 2)
(34802021809, 2)
(532, 1)
(34999386772, 2)
(535, 2)
(35196751735, 1)
(538, 2)
(35394116698, 2)
(541, 1)
(35591481661, 1)
(544, 2)
(35788846624, 2)
(547, 0)
(35986211587, 0)
(550, 1)
(36183576550, 2)
(553, 2)
(36380941513, 2)
(556, 0)
(36578306476, 0)
(559, 1)
(36775671439, 1)
(562, 1)
(36973036402, 2)
(565, 0)
(37170401365, 0)
(568, 1)
(37367766328, 1)
(571, 0)
(37565131291, 0)
(574, 2)
(37762496254, 1)
(577, 2)
(37959861217, 2)
(580, 2)
(38157226180, 2)
(583, 2)
(38354591143, 2)
(586, 0)
(38551956106, 0)
(589, 1)
(38749321069, 1)
(592, 1)
(38946686032, 2)
(595, 0)
(39144050995, 0)
(598, 1)
(39341415958, 1)
(601, 2)
(39538780921, 2)
(604, 1)
(39736145884, 1)
(607, 1)
(39933510847, 1)
(610, 0)
(40130875810, 0)
(613, 1)
(40328240773, 2)
(616, 2)
(40525605736, 1)
(619, 0)
(40722970699, 0)
(622, 0)
(40920335662, 0)
(625, 2)
(41117700625, 2)
(628, 0)
(41315065588, 0)
(631, 1)
(41512430551, 1)
(634, 1)
(41709795514, 1)
(637, 2)
(41907160477, 2)
(640, 2)
(42104525440, 2)
(643, 0)
(42301890403, 0)
(646, 2)
(42499255366, 1)
(649, 2)
(42696620329, 2)
(652, 0)
(42893985292, 0)
(655, 0)
(43091350255, 0)
(658, 1)
(43288715218, 2)
(661, 0)
(43486080181, 0)
(664, 1)
(43683445144, 1)
(667, 0)
(43880810107, 0)
(670, 0)
(44078175070, 0)
(673, 0)
(44275540033, 0)
(676, 2)
(44472904996, 2)
(679, 0)
(44670269959, 0)
(682, 0)
(44867634922, 0)
(685, 0)
(45064999885, 0)
(688, 0)
(45262364848, 0)
(691, 0)
(45459729811, 0)
(694, 2)
(45657094774, 1)
(697, 2)
(45854459737, 1)
(700, 1)
(46051824700, 1)
(703, 2)
(46249189663, 2)
(706, 0)
(46446554626, 0)
(709, 1)
(46643919589, 1)
(712, 2)
(46841284552, 1)
(715, 0)
(47038649515, 0)
(718, 0)
(47236014478, 0)
(721, 1)
(47433379441, 1)
(724, 1)
(47630744404, 1)
(727, 1)
(47828109367, 2)
(730, 0)
(48025474330, 0)
(733, 2)
(48222839293, 2)
(736, 2)
(48420204256, 2)
(739, 0)
(48617569219, 0)
(742, 1)
(48814934182, 2)
(745, 1)
(49012299145, 2)
(748, 0)
(49209664108, 0)
(751, 0)
(49407029071, 0)
(754, 1)
(49604394034, 1)
(757, 1)
(49801758997, 2)
(760, 1)
(49999123960, 2)
(763, 0)
(50196488923, 0)
(766, 0)
(50393853886, 0)
(769, 2)
(50591218849, 1)
(772, 1)
(50788583812, 2)
(775, 0)
(50985948775, 0)
(778, 1)
(51183313738, 1)
(781, 2)
(51380678701, 1)
(784, 0)
(51578043664, 0)
(787, 0)
(51775408627, 0)
(790, 2)
(51972773590, 2)
(793, 2)
(52170138553, 1)
(796, 0)
(52367503516, 0)
(799, 1)
(52564868479, 2)
(802, 0)
(52762233442, 0)
(805, 1)
(52959598405, 1)
(808, 0)
(53156963368, 0)
(811, 0)
(53354328331, 0)
(814, 0)
(53551693294, 0)
(817, 0)
(53749058257, 0)
(820, 2)
(53946423220, 1)
(823, 0)
(54143788183, 0)
(826, 0)
(54341153146, 0)
(829, 1)
(54538518109, 2)
(832, 2)
(54735883072, 2)
(835, 0)
(54933248035, 0)
(838, 1)
(55130612998, 1)
(841, 1)
(55327977961, 1)
(844, 0)
(55525342924, 0)
(847, 2)
(55722707887, 2)
(850, 1)
(55920072850, 1)
