(1, 2)
(4870849, 2)
(4, 2)
(19483396, 2)
(7, 1)
(34095943, 2)
(10, 1)
(48708490, 2)
(13, 2)
(63321037, 2)
(16, 1)
(77933584, 1)
(19, 0)
(92546131, 0)
(22, 1)
(107158678, 1)
(25, 1)
(121771225, 1)
(28, 1)
(136383772, 2)
(31, 0)
(150996319, 0)
(34, 2)
(165608866, 1)
(37, 2)
(180221413, 1)
(40, 2)
(194833960, 1)
(43, 0)
(209446507, 0)
(46, 2)
(224059054, 2)
(49, 0)
(238671601, 0)
(52, 2)
(253284148, 2)
(55, 1)
(267896695, 2)
(58, 1)
(282509242, 2)
(61, 0)
(297121789, 0)
(64, 2)
(311734336, 2)
(67, 0)
(326346883, 0)
(70, 2)
(340959430, 2)
(73, 1)
(355571977, 2)
(76, 0)
(370184524, 0)
(79, 2)
(384797071, 2)
(82, 2)
(399409618, 1)
(85, 1)
(414022165, 1)
(88, 2)
(428634712, 2)
(91, 0)
(443247259, 0)
(94, 1)
(457859806, 1)
(97, 1)
(472472353, 1)
(100, 1)
(487084900, 1)
(103, 2)
(501697447, 2)
(106, 0)
(516309994, 0)
(109, 0)
(530922541, 0)
(112, 2)
(545535088, 1)
(115, 0)
(560147635, 0)
(118, 0)
(574760182, 0)
(121, 2)
(589372729, 2)
(124, 0)
(603985276, 0)
(127, 2)
(618597823, 2)
(130, 2)
(633210370, 1)
(133, 1)
(647822917, 2)
(136, 1)
(662435464, 2)
(139, 0)
(677048011, 0)
(142, 2)
(691660558, 1)
(145, 2)
(706273105, 2)
(148, 2)
(720885652, 1)
(151, 1)
(735498199, 1)
(154, 1)
(750110746, 2)
(157, 0)
(764723293, 0)
(160, 1)
(779335840, 2)
(163, 0)
(793948387, 0)
(166, 2)
(808560934, 1)
(169, 2)
(823173481, 2)
(172, 0)
(837786028, 0)
(175, 1)
(852398575, 2)
(178, 1)
(867011122, 1)
(181, 1)
(881623669, 2)
(184, 1)
(896236216, 1)
(187, 0)
(910848763, 0)
(190, 2)
(925461310, 1)
(193, 1)
(940073857, 1)
(196, 0)
(954686404, 0)
(199, 0)
(969298951, 0)
(202, 0)
(983911498, 0)
(205, 2)
(998524045, 2)
(208, 1)
(1013136592, 1)
(211, 0)
(1027749139, 0)
(214, 0)
(1042361686, 0)
(217, 2)
(1056974233, 1)
(220, 1)
(1071586780, 2)
(223, 1)
(1086199327, 2)
(226, 1)
(1100811874, 1)
(229, 1)
(1115424421, 1)
(232, 2)
(1130036968, 1)
(235, 0)
(1144649515, 0)
(238, 1)
(1159262062, 1)
(241, 0)
(1173874609, 0)
(244, 0)
(1188487156, 0)
(247, 0)
(1203099703, 0)
(250, 0)
(1217712250, 0)
(253, 1)
(1232324797, 1)
(256, 1)
(1246937344, 1)
(259, 0)
(1261549891, 0)
(262, 0)
(1276162438, 0)
(265, 2)
(1290774985, 2)
(268, 0)
(1305387532, 0)
(271, 2)
(1320000079, 1)
(274, 0)
(1334612626, 0)
(277, 0)
(1349225173, 0)
(280, 1)
(1363837720, 1)
(283, 0)
(1378450267, 0)
(286, 0)
(1393062814, 0)
(289, 1)
(1407675361, 1)
(292, 1)
(1422287908, 2)
(295, 2)
(1436900455, 1)
(298, 0)
(1451513002, 0)
(301, 2)
(1466125549, 2)
(304, 0)
(1480738096, 0)
(307, 0)
(1495350643, 0)
(310, 1)
(1509963190, 2)
(313, 2)
(1524575737, 2)
(316, 2)
(1539188284, 2)
(319, 1)
(1553800831, 2)
(322, 1)
(1568413378, 2)
(325, 2)
(1583025925, 2)
(328, 1)
(1597638472, 2)
(331, 0)
(1612251019, 0)
(334, 0)
(1626863566, 0)
(337, 2)
(1641476113, 1)
(340, 1)
(1656088660, 1)
(343, 2)
(1670701207, 1)
(346, 2)
(1685313754, 1)
(349, 2)
(1699926301, 1)
(352, 1)
(1714538848, 1)
(355, 0)
(1729151395, 0)
(358, 0)
(1743763942, 0)
(361, 0)
(1758376489, 0)
(364, 0)
(1772989036, 0)
(367, 0)
(1787601583, 0)
(370, 0)
(1802214130, 0)
(373, 1)
(1816826677, 1)
(376, 2)
(1831439224, 2)
(379, 0)
(1846051771, 0)
(382, 1)
(1860664318, 1)
(385, 2)
(1875276865, 2)
(388, 1)
(1889889412, 1)
(391, 2)
(1904501959, 1)
(394, 2)
(1919114506, 2)
(397, 0)
(1933727053, 0)
(400, 2)
(1948339600, 2)
(403, 0)
(1962952147, 0)
(406, 2)
(1977564694, 2)
(409, 1)
(1992177241, 1)
(412, 2)
(2006789788, 2)
(415, 1)
(2021402335, 1)
(418, 1)
(2036014882, 1)
(421, 1)
(2050627429, 2)
(424, 0)
(2065239976, 0)
(427, 0)
(2079852523, 0)
(430, 0)
(2094465070, 0)
(433, 0)
(2109077617, 0)
(436, 0)
(2123690164, 0)
(439, 0)
(2138302711, 0)
(442, 1)
(2152915258, 2)
(445, 2)
(2167527805, 1)
(448, 1)
(2182140352, 2)
(451, 0)
(2196752899, 0)
(454, 1)
(2211365446, 1)
(457, 2)
(2225977993, 1)
(460, 0)
(2240590540, 0)
(463, 1)
(2255203087, 2)
(466, 1)
(2269815634, 1)
(469, 1)
(2284428181, 2)
(472, 0)
(2299040728, 0)
(475, 0)
(2313653275, 0)
(478, 1)
(2328265822, 1)
(481, 1)
(2342878369, 2)
(484, 2)
(2357490916, 2)
(487, 1)
(2372103463, 2)
(490, 1)
(2386716010, 2)
(493, 0)
(2401328557, 0)
(496, 0)
(2415941104, 0)
(499, 0)
(2430553651, 0)
(502, 1)
(2445166198, 1)
(505, 2)
(2459778745, 2)
(508, 2)
(2474391292, 2)
(511, 2)
(2489003839, 2)
(514, 2)
(2503616386, 1)
(517, 0)
(2518228933, 0)
(520, 1)
(2532841480, 2)
(523, 0)
(2547454027, 0)
(526, 0)
(2562066574, 0)
(529, 2)
(2576679121, 2)
(532, 1)
(2591291668, 2)
(535, 2)
(2605904215, 1)
(538, 2)
(2620516762, 2)
(541, 1)
(2635129309, 1)
(544, 2)
(2649741856, 1)
(547, 0)
(2664354403, 0)
(550, 1)
(2678966950, 1)
(553, 2)
(2693579497, 1)
(556, 0)
(2708192044, 0)
(559, 1)
(2722804591, 2)
(562, 1)
(2737417138, 2)
(565, 0)
(2752029685, 0)
(568, 1)
(2766642232, 2)
(571, 0)
(2781254779, 0)
(574, 2)
(2795867326, 2)
(577, 2)
(2810479873, 1)
(580, 2)
(2825092420, 2)
(583, 2)
(2839704967, 1)
(586, 0)
(2854317514, 0)
(589, 1)
(2868930061, 1)
(592, 1)
(2883542608, 2)
(595, 0)
(2898155155, 0)
(598, 1)
(2912767702, 1)
(601, 2)
(2927380249, 2)
(604, 1)
(2941992796, 1)
(607, 1)
(2956605343, 2)
(610, 0)
(2971217890, 0)
(613, 1)
(2985830437, 2)
(616, 2)
(3000442984, 1)
(619, 0)
(3015055531, 0)
(622, 0)
(3029668078, 0)
(625, 2)
(3044280625, 2)
(628, 0)
(3058893172, 0)
(631, 1)
(3073505719, 2)
(634, 1)
(3088118266, 2)
(637, 2)
(3102730813, 2)
(640, 2)
(3117343360, 1)
(643, 0)
(3131955907, 0)
(646, 2)
(3146568454, 1)
(649, 2)
(3161181001, 2)
(652, 0)
(3175793548, 0)
(655, 0)
(3190406095, 0)
(658, 1)
(3205018642, 2)
(661, 0)
(3219631189, 0)
(664, 1)
(3234243736, 2)
(667, 0)
(3248856283, 0)
(670, 0)
(3263468830, 0)
(673, 0)
(3278081377, 0)
(676, 2)
(3292693924, 2)
(679, 0)
(3307306471, 0)
(682, 0)
(3321919018, 0)
(685, 0)
(3336531565, 0)
(688, 0)
(3351144112, 0)
(691, 0)
(3365756659, 0)
(694, 2)
(3380369206, 2)
(697, 2)
(3394981753, 2)
(700, 1)
(3409594300, 2)
(703, 2)
(3424206847, 1)
(706, 0)
(3438819394, 0)
(709, 1)
(3453431941, 1)
(712, 2)
(3468044488, 2)
(715, 0)
(3482657035, 0)
(718, 0)
(3497269582, 0)
(721, 1)
(3511882129, 2)
(724, 1)
(3526494676, 2)
(727, 1)
(3541107223, 2)
(730, 0)
(3555719770, 0)
(733, 2)
(3570332317, 1)
(736, 2)
(3584944864, 2)
(739, 0)
(3599557411, 0)
(742, 1)
(3614169958, 1)
(745, 1)
(3628782505, 2)
(748, 0)
(3643395052, 0)
(751, 0)
(3658007599, 0)
(754, 1)
(3672620146, 2)
(757, 1)
(3687232693, 1)
(760, 1)
(3701845240, 2)
(763, 0)
(3716457787, 0)
(766, 0)
(3731070334, 0)
(769, 2)
(3745682881, 2)
(772, 1)
(3760295428, 1)
(775, 0)
(3774907975, 0)
(778, 1)
(3789520522, 1)
(781, 2)
(3804133069, 1)
(784, 0)
(3818745616, 0)
(787, 0)
(3833358163, 0)
(790, 2)
(3847970710, 1)
(793, 2)
(3862583257, 1)
(796, 0)
(3877195804, 0)
(799, 1)
(3891808351, 2)
(802, 0)
(3906420898, 0)
(805, 1)
(3921033445, 1)
(808, 0)
(3935645992, 0)
(811, 0)
(3950258539, 0)
(814, 0)
(3964871086, 0)
(817, 0)
(3979483633, 0)
(820, 2)
(3994096180, 2)
(823, 0)
(4008708727, 0)
(826, 0)
(4023321274, 0)
(829, 1)
(4037933821, 1)
(832, 2)
(4052546368, 2)
(835, 0)
(4067158915, 0)
(838, 1)
(4081771462, 2)
(841, 1)
(4096384009, 1)
(844, 0)
(4110996556, 0)
(847, 2)
(4125609103, 1)
(850, 1)
(4140221650, 2)
