(1, 2)
(71351809, 2)
(4, 2)
(285407236, 2)
(7, 1)
(499462663, 1)
(10, 1)
(713518090, 2)
(13, 2)
(927573517, 2)
(16, 1)
(1141628944, 1)
(19, 0)
(1355684371, 0)
(22, 1)
(1569739798, 1)
(25, 1)
(1783795225, 1)
(28, 1)
(1997850652, 1)
(31, 0)
(2211906079, 0)
(34, 2)
(2425961506, 2)
(37, 2)
(2640016933, 2)
(40, 2)
(2854072360, 1)
(43, 0)
(3068127787, 0)
(46, 2)
(3282183214, 1)
(49, 0)
(3496238641, 0)
(52, 2)
(3710294068, 2)
(55, 1)
(3924349495, 2)
(58, 1)
(4138404922, 2)
(61, 0)
(4352460349, 0)
(64, 2)
(4566515776, 2)
(67, 0)
(4780571203, 0)
(70, 2)
(4994626630, 1)
(73, 1)
(5208682057, 2)
(76, 0)
(5422737484, 0)
(79, 2)
(5636792911, 1)
(82, 2)
(5850848338, 2)
(85, 1)
(6064903765, 2)
(88, 2)
(6278959192, 2)
(91, 0)
(6493014619, 0)
(94, 1)
(6707070046, 2)
(97, 1)
(6921125473, 1)
(100, 1)
(7135180900, 1)
(103, 2)
(7349236327, 1)
(106, 0)
(7563291754, 0)
(109, 0)
(7777347181, 0)
(112, 2)
(7991402608, 2)
(115, 0)
(8205458035, 0)
(118, 0)
(8419513462, 0)
(121, 2)
(8633568889, 2)
(124, 0)
(8847624316, 0)
(127, 2)
(9061679743, 2)
(130, 2)
(9275735170, 1)
(133, 1)
(9489790597, 2)
(136, 1)
(9703846024, 1)
(139, 0)
(9917901451, 0)
(142, 2)
(10131956878, 2)
(145, 2)
(10346012305, 2)
(148, 2)
(10560067732, 2)
(151, 1)
(10774123159, 1)
(154, 1)
(10988178586, 1)
(157, 0)
(11202234013, 0)
(160, 1)
(11416289440, 2)
(163, 0)
(11630344867, 0)
(166, 2)
(11844400294, 1)
(169, 2)
(12058455721, 2)
(172, 0)
(12272511148, 0)
(175, 1)
(12486566575, 1)
(178, 1)
(12700622002, 1)
(181, 1)
(12914677429, 1)
(184, 1)
(13128732856, 2)
(187, 0)
(13342788283, 0)
(190, 2)
(13556843710, 2)
(193, 1)
(13770899137, 2)
(196, 0)
(13984954564, 0)
(199, 0)
(14199009991, 0)
(202, 0)
(14413065418, 0)
(205, 2)
(14627120845, 1)
(208, 1)
(14841176272, 1)
(211, 0)
(15055231699, 0)
(214, 0)
(15269287126, 0)
(217, 2)
(15483342553, 2)
(220, 1)
(15697397980, 2)
(223, 1)
(15911453407, 2)
(226, 1)
(16125508834, 1)
(229, 1)
(16339564261, 1)
(232, 2)
(16553619688, 1)
(235, 0)
(16767675115, 0)
(238, 1)
(16981730542, 1)
(241, 0)
(17195785969, 0)
(244, 0)
(17409841396, 0)
(247, 0)
(17623896823, 0)
(250, 0)
(17837952250, 0)
(253, 1)
(18052007677, 2)
(256, 1)
(18266063104, 1)
(259, 0)
(18480118531, 0)
(262, 0)
(18694173958, 0)
(265, 2)
(18908229385, 2)
(268, 0)
(19122284812, 0)
(271, 2)
(19336340239, 2)
(274, 0)
(19550395666, 0)
(277, 0)
(19764451093, 0)
(280, 1)
(19978506520, 2)
(283, 0)
(20192561947, 0)
(286, 0)
(20406617374, 0)
(289, 1)
(20620672801, 1)
(292, 1)
(20834728228, 2)
(295, 2)
(21048783655, 1)
(298, 0)
(21262839082, 0)
(301, 2)
(21476894509, 2)
(304, 0)
(21690949936, 0)
(307, 0)
(21905005363, 0)
(310, 1)
(22119060790, 2)
(313, 2)
(22333116217, 2)
(316, 2)
(22547171644, 1)
(319, 1)
(22761227071, 2)
(322, 1)
(22975282498, 2)
(325, 2)
(23189337925, 2)
(328, 1)
(23403393352, 1)
(331, 0)
(23617448779, 0)
(334, 0)
(23831504206, 0)
(337, 2)
(24045559633, 1)
(340, 1)
(24259615060, 2)
(343, 2)
(24473670487, 2)
(346, 2)
(24687725914, 1)
(349, 2)
(24901781341, 1)
(352, 1)
(25115836768, 1)
(355, 0)
(25329892195, 0)
(358, 0)
(25543947622, 0)
(361, 0)
(25758003049, 0)
(364, 0)
(25972058476, 0)
(367, 0)
(26186113903, 0)
(370, 0)
(26400169330, 0)
(373, 1)
(26614224757, 2)
(376, 2)
(26828280184, 1)
(379, 0)
(27042335611, 0)
(382, 1)
(27256391038, 2)
(385, 2)
(27470446465, 1)
(388, 1)
(27684501892, 1)
(391, 2)
(27898557319, 1)
(394, 2)
(28112612746, 2)
(397, 0)
(28326668173, 0)
(400, 2)
(28540723600, 2)
(403, 0)
(28754779027, 0)
(406, 2)
(28968834454, 1)
(409, 1)
(29182889881, 1)
(412, 2)
(29396945308, 1)
(415, 1)
(29611000735, 1)
(418, 1)
(29825056162, 2)
(421, 1)
(30039111589, 1)
(424, 0)
(30253167016, 0)
(427, 0)
(30467222443, 0)
(430, 0)
(30681277870, 0)
(433, 0)
(30895333297, 0)
(436, 0)
(31109388724, 0)
(439, 0)
(31323444151, 0)
(442, 1)
(31537499578, 1)
(445, 2)
(31751555005, 1)
(448, 1)
(31965610432, 1)
(451, 0)
(32179665859, 0)
(454, 1)
(32393721286, 2)
(457, 2)
(32607776713, 1)
(460, 0)
(32821832140, 0)
(463, 1)
(33035887567, 2)
(466, 1)
(33249942994, 2)
(469, 1)
(33463998421, 1)
(472, 0)
(33678053848, 0)
(475, 0)
(33892109275, 0)
(478, 1)
(34106164702, 1)
(481, 1)
(34320220129, 1)
(484, 2)
(34534275556, 2)
(487, 1)
(34748330983, 2)
(490, 1)
(34962386410, 2)
(493, 0)
(35176441837, 0)
(496, 0)
(35390497264, 0)
(499, 0)
(35604552691, 0)
(502, 1)
(35818608118, 2)
(505, 2)
(36032663545, 1)
(508, 2)
(36246718972, 2)
(511, 2)
(36460774399, 1)
(514, 2)
(36674829826, 2)
(517, 0)
(36888885253, 0)
(520, 1)
(37102940680, 2)
(523, 0)
(37316996107, 0)
(526, 0)
(37531051534, 0)
(529, 2)
(37745106961, 2)
(532, 1)
(37959162388, 2)
(535, 2)
(38173217815, 2)
(538, 2)
(38387273242, 1)
(541, 1)
(38601328669, 2)
(544, 2)
(38815384096, 2)
(547, 0)
(39029439523, 0)
(550, 1)
(39243494950, 1)
(553, 2)
(39457550377, 1)
(556, 0)
(39671605804, 0)
(559, 1)
(39885661231, 1)
(562, 1)
(40099716658, 1)
(565, 0)
(40313772085, 0)
(568, 1)
(40527827512, 1)
(571, 0)
(40741882939, 0)
(574, 2)
(40955938366, 2)
(577, 2)
(41169993793, 1)
(580, 2)
(41384049220, 2)
(583, 2)
(41598104647, 1)
(586, 0)
(41812160074, 0)
(589, 1)
(42026215501, 2)
(592, 1)
(42240270928, 1)
(595, 0)
(42454326355, 0)
(598, 1)
(42668381782, 2)
(601, 2)
(42882437209, 1)
(604, 1)
(43096492636, 1)
(607, 1)
(43310548063, 1)
(610, 0)
(43524603490, 0)
(613, 1)
(43738658917, 2)
(616, 2)
(43952714344, 2)
(619, 0)
(44166769771, 0)
(622, 0)
(44380825198, 0)
(625, 2)
(44594880625, 2)
(628, 0)
(44808936052, 0)
(631, 1)
(45022991479, 1)
(634, 1)
(45237046906, 1)
(637, 2)
(45451102333, 2)
(640, 2)
(45665157760, 1)
(643, 0)
(45879213187, 0)
(646, 2)
(46093268614, 1)
(649, 2)
(46307324041, 2)
(652, 0)
(46521379468, 0)
(655, 0)
(46735434895, 0)
(658, 1)
(46949490322, 2)
(661, 0)
(47163545749, 0)
(664, 1)
(47377601176, 2)
(667, 0)
(47591656603, 0)
(670, 0)
(47805712030, 0)
(673, 0)
(48019767457, 0)
(676, 2)
(48233822884, 2)
(679, 0)
(48447878311, 0)
(682, 0)
(48661933738, 0)
(685, 0)
(48875989165, 0)
(688, 0)
(49090044592, 0)
(691, 0)
(49304100019, 0)
(694, 2)
(49518155446, 1)
(697, 2)
(49732210873, 2)
(700, 1)
(49946266300, 1)
(703, 2)
(50160321727, 1)
(706, 0)
(50374377154, 0)
(709, 1)
(50588432581, 2)
(712, 2)
(50802488008, 2)
(715, 0)
(51016543435, 0)
(718, 0)
(51230598862, 0)
(721, 1)
(51444654289, 2)
(724, 1)
(51658709716, 1)
(727, 1)
(51872765143, 2)
(730, 0)
(52086820570, 0)
(733, 2)
(52300875997, 1)
(736, 2)
(52514931424, 1)
(739, 0)
(52728986851, 0)
(742, 1)
(52943042278, 2)
(745, 1)
(53157097705, 2)
(748, 0)
(53371153132, 0)
(751, 0)
(53585208559, 0)
(754, 1)
(53799263986, 2)
(757, 1)
(54013319413, 1)
(760, 1)
(54227374840, 1)
(763, 0)
(54441430267, 0)
(766, 0)
(54655485694, 0)
(769, 2)
(54869541121, 2)
(772, 1)
(55083596548, 2)
(775, 0)
(55297651975, 0)
(778, 1)
(55511707402, 1)
(781, 2)
(55725762829, 2)
(784, 0)
(55939818256, 0)
(787, 0)
(56153873683, 0)
(790, 2)
(56367929110, 2)
(793, 2)
(56581984537, 1)
(796, 0)
(56796039964, 0)
(799, 1)
(57010095391, 2)
(802, 0)
(57224150818, 0)
(805, 1)
(57438206245, 1)
(808, 0)
(57652261672, 0)
(811, 0)
(57866317099, 0)
(814, 0)
(58080372526, 0)
(817, 0)
(58294427953, 0)
(820, 2)
(58508483380, 1)
(823, 0)
(58722538807, 0)
(826, 0)
(58936594234, 0)
(829, 1)
(59150649661, 1)
(832, 2)
(59364705088, 2)
(835, 0)
(59578760515, 0)
(838, 1)
(59792815942, 1)
(841, 1)
(60006871369, 1)
(844, 0)
(60220926796, 0)
(847, 2)
(60434982223, 2)
(850, 1)
(60649037650, 1)
