(1, 2)
(36481, 2)
(4, 2)
(145924, 2)
(7, 1)
(255367, 2)
(10, 1)
(364810, 1)
(13, 2)
(474253, 2)
(16, 1)
(583696, 1)
(19, 0)
(693139, 0)
(22, 1)
(802582, 2)
(25, 1)
(912025, 1)
(28, 1)
(1021468, 2)
(31, 0)
(1130911, 0)
(34, 2)
(1240354, 2)
(37, 2)
(1349797, 1)
(40, 2)
(1459240, 2)
(43, 0)
(1568683, 0)
(46, 2)
(1678126, 2)
(49, 0)
(1787569, 0)
(52, 2)
(1897012, 2)
(55, 1)
(2006455, 2)
(58, 1)
(2115898, 2)
(61, 0)
(2225341, 0)
(64, 2)
(2334784, 2)
(67, 0)
(2444227, 0)
(70, 2)
(2553670, 1)
(73, 1)
(2663113, 2)
(76, 0)
(2772556, 0)
(79, 2)
(2881999, 2)
(82, 2)
(2991442, 1)
(85, 1)
(3100885, 1)
(88, 2)
(3210328, 1)
(91, 0)
(3319771, 0)
(94, 1)
(3429214, 2)
(97, 1)
(3538657, 1)
(100, 1)
(3648100, 1)
(103, 2)
(3757543, 2)
(106, 0)
(3866986, 0)
(109, 0)
(3976429, 0)
(112, 2)
(4085872, 1)
(115, 0)
(4195315, 0)
(118, 0)
(4304758, 0)
(121, 2)
(4414201, 2)
(124, 0)
(4523644, 0)
(127, 2)
(4633087, 1)
(130, 2)
(4742530, 2)
(133, 1)
(4851973, 1)
(136, 1)
(4961416, 1)
(139, 0)
(5070859, 0)
(142, 2)
(5180302, 1)
(145, 2)
(5289745, 1)
(148, 2)
(5399188, 1)
(151, 1)
(5508631, 2)
(154, 1)
(5618074, 1)
(157, 0)
(5727517, 0)
(160, 1)
(5836960, 1)
(163, 0)
(5946403, 0)
(166, 2)
(6055846, 1)
(169, 2)
(6165289, 2)
(172, 0)
(6274732, 0)
(175, 1)
(6384175, 2)
(178, 1)
(6493618, 2)
(181, 1)
(6603061, 2)
(184, 1)
(6712504, 1)
(187, 0)
(6821947, 0)
(190, 2)
(6931390, 1)
(193, 1)
(7040833, 1)
(196, 0)
(7150276, 0)
(199, 0)
(7259719, 0)
(202, 0)
(7369162, 0)
(205, 2)
(7478605, 1)
(208, 1)
(7588048, 1)
(211, 0)
(7697491, 0)
(214, 0)
(7806934, 0)
(217, 2)
(7916377, 2)
(220, 1)
(8025820, 2)
(223, 1)
(8135263, 1)
(226, 1)
(8244706, 2)
(229, 1)
(8354149, 2)
(232, 2)
(8463592, 1)
(235, 0)
(8573035, 0)
(238, 1)
(8682478, 2)
(241, 0)
(8791921, 0)
(244, 0)
(8901364, 0)
(247, 0)
(9010807, 0)
(250, 0)
(9120250, 0)
(253, 1)
(9229693, 2)
(256, 1)
(9339136, 1)
(259, 0)
(9448579, 0)
(262, 0)
(9558022, 0)
(265, 2)
(9667465, 1)
(268, 0)
(9776908, 0)
(271, 2)
(9886351, 2)
(274, 0)
(9995794, 0)
(277, 0)
(10105237, 0)
(280, 1)
(10214680, 2)
(283, 0)
(10324123, 0)
(286, 0)
(10433566, 0)
(289, 1)
(10543009, 1)
(292, 1)
(10652452, 2)
(295, 2)
(10761895, 2)
(298, 0)
(10871338, 0)
(301, 2)
(10980781, 1)
(304, 0)
(11090224, 0)
(307, 0)
(11199667, 0)
(310, 1)
(11309110, 2)
(313, 2)
(11418553, 1)
(316, 2)
(11527996, 2)
(319, 1)
(11637439, 1)
(322, 1)
(11746882, 2)
(325, 2)
(11856325, 2)
(328, 1)
(11965768, 2)
(331, 0)
(12075211, 0)
(334, 0)
(12184654, 0)
(337, 2)
(12294097, 1)
(340, 1)
(12403540, 1)
(343, 2)
(12512983, 1)
(346, 2)
(12622426, 1)
(349, 2)
(12731869, 2)
(352, 1)
(12841312, 2)
(355, 0)
(12950755, 0)
(358, 0)
(13060198, 0)
(361, 0)
(13169641, 0)
(364, 0)
(13279084, 0)
(367, 0)
(13388527, 0)
(370, 0)
(13497970, 0)
(373, 1)
(13607413, 2)
(376, 2)
(13716856, 1)
(379, 0)
(13826299, 0)
(382, 1)
(13935742, 0)
(385, 2)
(14045185, 2)
(388, 1)
(14154628, 1)
(391, 2)
(14264071, 2)
(394, 2)
(14373514, 2)
(397, 0)
(14482957, 0)
(400, 2)
(14592400, 2)
(403, 0)
(14701843, 0)
(406, 2)
(14811286, 2)
(409, 1)
(14920729, 1)
(412, 2)
(15030172, 2)
(415, 1)
(15139615, 2)
(418, 1)
(15249058, 1)
(421, 1)
(15358501, 1)
(424, 0)
(15467944, 0)
(427, 0)
(15577387, 0)
(430, 0)
(15686830, 0)
(433, 0)
(15796273, 0)
(436, 0)
(15905716, 0)
(439, 0)
(16015159, 0)
(442, 1)
(16124602, 1)
(445, 2)
(16234045, 1)
(448, 1)
(16343488, 2)
(451, 0)
(16452931, 0)
(454, 1)
(16562374, 1)
(457, 2)
(16671817, 2)
(460, 0)
(16781260, 0)
(463, 1)
(16890703, 1)
(466, 1)
(17000146, 2)
(469, 1)
(17109589, 2)
(472, 0)
(17219032, 0)
(475, 0)
(17328475, 0)
(478, 1)
(17437918, 1)
(481, 1)
(17547361, 2)
(484, 2)
(17656804, 2)
(487, 1)
(17766247, 2)
(490, 1)
(17875690, 1)
(493, 0)
(17985133, 0)
(496, 0)
(18094576, 0)
(499, 0)
(18204019, 0)
(502, 1)
(18313462, 1)
(505, 2)
(18422905, 1)
(508, 2)
(18532348, 1)
(511, 2)
(18641791, 2)
(514, 2)
(18751234, 1)
(517, 0)
(18860677, 0)
(520, 1)
(18970120, 1)
(523, 0)
(19079563, 0)
(526, 0)
(19189006, 0)
(529, 2)
(19298449, 2)
(532, 1)
(19407892, 1)
(535, 2)
(19517335, 2)
(538, 2)
(19626778, 2)
(541, 1)
(19736221, 2)
(544, 2)
(19845664, 2)
(547, 0)
(19955107, 0)
(550, 1)
(20064550, 2)
(553, 2)
(20173993, 1)
(556, 0)
(20283436, 0)
(559, 1)
(20392879, 1)
(562, 1)
(20502322, 1)
(565, 0)
(20611765, 0)
(568, 1)
(20721208, 2)
(571, 0)
(20830651, 0)
(574, 2)
(20940094, 2)
(577, 2)
(21049537, 2)
(580, 2)
(21158980, 1)
(583, 2)
(21268423, 2)
(586, 0)
(21377866, 0)
(589, 1)
(21487309, 1)
(592, 1)
(21596752, 2)
(595, 0)
(21706195, 0)
(598, 1)
(21815638, 1)
(601, 2)
(21925081, 1)
(604, 1)
(22034524, 2)
(607, 1)
(22143967, 1)
(610, 0)
(22253410, 0)
(613, 1)
(22362853, 1)
(616, 2)
(22472296, 2)
(619, 0)
(22581739, 0)
(622, 0)
(22691182, 0)
(625, 2)
(22800625, 2)
(628, 0)
(22910068, 0)
(631, 1)
(23019511, 2)
(634, 1)
(23128954, 2)
(637, 2)
(23238397, 2)
(640, 2)
(23347840, 2)
(643, 0)
(23457283, 0)
(646, 2)
(23566726, 1)
(649, 2)
(23676169, 1)
(652, 0)
(23785612, 0)
(655, 0)
(23895055, 0)
(658, 1)
(24004498, 1)
(661, 0)
(24113941, 0)
(664, 1)
(24223384, 2)
(667, 0)
(24332827, 0)
(670, 0)
(24442270, 0)
(673, 0)
(24551713, 0)
(676, 2)
(24661156, 2)
(679, 0)
(24770599, 0)
(682, 0)
(24880042, 0)
(685, 0)
(24989485, 0)
(688, 0)
(25098928, 0)
(691, 0)
(25208371, 0)
(694, 2)
(25317814, 2)
(697, 2)
(25427257, 1)
(700, 1)
(25536700, 2)
(703, 2)
(25646143, 2)
(706, 0)
(25755586, 0)
(709, 1)
(25865029, 1)
(712, 2)
(25974472, 1)
(715, 0)
(26083915, 0)
(718, 0)
(26193358, 0)
(721, 1)
(26302801, 2)
(724, 1)
(26412244, 2)
(727, 1)
(26521687, 1)
(730, 0)
(26631130, 0)
(733, 2)
(26740573, 2)
(736, 2)
(26850016, 2)
(739, 0)
(26959459, 0)
(742, 1)
(27068902, 1)
(745, 1)
(27178345, 1)
(748, 0)
(27287788, 0)
(751, 0)
(27397231, 0)
(754, 1)
(27506674, 2)
(757, 1)
(27616117, 1)
(760, 1)
(27725560, 2)
(763, 0)
(27835003, 0)
(766, 0)
(27944446, 0)
(769, 2)
(28053889, 2)
(772, 1)
(28163332, 1)
(775, 0)
(28272775, 0)
(778, 1)
(28382218, 2)
(781, 2)
(28491661, 2)
(784, 0)
(28601104, 0)
(787, 0)
(28710547, 0)
(790, 2)
(28819990, 2)
(793, 2)
(28929433, 1)
(796, 0)
(29038876, 0)
(799, 1)
(29148319, 2)
(802, 0)
(29257762, 0)
(805, 1)
(29367205, 2)
(808, 0)
(29476648, 0)
(811, 0)
(29586091, 0)
(814, 0)
(29695534, 0)
(817, 0)
(29804977, 0)
(820, 2)
(29914420, 1)
(823, 0)
(30023863, 0)
(826, 0)
(30133306, 0)
(829, 1)
(30242749, 1)
(832, 2)
(30352192, 2)
(835, 0)
(30461635, 0)
(838, 1)
(30571078, 2)
(841, 1)
(30680521, 1)
(844, 0)
(30789964, 0)
(847, 2)
(30899407, 1)
(850, 1)
(31008850, 1)
