(1, 2)
(8288641, 2)
(4, 2)
(33154564, 2)
(7, 1)
(58020487, 2)
(10, 1)
(82886410, 1)
(13, 2)
(107752333, 1)
(16, 1)
(132618256, 1)
(19, 0)
(157484179, 0)
(22, 1)
(182350102, 1)
(25, 1)
(207216025, 1)
(28, 1)
(232081948, 2)
(31, 0)
(256947871, 0)
(34, 2)
(281813794, 1)
(37, 2)
(306679717, 2)
(40, 2)
(331545640, 2)
(43, 0)
(356411563, 0)
(46, 2)
(381277486, 1)
(49, 0)
(406143409, 0)
(52, 2)
(431009332, 1)
(55, 1)
(455875255, 1)
(58, 1)
(480741178, 2)
(61, 0)
(505607101, 0)
(64, 2)
(530473024, 2)
(67, 0)
(555338947, 0)
(70, 2)
(580204870, 1)
(73, 1)
(605070793, 1)
(76, 0)
(629936716, 0)
(79, 2)
(654802639, 2)
(82, 2)
(679668562, 2)
(85, 1)
(704534485, 2)
(88, 2)
(729400408, 2)
(91, 0)
(754266331, 0)
(94, 1)
(779132254, 2)
(97, 1)
(803998177, 1)
(100, 1)
(828864100, 1)
(103, 2)
(853730023, 1)
(106, 0)
(878595946, 0)
(109, 0)
(903461869, 0)
(112, 2)
(928327792, 1)
(115, 0)
(953193715, 0)
(118, 0)
(978059638, 0)
(121, 2)
(1002925561, 2)
(124, 0)
(1027791484, 0)
(127, 2)
(1052657407, 2)
(130, 2)
(1077523330, 1)
(133, 1)
(1102389253, 2)
(136, 1)
(1127255176, 2)
(139, 0)
(1152121099, 0)
(142, 2)
(1176987022, 2)
(145, 2)
(1201852945, 1)
(148, 2)
(1226718868, 2)
(151, 1)
(1251584791, 2)
(154, 1)
(1276450714, 2)
(157, 0)
(1301316637, 0)
(160, 1)
(1326182560, 1)
(163, 0)
(1351048483, 0)
(166, 2)
(1375914406, 2)
(169, 2)
(1400780329, 2)
(172, 0)
(1425646252, 0)
(175, 1)
(1450512175, 2)
(178, 1)
(1475378098, 2)
(181, 1)
(1500244021, 2)
(184, 1)
(1525109944, 2)
(187, 0)
(1549975867, 0)
(190, 2)
(1574841790, 2)
(193, 1)
(1599707713, 1)
(196, 0)
(1624573636, 0)
(199, 0)
(1649439559, 0)
(202, 0)
(1674305482, 0)
(205, 2)
(1699171405, 2)
(208, 1)
(1724037328, 2)
(211, 0)
(1748903251, 0)
(214, 0)
(1773769174, 0)
(217, 2)
(1798635097, 1)
(220, 1)
(1823501020, 1)
(223, 1)
(1848366943, 2)
(226, 1)
(1873232866, 2)
(229, 1)
(1898098789, 2)
(232, 2)
(1922964712, 1)
(235, 0)
(1947830635, 0)
(238, 1)
(1972696558, 1)
(241, 0)
(1997562481, 0)
(244, 0)
(2022428404, 0)
(247, 0)
(2047294327, 0)
(250, 0)
(2072160250, 0)
(253, 1)
(2097026173, 2)
(256, 1)
(2121892096, 1)
(259, 0)
(2146758019, 0)
(262, 0)
(2171623942, 0)
(265, 2)
(2196489865, 2)
(268, 0)
(2221355788, 0)
(271, 2)
(2246221711, 1)
(274, 0)
(2271087634, 0)
(277, 0)
(2295953557, 0)
(280, 1)
(2320819480, 2)
(283, 0)
(2345685403, 0)
(286, 0)
(2370551326, 0)
(289, 1)
(2395417249, 1)
(292, 1)
(2420283172, 1)
(295, 2)
(2445149095, 2)
(298, 0)
(2470015018, 0)
(301, 2)
(2494880941, 2)
(304, 0)
(2519746864, 0)
(307, 0)
(2544612787, 0)
(310, 1)
(2569478710, 1)
(313, 2)
(2594344633, 1)
(316, 2)
(2619210556, 2)
(319, 1)
(2644076479, 2)
(322, 1)
(2668942402, 1)
(325, 2)
(2693808325, 1)
(328, 1)
(2718674248, 1)
(331, 0)
(2743540171, 0)
(334, 0)
(2768406094, 0)
(337, 2)
(2793272017, 1)
(340, 1)
(2818137940, 2)
(343, 2)
(2843003863, 1)
(346, 2)
(2867869786, 1)
(349, 2)
(2892735709, 2)
(352, 1)
(2917601632, 1)
(355, 0)
(2942467555, 0)
(358, 0)
(2967333478, 0)
(361, 0)
(2992199401, 0)
(364, 0)
(3017065324, 0)
(367, 0)
(3041931247, 0)
(370, 0)
(3066797170, 0)
(373, 1)
(3091663093, 2)
(376, 2)
(3116529016, 1)
(379, 0)
(3141394939, 0)
(382, 1)
(3166260862, 1)
(385, 2)
(3191126785, 1)
(388, 1)
(3215992708, 1)
(391, 2)
(3240858631, 2)
(394, 2)
(3265724554, 2)
(397, 0)
(3290590477, 0)
(400, 2)
(3315456400, 2)
(403, 0)
(3340322323, 0)
(406, 2)
(3365188246, 2)
(409, 1)
(3390054169, 1)
(412, 2)
(3414920092, 1)
(415, 1)
(3439786015, 1)
(418, 1)
(3464651938, 1)
(421, 1)
(3489517861, 1)
(424, 0)
(3514383784, 0)
(427, 0)
(3539249707, 0)
(430, 0)
(3564115630, 0)
(433, 0)
(3588981553, 0)
(436, 0)
(3613847476, 0)
(439, 0)
(3638713399, 0)
(442, 1)
(3663579322, 1)
(445, 2)
(3688445245, 1)
(448, 1)
(3713311168, 2)
(451, 0)
(3738177091, 0)
(454, 1)
(3763043014, 2)
(457, 2)
(3787908937, 1)
(460, 0)
(3812774860, 0)
(463, 1)
(3837640783, 1)
(466, 1)
(3862506706, 2)
(469, 1)
(3887372629, 1)
(472, 0)
(3912238552, 0)
(475, 0)
(3937104475, 0)
(478, 1)
(3961970398, 2)
(481, 1)
(3986836321, 2)
(484, 2)
(4011702244, 2)
(487, 1)
(4036568167, 2)
(490, 1)
(4061434090, 1)
(493, 0)
(4086300013, 0)
(496, 0)
(4111165936, 0)
(499, 0)
(4136031859, 0)
(502, 1)
(4160897782, 2)
(505, 2)
(4185763705, 1)
(508, 2)
(4210629628, 2)
(511, 2)
(4235495551, 1)
(514, 2)
(4260361474, 2)
(517, 0)
(4285227397, 0)
(520, 1)
(4310093320, 2)
(523, 0)
(4334959243, 0)
(526, 0)
(4359825166, 0)
(529, 2)
(4384691089, 2)
(532, 1)
(4409557012, 2)
(535, 2)
(4434422935, 2)
(538, 2)
(4459288858, 2)
(541, 1)
(4484154781, 1)
(544, 2)
(4509020704, 1)
(547, 0)
(4533886627, 0)
(550, 1)
(4558752550, 1)
(553, 2)
(4583618473, 1)
(556, 0)
(4608484396, 0)
(559, 1)
(4633350319, 1)
(562, 1)
(4658216242, 1)
(565, 0)
(4683082165, 0)
(568, 1)
(4707948088, 1)
(571, 0)
(4732814011, 0)
(574, 2)
(4757679934, 1)
(577, 2)
(4782545857, 2)
(580, 2)
(4807411780, 1)
(583, 2)
(4832277703, 2)
(586, 0)
(4857143626, 0)
(589, 1)
(4882009549, 1)
(592, 1)
(4906875472, 1)
(595, 0)
(4931741395, 0)
(598, 1)
(4956607318, 1)
(601, 2)
(4981473241, 1)
(604, 1)
(5006339164, 2)
(607, 1)
(5031205087, 2)
(610, 0)
(5056071010, 0)
(613, 1)
(5080936933, 1)
(616, 2)
(5105802856, 1)
(619, 0)
(5130668779, 0)
(622, 0)
(5155534702, 0)
(625, 2)
(5180400625, 2)
(628, 0)
(5205266548, 0)
(631, 1)
(5230132471, 2)
(634, 1)
(5254998394, 1)
(637, 2)
(5279864317, 1)
(640, 2)
(5304730240, 2)
(643, 0)
(5329596163, 0)
(646, 2)
(5354462086, 1)
(649, 2)
(5379328009, 2)
(652, 0)
(5404193932, 0)
(655, 0)
(5429059855, 0)
(658, 1)
(5453925778, 1)
(661, 0)
(5478791701, 0)
(664, 1)
(5503657624, 1)
(667, 0)
(5528523547, 0)
(670, 0)
(5553389470, 0)
(673, 0)
(5578255393, 0)
(676, 2)
(5603121316, 2)
(679, 0)
(5627987239, 0)
(682, 0)
(5652853162, 0)
(685, 0)
(5677719085, 0)
(688, 0)
(5702585008, 0)
(691, 0)
(5727450931, 0)
(694, 2)
(5752316854, 2)
(697, 2)
(5777182777, 1)
(700, 1)
(5802048700, 2)
(703, 2)
(5826914623, 2)
(706, 0)
(5851780546, 0)
(709, 1)
(5876646469, 1)
(712, 2)
(5901512392, 1)
(715, 0)
(5926378315, 0)
(718, 0)
(5951244238, 0)
(721, 1)
(5976110161, 1)
(724, 1)
(6000976084, 2)
(727, 1)
(6025842007, 2)
(730, 0)
(6050707930, 0)
(733, 2)
(6075573853, 2)
(736, 2)
(6100439776, 1)
(739, 0)
(6125305699, 0)
(742, 1)
(6150171622, 2)
(745, 1)
(6175037545, 2)
(748, 0)
(6199903468, 0)
(751, 0)
(6224769391, 0)
(754, 1)
(6249635314, 1)
(757, 1)
(6274501237, 2)
(760, 1)
(6299367160, 1)
(763, 0)
(6324233083, 0)
(766, 0)
(6349099006, 0)
(769, 2)
(6373964929, 2)
(772, 1)
(6398830852, 1)
(775, 0)
(6423696775, 0)
(778, 1)
(6448562698, 2)
(781, 2)
(6473428621, 2)
(784, 0)
(6498294544, 0)
(787, 0)
(6523160467, 0)
(790, 2)
(6548026390, 2)
(793, 2)
(6572892313, 1)
(796, 0)
(6597758236, 0)
(799, 1)
(6622624159, 1)
(802, 0)
(6647490082, 0)
(805, 1)
(6672356005, 1)
(808, 0)
(6697221928, 0)
(811, 0)
(6722087851, 0)
(814, 0)
(6746953774, 0)
(817, 0)
(6771819697, 0)
(820, 2)
(6796685620, 2)
(823, 0)
(6821551543, 0)
(826, 0)
(6846417466, 0)
(829, 1)
(6871283389, 2)
(832, 2)
(6896149312, 1)
(835, 0)
(6921015235, 0)
(838, 1)
(6945881158, 2)
(841, 1)
(6970747081, 1)
(844, 0)
(6995613004, 0)
(847, 2)
(7020478927, 1)
(850, 1)
(7045344850, 2)
