(1, 2)
(4255969, 2)
(4, 2)
(17023876, 2)
(7, 1)
(29791783, 1)
(10, 1)
(42559690, 2)
(13, 2)
(55327597, 2)
(16, 1)
(68095504, 1)
(19, 0)
(80863411, 0)
(22, 1)
(93631318, 1)
(25, 1)
(106399225, 1)
(28, 1)
(119167132, 1)
(31, 0)
(131935039, 0)
(34, 2)
(144702946, 1)
(37, 2)
(157470853, 2)
(40, 2)
(170238760, 1)
(43, 0)
(183006667, 0)
(46, 2)
(195774574, 1)
(49, 0)
(208542481, 0)
(52, 2)
(221310388, 2)
(55, 1)
(234078295, 2)
(58, 1)
(246846202, 1)
(61, 0)
(259614109, 0)
(64, 2)
(272382016, 2)
(67, 0)
(285149923, 0)
(70, 2)
(297917830, 1)
(73, 1)
(310685737, 1)
(76, 0)
(323453644, 0)
(79, 2)
(336221551, 1)
(82, 2)
(348989458, 1)
(85, 1)
(361757365, 1)
(88, 2)
(374525272, 2)
(91, 0)
(387293179, 0)
(94, 1)
(400061086, 2)
(97, 1)
(412828993, 2)
(100, 1)
(425596900, 1)
(103, 2)
(438364807, 2)
(106, 0)
(451132714, 0)
(109, 0)
(463900621, 0)
(112, 2)
(476668528, 2)
(115, 0)
(489436435, 0)
(118, 0)
(502204342, 0)
(121, 2)
(514972249, 2)
(124, 0)
(527740156, 0)
(127, 2)
(540508063, 1)
(130, 2)
(553275970, 1)
(133, 1)
(566043877, 2)
(136, 1)
(578811784, 2)
(139, 0)
(591579691, 0)
(142, 2)
(604347598, 1)
(145, 2)
(617115505, 1)
(148, 2)
(629883412, 2)
(151, 1)
(642651319, 2)
(154, 1)
(655419226, 1)
(157, 0)
(668187133, 0)
(160, 1)
(680955040, 2)
(163, 0)
(693722947, 0)
(166, 2)
(706490854, 2)
(169, 2)
(719258761, 2)
(172, 0)
(732026668, 0)
(175, 1)
(744794575, 1)
(178, 1)
(757562482, 1)
(181, 1)
(770330389, 2)
(184, 1)
(783098296, 2)
(187, 0)
(795866203, 0)
(190, 2)
(808634110, 2)
(193, 1)
(821402017, 2)
(196, 0)
(834169924, 0)
(199, 0)
(846937831, 0)
(202, 0)
(859705738, 0)
(205, 2)
(872473645, 2)
(208, 1)
(885241552, 1)
(211, 0)
(898009459, 0)
(214, 0)
(910777366, 0)
(217, 2)
(923545273, 2)
(220, 1)
(936313180, 2)
(223, 1)
(949081087, 2)
(226, 1)
(961848994, 2)
(229, 1)
(974616901, 2)
(232, 2)
(987384808, 2)
(235, 0)
(1000152715, 0)
(238, 1)
(1012920622, 2)
(241, 0)
(1025688529, 0)
(244, 0)
(1038456436, 0)
(247, 0)
(1051224343, 0)
(250, 0)
(1063992250, 0)
(253, 1)
(1076760157, 2)
(256, 1)
(1089528064, 1)
(259, 0)
(1102295971, 0)
(262, 0)
(1115063878, 0)
(265, 2)
(1127831785, 1)
(268, 0)
(1140599692, 0)
(271, 2)
(1153367599, 1)
(274, 0)
(1166135506, 0)
(277, 0)
(1178903413, 0)
(280, 1)
(1191671320, 2)
(283, 0)
(1204439227, 0)
(286, 0)
(1217207134, 0)
(289, 1)
(1229975041, 1)
(292, 1)
(1242742948, 1)
(295, 2)
(1255510855, 2)
(298, 0)
(1268278762, 0)
(301, 2)
(1281046669, 2)
(304, 0)
(1293814576, 0)
(307, 0)
(1306582483, 0)
(310, 1)
(1319350390, 2)
(313, 2)
(1332118297, 2)
(316, 2)
(1344886204, 1)
(319, 1)
(1357654111, 1)
(322, 1)
(1370422018, 2)
(325, 2)
(1383189925, 2)
(328, 1)
(1395957832, 2)
(331, 0)
(1408725739, 0)
(334, 0)
(1421493646, 0)
(337, 2)
(1434261553, 2)
(340, 1)
(1447029460, 1)
(343, 2)
(1459797367, 2)
(346, 2)
(1472565274, 2)
(349, 2)
(1485333181, 2)
(352, 1)
(1498101088, 1)
(355, 0)
(1510868995, 0)
(358, 0)
(1523636902, 0)
(361, 0)
(1536404809, 0)
(364, 0)
(1549172716, 0)
(367, 0)
(1561940623, 0)
(370, 0)
(1574708530, 0)
(373, 1)
(1587476437, 1)
(376, 2)
(1600244344, 1)
(379, 0)
(1613012251, 0)
(382, 1)
(1625780158, 2)
(385, 2)
(1638548065, 1)
(388, 1)
(1651315972, 2)
(391, 2)
(1664083879, 2)
(394, 2)
(1676851786, 2)
(397, 0)
(1689619693, 0)
(400, 2)
(1702387600, 2)
(403, 0)
(1715155507, 0)
(406, 2)
(1727923414, 2)
(409, 1)
(1740691321, 1)
(412, 2)
(1753459228, 2)
(415, 1)
(1766227135, 2)
(418, 1)
(1778995042, 2)
(421, 1)
(1791762949, 2)
(424, 0)
(1804530856, 0)
(427, 0)
(1817298763, 0)
(430, 0)
(1830066670, 0)
(433, 0)
(1842834577, 0)
(436, 0)
(1855602484, 0)
(439, 0)
(1868370391, 0)
(442, 1)
(1881138298, 2)
(445, 2)
(1893906205, 1)
(448, 1)
(1906674112, 1)
(451, 0)
(1919442019, 0)
(454, 1)
(1932209926, 1)
(457, 2)
(1944977833, 1)
(460, 0)
(1957745740, 0)
(463, 1)
(1970513647, 2)
(466, 1)
(1983281554, 2)
(469, 1)
(1996049461, 1)
(472, 0)
(2008817368, 0)
(475, 0)
(2021585275, 0)
(478, 1)
(2034353182, 1)
(481, 1)
(2047121089, 1)
(484, 2)
(2059888996, 2)
(487, 1)
(2072656903, 2)
(490, 1)
(2085424810, 2)
(493, 0)
(2098192717, 0)
(496, 0)
(2110960624, 0)
(499, 0)
(2123728531, 0)
(502, 1)
(2136496438, 1)
(505, 2)
(2149264345, 1)
(508, 2)
(2162032252, 1)
(511, 2)
(2174800159, 2)
(514, 2)
(2187568066, 1)
(517, 0)
(2200335973, 0)
(520, 1)
(2213103880, 2)
(523, 0)
(2225871787, 0)
(526, 0)
(2238639694, 0)
(529, 2)
(2251407601, 2)
(532, 1)
(2264175508, 2)
(535, 2)
(2276943415, 2)
(538, 2)
(2289711322, 2)
(541, 1)
(2302479229, 1)
(544, 2)
(2315247136, 1)
(547, 0)
(2328015043, 0)
(550, 1)
(2340782950, 1)
(553, 2)
(2353550857, 1)
(556, 0)
(2366318764, 0)
(559, 1)
(2379086671, 1)
(562, 1)
(2391854578, 2)
(565, 0)
(2404622485, 0)
(568, 1)
(2417390392, 2)
(571, 0)
(2430158299, 0)
(574, 2)
(2442926206, 1)
(577, 2)
(2455694113, 1)
(580, 2)
(2468462020, 1)
(583, 2)
(2481229927, 2)
(586, 0)
(2493997834, 0)
(589, 1)
(2506765741, 2)
(592, 1)
(2519533648, 1)
(595, 0)
(2532301555, 0)
(598, 1)
(2545069462, 2)
(601, 2)
(2557837369, 2)
(604, 1)
(2570605276, 2)
(607, 1)
(2583373183, 2)
(610, 0)
(2596141090, 0)
(613, 1)
(2608908997, 2)
(616, 2)
(2621676904, 2)
(619, 0)
(2634444811, 0)
(622, 0)
(2647212718, 0)
(625, 2)
(2659980625, 2)
(628, 0)
(2672748532, 0)
(631, 1)
(2685516439, 2)
(634, 1)
(2698284346, 1)
(637, 2)
(2711052253, 2)
(640, 2)
(2723820160, 1)
(643, 0)
(2736588067, 0)
(646, 2)
(2749355974, 2)
(649, 2)
(2762123881, 1)
(652, 0)
(2774891788, 0)
(655, 0)
(2787659695, 0)
(658, 1)
(2800427602, 2)
(661, 0)
(2813195509, 0)
(664, 1)
(2825963416, 1)
(667, 0)
(2838731323, 0)
(670, 0)
(2851499230, 0)
(673, 0)
(2864267137, 0)
(676, 2)
(2877035044, 2)
(679, 0)
(2889802951, 0)
(682, 0)
(2902570858, 0)
(685, 0)
(2915338765, 0)
(688, 0)
(2928106672, 0)
(691, 0)
(2940874579, 0)
(694, 2)
(2953642486, 1)
(697, 2)
(2966410393, 2)
(700, 1)
(2979178300, 1)
(703, 2)
(2991946207, 1)
(706, 0)
(3004714114, 0)
(709, 1)
(3017482021, 1)
(712, 2)
(3030249928, 2)
(715, 0)
(3043017835, 0)
(718, 0)
(3055785742, 0)
(721, 1)
(3068553649, 1)
(724, 1)
(3081321556, 2)
(727, 1)
(3094089463, 2)
(730, 0)
(3106857370, 0)
(733, 2)
(3119625277, 1)
(736, 2)
(3132393184, 1)
(739, 0)
(3145161091, 0)
(742, 1)
(3157928998, 1)
(745, 1)
(3170696905, 1)
(748, 0)
(3183464812, 0)
(751, 0)
(3196232719, 0)
(754, 1)
(3209000626, 1)
(757, 1)
(3221768533, 1)
(760, 1)
(3234536440, 1)
(763, 0)
(3247304347, 0)
(766, 0)
(3260072254, 0)
(769, 2)
(3272840161, 1)
(772, 1)
(3285608068, 2)
(775, 0)
(3298375975, 0)
(778, 1)
(3311143882, 2)
(781, 2)
(3323911789, 1)
(784, 0)
(3336679696, 0)
(787, 0)
(3349447603, 0)
(790, 2)
(3362215510, 2)
(793, 2)
(3374983417, 1)
(796, 0)
(3387751324, 0)
(799, 1)
(3400519231, 1)
(802, 0)
(3413287138, 0)
(805, 1)
(3426055045, 1)
(808, 0)
(3438822952, 0)
(811, 0)
(3451590859, 0)
(814, 0)
(3464358766, 0)
(817, 0)
(3477126673, 0)
(820, 2)
(3489894580, 2)
(823, 0)
(3502662487, 0)
(826, 0)
(3515430394, 0)
(829, 1)
(3528198301, 1)
(832, 2)
(3540966208, 2)
(835, 0)
(3553734115, 0)
(838, 1)
(3566502022, 2)
(841, 1)
(3579269929, 1)
(844, 0)
(3592037836, 0)
(847, 2)
(3604805743, 2)
(850, 1)
(3617573650, 2)
