(1, 2)
(25391521, 2)
(4, 2)
(101566084, 2)
(7, 1)
(177740647, 1)
(10, 1)
(253915210, 1)
(13, 2)
(330089773, 1)
(16, 1)
(406264336, 1)
(19, 0)
(482438899, 0)
(22, 1)
(558613462, 2)
(25, 1)
(634788025, 1)
(28, 1)
(710962588, 1)
(31, 0)
(787137151, 0)
(34, 2)
(863311714, 1)
(37, 2)
(939486277, 2)
(40, 2)
(1015660840, 2)
(43, 0)
(1091835403, 0)
(46, 2)
(1168009966, 1)
(49, 0)
(1244184529, 0)
(52, 2)
(1320359092, 1)
(55, 1)
(1396533655, 2)
(58, 1)
(1472708218, 1)
(61, 0)
(1548882781, 0)
(64, 2)
(1625057344, 2)
(67, 0)
(1701231907, 0)
(70, 2)
(1777406470, 2)
(73, 1)
(1853581033, 1)
(76, 0)
(1929755596, 0)
(79, 2)
(2005930159, 1)
(82, 2)
(2082104722, 2)
(85, 1)
(2158279285, 2)
(88, 2)
(2234453848, 1)
(91, 0)
(2310628411, 0)
(94, 1)
(2386802974, 1)
(97, 1)
(2462977537, 2)
(100, 1)
(2539152100, 1)
(103, 2)
(2615326663, 2)
(106, 0)
(2691501226, 0)
(109, 0)
(2767675789, 0)
(112, 2)
(2843850352, 2)
(115, 0)
(2920024915, 0)
(118, 0)
(2996199478, 0)
(121, 2)
(3072374041, 2)
(124, 0)
(3148548604, 0)
(127, 2)
(3224723167, 2)
(130, 2)
(3300897730, 1)
(133, 1)
(3377072293, 2)
(136, 1)
(3453246856, 2)
(139, 0)
(3529421419, 0)
(142, 2)
(3605595982, 2)
(145, 2)
(3681770545, 2)
(148, 2)
(3757945108, 2)
(151, 1)
(3834119671, 1)
(154, 1)
(3910294234, 2)
(157, 0)
(3986468797, 0)
(160, 1)
(4062643360, 1)
(163, 0)
(4138817923, 0)
(166, 2)
(4214992486, 1)
(169, 2)
(4291167049, 2)
(172, 0)
(4367341612, 0)
(175, 1)
(4443516175, 1)
(178, 1)
(4519690738, 1)
(181, 1)
(4595865301, 1)
(184, 1)
(4672039864, 2)
(187, 0)
(4748214427, 0)
(190, 2)
(4824388990, 1)
(193, 1)
(4900563553, 1)
(196, 0)
(4976738116, 0)
(199, 0)
(5052912679, 0)
(202, 0)
(5129087242, 0)
(205, 2)
(5205261805, 2)
(208, 1)
(5281436368, 2)
(211, 0)
(5357610931, 0)
(214, 0)
(5433785494, 0)
(217, 2)
(5509960057, 2)
(220, 1)
(5586134620, 2)
(223, 1)
(5662309183, 2)
(226, 1)
(5738483746, 2)
(229, 1)
(5814658309, 1)
(232, 2)
(5890832872, 2)
(235, 0)
(5967007435, 0)
(238, 1)
(6043181998, 2)
(241, 0)
(6119356561, 0)
(244, 0)
(6195531124, 0)
(247, 0)
(6271705687, 0)
(250, 0)
(6347880250, 0)
(253, 1)
(6424054813, 1)
(256, 1)
(6500229376, 1)
(259, 0)
(6576403939, 0)
(262, 0)
(6652578502, 0)
(265, 2)
(6728753065, 2)
(268, 0)
(6804927628, 0)
(271, 2)
(6881102191, 2)
(274, 0)
(6957276754, 0)
(277, 0)
(7033451317, 0)
(280, 1)
(7109625880, 1)
(283, 0)
(7185800443, 0)
(286, 0)
(7261975006, 0)
(289, 1)
(7338149569, 1)
(292, 1)
(7414324132, 1)
(295, 2)
(7490498695, 2)
(298, 0)
(7566673258, 0)
(301, 2)
(7642847821, 2)
(304, 0)
(7719022384, 0)
(307, 0)
(7795196947, 0)
(310, 1)
(7871371510, 1)
(313, 2)
(7947546073, 1)
(316, 2)
(8023720636, 1)
(319, 1)
(8099895199, 2)
(322, 1)
(8176069762, 2)
(325, 2)
(8252244325, 1)
(328, 1)
(8328418888, 1)
(331, 0)
(8404593451, 0)
(334, 0)
(8480768014, 0)
(337, 2)
(8556942577, 2)
(340, 1)
(8633117140, 2)
(343, 2)
(8709291703, 2)
(346, 2)
(8785466266, 2)
(349, 2)
(8861640829, 2)
(352, 1)
(8937815392, 2)
(355, 0)
(9013989955, 0)
(358, 0)
(9090164518, 0)
(361, 0)
(9166339081, 0)
(364, 0)
(9242513644, 0)
(367, 0)
(9318688207, 0)
(370, 0)
(9394862770, 0)
(373, 1)
(9471037333, 2)
(376, 2)
(9547211896, 2)
(379, 0)
(9623386459, 0)
(382, 1)
(9699561022, 1)
(385, 2)
(9775735585, 1)
(388, 1)
(9851910148, 2)
(391, 2)
(9928084711, 2)
(394, 2)
(10004259274, 2)
(397, 0)
(10080433837, 0)
(400, 2)
(10156608400, 2)
(403, 0)
(10232782963, 0)
(406, 2)
(10308957526, 2)
(409, 1)
(10385132089, 1)
(412, 2)
(10461306652, 2)
(415, 1)
(10537481215, 2)
(418, 1)
(10613655778, 1)
(421, 1)
(10689830341, 2)
(424, 0)
(10766004904, 0)
(427, 0)
(10842179467, 0)
(430, 0)
(10918354030, 0)
(433, 0)
(10994528593, 0)
(436, 0)
(11070703156, 0)
(439, 0)
(11146877719, 0)
(442, 1)
(11223052282, 1)
(445, 2)
(11299226845, 2)
(448, 1)
(11375401408, 1)
(451, 0)
(11451575971, 0)
(454, 1)
(11527750534, 1)
(457, 2)
(11603925097, 2)
(460, 0)
(11680099660, 0)
(463, 1)
(11756274223, 2)
(466, 1)
(11832448786, 2)
(469, 1)
(11908623349, 2)
(472, 0)
(11984797912, 0)
(475, 0)
(12060972475, 0)
(478, 1)
(12137147038, 2)
(481, 1)
(12213321601, 2)
(484, 2)
(12289496164, 2)
(487, 1)
(12365670727, 2)
(490, 1)
(12441845290, 1)
(493, 0)
(12518019853, 0)
(496, 0)
(12594194416, 0)
(499, 0)
(12670368979, 0)
(502, 1)
(12746543542, 1)
(505, 2)
(12822718105, 1)
(508, 2)
(12898892668, 2)
(511, 2)
(12975067231, 2)
(514, 2)
(13051241794, 1)
(517, 0)
(13127416357, 0)
(520, 1)
(13203590920, 2)
(523, 0)
(13279765483, 0)
(526, 0)
(13355940046, 0)
(529, 2)
(13432114609, 2)
(532, 1)
(13508289172, 2)
(535, 2)
(13584463735, 1)
(538, 2)
(13660638298, 1)
(541, 1)
(13736812861, 1)
(544, 2)
(13812987424, 1)
(547, 0)
(13889161987, 0)
(550, 1)
(13965336550, 2)
(553, 2)
(14041511113, 1)
(556, 0)
(14117685676, 0)
(559, 1)
(14193860239, 2)
(562, 1)
(14270034802, 2)
(565, 0)
(14346209365, 0)
(568, 1)
(14422383928, 1)
(571, 0)
(14498558491, 0)
(574, 2)
(14574733054, 2)
(577, 2)
(14650907617, 1)
(580, 2)
(14727082180, 2)
(583, 2)
(14803256743, 1)
(586, 0)
(14879431306, 0)
(589, 1)
(14955605869, 2)
(592, 1)
(15031780432, 1)
(595, 0)
(15107954995, 0)
(598, 1)
(15184129558, 1)
(601, 2)
(15260304121, 2)
(604, 1)
(15336478684, 1)
(607, 1)
(15412653247, 1)
(610, 0)
(15488827810, 0)
(613, 1)
(15565002373, 2)
(616, 2)
(15641176936, 1)
(619, 0)
(15717351499, 0)
(622, 0)
(15793526062, 0)
(625, 2)
(15869700625, 2)
(628, 0)
(15945875188, 0)
(631, 1)
(16022049751, 1)
(634, 1)
(16098224314, 2)
(637, 2)
(16174398877, 1)
(640, 2)
(16250573440, 2)
(643, 0)
(16326748003, 0)
(646, 2)
(16402922566, 2)
(649, 2)
(16479097129, 1)
(652, 0)
(16555271692, 0)
(655, 0)
(16631446255, 0)
(658, 1)
(16707620818, 1)
(661, 0)
(16783795381, 0)
(664, 1)
(16859969944, 2)
(667, 0)
(16936144507, 0)
(670, 0)
(17012319070, 0)
(673, 0)
(17088493633, 0)
(676, 2)
(17164668196, 2)
(679, 0)
(17240842759, 0)
(682, 0)
(17317017322, 0)
(685, 0)
(17393191885, 0)
(688, 0)
(17469366448, 0)
(691, 0)
(17545541011, 0)
(694, 2)
(17621715574, 1)
(697, 2)
(17697890137, 1)
(700, 1)
(17774064700, 1)
(703, 2)
(17850239263, 1)
(706, 0)
(17926413826, 0)
(709, 1)
(18002588389, 1)
(712, 2)
(18078762952, 2)
(715, 0)
(18154937515, 0)
(718, 0)
(18231112078, 0)
(721, 1)
(18307286641, 1)
(724, 1)
(18383461204, 1)
(727, 1)
(18459635767, 1)
(730, 0)
(18535810330, 0)
(733, 2)
(18611984893, 1)
(736, 2)
(18688159456, 1)
(739, 0)
(18764334019, 0)
(742, 1)
(18840508582, 1)
(745, 1)
(18916683145, 2)
(748, 0)
(18992857708, 0)
(751, 0)
(19069032271, 0)
(754, 1)
(19145206834, 2)
(757, 1)
(19221381397, 2)
(760, 1)
(19297555960, 2)
(763, 0)
(19373730523, 0)
(766, 0)
(19449905086, 0)
(769, 2)
(19526079649, 2)
(772, 1)
(19602254212, 1)
(775, 0)
(19678428775, 0)
(778, 1)
(19754603338, 2)
(781, 2)
(19830777901, 1)
(784, 0)
(19906952464, 0)
(787, 0)
(19983127027, 0)
(790, 2)
(20059301590, 1)
(793, 2)
(20135476153, 2)
(796, 0)
(20211650716, 0)
(799, 1)
(20287825279, 2)
(802, 0)
(20363999842, 0)
(805, 1)
(20440174405, 2)
(808, 0)
(20516348968, 0)
(811, 0)
(20592523531, 0)
(814, 0)
(20668698094, 0)
(817, 0)
(20744872657, 0)
(820, 2)
(20821047220, 2)
(823, 0)
(20897221783, 0)
(826, 0)
(20973396346, 0)
(829, 1)
(21049570909, 1)
(832, 2)
(21125745472, 1)
(835, 0)
(21201920035, 0)
(838, 1)
(21278094598, 1)
(841, 1)
(21354269161, 1)
(844, 0)
(21430443724, 0)
(847, 2)
(21506618287, 2)
(850, 1)
(21582792850, 2)
