(1, 2)
(57121, 2)
(4, 2)
(228484, 2)
(7, 1)
(399847, 2)
(10, 1)
(571210, 1)
(13, 2)
(742573, 1)
(16, 1)
(913936, 1)
(19, 0)
(1085299, 0)
(22, 1)
(1256662, 1)
(25, 1)
(1428025, 1)
(28, 1)
(1599388, 2)
(31, 0)
(1770751, 0)
(34, 2)
(1942114, 2)
(37, 2)
(2113477, 1)
(40, 2)
(2284840, 2)
(43, 0)
(2456203, 0)
(46, 2)
(2627566, 1)
(49, 0)
(2798929, 0)
(52, 2)
(2970292, 1)
(55, 1)
(3141655, 1)
(58, 1)
(3313018, 1)
(61, 0)
(3484381, 0)
(64, 2)
(3655744, 2)
(67, 0)
(3827107, 0)
(70, 2)
(3998470, 1)
(73, 1)
(4169833, 2)
(76, 0)
(4341196, 0)
(79, 2)
(4512559, 1)
(82, 2)
(4683922, 1)
(85, 1)
(4855285, 1)
(88, 2)
(5026648, 2)
(91, 0)
(5198011, 0)
(94, 1)
(5369374, 2)
(97, 1)
(5540737, 2)
(100, 1)
(5712100, 1)
(103, 2)
(5883463, 1)
(106, 0)
(6054826, 0)
(109, 0)
(6226189, 0)
(112, 2)
(6397552, 1)
(115, 0)
(6568915, 0)
(118, 0)
(6740278, 0)
(121, 2)
(6911641, 2)
(124, 0)
(7083004, 0)
(127, 2)
(7254367, 2)
(130, 2)
(7425730, 1)
(133, 1)
(7597093, 1)
(136, 1)
(7768456, 1)
(139, 0)
(7939819, 0)
(142, 2)
(8111182, 2)
(145, 2)
(8282545, 2)
(148, 2)
(8453908, 1)
(151, 1)
(8625271, 2)
(154, 1)
(8796634, 2)
(157, 0)
(8967997, 0)
(160, 1)
(9139360, 1)
(163, 0)
(9310723, 0)
(166, 2)
(9482086, 2)
(169, 2)
(9653449, 2)
(172, 0)
(9824812, 0)
(175, 1)
(9996175, 2)
(178, 1)
(10167538, 2)
(181, 1)
(10338901, 2)
(184, 1)
(10510264, 2)
(187, 0)
(10681627, 0)
(190, 2)
(10852990, 1)
(193, 1)
(11024353, 1)
(196, 0)
(11195716, 0)
(199, 0)
(11367079, 0)
(202, 0)
(11538442, 0)
(205, 2)
(11709805, 1)
(208, 1)
(11881168, 2)
(211, 0)
(12052531, 0)
(214, 0)
(12223894, 0)
(217, 2)
(12395257, 1)
(220, 1)
(12566620, 1)
(223, 1)
(12737983, 2)
(226, 1)
(12909346, 1)
(229, 1)
(13080709, 2)
(232, 2)
(13252072, 2)
(235, 0)
(13423435, 0)
(238, 1)
(13594798, 2)
(241, 0)
(13766161, 0)
(244, 0)
(13937524, 0)
(247, 0)
(14108887, 0)
(250, 0)
(14280250, 0)
(253, 1)
(14451613, 2)
(256, 1)
(14622976, 1)
(259, 0)
(14794339, 0)
(262, 0)
(14965702, 0)
(265, 2)
(15137065, 1)
(268, 0)
(15308428, 0)
(271, 2)
(15479791, 2)
(274, 0)
(15651154, 0)
(277, 0)
(15822517, 0)
(280, 1)
(15993880, 2)
(283, 0)
(16165243, 0)
(286, 0)
(16336606, 0)
(289, 1)
(16507969, 1)
(292, 1)
(16679332, 2)
(295, 2)
(16850695, 1)
(298, 0)
(17022058, 0)
(301, 2)
(17193421, 2)
(304, 0)
(17364784, 0)
(307, 0)
(17536147, 0)
(310, 1)
(17707510, 1)
(313, 2)
(17878873, 1)
(316, 2)
(18050236, 1)
(319, 1)
(18221599, 1)
(322, 1)
(18392962, 1)
(325, 2)
(18564325, 1)
(328, 1)
(18735688, 2)
(331, 0)
(18907051, 0)
(334, 0)
(19078414, 0)
(337, 2)
(19249777, 2)
(340, 1)
(19421140, 1)
(343, 2)
(19592503, 1)
(346, 2)
(19763866, 1)
(349, 2)
(19935229, 2)
(352, 1)
(20106592, 1)
(355, 0)
(20277955, 0)
(358, 0)
(20449318, 0)
(361, 0)
(20620681, 0)
(364, 0)
(20792044, 0)
(367, 0)
(20963407, 0)
(370, 0)
(21134770, 0)
(373, 1)
(21306133, 1)
(376, 2)
(21477496, 1)
(379, 0)
(21648859, 0)
(382, 1)
(21820222, 2)
(385, 2)
(21991585, 1)
(388, 1)
(22162948, 2)
(391, 2)
(22334311, 1)
(394, 2)
(22505674, 2)
(397, 0)
(22677037, 0)
(400, 2)
(22848400, 2)
(403, 0)
(23019763, 0)
(406, 2)
(23191126, 1)
(409, 1)
(23362489, 1)
(412, 2)
(23533852, 1)
(415, 1)
(23705215, 1)
(418, 1)
(23876578, 2)
(421, 1)
(24047941, 1)
(424, 0)
(24219304, 0)
(427, 0)
(24390667, 0)
(430, 0)
(24562030, 0)
(433, 0)
(24733393, 0)
(436, 0)
(24904756, 0)
(439, 0)
(25076119, 0)
(442, 1)
(25247482, 2)
(445, 2)
(25418845, 1)
(448, 1)
(25590208, 2)
(451, 0)
(25761571, 0)
(454, 1)
(25932934, 2)
(457, 2)
(26104297, 2)
(460, 0)
(26275660, 0)
(463, 1)
(26447023, 2)
(466, 1)
(26618386, 2)
(469, 1)
(26789749, 2)
(472, 0)
(26961112, 0)
(475, 0)
(27132475, 0)
(478, 1)
(27303838, 0)
(481, 1)
(27475201, 1)
(484, 2)
(27646564, 2)
(487, 1)
(27817927, 1)
(490, 1)
(27989290, 1)
(493, 0)
(28160653, 0)
(496, 0)
(28332016, 0)
(499, 0)
(28503379, 0)
(502, 1)
(28674742, 1)
(505, 2)
(28846105, 2)
(508, 2)
(29017468, 2)
(511, 2)
(29188831, 2)
(514, 2)
(29360194, 2)
(517, 0)
(29531557, 0)
(520, 1)
(29702920, 2)
(523, 0)
(29874283, 0)
(526, 0)
(30045646, 0)
(529, 2)
(30217009, 2)
(532, 1)
(30388372, 1)
(535, 2)
(30559735, 1)
(538, 2)
(30731098, 2)
(541, 1)
(30902461, 2)
(544, 2)
(31073824, 2)
(547, 0)
(31245187, 0)
(550, 1)
(31416550, 1)
(553, 2)
(31587913, 2)
(556, 0)
(31759276, 0)
(559, 1)
(31930639, 1)
(562, 1)
(32102002, 2)
(565, 0)
(32273365, 0)
(568, 1)
(32444728, 1)
(571, 0)
(32616091, 0)
(574, 2)
(32787454, 2)
(577, 2)
(32958817, 2)
(580, 2)
(33130180, 2)
(583, 2)
(33301543, 1)
(586, 0)
(33472906, 0)
(589, 1)
(33644269, 2)
(592, 1)
(33815632, 2)
(595, 0)
(33986995, 0)
(598, 1)
(34158358, 1)
(601, 2)
(34329721, 1)
(604, 1)
(34501084, 2)
(607, 1)
(34672447, 2)
(610, 0)
(34843810, 0)
(613, 1)
(35015173, 1)
(616, 2)
(35186536, 1)
(619, 0)
(35357899, 0)
(622, 0)
(35529262, 0)
(625, 2)
(35700625, 2)
(628, 0)
(35871988, 0)
(631, 1)
(36043351, 1)
(634, 1)
(36214714, 2)
(637, 2)
(36386077, 1)
(640, 2)
(36557440, 2)
(643, 0)
(36728803, 0)
(646, 2)
(36900166, 1)
(649, 2)
(37071529, 1)
(652, 0)
(37242892, 0)
(655, 0)
(37414255, 0)
(658, 1)
(37585618, 1)
(661, 0)
(37756981, 0)
(664, 1)
(37928344, 1)
(667, 0)
(38099707, 0)
(670, 0)
(38271070, 0)
(673, 0)
(38442433, 0)
(676, 2)
(38613796, 2)
(679, 0)
(38785159, 0)
(682, 0)
(38956522, 0)
(685, 0)
(39127885, 0)
(688, 0)
(39299248, 0)
(691, 0)
(39470611, 0)
(694, 2)
(39641974, 2)
(697, 2)
(39813337, 1)
(700, 1)
(39984700, 2)
(703, 2)
(40156063, 2)
(706, 0)
(40327426, 0)
(709, 1)
(40498789, 2)
(712, 2)
(40670152, 1)
(715, 0)
(40841515, 0)
(718, 0)
(41012878, 0)
(721, 1)
(41184241, 1)
(724, 1)
(41355604, 2)
(727, 1)
(41526967, 1)
(730, 0)
(41698330, 0)
(733, 2)
(41869693, 2)
(736, 2)
(42041056, 1)
(739, 0)
(42212419, 0)
(742, 1)
(42383782, 1)
(745, 1)
(42555145, 2)
(748, 0)
(42726508, 0)
(751, 0)
(42897871, 0)
(754, 1)
(43069234, 2)
(757, 1)
(43240597, 1)
(760, 1)
(43411960, 2)
(763, 0)
(43583323, 0)
(766, 0)
(43754686, 0)
(769, 2)
(43926049, 1)
(772, 1)
(44097412, 1)
(775, 0)
(44268775, 0)
(778, 1)
(44440138, 1)
(781, 2)
(44611501, 2)
(784, 0)
(44782864, 0)
(787, 0)
(44954227, 0)
(790, 2)
(45125590, 1)
(793, 2)
(45296953, 1)
(796, 0)
(45468316, 0)
(799, 1)
(45639679, 2)
(802, 0)
(45811042, 0)
(805, 1)
(45982405, 1)
(808, 0)
(46153768, 0)
(811, 0)
(46325131, 0)
(814, 0)
(46496494, 0)
(817, 0)
(46667857, 0)
(820, 2)
(46839220, 1)
(823, 0)
(47010583, 0)
(826, 0)
(47181946, 0)
(829, 1)
(47353309, 2)
(832, 2)
(47524672, 1)
(835, 0)
(47696035, 0)
(838, 1)
(47867398, 1)
(841, 1)
(48038761, 1)
(844, 0)
(48210124, 0)
(847, 2)
(48381487, 1)
(850, 1)
(48552850, 1)
