(1, 2)
(32615521, 2)
(4, 2)
(130462084, 2)
(7, 1)
(228308647, 1)
(10, 1)
(326155210, 1)
(13, 2)
(424001773, 2)
(16, 1)
(521848336, 1)
(19, 0)
(619694899, 0)
(22, 1)
(717541462, 1)
(25, 1)
(815388025, 1)
(28, 1)
(913234588, 1)
(31, 0)
(1011081151, 0)
(34, 2)
(1108927714, 2)
(37, 2)
(1206774277, 1)
(40, 2)
(1304620840, 2)
(43, 0)
(1402467403, 0)
(46, 2)
(1500313966, 2)
(49, 0)
(1598160529, 0)
(52, 2)
(1696007092, 2)
(55, 1)
(1793853655, 1)
(58, 1)
(1891700218, 2)
(61, 0)
(1989546781, 0)
(64, 2)
(2087393344, 2)
(67, 0)
(2185239907, 0)
(70, 2)
(2283086470, 2)
(73, 1)
(2380933033, 2)
(76, 0)
(2478779596, 0)
(79, 2)
(2576626159, 1)
(82, 2)
(2674472722, 1)
(85, 1)
(2772319285, 1)
(88, 2)
(2870165848, 2)
(91, 0)
(2968012411, 0)
(94, 1)
(3065858974, 2)
(97, 1)
(3163705537, 1)
(100, 1)
(3261552100, 1)
(103, 2)
(3359398663, 1)
(106, 0)
(3457245226, 0)
(109, 0)
(3555091789, 0)
(112, 2)
(3652938352, 2)
(115, 0)
(3750784915, 0)
(118, 0)
(3848631478, 0)
(121, 2)
(3946478041, 2)
(124, 0)
(4044324604, 0)
(127, 2)
(4142171167, 2)
(130, 2)
(4240017730, 2)
(133, 1)
(4337864293, 2)
(136, 1)
(4435710856, 1)
(139, 0)
(4533557419, 0)
(142, 2)
(4631403982, 2)
(145, 2)
(4729250545, 1)
(148, 2)
(4827097108, 1)
(151, 1)
(4924943671, 2)
(154, 1)
(5022790234, 1)
(157, 0)
(5120636797, 0)
(160, 1)
(5218483360, 1)
(163, 0)
(5316329923, 0)
(166, 2)
(5414176486, 2)
(169, 2)
(5512023049, 2)
(172, 0)
(5609869612, 0)
(175, 1)
(5707716175, 1)
(178, 1)
(5805562738, 2)
(181, 1)
(5903409301, 1)
(184, 1)
(6001255864, 1)
(187, 0)
(6099102427, 0)
(190, 2)
(6196948990, 1)
(193, 1)
(6294795553, 2)
(196, 0)
(6392642116, 0)
(199, 0)
(6490488679, 0)
(202, 0)
(6588335242, 0)
(205, 2)
(6686181805, 1)
(208, 1)
(6784028368, 1)
(211, 0)
(6881874931, 0)
(214, 0)
(6979721494, 0)
(217, 2)
(7077568057, 1)
(220, 1)
(7175414620, 1)
(223, 1)
(7273261183, 2)
(226, 1)
(7371107746, 1)
(229, 1)
(7468954309, 1)
(232, 2)
(7566800872, 1)
(235, 0)
(7664647435, 0)
(238, 1)
(7762493998, 1)
(241, 0)
(7860340561, 0)
(244, 0)
(7958187124, 0)
(247, 0)
(8056033687, 0)
(250, 0)
(8153880250, 0)
(253, 1)
(8251726813, 1)
(256, 1)
(8349573376, 1)
(259, 0)
(8447419939, 0)
(262, 0)
(8545266502, 0)
(265, 2)
(8643113065, 2)
(268, 0)
(8740959628, 0)
(271, 2)
(8838806191, 1)
(274, 0)
(8936652754, 0)
(277, 0)
(9034499317, 0)
(280, 1)
(9132345880, 1)
(283, 0)
(9230192443, 0)
(286, 0)
(9328039006, 0)
(289, 1)
(9425885569, 1)
(292, 1)
(9523732132, 2)
(295, 2)
(9621578695, 2)
(298, 0)
(9719425258, 0)
(301, 2)
(9817271821, 1)
(304, 0)
(9915118384, 0)
(307, 0)
(10012964947, 0)
(310, 1)
(10110811510, 2)
(313, 2)
(10208658073, 1)
(316, 2)
(10306504636, 1)
(319, 1)
(10404351199, 2)
(322, 1)
(10502197762, 1)
(325, 2)
(10600044325, 2)
(328, 1)
(10697890888, 2)
(331, 0)
(10795737451, 0)
(334, 0)
(10893584014, 0)
(337, 2)
(10991430577, 2)
(340, 1)
(11089277140, 1)
(343, 2)
(11187123703, 2)
(346, 2)
(11284970266, 1)
(349, 2)
(11382816829, 1)
(352, 1)
(11480663392, 1)
(355, 0)
(11578509955, 0)
(358, 0)
(11676356518, 0)
(361, 0)
(11774203081, 0)
(364, 0)
(11872049644, 0)
(367, 0)
(11969896207, 0)
(370, 0)
(12067742770, 0)
(373, 1)
(12165589333, 1)
(376, 2)
(12263435896, 1)
(379, 0)
(12361282459, 0)
(382, 1)
(12459129022, 2)
(385, 2)
(12556975585, 2)
(388, 1)
(12654822148, 1)
(391, 2)
(12752668711, 2)
(394, 2)
(12850515274, 1)
(397, 0)
(12948361837, 0)
(400, 2)
(13046208400, 2)
(403, 0)
(13144054963, 0)
(406, 2)
(13241901526, 1)
(409, 1)
(13339748089, 1)
(412, 2)
(13437594652, 1)
(415, 1)
(13535441215, 1)
(418, 1)
(13633287778, 2)
(421, 1)
(13731134341, 2)
(424, 0)
(13828980904, 0)
(427, 0)
(13926827467, 0)
(430, 0)
(14024674030, 0)
(433, 0)
(14122520593, 0)
(436, 0)
(14220367156, 0)
(439, 0)
(14318213719, 0)
(442, 1)
(14416060282, 1)
(445, 2)
(14513906845, 1)
(448, 1)
(14611753408, 1)
(451, 0)
(14709599971, 0)
(454, 1)
(14807446534, 2)
(457, 2)
(14905293097, 2)
(460, 0)
(15003139660, 0)
(463, 1)
(15100986223, 1)
(466, 1)
(15198832786, 2)
(469, 1)
(15296679349, 2)
(472, 0)
(15394525912, 0)
(475, 0)
(15492372475, 0)
(478, 1)
(15590219038, 1)
(481, 1)
(15688065601, 2)
(484, 2)
(15785912164, 2)
(487, 1)
(15883758727, 2)
(490, 1)
(15981605290, 1)
(493, 0)
(16079451853, 0)
(496, 0)
(16177298416, 0)
(499, 0)
(16275144979, 0)
(502, 1)
(16372991542, 2)
(505, 2)
(16470838105, 1)
(508, 2)
(16568684668, 2)
(511, 2)
(16666531231, 1)
(514, 2)
(16764377794, 2)
(517, 0)
(16862224357, 0)
(520, 1)
(16960070920, 1)
(523, 0)
(17057917483, 0)
(526, 0)
(17155764046, 0)
(529, 2)
(17253610609, 2)
(532, 1)
(17351457172, 2)
(535, 2)
(17449303735, 1)
(538, 2)
(17547150298, 2)
(541, 1)
(17644996861, 1)
(544, 2)
(17742843424, 2)
(547, 0)
(17840689987, 0)
(550, 1)
(17938536550, 1)
(553, 2)
(18036383113, 1)
(556, 0)
(18134229676, 0)
(559, 1)
(18232076239, 2)
(562, 1)
(18329922802, 2)
(565, 0)
(18427769365, 0)
(568, 1)
(18525615928, 1)
(571, 0)
(18623462491, 0)
(574, 2)
(18721309054, 1)
(577, 2)
(18819155617, 2)
(580, 2)
(18917002180, 1)
(583, 2)
(19014848743, 2)
(586, 0)
(19112695306, 0)
(589, 1)
(19210541869, 1)
(592, 1)
(19308388432, 2)
(595, 0)
(19406234995, 0)
(598, 1)
(19504081558, 1)
(601, 2)
(19601928121, 2)
(604, 1)
(19699774684, 2)
(607, 1)
(19797621247, 1)
(610, 0)
(19895467810, 0)
(613, 1)
(19993314373, 2)
(616, 2)
(20091160936, 2)
(619, 0)
(20189007499, 0)
(622, 0)
(20286854062, 0)
(625, 2)
(20384700625, 2)
(628, 0)
(20482547188, 0)
(631, 1)
(20580393751, 2)
(634, 1)
(20678240314, 2)
(637, 2)
(20776086877, 2)
(640, 2)
(20873933440, 2)
(643, 0)
(20971780003, 0)
(646, 2)
(21069626566, 1)
(649, 2)
(21167473129, 2)
(652, 0)
(21265319692, 0)
(655, 0)
(21363166255, 0)
(658, 1)
(21461012818, 2)
(661, 0)
(21558859381, 0)
(664, 1)
(21656705944, 1)
(667, 0)
(21754552507, 0)
(670, 0)
(21852399070, 0)
(673, 0)
(21950245633, 0)
(676, 2)
(22048092196, 2)
(679, 0)
(22145938759, 0)
(682, 0)
(22243785322, 0)
(685, 0)
(22341631885, 0)
(688, 0)
(22439478448, 0)
(691, 0)
(22537325011, 0)
(694, 2)
(22635171574, 1)
(697, 2)
(22733018137, 1)
(700, 1)
(22830864700, 1)
(703, 2)
(22928711263, 2)
(706, 0)
(23026557826, 0)
(709, 1)
(23124404389, 2)
(712, 2)
(23222250952, 1)
(715, 0)
(23320097515, 0)
(718, 0)
(23417944078, 0)
(721, 1)
(23515790641, 2)
(724, 1)
(23613637204, 1)
(727, 1)
(23711483767, 1)
(730, 0)
(23809330330, 0)
(733, 2)
(23907176893, 2)
(736, 2)
(24005023456, 2)
(739, 0)
(24102870019, 0)
(742, 1)
(24200716582, 1)
(745, 1)
(24298563145, 1)
(748, 0)
(24396409708, 0)
(751, 0)
(24494256271, 0)
(754, 1)
(24592102834, 2)
(757, 1)
(24689949397, 1)
(760, 1)
(24787795960, 2)
(763, 0)
(24885642523, 0)
(766, 0)
(24983489086, 0)
(769, 2)
(25081335649, 2)
(772, 1)
(25179182212, 2)
(775, 0)
(25277028775, 0)
(778, 1)
(25374875338, 2)
(781, 2)
(25472721901, 2)
(784, 0)
(25570568464, 0)
(787, 0)
(25668415027, 0)
(790, 2)
(25766261590, 1)
(793, 2)
(25864108153, 1)
(796, 0)
(25961954716, 0)
(799, 1)
(26059801279, 2)
(802, 0)
(26157647842, 0)
(805, 1)
(26255494405, 1)
(808, 0)
(26353340968, 0)
(811, 0)
(26451187531, 0)
(814, 0)
(26549034094, 0)
(817, 0)
(26646880657, 0)
(820, 2)
(26744727220, 1)
(823, 0)
(26842573783, 0)
(826, 0)
(26940420346, 0)
(829, 1)
(27038266909, 1)
(832, 2)
(27136113472, 2)
(835, 0)
(27233960035, 0)
(838, 1)
(27331806598, 2)
(841, 1)
(27429653161, 1)
(844, 0)
(27527499724, 0)
(847, 2)
(27625346287, 2)
(850, 1)
(27723192850, 1)
