(1, 2)
(39526369, 2)
(4, 2)
(158105476, 2)
(7, 1)
(276684583, 2)
(10, 1)
(395263690, 2)
(13, 2)
(513842797, 1)
(16, 1)
(632421904, 1)
(19, 0)
(751001011, 0)
(22, 1)
(869580118, 1)
(25, 1)
(988159225, 1)
(28, 1)
(1106738332, 2)
(31, 0)
(1225317439, 0)
(34, 2)
(1343896546, 1)
(37, 2)
(1462475653, 2)
(40, 2)
(1581054760, 1)
(43, 0)
(1699633867, 0)
(46, 2)
(1818212974, 1)
(49, 0)
(1936792081, 0)
(52, 2)
(2055371188, 1)
(55, 1)
(2173950295, 2)
(58, 1)
(2292529402, 1)
(61, 0)
(2411108509, 0)
(64, 2)
(2529687616, 2)
(67, 0)
(2648266723, 0)
(70, 2)
(2766845830, 2)
(73, 1)
(2885424937, 1)
(76, 0)
(3004004044, 0)
(79, 2)
(3122583151, 1)
(82, 2)
(3241162258, 1)
(85, 1)
(3359741365, 1)
(88, 2)
(3478320472, 2)
(91, 0)
(3596899579, 0)
(94, 1)
(3715478686, 2)
(97, 1)
(3834057793, 1)
(100, 1)
(3952636900, 1)
(103, 2)
(4071216007, 1)
(106, 0)
(4189795114, 0)
(109, 0)
(4308374221, 0)
(112, 2)
(4426953328, 1)
(115, 0)
(4545532435, 0)
(118, 0)
(4664111542, 0)
(121, 2)
(4782690649, 2)
(124, 0)
(4901269756, 0)
(127, 2)
(5019848863, 1)
(130, 2)
(5138427970, 2)
(133, 1)
(5257007077, 1)
(136, 1)
(5375586184, 2)
(139, 0)
(5494165291, 0)
(142, 2)
(5612744398, 2)
(145, 2)
(5731323505, 1)
(148, 2)
(5849902612, 2)
(151, 1)
(5968481719, 1)
(154, 1)
(6087060826, 2)
(157, 0)
(6205639933, 0)
(160, 1)
(6324219040, 2)
(163, 0)
(6442798147, 0)
(166, 2)
(6561377254, 2)
(169, 2)
(6679956361, 2)
(172, 0)
(6798535468, 0)
(175, 1)
(6917114575, 2)
(178, 1)
(7035693682, 1)
(181, 1)
(7154272789, 1)
(184, 1)
(7272851896, 2)
(187, 0)
(7391431003, 0)
(190, 2)
(7510010110, 2)
(193, 1)
(7628589217, 2)
(196, 0)
(7747168324, 0)
(199, 0)
(7865747431, 0)
(202, 0)
(7984326538, 0)
(205, 2)
(8102905645, 2)
(208, 1)
(8221484752, 2)
(211, 0)
(8340063859, 0)
(214, 0)
(8458642966, 0)
(217, 2)
(8577222073, 2)
(220, 1)
(8695801180, 2)
(223, 1)
(8814380287, 2)
(226, 1)
(8932959394, 1)
(229, 1)
(9051538501, 1)
(232, 2)
(9170117608, 2)
(235, 0)
(9288696715, 0)
(238, 1)
(9407275822, 1)
(241, 0)
(9525854929, 0)
(244, 0)
(9644434036, 0)
(247, 0)
(9763013143, 0)
(250, 0)
(9881592250, 0)
(253, 1)
(10000171357, 2)
(256, 1)
(10118750464, 1)
(259, 0)
(10237329571, 0)
(262, 0)
(10355908678, 0)
(265, 2)
(10474487785, 2)
(268, 0)
(10593066892, 0)
(271, 2)
(10711645999, 2)
(274, 0)
(10830225106, 0)
(277, 0)
(10948804213, 0)
(280, 1)
(11067383320, 1)
(283, 0)
(11185962427, 0)
(286, 0)
(11304541534, 0)
(289, 1)
(11423120641, 1)
(292, 1)
(11541699748, 1)
(295, 2)
(11660278855, 1)
(298, 0)
(11778857962, 0)
(301, 2)
(11897437069, 2)
(304, 0)
(12016016176, 0)
(307, 0)
(12134595283, 0)
(310, 1)
(12253174390, 1)
(313, 2)
(12371753497, 2)
(316, 2)
(12490332604, 1)
(319, 1)
(12608911711, 1)
(322, 1)
(12727490818, 1)
(325, 2)
(12846069925, 1)
(328, 1)
(12964649032, 2)
(331, 0)
(13083228139, 0)
(334, 0)
(13201807246, 0)
(337, 2)
(13320386353, 1)
(340, 1)
(13438965460, 1)
(343, 2)
(13557544567, 1)
(346, 2)
(13676123674, 1)
(349, 2)
(13794702781, 2)
(352, 1)
(13913281888, 1)
(355, 0)
(14031860995, 0)
(358, 0)
(14150440102, 0)
(361, 0)
(14269019209, 0)
(364, 0)
(14387598316, 0)
(367, 0)
(14506177423, 0)
(370, 0)
(14624756530, 0)
(373, 1)
(14743335637, 2)
(376, 2)
(14861914744, 1)
(379, 0)
(14980493851, 0)
(382, 1)
(15099072958, 1)
(385, 2)
(15217652065, 2)
(388, 1)
(15336231172, 1)
(391, 2)
(15454810279, 2)
(394, 2)
(15573389386, 1)
(397, 0)
(15691968493, 0)
(400, 2)
(15810547600, 2)
(403, 0)
(15929126707, 0)
(406, 2)
(16047705814, 1)
(409, 1)
(16166284921, 2)
(412, 2)
(16284864028, 1)
(415, 1)
(16403443135, 2)
(418, 1)
(16522022242, 2)
(421, 1)
(16640601349, 1)
(424, 0)
(16759180456, 0)
(427, 0)
(16877759563, 0)
(430, 0)
(16996338670, 0)
(433, 0)
(17114917777, 0)
(436, 0)
(17233496884, 0)
(439, 0)
(17352075991, 0)
(442, 1)
(17470655098, 1)
(445, 2)
(17589234205, 1)
(448, 1)
(17707813312, 2)
(451, 0)
(17826392419, 0)
(454, 1)
(17944971526, 1)
(457, 2)
(18063550633, 1)
(460, 0)
(18182129740, 0)
(463, 1)
(18300708847, 2)
(466, 1)
(18419287954, 1)
(469, 1)
(18537867061, 1)
(472, 0)
(18656446168, 0)
(475, 0)
(18775025275, 0)
(478, 1)
(18893604382, 1)
(481, 1)
(19012183489, 2)
(484, 2)
(19130762596, 2)
(487, 1)
(19249341703, 2)
(490, 1)
(19367920810, 2)
(493, 0)
(19486499917, 0)
(496, 0)
(19605079024, 0)
(499, 0)
(19723658131, 0)
(502, 1)
(19842237238, 2)
(505, 2)
(19960816345, 1)
(508, 2)
(20079395452, 1)
(511, 2)
(20197974559, 1)
(514, 2)
(20316553666, 1)
(517, 0)
(20435132773, 0)
(520, 1)
(20553711880, 1)
(523, 0)
(20672290987, 0)
(526, 0)
(20790870094, 0)
(529, 2)
(20909449201, 2)
(532, 1)
(21028028308, 1)
(535, 2)
(21146607415, 2)
(538, 2)
(21265186522, 2)
(541, 1)
(21383765629, 1)
(544, 2)
(21502344736, 1)
(547, 0)
(21620923843, 0)
(550, 1)
(21739502950, 1)
(553, 2)
(21858082057, 2)
(556, 0)
(21976661164, 0)
(559, 1)
(22095240271, 1)
(562, 1)
(22213819378, 2)
(565, 0)
(22332398485, 0)
(568, 1)
(22450977592, 1)
(571, 0)
(22569556699, 0)
(574, 2)
(22688135806, 2)
(577, 2)
(22806714913, 1)
(580, 2)
(22925294020, 1)
(583, 2)
(23043873127, 1)
(586, 0)
(23162452234, 0)
(589, 1)
(23281031341, 1)
(592, 1)
(23399610448, 1)
(595, 0)
(23518189555, 0)
(598, 1)
(23636768662, 1)
(601, 2)
(23755347769, 2)
(604, 1)
(23873926876, 1)
(607, 1)
(23992505983, 1)
(610, 0)
(24111085090, 0)
(613, 1)
(24229664197, 2)
(616, 2)
(24348243304, 1)
(619, 0)
(24466822411, 0)
(622, 0)
(24585401518, 0)
(625, 2)
(24703980625, 2)
(628, 0)
(24822559732, 0)
(631, 1)
(24941138839, 1)
(634, 1)
(25059717946, 1)
(637, 2)
(25178297053, 1)
(640, 2)
(25296876160, 1)
(643, 0)
(25415455267, 0)
(646, 2)
(25534034374, 2)
(649, 2)
(25652613481, 2)
(652, 0)
(25771192588, 0)
(655, 0)
(25889771695, 0)
(658, 1)
(26008350802, 1)
(661, 0)
(26126929909, 0)
(664, 1)
(26245509016, 1)
(667, 0)
(26364088123, 0)
(670, 0)
(26482667230, 0)
(673, 0)
(26601246337, 0)
(676, 2)
(26719825444, 2)
(679, 0)
(26838404551, 0)
(682, 0)
(26956983658, 0)
(685, 0)
(27075562765, 0)
(688, 0)
(27194141872, 0)
(691, 0)
(27312720979, 0)
(694, 2)
(27431300086, 2)
(697, 2)
(27549879193, 2)
(700, 1)
(27668458300, 2)
(703, 2)
(27787037407, 1)
(706, 0)
(27905616514, 0)
(709, 1)
(28024195621, 2)
(712, 2)
(28142774728, 2)
(715, 0)
(28261353835, 0)
(718, 0)
(28379932942, 0)
(721, 1)
(28498512049, 1)
(724, 1)
(28617091156, 1)
(727, 1)
(28735670263, 1)
(730, 0)
(28854249370, 0)
(733, 2)
(28972828477, 2)
(736, 2)
(29091407584, 1)
(739, 0)
(29209986691, 0)
(742, 1)
(29328565798, 1)
(745, 1)
(29447144905, 2)
(748, 0)
(29565724012, 0)
(751, 0)
(29684303119, 0)
(754, 1)
(29802882226, 2)
(757, 1)
(29921461333, 1)
(760, 1)
(30040040440, 1)
(763, 0)
(30158619547, 0)
(766, 0)
(30277198654, 0)
(769, 2)
(30395777761, 2)
(772, 1)
(30514356868, 2)
(775, 0)
(30632935975, 0)
(778, 1)
(30751515082, 1)
(781, 2)
(30870094189, 2)
(784, 0)
(30988673296, 0)
(787, 0)
(31107252403, 0)
(790, 2)
(31225831510, 2)
(793, 2)
(31344410617, 1)
(796, 0)
(31462989724, 0)
(799, 1)
(31581568831, 1)
(802, 0)
(31700147938, 0)
(805, 1)
(31818727045, 2)
(808, 0)
(31937306152, 0)
(811, 0)
(32055885259, 0)
(814, 0)
(32174464366, 0)
(817, 0)
(32293043473, 0)
(820, 2)
(32411622580, 2)
(823, 0)
(32530201687, 0)
(826, 0)
(32648780794, 0)
(829, 1)
(32767359901, 1)
(832, 2)
(32885939008, 1)
(835, 0)
(33004518115, 0)
(838, 1)
(33123097222, 1)
(841, 1)
(33241676329, 1)
(844, 0)
(33360255436, 0)
(847, 2)
(33478834543, 1)
(850, 1)
(33597413650, 2)
