(1, 2)
(59706529, 2)
(4, 2)
(238826116, 2)
(7, 1)
(417945703, 1)
(10, 1)
(597065290, 2)
(13, 2)
(776184877, 1)
(16, 1)
(955304464, 1)
(19, 0)
(1134424051, 0)
(22, 1)
(1313543638, 2)
(25, 1)
(1492663225, 1)
(28, 1)
(1671782812, 1)
(31, 0)
(1850902399, 0)
(34, 2)
(2030021986, 2)
(37, 2)
(2209141573, 1)
(40, 2)
(2388261160, 1)
(43, 0)
(2567380747, 0)
(46, 2)
(2746500334, 2)
(49, 0)
(2925619921, 0)
(52, 2)
(3104739508, 1)
(55, 1)
(3283859095, 1)
(58, 1)
(3462978682, 1)
(61, 0)
(3642098269, 0)
(64, 2)
(3821217856, 2)
(67, 0)
(4000337443, 0)
(70, 2)
(4179457030, 1)
(73, 1)
(4358576617, 2)
(76, 0)
(4537696204, 0)
(79, 2)
(4716815791, 1)
(82, 2)
(4895935378, 1)
(85, 1)
(5075054965, 2)
(88, 2)
(5254174552, 1)
(91, 0)
(5433294139, 0)
(94, 1)
(5612413726, 1)
(97, 1)
(5791533313, 1)
(100, 1)
(5970652900, 1)
(103, 2)
(6149772487, 1)
(106, 0)
(6328892074, 0)
(109, 0)
(6508011661, 0)
(112, 2)
(6687131248, 2)
(115, 0)
(6866250835, 0)
(118, 0)
(7045370422, 0)
(121, 2)
(7224490009, 2)
(124, 0)
(7403609596, 0)
(127, 2)
(7582729183, 1)
(130, 2)
(7761848770, 2)
(133, 1)
(7940968357, 1)
(136, 1)
(8120087944, 1)
(139, 0)
(8299207531, 0)
(142, 2)
(8478327118, 2)
(145, 2)
(8657446705, 1)
(148, 2)
(8836566292, 1)
(151, 1)
(9015685879, 1)
(154, 1)
(9194805466, 2)
(157, 0)
(9373925053, 0)
(160, 1)
(9553044640, 2)
(163, 0)
(9732164227, 0)
(166, 2)
(9911283814, 2)
(169, 2)
(10090403401, 2)
(172, 0)
(10269522988, 0)
(175, 1)
(10448642575, 1)
(178, 1)
(10627762162, 1)
(181, 1)
(10806881749, 1)
(184, 1)
(10986001336, 1)
(187, 0)
(11165120923, 0)
(190, 2)
(11344240510, 1)
(193, 1)
(11523360097, 1)
(196, 0)
(11702479684, 0)
(199, 0)
(11881599271, 0)
(202, 0)
(12060718858, 0)
(205, 2)
(12239838445, 2)
(208, 1)
(12418958032, 2)
(211, 0)
(12598077619, 0)
(214, 0)
(12777197206, 0)
(217, 2)
(12956316793, 1)
(220, 1)
(13135436380, 1)
(223, 1)
(13314555967, 1)
(226, 1)
(13493675554, 2)
(229, 1)
(13672795141, 2)
(232, 2)
(13851914728, 2)
(235, 0)
(14031034315, 0)
(238, 1)
(14210153902, 1)
(241, 0)
(14389273489, 0)
(244, 0)
(14568393076, 0)
(247, 0)
(14747512663, 0)
(250, 0)
(14926632250, 0)
(253, 1)
(15105751837, 2)
(256, 1)
(15284871424, 1)
(259, 0)
(15463991011, 0)
(262, 0)
(15643110598, 0)
(265, 2)
(15822230185, 1)
(268, 0)
(16001349772, 0)
(271, 2)
(16180469359, 1)
(274, 0)
(16359588946, 0)
(277, 0)
(16538708533, 0)
(280, 1)
(16717828120, 2)
(283, 0)
(16896947707, 0)
(286, 0)
(17076067294, 0)
(289, 1)
(17255186881, 1)
(292, 1)
(17434306468, 2)
(295, 2)
(17613426055, 2)
(298, 0)
(17792545642, 0)
(301, 2)
(17971665229, 2)
(304, 0)
(18150784816, 0)
(307, 0)
(18329904403, 0)
(310, 1)
(18509023990, 1)
(313, 2)
(18688143577, 2)
(316, 2)
(18867263164, 1)
(319, 1)
(19046382751, 2)
(322, 1)
(19225502338, 1)
(325, 2)
(19404621925, 1)
(328, 1)
(19583741512, 2)
(331, 0)
(19762861099, 0)
(334, 0)
(19941980686, 0)
(337, 2)
(20121100273, 2)
(340, 1)
(20300219860, 2)
(343, 2)
(20479339447, 2)
(346, 2)
(20658459034, 1)
(349, 2)
(20837578621, 2)
(352, 1)
(21016698208, 2)
(355, 0)
(21195817795, 0)
(358, 0)
(21374937382, 0)
(361, 0)
(21554056969, 0)
(364, 0)
(21733176556, 0)
(367, 0)
(21912296143, 0)
(370, 0)
(22091415730, 0)
(373, 1)
(22270535317, 1)
(376, 2)
(22449654904, 2)
(379, 0)
(22628774491, 0)
(382, 1)
(22807894078, 1)
(385, 2)
(22987013665, 2)
(388, 1)
(23166133252, 1)
(391, 2)
(23345252839, 2)
(394, 2)
(23524372426, 1)
(397, 0)
(23703492013, 0)
(400, 2)
(23882611600, 2)
(403, 0)
(24061731187, 0)
(406, 2)
(24240850774, 2)
(409, 1)
(24419970361, 2)
(412, 2)
(24599089948, 1)
(415, 1)
(24778209535, 2)
(418, 1)
(24957329122, 2)
(421, 1)
(25136448709, 1)
(424, 0)
(25315568296, 0)
(427, 0)
(25494687883, 0)
(430, 0)
(25673807470, 0)
(433, 0)
(25852927057, 0)
(436, 0)
(26032046644, 0)
(439, 0)
(26211166231, 0)
(442, 1)
(26390285818, 2)
(445, 2)
(26569405405, 1)
(448, 1)
(26748524992, 1)
(451, 0)
(26927644579, 0)
(454, 1)
(27106764166, 2)
(457, 2)
(27285883753, 2)
(460, 0)
(27465003340, 0)
(463, 1)
(27644122927, 1)
(466, 1)
(27823242514, 1)
(469, 1)
(28002362101, 2)
(472, 0)
(28181481688, 0)
(475, 0)
(28360601275, 0)
(478, 1)
(28539720862, 1)
(481, 1)
(28718840449, 1)
(484, 2)
(28897960036, 2)
(487, 1)
(29077079623, 1)
(490, 1)
(29256199210, 2)
(493, 0)
(29435318797, 0)
(496, 0)
(29614438384, 0)
(499, 0)
(29793557971, 0)
(502, 1)
(29972677558, 2)
(505, 2)
(30151797145, 2)
(508, 2)
(30330916732, 1)
(511, 2)
(30510036319, 1)
(514, 2)
(30689155906, 2)
(517, 0)
(30868275493, 0)
(520, 1)
(31047395080, 1)
(523, 0)
(31226514667, 0)
(526, 0)
(31405634254, 0)
(529, 2)
(31584753841, 2)
(532, 1)
(31763873428, 1)
(535, 2)
(31942993015, 2)
(538, 2)
(32122112602, 1)
(541, 1)
(32301232189, 2)
(544, 2)
(32480351776, 2)
(547, 0)
(32659471363, 0)
(550, 1)
(32838590950, 2)
(553, 2)
(33017710537, 1)
(556, 0)
(33196830124, 0)
(559, 1)
(33375949711, 2)
(562, 1)
(33555069298, 1)
(565, 0)
(33734188885, 0)
(568, 1)
(33913308472, 1)
(571, 0)
(34092428059, 0)
(574, 2)
(34271547646, 1)
(577, 2)
(34450667233, 1)
(580, 2)
(34629786820, 1)
(583, 2)
(34808906407, 1)
(586, 0)
(34988025994, 0)
(589, 1)
(35167145581, 2)
(592, 1)
(35346265168, 2)
(595, 0)
(35525384755, 0)
(598, 1)
(35704504342, 2)
(601, 2)
(35883623929, 1)
(604, 1)
(36062743516, 1)
(607, 1)
(36241863103, 1)
(610, 0)
(36420982690, 0)
(613, 1)
(36600102277, 2)
(616, 2)
(36779221864, 1)
(619, 0)
(36958341451, 0)
(622, 0)
(37137461038, 0)
(625, 2)
(37316580625, 2)
(628, 0)
(37495700212, 0)
(631, 1)
(37674819799, 2)
(634, 1)
(37853939386, 2)
(637, 2)
(38033058973, 1)
(640, 2)
(38212178560, 1)
(643, 0)
(38391298147, 0)
(646, 2)
(38570417734, 2)
(649, 2)
(38749537321, 2)
(652, 0)
(38928656908, 0)
(655, 0)
(39107776495, 0)
(658, 1)
(39286896082, 1)
(661, 0)
(39466015669, 0)
(664, 1)
(39645135256, 1)
(667, 0)
(39824254843, 0)
(670, 0)
(40003374430, 0)
(673, 0)
(40182494017, 0)
(676, 2)
(40361613604, 2)
(679, 0)
(40540733191, 0)
(682, 0)
(40719852778, 0)
(685, 0)
(40898972365, 0)
(688, 0)
(41078091952, 0)
(691, 0)
(41257211539, 0)
(694, 2)
(41436331126, 1)
(697, 2)
(41615450713, 1)
(700, 1)
(41794570300, 1)
(703, 2)
(41973689887, 1)
(706, 0)
(42152809474, 0)
(709, 1)
(42331929061, 2)
(712, 2)
(42511048648, 2)
(715, 0)
(42690168235, 0)
(718, 0)
(42869287822, 0)
(721, 1)
(43048407409, 2)
(724, 1)
(43227526996, 1)
(727, 1)
(43406646583, 1)
(730, 0)
(43585766170, 0)
(733, 2)
(43764885757, 1)
(736, 2)
(43944005344, 2)
(739, 0)
(44123124931, 0)
(742, 1)
(44302244518, 1)
(745, 1)
(44481364105, 1)
(748, 0)
(44660483692, 0)
(751, 0)
(44839603279, 0)
(754, 1)
(45018722866, 2)
(757, 1)
(45197842453, 2)
(760, 1)
(45376962040, 2)
(763, 0)
(45556081627, 0)
(766, 0)
(45735201214, 0)
(769, 2)
(45914320801, 1)
(772, 1)
(46093440388, 1)
(775, 0)
(46272559975, 0)
(778, 1)
(46451679562, 2)
(781, 2)
(46630799149, 1)
(784, 0)
(46809918736, 0)
(787, 0)
(46989038323, 0)
(790, 2)
(47168157910, 2)
(793, 2)
(47347277497, 1)
(796, 0)
(47526397084, 0)
(799, 1)
(47705516671, 1)
(802, 0)
(47884636258, 0)
(805, 1)
(48063755845, 2)
(808, 0)
(48242875432, 0)
(811, 0)
(48421995019, 0)
(814, 0)
(48601114606, 0)
(817, 0)
(48780234193, 0)
(820, 2)
(48959353780, 2)
(823, 0)
(49138473367, 0)
(826, 0)
(49317592954, 0)
(829, 1)
(49496712541, 2)
(832, 2)
(49675832128, 1)
(835, 0)
(49854951715, 0)
(838, 1)
(50034071302, 2)
(841, 1)
(50213190889, 1)
(844, 0)
(50392310476, 0)
(847, 2)
(50571430063, 2)
(850, 1)
(50750549650, 1)
