(1, 2)
(829921, 2)
(4, 2)
(3319684, 2)
(7, 1)
(5809447, 2)
(10, 1)
(8299210, 1)
(13, 2)
(10788973, 2)
(16, 1)
(13278736, 1)
(19, 0)
(15768499, 0)
(22, 1)
(18258262, 2)
(25, 1)
(20748025, 1)
(28, 1)
(23237788, 2)
(31, 0)
(25727551, 0)
(34, 2)
(28217314, 1)
(37, 2)
(30707077, 1)
(40, 2)
(33196840, 2)
(43, 0)
(35686603, 0)
(46, 2)
(38176366, 2)
(49, 0)
(40666129, 0)
(52, 2)
(43155892, 2)
(55, 1)
(45645655, 2)
(58, 1)
(48135418, 2)
(61, 0)
(50625181, 0)
(64, 2)
(53114944, 2)
(67, 0)
(55604707, 0)
(70, 2)
(58094470, 1)
(73, 1)
(60584233, 1)
(76, 0)
(63073996, 0)
(79, 2)
(65563759, 1)
(82, 2)
(68053522, 2)
(85, 1)
(70543285, 2)
(88, 2)
(73033048, 1)
(91, 0)
(75522811, 0)
(94, 1)
(78012574, 2)
(97, 1)
(80502337, 2)
(100, 1)
(82992100, 1)
(103, 2)
(85481863, 2)
(106, 0)
(87971626, 0)
(109, 0)
(90461389, 0)
(112, 2)
(92951152, 1)
(115, 0)
(95440915, 0)
(118, 0)
(97930678, 0)
(121, 2)
(100420441, 2)
(124, 0)
(102910204, 0)
(127, 2)
(105399967, 1)
(130, 2)
(107889730, 2)
(133, 1)
(110379493, 2)
(136, 1)
(112869256, 2)
(139, 0)
(115359019, 0)
(142, 2)
(117848782, 2)
(145, 2)
(120338545, 1)
(148, 2)
(122828308, 1)
(151, 1)
(125318071, 2)
(154, 1)
(127807834, 1)
(157, 0)
(130297597, 0)
(160, 1)
(132787360, 1)
(163, 0)
(135277123, 0)
(166, 2)
(137766886, 1)
(169, 2)
(140256649, 2)
(172, 0)
(142746412, 0)
(175, 1)
(145236175, 2)
(178, 1)
(147725938, 1)
(181, 1)
(150215701, 2)
(184, 1)
(152705464, 1)
(187, 0)
(155195227, 0)
(190, 2)
(157684990, 2)
(193, 1)
(160174753, 1)
(196, 0)
(162664516, 0)
(199, 0)
(165154279, 0)
(202, 0)
(167644042, 0)
(205, 2)
(170133805, 2)
(208, 1)
(172623568, 1)
(211, 0)
(175113331, 0)
(214, 0)
(177603094, 0)
(217, 2)
(180092857, 1)
(220, 1)
(182582620, 2)
(223, 1)
(185072383, 2)
(226, 1)
(187562146, 1)
(229, 1)
(190051909, 1)
(232, 2)
(192541672, 1)
(235, 0)
(195031435, 0)
(238, 1)
(197521198, 1)
(241, 0)
(200010961, 0)
(244, 0)
(202500724, 0)
(247, 0)
(204990487, 0)
(250, 0)
(207480250, 0)
(253, 1)
(209970013, 2)
(256, 1)
(212459776, 1)
(259, 0)
(214949539, 0)
(262, 0)
(217439302, 0)
(265, 2)
(219929065, 2)
(268, 0)
(222418828, 0)
(271, 2)
(224908591, 1)
(274, 0)
(227398354, 0)
(277, 0)
(229888117, 0)
(280, 1)
(232377880, 2)
(283, 0)
(234867643, 0)
(286, 0)
(237357406, 0)
(289, 1)
(239847169, 1)
(292, 1)
(242336932, 1)
(295, 2)
(244826695, 1)
(298, 0)
(247316458, 0)
(301, 2)
(249806221, 1)
(304, 0)
(252295984, 0)
(307, 0)
(254785747, 0)
(310, 1)
(257275510, 1)
(313, 2)
(259765273, 1)
(316, 2)
(262255036, 1)
(319, 1)
(264744799, 1)
(322, 1)
(267234562, 2)
(325, 2)
(269724325, 2)
(328, 1)
(272214088, 1)
(331, 0)
(274703851, 0)
(334, 0)
(277193614, 0)
(337, 2)
(279683377, 2)
(340, 1)
(282173140, 2)
(343, 2)
(284662903, 1)
(346, 2)
(287152666, 1)
(349, 2)
(289642429, 1)
(352, 1)
(292132192, 2)
(355, 0)
(294621955, 0)
(358, 0)
(297111718, 0)
(361, 0)
(299601481, 0)
(364, 0)
(302091244, 0)
(367, 0)
(304581007, 0)
(370, 0)
(307070770, 0)
(373, 1)
(309560533, 1)
(376, 2)
(312050296, 1)
(379, 0)
(314540059, 0)
(382, 1)
(317029822, 2)
(385, 2)
(319519585, 2)
(388, 1)
(322009348, 2)
(391, 2)
(324499111, 1)
(394, 2)
(326988874, 1)
(397, 0)
(329478637, 0)
(400, 2)
(331968400, 2)
(403, 0)
(334458163, 0)
(406, 2)
(336947926, 2)
(409, 1)
(339437689, 2)
(412, 2)
(341927452, 2)
(415, 1)
(344417215, 2)
(418, 1)
(346906978, 2)
(421, 1)
(349396741, 2)
(424, 0)
(351886504, 0)
(427, 0)
(354376267, 0)
(430, 0)
(356866030, 0)
(433, 0)
(359355793, 0)
(436, 0)
(361845556, 0)
(439, 0)
(364335319, 0)
(442, 1)
(366825082, 2)
(445, 2)
(369314845, 2)
(448, 1)
(371804608, 2)
(451, 0)
(374294371, 0)
(454, 1)
(376784134, 2)
(457, 2)
(379273897, 2)
(460, 0)
(381763660, 0)
(463, 1)
(384253423, 1)
(466, 1)
(386743186, 2)
(469, 1)
(389232949, 1)
(472, 0)
(391722712, 0)
(475, 0)
(394212475, 0)
(478, 1)
(396702238, 1)
(481, 1)
(399192001, 2)
(484, 2)
(401681764, 2)
(487, 1)
(404171527, 2)
(490, 1)
(406661290, 1)
(493, 0)
(409151053, 0)
(496, 0)
(411640816, 0)
(499, 0)
(414130579, 0)
(502, 1)
(416620342, 1)
(505, 2)
(419110105, 1)
(508, 2)
(421599868, 1)
(511, 2)
(424089631, 1)
(514, 2)
(426579394, 2)
(517, 0)
(429069157, 0)
(520, 1)
(431558920, 1)
(523, 0)
(434048683, 0)
(526, 0)
(436538446, 0)
(529, 2)
(439028209, 2)
(532, 1)
(441517972, 2)
(535, 2)
(444007735, 2)
(538, 2)
(446497498, 1)
(541, 1)
(448987261, 1)
(544, 2)
(451477024, 1)
(547, 0)
(453966787, 0)
(550, 1)
(456456550, 2)
(553, 2)
(458946313, 2)
(556, 0)
(461436076, 0)
(559, 1)
(463925839, 1)
(562, 1)
(466415602, 1)
(565, 0)
(468905365, 0)
(568, 1)
(471395128, 1)
(571, 0)
(473884891, 0)
(574, 2)
(476374654, 1)
(577, 2)
(478864417, 2)
(580, 2)
(481354180, 1)
(583, 2)
(483843943, 1)
(586, 0)
(486333706, 0)
(589, 1)
(488823469, 1)
(592, 1)
(491313232, 2)
(595, 0)
(493802995, 0)
(598, 1)
(496292758, 1)
(601, 2)
(498782521, 1)
(604, 1)
(501272284, 2)
(607, 1)
(503762047, 2)
(610, 0)
(506251810, 0)
(613, 1)
(508741573, 2)
(616, 2)
(511231336, 2)
(619, 0)
(513721099, 0)
(622, 0)
(516210862, 0)
(625, 2)
(518700625, 2)
(628, 0)
(521190388, 0)
(631, 1)
(523680151, 1)
(634, 1)
(526169914, 1)
(637, 2)
(528659677, 2)
(640, 2)
(531149440, 2)
(643, 0)
(533639203, 0)
(646, 2)
(536128966, 1)
(649, 2)
(538618729, 2)
(652, 0)
(541108492, 0)
(655, 0)
(543598255, 0)
(658, 1)
(546088018, 1)
(661, 0)
(548577781, 0)
(664, 1)
(551067544, 2)
(667, 0)
(553557307, 0)
(670, 0)
(556047070, 0)
(673, 0)
(558536833, 0)
(676, 2)
(561026596, 2)
(679, 0)
(563516359, 0)
(682, 0)
(566006122, 0)
(685, 0)
(568495885, 0)
(688, 0)
(570985648, 0)
(691, 0)
(573475411, 0)
(694, 2)
(575965174, 2)
(697, 2)
(578454937, 1)
(700, 1)
(580944700, 2)
(703, 2)
(583434463, 1)
(706, 0)
(585924226, 0)
(709, 1)
(588413989, 1)
(712, 2)
(590903752, 2)
(715, 0)
(593393515, 0)
(718, 0)
(595883278, 0)
(721, 1)
(598373041, 2)
(724, 1)
(600862804, 2)
(727, 1)
(603352567, 2)
(730, 0)
(605842330, 0)
(733, 2)
(608332093, 1)
(736, 2)
(610821856, 2)
(739, 0)
(613311619, 0)
(742, 1)
(615801382, 2)
(745, 1)
(618291145, 1)
(748, 0)
(620780908, 0)
(751, 0)
(623270671, 0)
(754, 1)
(625760434, 2)
(757, 1)
(628250197, 2)
(760, 1)
(630739960, 1)
(763, 0)
(633229723, 0)
(766, 0)
(635719486, 0)
(769, 2)
(638209249, 1)
(772, 1)
(640699012, 1)
(775, 0)
(643188775, 0)
(778, 1)
(645678538, 1)
(781, 2)
(648168301, 1)
(784, 0)
(650658064, 0)
(787, 0)
(653147827, 0)
(790, 2)
(655637590, 1)
(793, 2)
(658127353, 2)
(796, 0)
(660617116, 0)
(799, 1)
(663106879, 1)
(802, 0)
(665596642, 0)
(805, 1)
(668086405, 2)
(808, 0)
(670576168, 0)
(811, 0)
(673065931, 0)
(814, 0)
(675555694, 0)
(817, 0)
(678045457, 0)
(820, 2)
(680535220, 2)
(823, 0)
(683024983, 0)
(826, 0)
(685514746, 0)
(829, 1)
(688004509, 2)
(832, 2)
(690494272, 2)
(835, 0)
(692984035, 0)
(838, 1)
(695473798, 2)
(841, 1)
(697963561, 1)
(844, 0)
(700453324, 0)
(847, 2)
(702943087, 1)
(850, 1)
(705432850, 2)
