(1, 2)
(516961, 2)
(4, 2)
(2067844, 2)
(7, 1)
(3618727, 1)
(10, 1)
(5169610, 1)
(13, 2)
(6720493, 2)
(16, 1)
(8271376, 1)
(19, 0)
(9822259, 0)
(22, 1)
(11373142, 2)
(25, 1)
(12924025, 1)
(28, 1)
(14474908, 1)
(31, 0)
(16025791, 0)
(34, 2)
(17576674, 1)
(37, 2)
(19127557, 2)
(40, 2)
(20678440, 2)
(43, 0)
(22229323, 0)
(46, 2)
(23780206, 1)
(49, 0)
(25331089, 0)
(52, 2)
(26881972, 2)
(55, 1)
(28432855, 2)
(58, 1)
(29983738, 1)
(61, 0)
(31534621, 0)
(64, 2)
(33085504, 2)
(67, 0)
(34636387, 0)
(70, 2)
(36187270, 2)
(73, 1)
(37738153, 2)
(76, 0)
(39289036, 0)
(79, 2)
(40839919, 1)
(82, 2)
(42390802, 1)
(85, 1)
(43941685, 2)
(88, 2)
(45492568, 1)
(91, 0)
(47043451, 0)
(94, 1)
(48594334, 2)
(97, 1)
(50145217, 2)
(100, 1)
(51696100, 1)
(103, 2)
(53246983, 2)
(106, 0)
(54797866, 0)
(109, 0)
(56348749, 0)
(112, 2)
(57899632, 2)
(115, 0)
(59450515, 0)
(118, 0)
(61001398, 0)
(121, 2)
(62552281, 2)
(124, 0)
(64103164, 0)
(127, 2)
(65654047, 1)
(130, 2)
(67204930, 2)
(133, 1)
(68755813, 2)
(136, 1)
(70306696, 2)
(139, 0)
(71857579, 0)
(142, 2)
(73408462, 1)
(145, 2)
(74959345, 2)
(148, 2)
(76510228, 2)
(151, 1)
(78061111, 1)
(154, 1)
(79611994, 2)
(157, 0)
(81162877, 0)
(160, 1)
(82713760, 1)
(163, 0)
(84264643, 0)
(166, 2)
(85815526, 2)
(169, 2)
(87366409, 2)
(172, 0)
(88917292, 0)
(175, 1)
(90468175, 1)
(178, 1)
(92019058, 2)
(181, 1)
(93569941, 1)
(184, 1)
(95120824, 2)
(187, 0)
(96671707, 0)
(190, 2)
(98222590, 1)
(193, 1)
(99773473, 2)
(196, 0)
(101324356, 0)
(199, 0)
(102875239, 0)
(202, 0)
(104426122, 0)
(205, 2)
(105977005, 1)
(208, 1)
(107527888, 1)
(211, 0)
(109078771, 0)
(214, 0)
(110629654, 0)
(217, 2)
(112180537, 2)
(220, 1)
(113731420, 2)
(223, 1)
(115282303, 2)
(226, 1)
(116833186, 1)
(229, 1)
(118384069, 2)
(232, 2)
(119934952, 2)
(235, 0)
(121485835, 0)
(238, 1)
(123036718, 2)
(241, 0)
(124587601, 0)
(244, 0)
(126138484, 0)
(247, 0)
(127689367, 0)
(250, 0)
(129240250, 0)
(253, 1)
(130791133, 1)
(256, 1)
(132342016, 1)
(259, 0)
(133892899, 0)
(262, 0)
(135443782, 0)
(265, 2)
(136994665, 1)
(268, 0)
(138545548, 0)
(271, 2)
(140096431, 1)
(274, 0)
(141647314, 0)
(277, 0)
(143198197, 0)
(280, 1)
(144749080, 1)
(283, 0)
(146299963, 0)
(286, 0)
(147850846, 0)
(289, 1)
(149401729, 1)
(292, 1)
(150952612, 2)
(295, 2)
(152503495, 2)
(298, 0)
(154054378, 0)
(301, 2)
(155605261, 1)
(304, 0)
(157156144, 0)
(307, 0)
(158707027, 0)
(310, 1)
(160257910, 1)
(313, 2)
(161808793, 1)
(316, 2)
(163359676, 1)
(319, 1)
(164910559, 2)
(322, 1)
(166461442, 2)
(325, 2)
(168012325, 2)
(328, 1)
(169563208, 2)
(331, 0)
(171114091, 0)
(334, 0)
(172664974, 0)
(337, 2)
(174215857, 1)
(340, 1)
(175766740, 2)
(343, 2)
(177317623, 2)
(346, 2)
(178868506, 1)
(349, 2)
(180419389, 1)
(352, 1)
(181970272, 2)
(355, 0)
(183521155, 0)
(358, 0)
(185072038, 0)
(361, 0)
(186622921, 0)
(364, 0)
(188173804, 0)
(367, 0)
(189724687, 0)
(370, 0)
(191275570, 0)
(373, 1)
(192826453, 1)
(376, 2)
(194377336, 1)
(379, 0)
(195928219, 0)
(382, 1)
(197479102, 1)
(385, 2)
(199029985, 1)
(388, 1)
(200580868, 2)
(391, 2)
(202131751, 2)
(394, 2)
(203682634, 1)
(397, 0)
(205233517, 0)
(400, 2)
(206784400, 2)
(403, 0)
(208335283, 0)
(406, 2)
(209886166, 2)
(409, 1)
(211437049, 2)
(412, 2)
(212987932, 2)
(415, 1)
(214538815, 1)
(418, 1)
(216089698, 1)
(421, 1)
(217640581, 2)
(424, 0)
(219191464, 0)
(427, 0)
(220742347, 0)
(430, 0)
(222293230, 0)
(433, 0)
(223844113, 0)
(436, 0)
(225394996, 0)
(439, 0)
(226945879, 0)
(442, 1)
(228496762, 2)
(445, 2)
(230047645, 1)
(448, 1)
(231598528, 1)
(451, 0)
(233149411, 0)
(454, 1)
(234700294, 1)
(457, 2)
(236251177, 2)
(460, 0)
(237802060, 0)
(463, 1)
(239352943, 2)
(466, 1)
(240903826, 2)
(469, 1)
(242454709, 2)
(472, 0)
(244005592, 0)
(475, 0)
(245556475, 0)
(478, 1)
(247107358, 2)
(481, 1)
(248658241, 1)
(484, 2)
(250209124, 2)
(487, 1)
(251760007, 2)
(490, 1)
(253310890, 1)
(493, 0)
(254861773, 0)
(496, 0)
(256412656, 0)
(499, 0)
(257963539, 0)
(502, 1)
(259514422, 2)
(505, 2)
(261065305, 1)
(508, 2)
(262616188, 1)
(511, 2)
(264167071, 1)
(514, 2)
(265717954, 2)
(517, 0)
(267268837, 0)
(520, 1)
(268819720, 1)
(523, 0)
(270370603, 0)
(526, 0)
(271921486, 0)
(529, 2)
(273472369, 2)
(532, 1)
(275023252, 2)
(535, 2)
(276574135, 2)
(538, 2)
(278125018, 1)
(541, 1)
(279675901, 1)
(544, 2)
(281226784, 1)
(547, 0)
(282777667, 0)
(550, 1)
(284328550, 2)
(553, 2)
(285879433, 1)
(556, 0)
(287430316, 0)
(559, 1)
(288981199, 2)
(562, 1)
(290532082, 1)
(565, 0)
(292082965, 0)
(568, 1)
(293633848, 2)
(571, 0)
(295184731, 0)
(574, 2)
(296735614, 1)
(577, 2)
(298286497, 2)
(580, 2)
(299837380, 2)
(583, 2)
(301388263, 2)
(586, 0)
(302939146, 0)
(589, 1)
(304490029, 2)
(592, 1)
(306040912, 1)
(595, 0)
(307591795, 0)
(598, 1)
(309142678, 2)
(601, 2)
(310693561, 1)
(604, 1)
(312244444, 1)
(607, 1)
(313795327, 2)
(610, 0)
(315346210, 0)
(613, 1)
(316897093, 1)
(616, 2)
(318447976, 1)
(619, 0)
(319998859, 0)
(622, 0)
(321549742, 0)
(625, 2)
(323100625, 2)
(628, 0)
(324651508, 0)
(631, 1)
(326202391, 1)
(634, 1)
(327753274, 1)
(637, 2)
(329304157, 2)
(640, 2)
(330855040, 2)
(643, 0)
(332405923, 0)
(646, 2)
(333956806, 2)
(649, 2)
(335507689, 1)
(652, 0)
(337058572, 0)
(655, 0)
(338609455, 0)
(658, 1)
(340160338, 2)
(661, 0)
(341711221, 0)
(664, 1)
(343262104, 1)
(667, 0)
(344812987, 0)
(670, 0)
(346363870, 0)
(673, 0)
(347914753, 0)
(676, 2)
(349465636, 2)
(679, 0)
(351016519, 0)
(682, 0)
(352567402, 0)
(685, 0)
(354118285, 0)
(688, 0)
(355669168, 0)
(691, 0)
(357220051, 0)
(694, 2)
(358770934, 1)
(697, 2)
(360321817, 2)
(700, 1)
(361872700, 1)
(703, 2)
(363423583, 1)
(706, 0)
(364974466, 0)
(709, 1)
(366525349, 2)
(712, 2)
(368076232, 1)
(715, 0)
(369627115, 0)
(718, 0)
(371177998, 0)
(721, 1)
(372728881, 1)
(724, 1)
(374279764, 1)
(727, 1)
(375830647, 1)
(730, 0)
(377381530, 0)
(733, 2)
(378932413, 2)
(736, 2)
(380483296, 1)
(739, 0)
(382034179, 0)
(742, 1)
(383585062, 2)
(745, 1)
(385135945, 1)
(748, 0)
(386686828, 0)
(751, 0)
(388237711, 0)
(754, 1)
(389788594, 1)
(757, 1)
(391339477, 2)
(760, 1)
(392890360, 2)
(763, 0)
(394441243, 0)
(766, 0)
(395992126, 0)
(769, 2)
(397543009, 2)
(772, 1)
(399093892, 2)
(775, 0)
(400644775, 0)
(778, 1)
(402195658, 1)
(781, 2)
(403746541, 2)
(784, 0)
(405297424, 0)
(787, 0)
(406848307, 0)
(790, 2)
(408399190, 1)
(793, 2)
(409950073, 2)
(796, 0)
(411500956, 0)
(799, 1)
(413051839, 1)
(802, 0)
(414602722, 0)
(805, 1)
(416153605, 2)
(808, 0)
(417704488, 0)
(811, 0)
(419255371, 0)
(814, 0)
(420806254, 0)
(817, 0)
(422357137, 0)
(820, 2)
(423908020, 1)
(823, 0)
(425458903, 0)
(826, 0)
(427009786, 0)
(829, 1)
(428560669, 2)
(832, 2)
(430111552, 2)
(835, 0)
(431662435, 0)
(838, 1)
(433213318, 2)
(841, 1)
(434764201, 1)
(844, 0)
(436315084, 0)
(847, 2)
(437865967, 2)
(850, 1)
(439416850, 2)
