(1, 2)
(16638241, 2)
(4, 2)
(66552964, 2)
(7, 1)
(116467687, 1)
(10, 1)
(166382410, 1)
(13, 2)
(216297133, 2)
(16, 1)
(266211856, 1)
(19, 0)
(316126579, 0)
(22, 1)
(366041302, 2)
(25, 1)
(415956025, 1)
(28, 1)
(465870748, 1)
(31, 0)
(515785471, 0)
(34, 2)
(565700194, 2)
(37, 2)
(615614917, 2)
(40, 2)
(665529640, 2)
(43, 0)
(715444363, 0)
(46, 2)
(765359086, 1)
(49, 0)
(815273809, 0)
(52, 2)
(865188532, 2)
(55, 1)
(915103255, 2)
(58, 1)
(965017978, 2)
(61, 0)
(1014932701, 0)
(64, 2)
(1064847424, 2)
(67, 0)
(1114762147, 0)
(70, 2)
(1164676870, 2)
(73, 1)
(1214591593, 1)
(76, 0)
(1264506316, 0)
(79, 2)
(1314421039, 1)
(82, 2)
(1364335762, 2)
(85, 1)
(1414250485, 1)
(88, 2)
(1464165208, 1)
(91, 0)
(1514079931, 0)
(94, 1)
(1563994654, 2)
(97, 1)
(1613909377, 2)
(100, 1)
(1663824100, 1)
(103, 2)
(1713738823, 2)
(106, 0)
(1763653546, 0)
(109, 0)
(1813568269, 0)
(112, 2)
(1863482992, 2)
(115, 0)
(1913397715, 0)
(118, 0)
(1963312438, 0)
(121, 2)
(2013227161, 2)
(124, 0)
(2063141884, 0)
(127, 2)
(2113056607, 1)
(130, 2)
(2162971330, 2)
(133, 1)
(2212886053, 1)
(136, 1)
(2262800776, 1)
(139, 0)
(2312715499, 0)
(142, 2)
(2362630222, 1)
(145, 2)
(2412544945, 1)
(148, 2)
(2462459668, 2)
(151, 1)
(2512374391, 2)
(154, 1)
(2562289114, 2)
(157, 0)
(2612203837, 0)
(160, 1)
(2662118560, 1)
(163, 0)
(2712033283, 0)
(166, 2)
(2761948006, 1)
(169, 2)
(2811862729, 2)
(172, 0)
(2861777452, 0)
(175, 1)
(2911692175, 1)
(178, 1)
(2961606898, 2)
(181, 1)
(3011521621, 2)
(184, 1)
(3061436344, 2)
(187, 0)
(3111351067, 0)
(190, 2)
(3161265790, 2)
(193, 1)
(3211180513, 2)
(196, 0)
(3261095236, 0)
(199, 0)
(3311009959, 0)
(202, 0)
(3360924682, 0)
(205, 2)
(3410839405, 2)
(208, 1)
(3460754128, 1)
(211, 0)
(3510668851, 0)
(214, 0)
(3560583574, 0)
(217, 2)
(3610498297, 1)
(220, 1)
(3660413020, 2)
(223, 1)
(3710327743, 2)
(226, 1)
(3760242466, 1)
(229, 1)
(3810157189, 1)
(232, 2)
(3860071912, 1)
(235, 0)
(3909986635, 0)
(238, 1)
(3959901358, 1)
(241, 0)
(4009816081, 0)
(244, 0)
(4059730804, 0)
(247, 0)
(4109645527, 0)
(250, 0)
(4159560250, 0)
(253, 1)
(4209474973, 1)
(256, 1)
(4259389696, 1)
(259, 0)
(4309304419, 0)
(262, 0)
(4359219142, 0)
(265, 2)
(4409133865, 1)
(268, 0)
(4459048588, 0)
(271, 2)
(4508963311, 1)
(274, 0)
(4558878034, 0)
(277, 0)
(4608792757, 0)
(280, 1)
(4658707480, 1)
(283, 0)
(4708622203, 0)
(286, 0)
(4758536926, 0)
(289, 1)
(4808451649, 1)
(292, 1)
(4858366372, 1)
(295, 2)
(4908281095, 2)
(298, 0)
(4958195818, 0)
(301, 2)
(5008110541, 2)
(304, 0)
(5058025264, 0)
(307, 0)
(5107939987, 0)
(310, 1)
(5157854710, 2)
(313, 2)
(5207769433, 1)
(316, 2)
(5257684156, 1)
(319, 1)
(5307598879, 1)
(322, 1)
(5357513602, 2)
(325, 2)
(5407428325, 2)
(328, 1)
(5457343048, 1)
(331, 0)
(5507257771, 0)
(334, 0)
(5557172494, 0)
(337, 2)
(5607087217, 1)
(340, 1)
(5657001940, 1)
(343, 2)
(5706916663, 2)
(346, 2)
(5756831386, 2)
(349, 2)
(5806746109, 2)
(352, 1)
(5856660832, 2)
(355, 0)
(5906575555, 0)
(358, 0)
(5956490278, 0)
(361, 0)
(6006405001, 0)
(364, 0)
(6056319724, 0)
(367, 0)
(6106234447, 0)
(370, 0)
(6156149170, 0)
(373, 1)
(6206063893, 2)
(376, 2)
(6255978616, 1)
(379, 0)
(6305893339, 0)
(382, 1)
(6355808062, 2)
(385, 2)
(6405722785, 1)
(388, 1)
(6455637508, 2)
(391, 2)
(6505552231, 1)
(394, 2)
(6555466954, 1)
(397, 0)
(6605381677, 0)
(400, 2)
(6655296400, 2)
(403, 0)
(6705211123, 0)
(406, 2)
(6755125846, 1)
(409, 1)
(6805040569, 2)
(412, 2)
(6854955292, 2)
(415, 1)
(6904870015, 2)
(418, 1)
(6954784738, 2)
(421, 1)
(7004699461, 1)
(424, 0)
(7054614184, 0)
(427, 0)
(7104528907, 0)
(430, 0)
(7154443630, 0)
(433, 0)
(7204358353, 0)
(436, 0)
(7254273076, 0)
(439, 0)
(7304187799, 0)
(442, 1)
(7354102522, 1)
(445, 2)
(7404017245, 1)
(448, 1)
(7453931968, 1)
(451, 0)
(7503846691, 0)
(454, 1)
(7553761414, 1)
(457, 2)
(7603676137, 2)
(460, 0)
(7653590860, 0)
(463, 1)
(7703505583, 2)
(466, 1)
(7753420306, 2)
(469, 1)
(7803335029, 2)
(472, 0)
(7853249752, 0)
(475, 0)
(7903164475, 0)
(478, 1)
(7953079198, 2)
(481, 1)
(8002993921, 1)
(484, 2)
(8052908644, 2)
(487, 1)
(8102823367, 1)
(490, 1)
(8152738090, 1)
(493, 0)
(8202652813, 0)
(496, 0)
(8252567536, 0)
(499, 0)
(8302482259, 0)
(502, 1)
(8352396982, 2)
(505, 2)
(8402311705, 1)
(508, 2)
(8452226428, 1)
(511, 2)
(8502141151, 2)
(514, 2)
(8552055874, 1)
(517, 0)
(8601970597, 0)
(520, 1)
(8651885320, 1)
(523, 0)
(8701800043, 0)
(526, 0)
(8751714766, 0)
(529, 2)
(8801629489, 2)
(532, 1)
(8851544212, 1)
(535, 2)
(8901458935, 1)
(538, 2)
(8951373658, 2)
(541, 1)
(9001288381, 2)
(544, 2)
(9051203104, 2)
(547, 0)
(9101117827, 0)
(550, 1)
(9151032550, 2)
(553, 2)
(9200947273, 1)
(556, 0)
(9250861996, 0)
(559, 1)
(9300776719, 1)
(562, 1)
(9350691442, 1)
(565, 0)
(9400606165, 0)
(568, 1)
(9450520888, 2)
(571, 0)
(9500435611, 0)
(574, 2)
(9550350334, 2)
(577, 2)
(9600265057, 1)
(580, 2)
(9650179780, 1)
(583, 2)
(9700094503, 2)
(586, 0)
(9750009226, 0)
(589, 1)
(9799923949, 2)
(592, 1)
(9849838672, 1)
(595, 0)
(9899753395, 0)
(598, 1)
(9949668118, 2)
(601, 2)
(9999582841, 2)
(604, 1)
(10049497564, 2)
(607, 1)
(10099412287, 1)
(610, 0)
(10149327010, 0)
(613, 1)
(10199241733, 2)
(616, 2)
(10249156456, 1)
(619, 0)
(10299071179, 0)
(622, 0)
(10348985902, 0)
(625, 2)
(10398900625, 2)
(628, 0)
(10448815348, 0)
(631, 1)
(10498730071, 1)
(634, 1)
(10548644794, 1)
(637, 2)
(10598559517, 2)
(640, 2)
(10648474240, 2)
(643, 0)
(10698388963, 0)
(646, 2)
(10748303686, 2)
(649, 2)
(10798218409, 1)
(652, 0)
(10848133132, 0)
(655, 0)
(10898047855, 0)
(658, 1)
(10947962578, 2)
(661, 0)
(10997877301, 0)
(664, 1)
(11047792024, 2)
(667, 0)
(11097706747, 0)
(670, 0)
(11147621470, 0)
(673, 0)
(11197536193, 0)
(676, 2)
(11247450916, 2)
(679, 0)
(11297365639, 0)
(682, 0)
(11347280362, 0)
(685, 0)
(11397195085, 0)
(688, 0)
(11447109808, 0)
(691, 0)
(11497024531, 0)
(694, 2)
(11546939254, 2)
(697, 2)
(11596853977, 2)
(700, 1)
(11646768700, 1)
(703, 2)
(11696683423, 2)
(706, 0)
(11746598146, 0)
(709, 1)
(11796512869, 1)
(712, 2)
(11846427592, 1)
(715, 0)
(11896342315, 0)
(718, 0)
(11946257038, 0)
(721, 1)
(11996171761, 1)
(724, 1)
(12046086484, 2)
(727, 1)
(12096001207, 2)
(730, 0)
(12145915930, 0)
(733, 2)
(12195830653, 2)
(736, 2)
(12245745376, 1)
(739, 0)
(12295660099, 0)
(742, 1)
(12345574822, 2)
(745, 1)
(12395489545, 2)
(748, 0)
(12445404268, 0)
(751, 0)
(12495318991, 0)
(754, 1)
(12545233714, 2)
(757, 1)
(12595148437, 2)
(760, 1)
(12645063160, 1)
(763, 0)
(12694977883, 0)
(766, 0)
(12744892606, 0)
(769, 2)
(12794807329, 1)
(772, 1)
(12844722052, 2)
(775, 0)
(12894636775, 0)
(778, 1)
(12944551498, 2)
(781, 2)
(12994466221, 2)
(784, 0)
(13044380944, 0)
(787, 0)
(13094295667, 0)
(790, 2)
(13144210390, 1)
(793, 2)
(13194125113, 1)
(796, 0)
(13244039836, 0)
(799, 1)
(13293954559, 2)
(802, 0)
(13343869282, 0)
(805, 1)
(13393784005, 2)
(808, 0)
(13443698728, 0)
(811, 0)
(13493613451, 0)
(814, 0)
(13543528174, 0)
(817, 0)
(13593442897, 0)
(820, 2)
(13643357620, 2)
(823, 0)
(13693272343, 0)
(826, 0)
(13743187066, 0)
(829, 1)
(13793101789, 2)
(832, 2)
(13843016512, 2)
(835, 0)
(13892931235, 0)
(838, 1)
(13942845958, 1)
(841, 1)
(13992760681, 1)
(844, 0)
(14042675404, 0)
(847, 2)
(14092590127, 2)
(850, 1)
(14142504850, 1)
