(1, 2)
(61199329, 2)
(4, 2)
(244797316, 2)
(7, 1)
(428395303, 2)
(10, 1)
(611993290, 2)
(13, 2)
(795591277, 2)
(16, 1)
(979189264, 1)
(19, 0)
(1162787251, 0)
(22, 1)
(1346385238, 1)
(25, 1)
(1529983225, 1)
(28, 1)
(1713581212, 2)
(31, 0)
(1897179199, 0)
(34, 2)
(2080777186, 1)
(37, 2)
(2264375173, 2)
(40, 2)
(2447973160, 1)
(43, 0)
(2631571147, 0)
(46, 2)
(2815169134, 1)
(49, 0)
(2998767121, 0)
(52, 2)
(3182365108, 2)
(55, 1)
(3365963095, 2)
(58, 1)
(3549561082, 1)
(61, 0)
(3733159069, 0)
(64, 2)
(3916757056, 2)
(67, 0)
(4100355043, 0)
(70, 2)
(4283953030, 2)
(73, 1)
(4467551017, 1)
(76, 0)
(4651149004, 0)
(79, 2)
(4834746991, 1)
(82, 2)
(5018344978, 2)
(85, 1)
(5201942965, 1)
(88, 2)
(5385540952, 2)
(91, 0)
(5569138939, 0)
(94, 1)
(5752736926, 2)
(97, 1)
(5936334913, 2)
(100, 1)
(6119932900, 1)
(103, 2)
(6303530887, 1)
(106, 0)
(6487128874, 0)
(109, 0)
(6670726861, 0)
(112, 2)
(6854324848, 1)
(115, 0)
(7037922835, 0)
(118, 0)
(7221520822, 0)
(121, 2)
(7405118809, 2)
(124, 0)
(7588716796, 0)
(127, 2)
(7772314783, 1)
(130, 2)
(7955912770, 1)
(133, 1)
(8139510757, 2)
(136, 1)
(8323108744, 2)
(139, 0)
(8506706731, 0)
(142, 2)
(8690304718, 2)
(145, 2)
(8873902705, 1)
(148, 2)
(9057500692, 2)
(151, 1)
(9241098679, 1)
(154, 1)
(9424696666, 2)
(157, 0)
(9608294653, 0)
(160, 1)
(9791892640, 2)
(163, 0)
(9975490627, 0)
(166, 2)
(10159088614, 1)
(169, 2)
(10342686601, 2)
(172, 0)
(10526284588, 0)
(175, 1)
(10709882575, 2)
(178, 1)
(10893480562, 1)
(181, 1)
(11077078549, 2)
(184, 1)
(11260676536, 2)
(187, 0)
(11444274523, 0)
(190, 2)
(11627872510, 1)
(193, 1)
(11811470497, 2)
(196, 0)
(11995068484, 0)
(199, 0)
(12178666471, 0)
(202, 0)
(12362264458, 0)
(205, 2)
(12545862445, 1)
(208, 1)
(12729460432, 1)
(211, 0)
(12913058419, 0)
(214, 0)
(13096656406, 0)
(217, 2)
(13280254393, 1)
(220, 1)
(13463852380, 2)
(223, 1)
(13647450367, 2)
(226, 1)
(13831048354, 1)
(229, 1)
(14014646341, 1)
(232, 2)
(14198244328, 2)
(235, 0)
(14381842315, 0)
(238, 1)
(14565440302, 1)
(241, 0)
(14749038289, 0)
(244, 0)
(14932636276, 0)
(247, 0)
(15116234263, 0)
(250, 0)
(15299832250, 0)
(253, 1)
(15483430237, 2)
(256, 1)
(15667028224, 1)
(259, 0)
(15850626211, 0)
(262, 0)
(16034224198, 0)
(265, 2)
(16217822185, 2)
(268, 0)
(16401420172, 0)
(271, 2)
(16585018159, 2)
(274, 0)
(16768616146, 0)
(277, 0)
(16952214133, 0)
(280, 1)
(17135812120, 1)
(283, 0)
(17319410107, 0)
(286, 0)
(17503008094, 0)
(289, 1)
(17686606081, 1)
(292, 1)
(17870204068, 1)
(295, 2)
(18053802055, 2)
(298, 0)
(18237400042, 0)
(301, 2)
(18420998029, 2)
(304, 0)
(18604596016, 0)
(307, 0)
(18788194003, 0)
(310, 1)
(18971791990, 2)
(313, 2)
(19155389977, 2)
(316, 2)
(19338987964, 1)
(319, 1)
(19522585951, 1)
(322, 1)
(19706183938, 1)
(325, 2)
(19889781925, 2)
(328, 1)
(20073379912, 1)
(331, 0)
(20256977899, 0)
(334, 0)
(20440575886, 0)
(337, 2)
(20624173873, 2)
(340, 1)
(20807771860, 1)
(343, 2)
(20991369847, 1)
(346, 2)
(21174967834, 2)
(349, 2)
(21358565821, 2)
(352, 1)
(21542163808, 1)
(355, 0)
(21725761795, 0)
(358, 0)
(21909359782, 0)
(361, 0)
(22092957769, 0)
(364, 0)
(22276555756, 0)
(367, 0)
(22460153743, 0)
(370, 0)
(22643751730, 0)
(373, 1)
(22827349717, 1)
(376, 2)
(23010947704, 1)
(379, 0)
(23194545691, 0)
(382, 1)
(23378143678, 1)
(385, 2)
(23561741665, 2)
(388, 1)
(23745339652, 2)
(391, 2)
(23928937639, 2)
(394, 2)
(24112535626, 1)
(397, 0)
(24296133613, 0)
(400, 2)
(24479731600, 2)
(403, 0)
(24663329587, 0)
(406, 2)
(24846927574, 1)
(409, 1)
(25030525561, 2)
(412, 2)
(25214123548, 1)
(415, 1)
(25397721535, 1)
(418, 1)
(25581319522, 1)
(421, 1)
(25764917509, 1)
(424, 0)
(25948515496, 0)
(427, 0)
(26132113483, 0)
(430, 0)
(26315711470, 0)
(433, 0)
(26499309457, 0)
(436, 0)
(26682907444, 0)
(439, 0)
(26866505431, 0)
(442, 1)
(27050103418, 2)
(445, 2)
(27233701405, 1)
(448, 1)
(27417299392, 2)
(451, 0)
(27600897379, 0)
(454, 1)
(27784495366, 1)
(457, 2)
(27968093353, 2)
(460, 0)
(28151691340, 0)
(463, 1)
(28335289327, 2)
(466, 1)
(28518887314, 2)
(469, 1)
(28702485301, 2)
(472, 0)
(28886083288, 0)
(475, 0)
(29069681275, 0)
(478, 1)
(29253279262, 1)
(481, 1)
(29436877249, 1)
(484, 2)
(29620475236, 2)
(487, 1)
(29804073223, 2)
(490, 1)
(29987671210, 2)
(493, 0)
(30171269197, 0)
(496, 0)
(30354867184, 0)
(499, 0)
(30538465171, 0)
(502, 1)
(30722063158, 1)
(505, 2)
(30905661145, 2)
(508, 2)
(31089259132, 1)
(511, 2)
(31272857119, 1)
(514, 2)
(31456455106, 2)
(517, 0)
(31640053093, 0)
(520, 1)
(31823651080, 2)
(523, 0)
(32007249067, 0)
(526, 0)
(32190847054, 0)
(529, 2)
(32374445041, 2)
(532, 1)
(32558043028, 2)
(535, 2)
(32741641015, 2)
(538, 2)
(32925239002, 1)
(541, 1)
(33108836989, 2)
(544, 2)
(33292434976, 1)
(547, 0)
(33476032963, 0)
(550, 1)
(33659630950, 1)
(553, 2)
(33843228937, 2)
(556, 0)
(34026826924, 0)
(559, 1)
(34210424911, 2)
(562, 1)
(34394022898, 1)
(565, 0)
(34577620885, 0)
(568, 1)
(34761218872, 1)
(571, 0)
(34944816859, 0)
(574, 2)
(35128414846, 1)
(577, 2)
(35312012833, 1)
(580, 2)
(35495610820, 1)
(583, 2)
(35679208807, 1)
(586, 0)
(35862806794, 0)
(589, 1)
(36046404781, 1)
(592, 1)
(36230002768, 1)
(595, 0)
(36413600755, 0)
(598, 1)
(36597198742, 2)
(601, 2)
(36780796729, 2)
(604, 1)
(36964394716, 1)
(607, 1)
(37147992703, 2)
(610, 0)
(37331590690, 0)
(613, 1)
(37515188677, 1)
(616, 2)
(37698786664, 1)
(619, 0)
(37882384651, 0)
(622, 0)
(38065982638, 0)
(625, 2)
(38249580625, 2)
(628, 0)
(38433178612, 0)
(631, 1)
(38616776599, 2)
(634, 1)
(38800374586, 2)
(637, 2)
(38983972573, 2)
(640, 2)
(39167570560, 1)
(643, 0)
(39351168547, 0)
(646, 2)
(39534766534, 1)
(649, 2)
(39718364521, 1)
(652, 0)
(39901962508, 0)
(655, 0)
(40085560495, 0)
(658, 1)
(40269158482, 1)
(661, 0)
(40452756469, 0)
(664, 1)
(40636354456, 2)
(667, 0)
(40819952443, 0)
(670, 0)
(41003550430, 0)
(673, 0)
(41187148417, 0)
(676, 2)
(41370746404, 2)
(679, 0)
(41554344391, 0)
(682, 0)
(41737942378, 0)
(685, 0)
(41921540365, 0)
(688, 0)
(42105138352, 0)
(691, 0)
(42288736339, 0)
(694, 2)
(42472334326, 2)
(697, 2)
(42655932313, 1)
(700, 1)
(42839530300, 2)
(703, 2)
(43023128287, 2)
(706, 0)
(43206726274, 0)
(709, 1)
(43390324261, 2)
(712, 2)
(43573922248, 2)
(715, 0)
(43757520235, 0)
(718, 0)
(43941118222, 0)
(721, 1)
(44124716209, 1)
(724, 1)
(44308314196, 2)
(727, 1)
(44491912183, 1)
(730, 0)
(44675510170, 0)
(733, 2)
(44859108157, 1)
(736, 2)
(45042706144, 1)
(739, 0)
(45226304131, 0)
(742, 1)
(45409902118, 1)
(745, 1)
(45593500105, 1)
(748, 0)
(45777098092, 0)
(751, 0)
(45960696079, 0)
(754, 1)
(46144294066, 1)
(757, 1)
(46327892053, 2)
(760, 1)
(46511490040, 2)
(763, 0)
(46695088027, 0)
(766, 0)
(46878686014, 0)
(769, 2)
(47062284001, 1)
(772, 1)
(47245881988, 2)
(775, 0)
(47429479975, 0)
(778, 1)
(47613077962, 2)
(781, 2)
(47796675949, 2)
(784, 0)
(47980273936, 0)
(787, 0)
(48163871923, 0)
(790, 2)
(48347469910, 2)
(793, 2)
(48531067897, 2)
(796, 0)
(48714665884, 0)
(799, 1)
(48898263871, 1)
(802, 0)
(49081861858, 0)
(805, 1)
(49265459845, 2)
(808, 0)
(49449057832, 0)
(811, 0)
(49632655819, 0)
(814, 0)
(49816253806, 0)
(817, 0)
(49999851793, 0)
(820, 2)
(50183449780, 1)
(823, 0)
(50367047767, 0)
(826, 0)
(50550645754, 0)
(829, 1)
(50734243741, 1)
(832, 2)
(50917841728, 2)
(835, 0)
(51101439715, 0)
(838, 1)
(51285037702, 2)
(841, 1)
(51468635689, 1)
(844, 0)
(51652233676, 0)
(847, 2)
(51835831663, 1)
(850, 1)
(52019429650, 2)
