(1, 2)
(47100769, 2)
(4, 2)
(188403076, 2)
(7, 1)
(329705383, 1)
(10, 1)
(471007690, 2)
(13, 2)
(612309997, 2)
(16, 1)
(753612304, 1)
(19, 0)
(894914611, 0)
(22, 1)
(1036216918, 1)
(25, 1)
(1177519225, 1)
(28, 1)
(1318821532, 1)
(31, 0)
(1460123839, 0)
(34, 2)
(1601426146, 1)
(37, 2)
(1742728453, 1)
(40, 2)
(1884030760, 1)
(43, 0)
(2025333067, 0)
(46, 2)
(2166635374, 1)
(49, 0)
(2307937681, 0)
(52, 2)
(2449239988, 2)
(55, 1)
(2590542295, 2)
(58, 1)
(2731844602, 2)
(61, 0)
(2873146909, 0)
(64, 2)
(3014449216, 2)
(67, 0)
(3155751523, 0)
(70, 2)
(3297053830, 1)
(73, 1)
(3438356137, 1)
(76, 0)
(3579658444, 0)
(79, 2)
(3720960751, 2)
(82, 2)
(3862263058, 2)
(85, 1)
(4003565365, 1)
(88, 2)
(4144867672, 2)
(91, 0)
(4286169979, 0)
(94, 1)
(4427472286, 2)
(97, 1)
(4568774593, 1)
(100, 1)
(4710076900, 1)
(103, 2)
(4851379207, 2)
(106, 0)
(4992681514, 0)
(109, 0)
(5133983821, 0)
(112, 2)
(5275286128, 2)
(115, 0)
(5416588435, 0)
(118, 0)
(5557890742, 0)
(121, 2)
(5699193049, 2)
(124, 0)
(5840495356, 0)
(127, 2)
(5981797663, 2)
(130, 2)
(6123099970, 1)
(133, 1)
(6264402277, 2)
(136, 1)
(6405704584, 2)
(139, 0)
(6547006891, 0)
(142, 2)
(6688309198, 2)
(145, 2)
(6829611505, 2)
(148, 2)
(6970913812, 1)
(151, 1)
(7112216119, 2)
(154, 1)
(7253518426, 1)
(157, 0)
(7394820733, 0)
(160, 1)
(7536123040, 2)
(163, 0)
(7677425347, 0)
(166, 2)
(7818727654, 2)
(169, 2)
(7960029961, 2)
(172, 0)
(8101332268, 0)
(175, 1)
(8242634575, 1)
(178, 1)
(8383936882, 1)
(181, 1)
(8525239189, 1)
(184, 1)
(8666541496, 2)
(187, 0)
(8807843803, 0)
(190, 2)
(8949146110, 2)
(193, 1)
(9090448417, 1)
(196, 0)
(9231750724, 0)
(199, 0)
(9373053031, 0)
(202, 0)
(9514355338, 0)
(205, 2)
(9655657645, 1)
(208, 1)
(9796959952, 1)
(211, 0)
(9938262259, 0)
(214, 0)
(10079564566, 0)
(217, 2)
(10220866873, 2)
(220, 1)
(10362169180, 2)
(223, 1)
(10503471487, 1)
(226, 1)
(10644773794, 1)
(229, 1)
(10786076101, 2)
(232, 2)
(10927378408, 1)
(235, 0)
(11068680715, 0)
(238, 1)
(11209983022, 2)
(241, 0)
(11351285329, 0)
(244, 0)
(11492587636, 0)
(247, 0)
(11633889943, 0)
(250, 0)
(11775192250, 0)
(253, 1)
(11916494557, 2)
(256, 1)
(12057796864, 1)
(259, 0)
(12199099171, 0)
(262, 0)
(12340401478, 0)
(265, 2)
(12481703785, 2)
(268, 0)
(12623006092, 0)
(271, 2)
(12764308399, 1)
(274, 0)
(12905610706, 0)
(277, 0)
(13046913013, 0)
(280, 1)
(13188215320, 2)
(283, 0)
(13329517627, 0)
(286, 0)
(13470819934, 0)
(289, 1)
(13612122241, 1)
(292, 1)
(13753424548, 1)
(295, 2)
(13894726855, 2)
(298, 0)
(14036029162, 0)
(301, 2)
(14177331469, 2)
(304, 0)
(14318633776, 0)
(307, 0)
(14459936083, 0)
(310, 1)
(14601238390, 2)
(313, 2)
(14742540697, 1)
(316, 2)
(14883843004, 2)
(319, 1)
(15025145311, 2)
(322, 1)
(15166447618, 2)
(325, 2)
(15307749925, 2)
(328, 1)
(15449052232, 1)
(331, 0)
(15590354539, 0)
(334, 0)
(15731656846, 0)
(337, 2)
(15872959153, 2)
(340, 1)
(16014261460, 1)
(343, 2)
(16155563767, 2)
(346, 2)
(16296866074, 2)
(349, 2)
(16438168381, 1)
(352, 1)
(16579470688, 1)
(355, 0)
(16720772995, 0)
(358, 0)
(16862075302, 0)
(361, 0)
(17003377609, 0)
(364, 0)
(17144679916, 0)
(367, 0)
(17285982223, 0)
(370, 0)
(17427284530, 0)
(373, 1)
(17568586837, 2)
(376, 2)
(17709889144, 1)
(379, 0)
(17851191451, 0)
(382, 1)
(17992493758, 1)
(385, 2)
(18133796065, 1)
(388, 1)
(18275098372, 1)
(391, 2)
(18416400679, 2)
(394, 2)
(18557702986, 1)
(397, 0)
(18699005293, 0)
(400, 2)
(18840307600, 2)
(403, 0)
(18981609907, 0)
(406, 2)
(19122912214, 1)
(409, 1)
(19264214521, 1)
(412, 2)
(19405516828, 2)
(415, 1)
(19546819135, 2)
(418, 1)
(19688121442, 2)
(421, 1)
(19829423749, 2)
(424, 0)
(19970726056, 0)
(427, 0)
(20112028363, 0)
(430, 0)
(20253330670, 0)
(433, 0)
(20394632977, 0)
(436, 0)
(20535935284, 0)
(439, 0)
(20677237591, 0)
(442, 1)
(20818539898, 2)
(445, 2)
(20959842205, 1)
(448, 1)
(21101144512, 1)
(451, 0)
(21242446819, 0)
(454, 1)
(21383749126, 2)
(457, 2)
(21525051433, 2)
(460, 0)
(21666353740, 0)
(463, 1)
(21807656047, 2)
(466, 1)
(21948958354, 2)
(469, 1)
(22090260661, 2)
(472, 0)
(22231562968, 0)
(475, 0)
(22372865275, 0)
(478, 1)
(22514167582, 1)
(481, 1)
(22655469889, 2)
(484, 2)
(22796772196, 2)
(487, 1)
(22938074503, 1)
(490, 1)
(23079376810, 2)
(493, 0)
(23220679117, 0)
(496, 0)
(23361981424, 0)
(499, 0)
(23503283731, 0)
(502, 1)
(23644586038, 2)
(505, 2)
(23785888345, 1)
(508, 2)
(23927190652, 2)
(511, 2)
(24068492959, 2)
(514, 2)
(24209795266, 1)
(517, 0)
(24351097573, 0)
(520, 1)
(24492399880, 2)
(523, 0)
(24633702187, 0)
(526, 0)
(24775004494, 0)
(529, 2)
(24916306801, 2)
(532, 1)
(25057609108, 2)
(535, 2)
(25198911415, 1)
(538, 2)
(25340213722, 2)
(541, 1)
(25481516029, 1)
(544, 2)
(25622818336, 1)
(547, 0)
(25764120643, 0)
(550, 1)
(25905422950, 1)
(553, 2)
(26046725257, 2)
(556, 0)
(26188027564, 0)
(559, 1)
(26329329871, 1)
(562, 1)
(26470632178, 1)
(565, 0)
(26611934485, 0)
(568, 1)
(26753236792, 1)
(571, 0)
(26894539099, 0)
(574, 2)
(27035841406, 2)
(577, 2)
(27177143713, 1)
(580, 2)
(27318446020, 2)
(583, 2)
(27459748327, 1)
(586, 0)
(27601050634, 0)
(589, 1)
(27742352941, 2)
(592, 1)
(27883655248, 2)
(595, 0)
(28024957555, 0)
(598, 1)
(28166259862, 2)
(601, 2)
(28307562169, 1)
(604, 1)
(28448864476, 2)
(607, 1)
(28590166783, 2)
(610, 0)
(28731469090, 0)
(613, 1)
(28872771397, 1)
(616, 2)
(29014073704, 2)
(619, 0)
(29155376011, 0)
(622, 0)
(29296678318, 0)
(625, 2)
(29437980625, 2)
(628, 0)
(29579282932, 0)
(631, 1)
(29720585239, 1)
(634, 1)
(29861887546, 2)
(637, 2)
(30003189853, 2)
(640, 2)
(30144492160, 1)
(643, 0)
(30285794467, 0)
(646, 2)
(30427096774, 2)
(649, 2)
(30568399081, 1)
(652, 0)
(30709701388, 0)
(655, 0)
(30851003695, 0)
(658, 1)
(30992306002, 2)
(661, 0)
(31133608309, 0)
(664, 1)
(31274910616, 1)
(667, 0)
(31416212923, 0)
(670, 0)
(31557515230, 0)
(673, 0)
(31698817537, 0)
(676, 2)
(31840119844, 2)
(679, 0)
(31981422151, 0)
(682, 0)
(32122724458, 0)
(685, 0)
(32264026765, 0)
(688, 0)
(32405329072, 0)
(691, 0)
(32546631379, 0)
(694, 2)
(32687933686, 1)
(697, 2)
(32829235993, 1)
(700, 1)
(32970538300, 1)
(703, 2)
(33111840607, 2)
(706, 0)
(33253142914, 0)
(709, 1)
(33394445221, 1)
(712, 2)
(33535747528, 2)
(715, 0)
(33677049835, 0)
(718, 0)
(33818352142, 0)
(721, 1)
(33959654449, 1)
(724, 1)
(34100956756, 1)
(727, 1)
(34242259063, 1)
(730, 0)
(34383561370, 0)
(733, 2)
(34524863677, 2)
(736, 2)
(34666165984, 1)
(739, 0)
(34807468291, 0)
(742, 1)
(34948770598, 2)
(745, 1)
(35090072905, 2)
(748, 0)
(35231375212, 0)
(751, 0)
(35372677519, 0)
(754, 1)
(35513979826, 2)
(757, 1)
(35655282133, 2)
(760, 1)
(35796584440, 1)
(763, 0)
(35937886747, 0)
(766, 0)
(36079189054, 0)
(769, 2)
(36220491361, 1)
(772, 1)
(36361793668, 1)
(775, 0)
(36503095975, 0)
(778, 1)
(36644398282, 2)
(781, 2)
(36785700589, 2)
(784, 0)
(36927002896, 0)
(787, 0)
(37068305203, 0)
(790, 2)
(37209607510, 1)
(793, 2)
(37350909817, 1)
(796, 0)
(37492212124, 0)
(799, 1)
(37633514431, 1)
(802, 0)
(37774816738, 0)
(805, 1)
(37916119045, 1)
(808, 0)
(38057421352, 0)
(811, 0)
(38198723659, 0)
(814, 0)
(38340025966, 0)
(817, 0)
(38481328273, 0)
(820, 2)
(38622630580, 1)
(823, 0)
(38763932887, 0)
(826, 0)
(38905235194, 0)
(829, 1)
(39046537501, 2)
(832, 2)
(39187839808, 2)
(835, 0)
(39329142115, 0)
(838, 1)
(39470444422, 1)
(841, 1)
(39611746729, 1)
(844, 0)
(39753049036, 0)
(847, 2)
(39894351343, 2)
(850, 1)
(40035653650, 2)
