(1, 2)
(10029889, 2)
(4, 2)
(40119556, 2)
(7, 1)
(70209223, 1)
(10, 1)
(100298890, 2)
(13, 2)
(130388557, 1)
(16, 1)
(160478224, 1)
(19, 0)
(190567891, 0)
(22, 1)
(220657558, 1)
(25, 1)
(250747225, 1)
(28, 1)
(280836892, 1)
(31, 0)
(310926559, 0)
(34, 2)
(341016226, 1)
(37, 2)
(371105893, 1)
(40, 2)
(401195560, 1)
(43, 0)
(431285227, 0)
(46, 2)
(461374894, 1)
(49, 0)
(491464561, 0)
(52, 2)
(521554228, 1)
(55, 1)
(551643895, 2)
(58, 1)
(581733562, 1)
(61, 0)
(611823229, 0)
(64, 2)
(641912896, 2)
(67, 0)
(672002563, 0)
(70, 2)
(702092230, 1)
(73, 1)
(732181897, 2)
(76, 0)
(762271564, 0)
(79, 2)
(792361231, 2)
(82, 2)
(822450898, 2)
(85, 1)
(852540565, 1)
(88, 2)
(882630232, 2)
(91, 0)
(912719899, 0)
(94, 1)
(942809566, 2)
(97, 1)
(972899233, 2)
(100, 1)
(1002988900, 1)
(103, 2)
(1033078567, 2)
(106, 0)
(1063168234, 0)
(109, 0)
(1093257901, 0)
(112, 2)
(1123347568, 2)
(115, 0)
(1153437235, 0)
(118, 0)
(1183526902, 0)
(121, 2)
(1213616569, 2)
(124, 0)
(1243706236, 0)
(127, 2)
(1273795903, 2)
(130, 2)
(1303885570, 2)
(133, 1)
(1333975237, 1)
(136, 1)
(1364064904, 2)
(139, 0)
(1394154571, 0)
(142, 2)
(1424244238, 1)
(145, 2)
(1454333905, 1)
(148, 2)
(1484423572, 1)
(151, 1)
(1514513239, 1)
(154, 1)
(1544602906, 1)
(157, 0)
(1574692573, 0)
(160, 1)
(1604782240, 2)
(163, 0)
(1634871907, 0)
(166, 2)
(1664961574, 2)
(169, 2)
(1695051241, 2)
(172, 0)
(1725140908, 0)
(175, 1)
(1755230575, 1)
(178, 1)
(1785320242, 2)
(181, 1)
(1815409909, 2)
(184, 1)
(1845499576, 2)
(187, 0)
(1875589243, 0)
(190, 2)
(1905678910, 1)
(193, 1)
(1935768577, 2)
(196, 0)
(1965858244, 0)
(199, 0)
(1995947911, 0)
(202, 0)
(2026037578, 0)
(205, 2)
(2056127245, 1)
(208, 1)
(2086216912, 2)
(211, 0)
(2116306579, 0)
(214, 0)
(2146396246, 0)
(217, 2)
(2176485913, 1)
(220, 1)
(2206575580, 2)
(223, 1)
(2236665247, 1)
(226, 1)
(2266754914, 2)
(229, 1)
(2296844581, 2)
(232, 2)
(2326934248, 2)
(235, 0)
(2357023915, 0)
(238, 1)
(2387113582, 2)
(241, 0)
(2417203249, 0)
(244, 0)
(2447292916, 0)
(247, 0)
(2477382583, 0)
(250, 0)
(2507472250, 0)
(253, 1)
(2537561917, 2)
(256, 1)
(2567651584, 1)
(259, 0)
(2597741251, 0)
(262, 0)
(2627830918, 0)
(265, 2)
(2657920585, 1)
(268, 0)
(2688010252, 0)
(271, 2)
(2718099919, 2)
(274, 0)
(2748189586, 0)
(277, 0)
(2778279253, 0)
(280, 1)
(2808368920, 2)
(283, 0)
(2838458587, 0)
(286, 0)
(2868548254, 0)
(289, 1)
(2898637921, 1)
(292, 1)
(2928727588, 2)
(295, 2)
(2958817255, 1)
(298, 0)
(2988906922, 0)
(301, 2)
(3018996589, 2)
(304, 0)
(3049086256, 0)
(307, 0)
(3079175923, 0)
(310, 1)
(3109265590, 1)
(313, 2)
(3139355257, 1)
(316, 2)
(3169444924, 2)
(319, 1)
(3199534591, 1)
(322, 1)
(3229624258, 2)
(325, 2)
(3259713925, 1)
(328, 1)
(3289803592, 1)
(331, 0)
(3319893259, 0)
(334, 0)
(3349982926, 0)
(337, 2)
(3380072593, 1)
(340, 1)
(3410162260, 1)
(343, 2)
(3440251927, 2)
(346, 2)
(3470341594, 1)
(349, 2)
(3500431261, 2)
(352, 1)
(3530520928, 1)
(355, 0)
(3560610595, 0)
(358, 0)
(3590700262, 0)
(361, 0)
(3620789929, 0)
(364, 0)
(3650879596, 0)
(367, 0)
(3680969263, 0)
(370, 0)
(3711058930, 0)
(373, 1)
(3741148597, 2)
(376, 2)
(3771238264, 1)
(379, 0)
(3801327931, 0)
(382, 1)
(3831417598, 1)
(385, 2)
(3861507265, 1)
(388, 1)
(3891596932, 2)
(391, 2)
(3921686599, 2)
(394, 2)
(3951776266, 2)
(397, 0)
(3981865933, 0)
(400, 2)
(4011955600, 2)
(403, 0)
(4042045267, 0)
(406, 2)
(4072134934, 2)
(409, 1)
(4102224601, 2)
(412, 2)
(4132314268, 2)
(415, 1)
(4162403935, 2)
(418, 1)
(4192493602, 1)
(421, 1)
(4222583269, 1)
(424, 0)
(4252672936, 0)
(427, 0)
(4282762603, 0)
(430, 0)
(4312852270, 0)
(433, 0)
(4342941937, 0)
(436, 0)
(4373031604, 0)
(439, 0)
(4403121271, 0)
(442, 1)
(4433210938, 1)
(445, 2)
(4463300605, 2)
(448, 1)
(4493390272, 1)
(451, 0)
(4523479939, 0)
(454, 1)
(4553569606, 1)
(457, 2)
(4583659273, 2)
(460, 0)
(4613748940, 0)
(463, 1)
(4643838607, 2)
(466, 1)
(4673928274, 2)
(469, 1)
(4704017941, 1)
(472, 0)
(4734107608, 0)
(475, 0)
(4764197275, 0)
(478, 1)
(4794286942, 2)
(481, 1)
(4824376609, 1)
(484, 2)
(4854466276, 2)
(487, 1)
(4884555943, 1)
(490, 1)
(4914645610, 2)
(493, 0)
(4944735277, 0)
(496, 0)
(4974824944, 0)
(499, 0)
(5004914611, 0)
(502, 1)
(5035004278, 2)
(505, 2)
(5065093945, 1)
(508, 2)
(5095183612, 2)
(511, 2)
(5125273279, 1)
(514, 2)
(5155362946, 1)
(517, 0)
(5185452613, 0)
(520, 1)
(5215542280, 1)
(523, 0)
(5245631947, 0)
(526, 0)
(5275721614, 0)
(529, 2)
(5305811281, 2)
(532, 1)
(5335900948, 1)
(535, 2)
(5365990615, 2)
(538, 2)
(5396080282, 2)
(541, 1)
(5426169949, 1)
(544, 2)
(5456259616, 1)
(547, 0)
(5486349283, 0)
(550, 1)
(5516438950, 1)
(553, 2)
(5546528617, 2)
(556, 0)
(5576618284, 0)
(559, 1)
(5606707951, 2)
(562, 1)
(5636797618, 2)
(565, 0)
(5666887285, 0)
(568, 1)
(5696976952, 2)
(571, 0)
(5727066619, 0)
(574, 2)
(5757156286, 2)
(577, 2)
(5787245953, 1)
(580, 2)
(5817335620, 1)
(583, 2)
(5847425287, 2)
(586, 0)
(5877514954, 0)
(589, 1)
(5907604621, 2)
(592, 1)
(5937694288, 2)
(595, 0)
(5967783955, 0)
(598, 1)
(5997873622, 1)
(601, 2)
(6027963289, 2)
(604, 1)
(6058052956, 1)
(607, 1)
(6088142623, 1)
(610, 0)
(6118232290, 0)
(613, 1)
(6148321957, 2)
(616, 2)
(6178411624, 2)
(619, 0)
(6208501291, 0)
(622, 0)
(6238590958, 0)
(625, 2)
(6268680625, 2)
(628, 0)
(6298770292, 0)
(631, 1)
(6328859959, 1)
(634, 1)
(6358949626, 2)
(637, 2)
(6389039293, 1)
(640, 2)
(6419128960, 1)
(643, 0)
(6449218627, 0)
(646, 2)
(6479308294, 1)
(649, 2)
(6509397961, 2)
(652, 0)
(6539487628, 0)
(655, 0)
(6569577295, 0)
(658, 1)
(6599666962, 2)
(661, 0)
(6629756629, 0)
(664, 1)
(6659846296, 1)
(667, 0)
(6689935963, 0)
(670, 0)
(6720025630, 0)
(673, 0)
(6750115297, 0)
(676, 2)
(6780204964, 2)
(679, 0)
(6810294631, 0)
(682, 0)
(6840384298, 0)
(685, 0)
(6870473965, 0)
(688, 0)
(6900563632, 0)
(691, 0)
(6930653299, 0)
(694, 2)
(6960742966, 1)
(697, 2)
(6990832633, 1)
(700, 1)
(7020922300, 1)
(703, 2)
(7051011967, 1)
(706, 0)
(7081101634, 0)
(709, 1)
(7111191301, 2)
(712, 2)
(7141280968, 1)
(715, 0)
(7171370635, 0)
(718, 0)
(7201460302, 0)
(721, 1)
(7231549969, 1)
(724, 1)
(7261639636, 2)
(727, 1)
(7291729303, 1)
(730, 0)
(7321818970, 0)
(733, 2)
(7351908637, 1)
(736, 2)
(7381998304, 1)
(739, 0)
(7412087971, 0)
(742, 1)
(7442177638, 1)
(745, 1)
(7472267305, 1)
(748, 0)
(7502356972, 0)
(751, 0)
(7532446639, 0)
(754, 1)
(7562536306, 2)
(757, 1)
(7592625973, 2)
(760, 1)
(7622715640, 2)
(763, 0)
(7652805307, 0)
(766, 0)
(7682894974, 0)
(769, 2)
(7712984641, 2)
(772, 1)
(7743074308, 2)
(775, 0)
(7773163975, 0)
(778, 1)
(7803253642, 1)
(781, 2)
(7833343309, 1)
(784, 0)
(7863432976, 0)
(787, 0)
(7893522643, 0)
(790, 2)
(7923612310, 1)
(793, 2)
(7953701977, 1)
(796, 0)
(7983791644, 0)
(799, 1)
(8013881311, 1)
(802, 0)
(8043970978, 0)
(805, 1)
(8074060645, 1)
(808, 0)
(8104150312, 0)
(811, 0)
(8134239979, 0)
(814, 0)
(8164329646, 0)
(817, 0)
(8194419313, 0)
(820, 2)
(8224508980, 1)
(823, 0)
(8254598647, 0)
(826, 0)
(8284688314, 0)
(829, 1)
(8314777981, 2)
(832, 2)
(8344867648, 1)
(835, 0)
(8374957315, 0)
(838, 1)
(8405046982, 1)
(841, 1)
(8435136649, 1)
(844, 0)
(8465226316, 0)
(847, 2)
(8495315983, 2)
(850, 1)
(8525405650, 2)
