(1, 2)
(1324801, 2)
(4, 2)
(5299204, 2)
(7, 1)
(9273607, 1)
(10, 1)
(13248010, 1)
(13, 2)
(17222413, 1)
(16, 1)
(21196816, 1)
(19, 0)
(25171219, 0)
(22, 1)
(29145622, 1)
(25, 1)
(33120025, 1)
(28, 1)
(37094428, 1)
(31, 0)
(41068831, 0)
(34, 2)
(45043234, 1)
(37, 2)
(49017637, 2)
(40, 2)
(52992040, 2)
(43, 0)
(56966443, 0)
(46, 2)
(60940846, 1)
(49, 0)
(64915249, 0)
(52, 2)
(68889652, 1)
(55, 1)
(72864055, 1)
(58, 1)
(76838458, 1)
(61, 0)
(80812861, 0)
(64, 2)
(84787264, 2)
(67, 0)
(88761667, 0)
(70, 2)
(92736070, 2)
(73, 1)
(96710473, 2)
(76, 0)
(100684876, 0)
(79, 2)
(104659279, 1)
(82, 2)
(108633682, 1)
(85, 1)
(112608085, 2)
(88, 2)
(116582488, 2)
(91, 0)
(120556891, 0)
(94, 1)
(124531294, 1)
(97, 1)
(128505697, 2)
(100, 1)
(132480100, 1)
(103, 2)
(136454503, 1)
(106, 0)
(140428906, 0)
(109, 0)
(144403309, 0)
(112, 2)
(148377712, 2)
(115, 0)
(152352115, 0)
(118, 0)
(156326518, 0)
(121, 2)
(160300921, 2)
(124, 0)
(164275324, 0)
(127, 2)
(168249727, 1)
(130, 2)
(172224130, 1)
(133, 1)
(176198533, 2)
(136, 1)
(180172936, 2)
(139, 0)
(184147339, 0)
(142, 2)
(188121742, 1)
(145, 2)
(192096145, 2)
(148, 2)
(196070548, 2)
(151, 1)
(200044951, 2)
(154, 1)
(204019354, 1)
(157, 0)
(207993757, 0)
(160, 1)
(211968160, 1)
(163, 0)
(215942563, 0)
(166, 2)
(219916966, 2)
(169, 2)
(223891369, 2)
(172, 0)
(227865772, 0)
(175, 1)
(231840175, 1)
(178, 1)
(235814578, 2)
(181, 1)
(239788981, 1)
(184, 1)
(243763384, 2)
(187, 0)
(247737787, 0)
(190, 2)
(251712190, 1)
(193, 1)
(255686593, 1)
(196, 0)
(259660996, 0)
(199, 0)
(263635399, 0)
(202, 0)
(267609802, 0)
(205, 2)
(271584205, 1)
(208, 1)
(275558608, 2)
(211, 0)
(279533011, 0)
(214, 0)
(283507414, 0)
(217, 2)
(287481817, 1)
(220, 1)
(291456220, 1)
(223, 1)
(295430623, 2)
(226, 1)
(299405026, 2)
(229, 1)
(303379429, 2)
(232, 2)
(307353832, 2)
(235, 0)
(311328235, 0)
(238, 1)
(315302638, 2)
(241, 0)
(319277041, 0)
(244, 0)
(323251444, 0)
(247, 0)
(327225847, 0)
(250, 0)
(331200250, 0)
(253, 1)
(335174653, 2)
(256, 1)
(339149056, 1)
(259, 0)
(343123459, 0)
(262, 0)
(347097862, 0)
(265, 2)
(351072265, 2)
(268, 0)
(355046668, 0)
(271, 2)
(359021071, 1)
(274, 0)
(362995474, 0)
(277, 0)
(366969877, 0)
(280, 1)
(370944280, 1)
(283, 0)
(374918683, 0)
(286, 0)
(378893086, 0)
(289, 1)
(382867489, 1)
(292, 1)
(386841892, 2)
(295, 2)
(390816295, 2)
(298, 0)
(394790698, 0)
(301, 2)
(398765101, 2)
(304, 0)
(402739504, 0)
(307, 0)
(406713907, 0)
(310, 1)
(410688310, 2)
(313, 2)
(414662713, 1)
(316, 2)
(418637116, 1)
(319, 1)
(422611519, 1)
(322, 1)
(426585922, 2)
(325, 2)
(430560325, 1)
(328, 1)
(434534728, 2)
(331, 0)
(438509131, 0)
(334, 0)
(442483534, 0)
(337, 2)
(446457937, 1)
(340, 1)
(450432340, 2)
(343, 2)
(454406743, 2)
(346, 2)
(458381146, 2)
(349, 2)
(462355549, 2)
(352, 1)
(466329952, 1)
(355, 0)
(470304355, 0)
(358, 0)
(474278758, 0)
(361, 0)
(478253161, 0)
(364, 0)
(482227564, 0)
(367, 0)
(486201967, 0)
(370, 0)
(490176370, 0)
(373, 1)
(494150773, 2)
(376, 2)
(498125176, 2)
(379, 0)
(502099579, 0)
(382, 1)
(506073982, 2)
(385, 2)
(510048385, 2)
(388, 1)
(514022788, 2)
(391, 2)
(517997191, 2)
(394, 2)
(521971594, 1)
(397, 0)
(525945997, 0)
(400, 2)
(529920400, 2)
(403, 0)
(533894803, 0)
(406, 2)
(537869206, 2)
(409, 1)
(541843609, 2)
(412, 2)
(545818012, 1)
(415, 1)
(549792415, 1)
(418, 1)
(553766818, 2)
(421, 1)
(557741221, 1)
(424, 0)
(561715624, 0)
(427, 0)
(565690027, 0)
(430, 0)
(569664430, 0)
(433, 0)
(573638833, 0)
(436, 0)
(577613236, 0)
(439, 0)
(581587639, 0)
(442, 1)
(585562042, 1)
(445, 2)
(589536445, 1)
(448, 1)
(593510848, 1)
(451, 0)
(597485251, 0)
(454, 1)
(601459654, 2)
(457, 2)
(605434057, 2)
(460, 0)
(609408460, 0)
(463, 1)
(613382863, 2)
(466, 1)
(617357266, 1)
(469, 1)
(621331669, 1)
(472, 0)
(625306072, 0)
(475, 0)
(629280475, 0)
(478, 1)
(633254878, 1)
(481, 1)
(637229281, 2)
(484, 2)
(641203684, 2)
(487, 1)
(645178087, 2)
(490, 1)
(649152490, 1)
(493, 0)
(653126893, 0)
(496, 0)
(657101296, 0)
(499, 0)
(661075699, 0)
(502, 1)
(665050102, 2)
(505, 2)
(669024505, 1)
(508, 2)
(672998908, 1)
(511, 2)
(676973311, 1)
(514, 2)
(680947714, 2)
(517, 0)
(684922117, 0)
(520, 1)
(688896520, 2)
(523, 0)
(692870923, 0)
(526, 0)
(696845326, 0)
(529, 2)
(700819729, 2)
(532, 1)
(704794132, 2)
(535, 2)
(708768535, 1)
(538, 2)
(712742938, 1)
(541, 1)
(716717341, 1)
(544, 2)
(720691744, 1)
(547, 0)
(724666147, 0)
(550, 1)
(728640550, 1)
(553, 2)
(732614953, 1)
(556, 0)
(736589356, 0)
(559, 1)
(740563759, 2)
(562, 1)
(744538162, 2)
(565, 0)
(748512565, 0)
(568, 1)
(752486968, 2)
(571, 0)
(756461371, 0)
(574, 2)
(760435774, 1)
(577, 2)
(764410177, 2)
(580, 2)
(768384580, 2)
(583, 2)
(772358983, 2)
(586, 0)
(776333386, 0)
(589, 1)
(780307789, 1)
(592, 1)
(784282192, 1)
(595, 0)
(788256595, 0)
(598, 1)
(792230998, 1)
(601, 2)
(796205401, 1)
(604, 1)
(800179804, 2)
(607, 1)
(804154207, 1)
(610, 0)
(808128610, 0)
(613, 1)
(812103013, 1)
(616, 2)
(816077416, 2)
(619, 0)
(820051819, 0)
(622, 0)
(824026222, 0)
(625, 2)
(828000625, 2)
(628, 0)
(831975028, 0)
(631, 1)
(835949431, 1)
(634, 1)
(839923834, 2)
(637, 2)
(843898237, 1)
(640, 2)
(847872640, 2)
(643, 0)
(851847043, 0)
(646, 2)
(855821446, 2)
(649, 2)
(859795849, 2)
(652, 0)
(863770252, 0)
(655, 0)
(867744655, 0)
(658, 1)
(871719058, 1)
(661, 0)
(875693461, 0)
(664, 1)
(879667864, 1)
(667, 0)
(883642267, 0)
(670, 0)
(887616670, 0)
(673, 0)
(891591073, 0)
(676, 2)
(895565476, 2)
(679, 0)
(899539879, 0)
(682, 0)
(903514282, 0)
(685, 0)
(907488685, 0)
(688, 0)
(911463088, 0)
(691, 0)
(915437491, 0)
(694, 2)
(919411894, 1)
(697, 2)
(923386297, 2)
(700, 1)
(927360700, 1)
(703, 2)
(931335103, 1)
(706, 0)
(935309506, 0)
(709, 1)
(939283909, 2)
(712, 2)
(943258312, 1)
(715, 0)
(947232715, 0)
(718, 0)
(951207118, 0)
(721, 1)
(955181521, 2)
(724, 1)
(959155924, 1)
(727, 1)
(963130327, 2)
(730, 0)
(967104730, 0)
(733, 2)
(971079133, 2)
(736, 2)
(975053536, 1)
(739, 0)
(979027939, 0)
(742, 1)
(983002342, 1)
(745, 1)
(986976745, 2)
(748, 0)
(990951148, 0)
(751, 0)
(994925551, 0)
(754, 1)
(998899954, 2)
(757, 1)
(1002874357, 1)
(760, 1)
(1006848760, 2)
(763, 0)
(1010823163, 0)
(766, 0)
(1014797566, 0)
(769, 2)
(1018771969, 2)
(772, 1)
(1022746372, 1)
(775, 0)
(1026720775, 0)
(778, 1)
(1030695178, 1)
(781, 2)
(1034669581, 1)
(784, 0)
(1038643984, 0)
(787, 0)
(1042618387, 0)
(790, 2)
(1046592790, 1)
(793, 2)
(1050567193, 2)
(796, 0)
(1054541596, 0)
(799, 1)
(1058515999, 2)
(802, 0)
(1062490402, 0)
(805, 1)
(1066464805, 2)
(808, 0)
(1070439208, 0)
(811, 0)
(1074413611, 0)
(814, 0)
(1078388014, 0)
(817, 0)
(1082362417, 0)
(820, 2)
(1086336820, 1)
(823, 0)
(1090311223, 0)
(826, 0)
(1094285626, 0)
(829, 1)
(1098260029, 1)
(832, 2)
(1102234432, 1)
(835, 0)
(1106208835, 0)
(838, 1)
(1110183238, 1)
(841, 1)
(1114157641, 1)
(844, 0)
(1118132044, 0)
(847, 2)
(1122106447, 2)
(850, 1)
(1126080850, 2)
