(1, 2)
(3323329, 2)
(4, 2)
(13293316, 2)
(7, 1)
(23263303, 1)
(10, 1)
(33233290, 2)
(13, 2)
(43203277, 2)
(16, 1)
(53173264, 1)
(19, 0)
(63143251, 0)
(22, 1)
(73113238, 1)
(25, 1)
(83083225, 1)
(28, 1)
(93053212, 1)
(31, 0)
(103023199, 0)
(34, 2)
(112993186, 2)
(37, 2)
(122963173, 2)
(40, 2)
(132933160, 1)
(43, 0)
(142903147, 0)
(46, 2)
(152873134, 1)
(49, 0)
(162843121, 0)
(52, 2)
(172813108, 2)
(55, 1)
(182783095, 2)
(58, 1)
(192753082, 1)
(61, 0)
(202723069, 0)
(64, 2)
(212693056, 2)
(67, 0)
(222663043, 0)
(70, 2)
(232633030, 1)
(73, 1)
(242603017, 1)
(76, 0)
(252573004, 0)
(79, 2)
(262542991, 2)
(82, 2)
(272512978, 1)
(85, 1)
(282482965, 2)
(88, 2)
(292452952, 2)
(91, 0)
(302422939, 0)
(94, 1)
(312392926, 2)
(97, 1)
(322362913, 2)
(100, 1)
(332332900, 1)
(103, 2)
(342302887, 1)
(106, 0)
(352272874, 0)
(109, 0)
(362242861, 0)
(112, 2)
(372212848, 2)
(115, 0)
(382182835, 0)
(118, 0)
(392152822, 0)
(121, 2)
(402122809, 2)
(124, 0)
(412092796, 0)
(127, 2)
(422062783, 2)
(130, 2)
(432032770, 1)
(133, 1)
(442002757, 1)
(136, 1)
(451972744, 1)
(139, 0)
(461942731, 0)
(142, 2)
(471912718, 1)
(145, 2)
(481882705, 1)
(148, 2)
(491852692, 2)
(151, 1)
(501822679, 2)
(154, 1)
(511792666, 1)
(157, 0)
(521762653, 0)
(160, 1)
(531732640, 2)
(163, 0)
(541702627, 0)
(166, 2)
(551672614, 2)
(169, 2)
(561642601, 2)
(172, 0)
(571612588, 0)
(175, 1)
(581582575, 1)
(178, 1)
(591552562, 2)
(181, 1)
(601522549, 1)
(184, 1)
(611492536, 2)
(187, 0)
(621462523, 0)
(190, 2)
(631432510, 1)
(193, 1)
(641402497, 1)
(196, 0)
(651372484, 0)
(199, 0)
(661342471, 0)
(202, 0)
(671312458, 0)
(205, 2)
(681282445, 2)
(208, 1)
(691252432, 1)
(211, 0)
(701222419, 0)
(214, 0)
(711192406, 0)
(217, 2)
(721162393, 1)
(220, 1)
(731132380, 2)
(223, 1)
(741102367, 2)
(226, 1)
(751072354, 1)
(229, 1)
(761042341, 1)
(232, 2)
(771012328, 2)
(235, 0)
(780982315, 0)
(238, 1)
(790952302, 1)
(241, 0)
(800922289, 0)
(244, 0)
(810892276, 0)
(247, 0)
(820862263, 0)
(250, 0)
(830832250, 0)
(253, 1)
(840802237, 2)
(256, 1)
(850772224, 1)
(259, 0)
(860742211, 0)
(262, 0)
(870712198, 0)
(265, 2)
(880682185, 2)
(268, 0)
(890652172, 0)
(271, 2)
(900622159, 2)
(274, 0)
(910592146, 0)
(277, 0)
(920562133, 0)
(280, 1)
(930532120, 2)
(283, 0)
(940502107, 0)
(286, 0)
(950472094, 0)
(289, 1)
(960442081, 1)
(292, 1)
(970412068, 1)
(295, 2)
(980382055, 2)
(298, 0)
(990352042, 0)
(301, 2)
(1000322029, 1)
(304, 0)
(1010292016, 0)
(307, 0)
(1020262003, 0)
(310, 1)
(1030231990, 1)
(313, 2)
(1040201977, 1)
(316, 2)
(1050171964, 2)
(319, 1)
(1060141951, 1)
(322, 1)
(1070111938, 2)
(325, 2)
(1080081925, 2)
(328, 1)
(1090051912, 2)
(331, 0)
(1100021899, 0)
(334, 0)
(1109991886, 0)
(337, 2)
(1119961873, 1)
(340, 1)
(1129931860, 2)
(343, 2)
(1139901847, 2)
(346, 2)
(1149871834, 1)
(349, 2)
(1159841821, 2)
(352, 1)
(1169811808, 1)
(355, 0)
(1179781795, 0)
(358, 0)
(1189751782, 0)
(361, 0)
(1199721769, 0)
(364, 0)
(1209691756, 0)
(367, 0)
(1219661743, 0)
(370, 0)
(1229631730, 0)
(373, 1)
(1239601717, 2)
(376, 2)
(1249571704, 1)
(379, 0)
(1259541691, 0)
(382, 1)
(1269511678, 2)
(385, 2)
(1279481665, 1)
(388, 1)
(1289451652, 2)
(391, 2)
(1299421639, 1)
(394, 2)
(1309391626, 1)
(397, 0)
(1319361613, 0)
(400, 2)
(1329331600, 2)
(403, 0)
(1339301587, 0)
(406, 2)
(1349271574, 2)
(409, 1)
(1359241561, 2)
(412, 2)
(1369211548, 1)
(415, 1)
(1379181535, 2)
(418, 1)
(1389151522, 1)
(421, 1)
(1399121509, 1)
(424, 0)
(1409091496, 0)
(427, 0)
(1419061483, 0)
(430, 0)
(1429031470, 0)
(433, 0)
(1439001457, 0)
(436, 0)
(1448971444, 0)
(439, 0)
(1458941431, 0)
(442, 1)
(1468911418, 1)
(445, 2)
(1478881405, 2)
(448, 1)
(1488851392, 1)
(451, 0)
(1498821379, 0)
(454, 1)
(1508791366, 2)
(457, 2)
(1518761353, 1)
(460, 0)
(1528731340, 0)
(463, 1)
(1538701327, 1)
(466, 1)
(1548671314, 2)
(469, 1)
(1558641301, 2)
(472, 0)
(1568611288, 0)
(475, 0)
(1578581275, 0)
(478, 1)
(1588551262, 2)
(481, 1)
(1598521249, 1)
(484, 2)
(1608491236, 2)
(487, 1)
(1618461223, 2)
(490, 1)
(1628431210, 2)
(493, 0)
(1638401197, 0)
(496, 0)
(1648371184, 0)
(499, 0)
(1658341171, 0)
(502, 1)
(1668311158, 2)
(505, 2)
(1678281145, 1)
(508, 2)
(1688251132, 2)
(511, 2)
(1698221119, 2)
(514, 2)
(1708191106, 1)
(517, 0)
(1718161093, 0)
(520, 1)
(1728131080, 2)
(523, 0)
(1738101067, 0)
(526, 0)
(1748071054, 0)
(529, 2)
(1758041041, 2)
(532, 1)
(1768011028, 1)
(535, 2)
(1777981015, 2)
(538, 2)
(1787951002, 1)
(541, 1)
(1797920989, 2)
(544, 2)
(1807890976, 2)
(547, 0)
(1817860963, 0)
(550, 1)
(1827830950, 1)
(553, 2)
(1837800937, 2)
(556, 0)
(1847770924, 0)
(559, 1)
(1857740911, 2)
(562, 1)
(1867710898, 1)
(565, 0)
(1877680885, 0)
(568, 1)
(1887650872, 2)
(571, 0)
(1897620859, 0)
(574, 2)
(1907590846, 1)
(577, 2)
(1917560833, 2)
(580, 2)
(1927530820, 1)
(583, 2)
(1937500807, 1)
(586, 0)
(1947470794, 0)
(589, 1)
(1957440781, 2)
(592, 1)
(1967410768, 1)
(595, 0)
(1977380755, 0)
(598, 1)
(1987350742, 2)
(601, 2)
(1997320729, 2)
(604, 1)
(2007290716, 2)
(607, 1)
(2017260703, 2)
(610, 0)
(2027230690, 0)
(613, 1)
(2037200677, 1)
(616, 2)
(2047170664, 2)
(619, 0)
(2057140651, 0)
(622, 0)
(2067110638, 0)
(625, 2)
(2077080625, 2)
(628, 0)
(2087050612, 0)
(631, 1)
(2097020599, 2)
(634, 1)
(2106990586, 1)
(637, 2)
(2116960573, 2)
(640, 2)
(2126930560, 1)
(643, 0)
(2136900547, 0)
(646, 2)
(2146870534, 2)
(649, 2)
(2156840521, 1)
(652, 0)
(2166810508, 0)
(655, 0)
(2176780495, 0)
(658, 1)
(2186750482, 2)
(661, 0)
(2196720469, 0)
(664, 1)
(2206690456, 1)
(667, 0)
(2216660443, 0)
(670, 0)
(2226630430, 0)
(673, 0)
(2236600417, 0)
(676, 2)
(2246570404, 2)
(679, 0)
(2256540391, 0)
(682, 0)
(2266510378, 0)
(685, 0)
(2276480365, 0)
(688, 0)
(2286450352, 0)
(691, 0)
(2296420339, 0)
(694, 2)
(2306390326, 2)
(697, 2)
(2316360313, 1)
(700, 1)
(2326330300, 1)
(703, 2)
(2336300287, 2)
(706, 0)
(2346270274, 0)
(709, 1)
(2356240261, 1)
(712, 2)
(2366210248, 1)
(715, 0)
(2376180235, 0)
(718, 0)
(2386150222, 0)
(721, 1)
(2396120209, 2)
(724, 1)
(2406090196, 1)
(727, 1)
(2416060183, 1)
(730, 0)
(2426030170, 0)
(733, 2)
(2436000157, 1)
(736, 2)
(2445970144, 1)
(739, 0)
(2455940131, 0)
(742, 1)
(2465910118, 2)
(745, 1)
(2475880105, 2)
(748, 0)
(2485850092, 0)
(751, 0)
(2495820079, 0)
(754, 1)
(2505790066, 1)
(757, 1)
(2515760053, 1)
(760, 1)
(2525730040, 2)
(763, 0)
(2535700027, 0)
(766, 0)
(2545670014, 0)
(769, 2)
(2555640001, 2)
(772, 1)
(2565609988, 1)
(775, 0)
(2575579975, 0)
(778, 1)
(2585549962, 1)
(781, 2)
(2595519949, 1)
(784, 0)
(2605489936, 0)
(787, 0)
(2615459923, 0)
(790, 2)
(2625429910, 1)
(793, 2)
(2635399897, 1)
(796, 0)
(2645369884, 0)
(799, 1)
(2655339871, 2)
(802, 0)
(2665309858, 0)
(805, 1)
(2675279845, 1)
(808, 0)
(2685249832, 0)
(811, 0)
(2695219819, 0)
(814, 0)
(2705189806, 0)
(817, 0)
(2715159793, 0)
(820, 2)
(2725129780, 2)
(823, 0)
(2735099767, 0)
(826, 0)
(2745069754, 0)
(829, 1)
(2755039741, 1)
(832, 2)
(2765009728, 2)
(835, 0)
(2774979715, 0)
(838, 1)
(2784949702, 2)
(841, 1)
(2794919689, 1)
(844, 0)
(2804889676, 0)
(847, 2)
(2814859663, 2)
(850, 1)
(2824829650, 1)
