(1, 2)
(30459361, 2)
(4, 2)
(121837444, 2)
(7, 1)
(213215527, 1)
(10, 1)
(304593610, 1)
(13, 2)
(395971693, 1)
(16, 1)
(487349776, 1)
(19, 0)
(578727859, 0)
(22, 1)
(670105942, 1)
(25, 1)
(761484025, 1)
(28, 1)
(852862108, 1)
(31, 0)
(944240191, 0)
(34, 2)
(1035618274, 1)
(37, 2)
(1126996357, 1)
(40, 2)
(1218374440, 2)
(43, 0)
(1309752523, 0)
(46, 2)
(1401130606, 2)
(49, 0)
(1492508689, 0)
(52, 2)
(1583886772, 1)
(55, 1)
(1675264855, 1)
(58, 1)
(1766642938, 1)
(61, 0)
(1858021021, 0)
(64, 2)
(1949399104, 2)
(67, 0)
(2040777187, 0)
(70, 2)
(2132155270, 2)
(73, 1)
(2223533353, 2)
(76, 0)
(2314911436, 0)
(79, 2)
(2406289519, 2)
(82, 2)
(2497667602, 2)
(85, 1)
(2589045685, 2)
(88, 2)
(2680423768, 2)
(91, 0)
(2771801851, 0)
(94, 1)
(2863179934, 1)
(97, 1)
(2954558017, 2)
(100, 1)
(3045936100, 1)
(103, 2)
(3137314183, 1)
(106, 0)
(3228692266, 0)
(109, 0)
(3320070349, 0)
(112, 2)
(3411448432, 2)
(115, 0)
(3502826515, 0)
(118, 0)
(3594204598, 0)
(121, 2)
(3685582681, 2)
(124, 0)
(3776960764, 0)
(127, 2)
(3868338847, 2)
(130, 2)
(3959716930, 1)
(133, 1)
(4051095013, 2)
(136, 1)
(4142473096, 2)
(139, 0)
(4233851179, 0)
(142, 2)
(4325229262, 2)
(145, 2)
(4416607345, 2)
(148, 2)
(4507985428, 1)
(151, 1)
(4599363511, 1)
(154, 1)
(4690741594, 1)
(157, 0)
(4782119677, 0)
(160, 1)
(4873497760, 1)
(163, 0)
(4964875843, 0)
(166, 2)
(5056253926, 1)
(169, 2)
(5147632009, 2)
(172, 0)
(5239010092, 0)
(175, 1)
(5330388175, 1)
(178, 1)
(5421766258, 1)
(181, 1)
(5513144341, 2)
(184, 1)
(5604522424, 1)
(187, 0)
(5695900507, 0)
(190, 2)
(5787278590, 1)
(193, 1)
(5878656673, 2)
(196, 0)
(5970034756, 0)
(199, 0)
(6061412839, 0)
(202, 0)
(6152790922, 0)
(205, 2)
(6244169005, 2)
(208, 1)
(6335547088, 2)
(211, 0)
(6426925171, 0)
(214, 0)
(6518303254, 0)
(217, 2)
(6609681337, 1)
(220, 1)
(6701059420, 1)
(223, 1)
(6792437503, 1)
(226, 1)
(6883815586, 1)
(229, 1)
(6975193669, 2)
(232, 2)
(7066571752, 2)
(235, 0)
(7157949835, 0)
(238, 1)
(7249327918, 2)
(241, 0)
(7340706001, 0)
(244, 0)
(7432084084, 0)
(247, 0)
(7523462167, 0)
(250, 0)
(7614840250, 0)
(253, 1)
(7706218333, 1)
(256, 1)
(7797596416, 1)
(259, 0)
(7888974499, 0)
(262, 0)
(7980352582, 0)
(265, 2)
(8071730665, 2)
(268, 0)
(8163108748, 0)
(271, 2)
(8254486831, 1)
(274, 0)
(8345864914, 0)
(277, 0)
(8437242997, 0)
(280, 1)
(8528621080, 1)
(283, 0)
(8619999163, 0)
(286, 0)
(8711377246, 0)
(289, 1)
(8802755329, 1)
(292, 1)
(8894133412, 2)
(295, 2)
(8985511495, 2)
(298, 0)
(9076889578, 0)
(301, 2)
(9168267661, 1)
(304, 0)
(9259645744, 0)
(307, 0)
(9351023827, 0)
(310, 1)
(9442401910, 2)
(313, 2)
(9533779993, 2)
(316, 2)
(9625158076, 2)
(319, 1)
(9716536159, 1)
(322, 1)
(9807914242, 1)
(325, 2)
(9899292325, 1)
(328, 1)
(9990670408, 1)
(331, 0)
(10082048491, 0)
(334, 0)
(10173426574, 0)
(337, 2)
(10264804657, 1)
(340, 1)
(10356182740, 2)
(343, 2)
(10447560823, 2)
(346, 2)
(10538938906, 1)
(349, 2)
(10630316989, 1)
(352, 1)
(10721695072, 1)
(355, 0)
(10813073155, 0)
(358, 0)
(10904451238, 0)
(361, 0)
(10995829321, 0)
(364, 0)
(11087207404, 0)
(367, 0)
(11178585487, 0)
(370, 0)
(11269963570, 0)
(373, 1)
(11361341653, 2)
(376, 2)
(11452719736, 2)
(379, 0)
(11544097819, 0)
(382, 1)
(11635475902, 1)
(385, 2)
(11726853985, 2)
(388, 1)
(11818232068, 2)
(391, 2)
(11909610151, 1)
(394, 2)
(12000988234, 1)
(397, 0)
(12092366317, 0)
(400, 2)
(12183744400, 2)
(403, 0)
(12275122483, 0)
(406, 2)
(12366500566, 2)
(409, 1)
(12457878649, 1)
(412, 2)
(12549256732, 1)
(415, 1)
(12640634815, 2)
(418, 1)
(12732012898, 2)
(421, 1)
(12823390981, 1)
(424, 0)
(12914769064, 0)
(427, 0)
(13006147147, 0)
(430, 0)
(13097525230, 0)
(433, 0)
(13188903313, 0)
(436, 0)
(13280281396, 0)
(439, 0)
(13371659479, 0)
(442, 1)
(13463037562, 1)
(445, 2)
(13554415645, 2)
(448, 1)
(13645793728, 1)
(451, 0)
(13737171811, 0)
(454, 1)
(13828549894, 2)
(457, 2)
(13919927977, 1)
(460, 0)
(14011306060, 0)
(463, 1)
(14102684143, 2)
(466, 1)
(14194062226, 2)
(469, 1)
(14285440309, 2)
(472, 0)
(14376818392, 0)
(475, 0)
(14468196475, 0)
(478, 1)
(14559574558, 2)
(481, 1)
(14650952641, 1)
(484, 2)
(14742330724, 2)
(487, 1)
(14833708807, 2)
(490, 1)
(14925086890, 1)
(493, 0)
(15016464973, 0)
(496, 0)
(15107843056, 0)
(499, 0)
(15199221139, 0)
(502, 1)
(15290599222, 1)
(505, 2)
(15381977305, 2)
(508, 2)
(15473355388, 2)
(511, 2)
(15564733471, 1)
(514, 2)
(15656111554, 2)
(517, 0)
(15747489637, 0)
(520, 1)
(15838867720, 2)
(523, 0)
(15930245803, 0)
(526, 0)
(16021623886, 0)
(529, 2)
(16113001969, 2)
(532, 1)
(16204380052, 2)
(535, 2)
(16295758135, 1)
(538, 2)
(16387136218, 1)
(541, 1)
(16478514301, 1)
(544, 2)
(16569892384, 1)
(547, 0)
(16661270467, 0)
(550, 1)
(16752648550, 1)
(553, 2)
(16844026633, 2)
(556, 0)
(16935404716, 0)
(559, 1)
(17026782799, 1)
(562, 1)
(17118160882, 1)
(565, 0)
(17209538965, 0)
(568, 1)
(17300917048, 1)
(571, 0)
(17392295131, 0)
(574, 2)
(17483673214, 2)
(577, 2)
(17575051297, 2)
(580, 2)
(17666429380, 2)
(583, 2)
(17757807463, 2)
(586, 0)
(17849185546, 0)
(589, 1)
(17940563629, 1)
(592, 1)
(18031941712, 2)
(595, 0)
(18123319795, 0)
(598, 1)
(18214697878, 2)
(601, 2)
(18306075961, 1)
(604, 1)
(18397454044, 1)
(607, 1)
(18488832127, 2)
(610, 0)
(18580210210, 0)
(613, 1)
(18671588293, 2)
(616, 2)
(18762966376, 2)
(619, 0)
(18854344459, 0)
(622, 0)
(18945722542, 0)
(625, 2)
(19037100625, 2)
(628, 0)
(19128478708, 0)
(631, 1)
(19219856791, 1)
(634, 1)
(19311234874, 2)
(637, 2)
(19402612957, 1)
(640, 2)
(19493991040, 2)
(643, 0)
(19585369123, 0)
(646, 2)
(19676747206, 2)
(649, 2)
(19768125289, 2)
(652, 0)
(19859503372, 0)
(655, 0)
(19950881455, 0)
(658, 1)
(20042259538, 1)
(661, 0)
(20133637621, 0)
(664, 1)
(20225015704, 2)
(667, 0)
(20316393787, 0)
(670, 0)
(20407771870, 0)
(673, 0)
(20499149953, 0)
(676, 2)
(20590528036, 2)
(679, 0)
(20681906119, 0)
(682, 0)
(20773284202, 0)
(685, 0)
(20864662285, 0)
(688, 0)
(20956040368, 0)
(691, 0)
(21047418451, 0)
(694, 2)
(21138796534, 2)
(697, 2)
(21230174617, 1)
(700, 1)
(21321552700, 1)
(703, 2)
(21412930783, 2)
(706, 0)
(21504308866, 0)
(709, 1)
(21595686949, 2)
(712, 2)
(21687065032, 2)
(715, 0)
(21778443115, 0)
(718, 0)
(21869821198, 0)
(721, 1)
(21961199281, 2)
(724, 1)
(22052577364, 2)
(727, 1)
(22143955447, 1)
(730, 0)
(22235333530, 0)
(733, 2)
(22326711613, 2)
(736, 2)
(22418089696, 2)
(739, 0)
(22509467779, 0)
(742, 1)
(22600845862, 1)
(745, 1)
(22692223945, 1)
(748, 0)
(22783602028, 0)
(751, 0)
(22874980111, 0)
(754, 1)
(22966358194, 2)
(757, 1)
(23057736277, 2)
(760, 1)
(23149114360, 2)
(763, 0)
(23240492443, 0)
(766, 0)
(23331870526, 0)
(769, 2)
(23423248609, 2)
(772, 1)
(23514626692, 2)
(775, 0)
(23606004775, 0)
(778, 1)
(23697382858, 1)
(781, 2)
(23788760941, 2)
(784, 0)
(23880139024, 0)
(787, 0)
(23971517107, 0)
(790, 2)
(24062895190, 2)
(793, 2)
(24154273273, 2)
(796, 0)
(24245651356, 0)
(799, 1)
(24337029439, 2)
(802, 0)
(24428407522, 0)
(805, 1)
(24519785605, 1)
(808, 0)
(24611163688, 0)
(811, 0)
(24702541771, 0)
(814, 0)
(24793919854, 0)
(817, 0)
(24885297937, 0)
(820, 2)
(24976676020, 2)
(823, 0)
(25068054103, 0)
(826, 0)
(25159432186, 0)
(829, 1)
(25250810269, 1)
(832, 2)
(25342188352, 1)
(835, 0)
(25433566435, 0)
(838, 1)
(25524944518, 1)
(841, 1)
(25616322601, 1)
(844, 0)
(25707700684, 0)
(847, 2)
(25799078767, 2)
(850, 1)
(25890456850, 2)
