(1, 2)
(2505889, 2)
(4, 2)
(10023556, 2)
(7, 1)
(17541223, 2)
(10, 1)
(25058890, 2)
(13, 2)
(32576557, 2)
(16, 1)
(40094224, 1)
(19, 0)
(47611891, 0)
(22, 1)
(55129558, 1)
(25, 1)
(62647225, 1)
(28, 1)
(70164892, 2)
(31, 0)
(77682559, 0)
(34, 2)
(85200226, 2)
(37, 2)
(92717893, 1)
(40, 2)
(100235560, 1)
(43, 0)
(107753227, 0)
(46, 2)
(115270894, 2)
(49, 0)
(122788561, 0)
(52, 2)
(130306228, 2)
(55, 1)
(137823895, 2)
(58, 1)
(145341562, 2)
(61, 0)
(152859229, 0)
(64, 2)
(160376896, 2)
(67, 0)
(167894563, 0)
(70, 2)
(175412230, 2)
(73, 1)
(182929897, 1)
(76, 0)
(190447564, 0)
(79, 2)
(197965231, 2)
(82, 2)
(205482898, 2)
(85, 1)
(213000565, 2)
(88, 2)
(220518232, 2)
(91, 0)
(228035899, 0)
(94, 1)
(235553566, 2)
(97, 1)
(243071233, 1)
(100, 1)
(250588900, 1)
(103, 2)
(258106567, 1)
(106, 0)
(265624234, 0)
(109, 0)
(273141901, 0)
(112, 2)
(280659568, 1)
(115, 0)
(288177235, 0)
(118, 0)
(295694902, 0)
(121, 2)
(303212569, 2)
(124, 0)
(310730236, 0)
(127, 2)
(318247903, 2)
(130, 2)
(325765570, 1)
(133, 1)
(333283237, 1)
(136, 1)
(340800904, 1)
(139, 0)
(348318571, 0)
(142, 2)
(355836238, 2)
(145, 2)
(363353905, 2)
(148, 2)
(370871572, 1)
(151, 1)
(378389239, 1)
(154, 1)
(385906906, 2)
(157, 0)
(393424573, 0)
(160, 1)
(400942240, 2)
(163, 0)
(408459907, 0)
(166, 2)
(415977574, 2)
(169, 2)
(423495241, 2)
(172, 0)
(431012908, 0)
(175, 1)
(438530575, 2)
(178, 1)
(446048242, 2)
(181, 1)
(453565909, 1)
(184, 1)
(461083576, 1)
(187, 0)
(468601243, 0)
(190, 2)
(476118910, 2)
(193, 1)
(483636577, 2)
(196, 0)
(491154244, 0)
(199, 0)
(498671911, 0)
(202, 0)
(506189578, 0)
(205, 2)
(513707245, 1)
(208, 1)
(521224912, 1)
(211, 0)
(528742579, 0)
(214, 0)
(536260246, 0)
(217, 2)
(543777913, 2)
(220, 1)
(551295580, 2)
(223, 1)
(558813247, 1)
(226, 1)
(566330914, 1)
(229, 1)
(573848581, 1)
(232, 2)
(581366248, 1)
(235, 0)
(588883915, 0)
(238, 1)
(596401582, 2)
(241, 0)
(603919249, 0)
(244, 0)
(611436916, 0)
(247, 0)
(618954583, 0)
(250, 0)
(626472250, 0)
(253, 1)
(633989917, 1)
(256, 1)
(641507584, 1)
(259, 0)
(649025251, 0)
(262, 0)
(656542918, 0)
(265, 2)
(664060585, 1)
(268, 0)
(671578252, 0)
(271, 2)
(679095919, 1)
(274, 0)
(686613586, 0)
(277, 0)
(694131253, 0)
(280, 1)
(701648920, 1)
(283, 0)
(709166587, 0)
(286, 0)
(716684254, 0)
(289, 1)
(724201921, 1)
(292, 1)
(731719588, 1)
(295, 2)
(739237255, 2)
(298, 0)
(746754922, 0)
(301, 2)
(754272589, 2)
(304, 0)
(761790256, 0)
(307, 0)
(769307923, 0)
(310, 1)
(776825590, 1)
(313, 2)
(784343257, 2)
(316, 2)
(791860924, 2)
(319, 1)
(799378591, 2)
(322, 1)
(806896258, 2)
(325, 2)
(814413925, 2)
(328, 1)
(821931592, 1)
(331, 0)
(829449259, 0)
(334, 0)
(836966926, 0)
(337, 2)
(844484593, 1)
(340, 1)
(852002260, 2)
(343, 2)
(859519927, 1)
(346, 2)
(867037594, 1)
(349, 2)
(874555261, 1)
(352, 1)
(882072928, 1)
(355, 0)
(889590595, 0)
(358, 0)
(897108262, 0)
(361, 0)
(904625929, 0)
(364, 0)
(912143596, 0)
(367, 0)
(919661263, 0)
(370, 0)
(927178930, 0)
(373, 1)
(934696597, 1)
(376, 2)
(942214264, 1)
(379, 0)
(949731931, 0)
(382, 1)
(957249598, 1)
(385, 2)
(964767265, 2)
(388, 1)
(972284932, 1)
(391, 2)
(979802599, 2)
(394, 2)
(987320266, 2)
(397, 0)
(994837933, 0)
(400, 2)
(1002355600, 2)
(403, 0)
(1009873267, 0)
(406, 2)
(1017390934, 2)
(409, 1)
(1024908601, 1)
(412, 2)
(1032426268, 1)
(415, 1)
(1039943935, 2)
(418, 1)
(1047461602, 2)
(421, 1)
(1054979269, 1)
(424, 0)
(1062496936, 0)
(427, 0)
(1070014603, 0)
(430, 0)
(1077532270, 0)
(433, 0)
(1085049937, 0)
(436, 0)
(1092567604, 0)
(439, 0)
(1100085271, 0)
(442, 1)
(1107602938, 1)
(445, 2)
(1115120605, 2)
(448, 1)
(1122638272, 2)
(451, 0)
(1130155939, 0)
(454, 1)
(1137673606, 2)
(457, 2)
(1145191273, 1)
(460, 0)
(1152708940, 0)
(463, 1)
(1160226607, 2)
(466, 1)
(1167744274, 2)
(469, 1)
(1175261941, 2)
(472, 0)
(1182779608, 0)
(475, 0)
(1190297275, 0)
(478, 1)
(1197814942, 1)
(481, 1)
(1205332609, 2)
(484, 2)
(1212850276, 2)
(487, 1)
(1220367943, 2)
(490, 1)
(1227885610, 2)
(493, 0)
(1235403277, 0)
(496, 0)
(1242920944, 0)
(499, 0)
(1250438611, 0)
(502, 1)
(1257956278, 1)
(505, 2)
(1265473945, 1)
(508, 2)
(1272991612, 2)
(511, 2)
(1280509279, 1)
(514, 2)
(1288026946, 1)
(517, 0)
(1295544613, 0)
(520, 1)
(1303062280, 2)
(523, 0)
(1310579947, 0)
(526, 0)
(1318097614, 0)
(529, 2)
(1325615281, 2)
(532, 1)
(1333132948, 1)
(535, 2)
(1340650615, 2)
(538, 2)
(1348168282, 1)
(541, 1)
(1355685949, 2)
(544, 2)
(1363203616, 2)
(547, 0)
(1370721283, 0)
(550, 1)
(1378238950, 1)
(553, 2)
(1385756617, 1)
(556, 0)
(1393274284, 0)
(559, 1)
(1400791951, 2)
(562, 1)
(1408309618, 2)
(565, 0)
(1415827285, 0)
(568, 1)
(1423344952, 1)
(571, 0)
(1430862619, 0)
(574, 2)
(1438380286, 1)
(577, 2)
(1445897953, 1)
(580, 2)
(1453415620, 2)
(583, 2)
(1460933287, 2)
(586, 0)
(1468450954, 0)
(589, 1)
(1475968621, 1)
(592, 1)
(1483486288, 2)
(595, 0)
(1491003955, 0)
(598, 1)
(1498521622, 1)
(601, 2)
(1506039289, 1)
(604, 1)
(1513556956, 1)
(607, 1)
(1521074623, 2)
(610, 0)
(1528592290, 0)
(613, 1)
(1536109957, 1)
(616, 2)
(1543627624, 1)
(619, 0)
(1551145291, 0)
(622, 0)
(1558662958, 0)
(625, 2)
(1566180625, 2)
(628, 0)
(1573698292, 0)
(631, 1)
(1581215959, 1)
(634, 1)
(1588733626, 2)
(637, 2)
(1596251293, 2)
(640, 2)
(1603768960, 1)
(643, 0)
(1611286627, 0)
(646, 2)
(1618804294, 1)
(649, 2)
(1626321961, 1)
(652, 0)
(1633839628, 0)
(655, 0)
(1641357295, 0)
(658, 1)
(1648874962, 1)
(661, 0)
(1656392629, 0)
(664, 1)
(1663910296, 1)
(667, 0)
(1671427963, 0)
(670, 0)
(1678945630, 0)
(673, 0)
(1686463297, 0)
(676, 2)
(1693980964, 2)
(679, 0)
(1701498631, 0)
(682, 0)
(1709016298, 0)
(685, 0)
(1716533965, 0)
(688, 0)
(1724051632, 0)
(691, 0)
(1731569299, 0)
(694, 2)
(1739086966, 2)
(697, 2)
(1746604633, 2)
(700, 1)
(1754122300, 2)
(703, 2)
(1761639967, 2)
(706, 0)
(1769157634, 0)
(709, 1)
(1776675301, 1)
(712, 2)
(1784192968, 1)
(715, 0)
(1791710635, 0)
(718, 0)
(1799228302, 0)
(721, 1)
(1806745969, 1)
(724, 1)
(1814263636, 1)
(727, 1)
(1821781303, 1)
(730, 0)
(1829298970, 0)
(733, 2)
(1836816637, 1)
(736, 2)
(1844334304, 2)
(739, 0)
(1851851971, 0)
(742, 1)
(1859369638, 2)
(745, 1)
(1866887305, 1)
(748, 0)
(1874404972, 0)
(751, 0)
(1881922639, 0)
(754, 1)
(1889440306, 2)
(757, 1)
(1896957973, 2)
(760, 1)
(1904475640, 1)
(763, 0)
(1911993307, 0)
(766, 0)
(1919510974, 0)
(769, 2)
(1927028641, 2)
(772, 1)
(1934546308, 2)
(775, 0)
(1942063975, 0)
(778, 1)
(1949581642, 2)
(781, 2)
(1957099309, 2)
(784, 0)
(1964616976, 0)
(787, 0)
(1972134643, 0)
(790, 2)
(1979652310, 1)
(793, 2)
(1987169977, 2)
(796, 0)
(1994687644, 0)
(799, 1)
(2002205311, 2)
(802, 0)
(2009722978, 0)
(805, 1)
(2017240645, 1)
(808, 0)
(2024758312, 0)
(811, 0)
(2032275979, 0)
(814, 0)
(2039793646, 0)
(817, 0)
(2047311313, 0)
(820, 2)
(2054828980, 1)
(823, 0)
(2062346647, 0)
(826, 0)
(2069864314, 0)
(829, 1)
(2077381981, 1)
(832, 2)
(2084899648, 2)
(835, 0)
(2092417315, 0)
(838, 1)
(2099934982, 2)
(841, 1)
(2107452649, 1)
(844, 0)
(2114970316, 0)
(847, 2)
(2122487983, 1)
(850, 1)
(2130005650, 1)
