(1, 2)
(17032129, 2)
(4, 2)
(68128516, 2)
(7, 1)
(119224903, 2)
(10, 1)
(170321290, 2)
(13, 2)
(221417677, 1)
(16, 1)
(272514064, 1)
(19, 0)
(323610451, 0)
(22, 1)
(374706838, 1)
(25, 1)
(425803225, 1)
(28, 1)
(476899612, 2)
(31, 0)
(527995999, 0)
(34, 2)
(579092386, 2)
(37, 2)
(630188773, 1)
(40, 2)
(681285160, 1)
(43, 0)
(732381547, 0)
(46, 2)
(783477934, 2)
(49, 0)
(834574321, 0)
(52, 2)
(885670708, 1)
(55, 1)
(936767095, 2)
(58, 1)
(987863482, 1)
(61, 0)
(1038959869, 0)
(64, 2)
(1090056256, 2)
(67, 0)
(1141152643, 0)
(70, 2)
(1192249030, 2)
(73, 1)
(1243345417, 2)
(76, 0)
(1294441804, 0)
(79, 2)
(1345538191, 1)
(82, 2)
(1396634578, 1)
(85, 1)
(1447730965, 2)
(88, 2)
(1498827352, 2)
(91, 0)
(1549923739, 0)
(94, 1)
(1601020126, 1)
(97, 1)
(1652116513, 1)
(100, 1)
(1703212900, 1)
(103, 2)
(1754309287, 1)
(106, 0)
(1805405674, 0)
(109, 0)
(1856502061, 0)
(112, 2)
(1907598448, 1)
(115, 0)
(1958694835, 0)
(118, 0)
(2009791222, 0)
(121, 2)
(2060887609, 2)
(124, 0)
(2111983996, 0)
(127, 2)
(2163080383, 2)
(130, 2)
(2214176770, 2)
(133, 1)
(2265273157, 1)
(136, 1)
(2316369544, 1)
(139, 0)
(2367465931, 0)
(142, 2)
(2418562318, 1)
(145, 2)
(2469658705, 1)
(148, 2)
(2520755092, 1)
(151, 1)
(2571851479, 2)
(154, 1)
(2622947866, 2)
(157, 0)
(2674044253, 0)
(160, 1)
(2725140640, 2)
(163, 0)
(2776237027, 0)
(166, 2)
(2827333414, 2)
(169, 2)
(2878429801, 2)
(172, 0)
(2929526188, 0)
(175, 1)
(2980622575, 2)
(178, 1)
(3031718962, 2)
(181, 1)
(3082815349, 1)
(184, 1)
(3133911736, 1)
(187, 0)
(3185008123, 0)
(190, 2)
(3236104510, 2)
(193, 1)
(3287200897, 2)
(196, 0)
(3338297284, 0)
(199, 0)
(3389393671, 0)
(202, 0)
(3440490058, 0)
(205, 2)
(3491586445, 2)
(208, 1)
(3542682832, 2)
(211, 0)
(3593779219, 0)
(214, 0)
(3644875606, 0)
(217, 2)
(3695971993, 2)
(220, 1)
(3747068380, 2)
(223, 1)
(3798164767, 1)
(226, 1)
(3849261154, 2)
(229, 1)
(3900357541, 1)
(232, 2)
(3951453928, 2)
(235, 0)
(4002550315, 0)
(238, 1)
(4053646702, 2)
(241, 0)
(4104743089, 0)
(244, 0)
(4155839476, 0)
(247, 0)
(4206935863, 0)
(250, 0)
(4258032250, 0)
(253, 1)
(4309128637, 1)
(256, 1)
(4360225024, 1)
(259, 0)
(4411321411, 0)
(262, 0)
(4462417798, 0)
(265, 2)
(4513514185, 1)
(268, 0)
(4564610572, 0)
(271, 2)
(4615706959, 1)
(274, 0)
(4666803346, 0)
(277, 0)
(4717899733, 0)
(280, 1)
(4768996120, 1)
(283, 0)
(4820092507, 0)
(286, 0)
(4871188894, 0)
(289, 1)
(4922285281, 1)
(292, 1)
(4973381668, 2)
(295, 2)
(5024478055, 1)
(298, 0)
(5075574442, 0)
(301, 2)
(5126670829, 1)
(304, 0)
(5177767216, 0)
(307, 0)
(5228863603, 0)
(310, 1)
(5279959990, 1)
(313, 2)
(5331056377, 2)
(316, 2)
(5382152764, 1)
(319, 1)
(5433249151, 1)
(322, 1)
(5484345538, 2)
(325, 2)
(5535441925, 1)
(328, 1)
(5586538312, 2)
(331, 0)
(5637634699, 0)
(334, 0)
(5688731086, 0)
(337, 2)
(5739827473, 1)
(340, 1)
(5790923860, 2)
(343, 2)
(5842020247, 1)
(346, 2)
(5893116634, 2)
(349, 2)
(5944213021, 1)
(352, 1)
(5995309408, 1)
(355, 0)
(6046405795, 0)
(358, 0)
(6097502182, 0)
(361, 0)
(6148598569, 0)
(364, 0)
(6199694956, 0)
(367, 0)
(6250791343, 0)
(370, 0)
(6301887730, 0)
(373, 1)
(6352984117, 2)
(376, 2)
(6404080504, 2)
(379, 0)
(6455176891, 0)
(382, 1)
(6506273278, 1)
(385, 2)
(6557369665, 2)
(388, 1)
(6608466052, 1)
(391, 2)
(6659562439, 2)
(394, 2)
(6710658826, 2)
(397, 0)
(6761755213, 0)
(400, 2)
(6812851600, 2)
(403, 0)
(6863947987, 0)
(406, 2)
(6915044374, 1)
(409, 1)
(6966140761, 2)
(412, 2)
(7017237148, 1)
(415, 1)
(7068333535, 2)
(418, 1)
(7119429922, 2)
(421, 1)
(7170526309, 2)
(424, 0)
(7221622696, 0)
(427, 0)
(7272719083, 0)
(430, 0)
(7323815470, 0)
(433, 0)
(7374911857, 0)
(436, 0)
(7426008244, 0)
(439, 0)
(7477104631, 0)
(442, 1)
(7528201018, 2)
(445, 2)
(7579297405, 2)
(448, 1)
(7630393792, 2)
(451, 0)
(7681490179, 0)
(454, 1)
(7732586566, 1)
(457, 2)
(7783682953, 2)
(460, 0)
(7834779340, 0)
(463, 1)
(7885875727, 2)
(466, 1)
(7936972114, 2)
(469, 1)
(7988068501, 1)
(472, 0)
(8039164888, 0)
(475, 0)
(8090261275, 0)
(478, 1)
(8141357662, 2)
(481, 1)
(8192454049, 1)
(484, 2)
(8243550436, 2)
(487, 1)
(8294646823, 1)
(490, 1)
(8345743210, 2)
(493, 0)
(8396839597, 0)
(496, 0)
(8447935984, 0)
(499, 0)
(8499032371, 0)
(502, 1)
(8550128758, 1)
(505, 2)
(8601225145, 1)
(508, 2)
(8652321532, 2)
(511, 2)
(8703417919, 2)
(514, 2)
(8754514306, 2)
(517, 0)
(8805610693, 0)
(520, 1)
(8856707080, 1)
(523, 0)
(8907803467, 0)
(526, 0)
(8958899854, 0)
(529, 2)
(9009996241, 2)
(532, 1)
(9061092628, 1)
(535, 2)
(9112189015, 2)
(538, 2)
(9163285402, 2)
(541, 1)
(9214381789, 2)
(544, 2)
(9265478176, 2)
(547, 0)
(9316574563, 0)
(550, 1)
(9367670950, 1)
(553, 2)
(9418767337, 2)
(556, 0)
(9469863724, 0)
(559, 1)
(9520960111, 2)
(562, 1)
(9572056498, 2)
(565, 0)
(9623152885, 0)
(568, 1)
(9674249272, 2)
(571, 0)
(9725345659, 0)
(574, 2)
(9776442046, 2)
(577, 2)
(9827538433, 2)
(580, 2)
(9878634820, 1)
(583, 2)
(9929731207, 2)
(586, 0)
(9980827594, 0)
(589, 1)
(10031923981, 1)
(592, 1)
(10083020368, 2)
(595, 0)
(10134116755, 0)
(598, 1)
(10185213142, 2)
(601, 2)
(10236309529, 2)
(604, 1)
(10287405916, 2)
(607, 1)
(10338502303, 1)
(610, 0)
(10389598690, 0)
(613, 1)
(10440695077, 1)
(616, 2)
(10491791464, 1)
(619, 0)
(10542887851, 0)
(622, 0)
(10593984238, 0)
(625, 2)
(10645080625, 2)
(628, 0)
(10696177012, 0)
(631, 1)
(10747273399, 1)
(634, 1)
(10798369786, 1)
(637, 2)
(10849466173, 1)
(640, 2)
(10900562560, 1)
(643, 0)
(10951658947, 0)
(646, 2)
(11002755334, 1)
(649, 2)
(11053851721, 2)
(652, 0)
(11104948108, 0)
(655, 0)
(11156044495, 0)
(658, 1)
(11207140882, 2)
(661, 0)
(11258237269, 0)
(664, 1)
(11309333656, 1)
(667, 0)
(11360430043, 0)
(670, 0)
(11411526430, 0)
(673, 0)
(11462622817, 0)
(676, 2)
(11513719204, 2)
(679, 0)
(11564815591, 0)
(682, 0)
(11615911978, 0)
(685, 0)
(11667008365, 0)
(688, 0)
(11718104752, 0)
(691, 0)
(11769201139, 0)
(694, 2)
(11820297526, 1)
(697, 2)
(11871393913, 1)
(700, 1)
(11922490300, 2)
(703, 2)
(11973586687, 2)
(706, 0)
(12024683074, 0)
(709, 1)
(12075779461, 1)
(712, 2)
(12126875848, 1)
(715, 0)
(12177972235, 0)
(718, 0)
(12229068622, 0)
(721, 1)
(12280165009, 1)
(724, 1)
(12331261396, 1)
(727, 1)
(12382357783, 2)
(730, 0)
(12433454170, 0)
(733, 2)
(12484550557, 1)
(736, 2)
(12535646944, 2)
(739, 0)
(12586743331, 0)
(742, 1)
(12637839718, 2)
(745, 1)
(12688936105, 2)
(748, 0)
(12740032492, 0)
(751, 0)
(12791128879, 0)
(754, 1)
(12842225266, 2)
(757, 1)
(12893321653, 2)
(760, 1)
(12944418040, 1)
(763, 0)
(12995514427, 0)
(766, 0)
(13046610814, 0)
(769, 2)
(13097707201, 2)
(772, 1)
(13148803588, 2)
(775, 0)
(13199899975, 0)
(778, 1)
(13250996362, 2)
(781, 2)
(13302092749, 1)
(784, 0)
(13353189136, 0)
(787, 0)
(13404285523, 0)
(790, 2)
(13455381910, 2)
(793, 2)
(13506478297, 2)
(796, 0)
(13557574684, 0)
(799, 1)
(13608671071, 1)
(802, 0)
(13659767458, 0)
(805, 1)
(13710863845, 1)
(808, 0)
(13761960232, 0)
(811, 0)
(13813056619, 0)
(814, 0)
(13864153006, 0)
(817, 0)
(13915249393, 0)
(820, 2)
(13966345780, 2)
(823, 0)
(14017442167, 0)
(826, 0)
(14068538554, 0)
(829, 1)
(14119634941, 2)
(832, 2)
(14170731328, 1)
(835, 0)
(14221827715, 0)
(838, 1)
(14272924102, 1)
(841, 1)
(14324020489, 1)
(844, 0)
(14375116876, 0)
(847, 2)
(14426213263, 1)
(850, 1)
(14477309650, 1)
