(1, 2)
(62710561, 2)
(4, 2)
(250842244, 2)
(7, 1)
(438973927, 2)
(10, 1)
(627105610, 1)
(13, 2)
(815237293, 1)
(16, 1)
(1003368976, 1)
(19, 0)
(1191500659, 0)
(22, 1)
(1379632342, 1)
(25, 1)
(1567764025, 1)
(28, 1)
(1755895708, 2)
(31, 0)
(1944027391, 0)
(34, 2)
(2132159074, 1)
(37, 2)
(2320290757, 2)
(40, 2)
(2508422440, 2)
(43, 0)
(2696554123, 0)
(46, 2)
(2884685806, 2)
(49, 0)
(3072817489, 0)
(52, 2)
(3260949172, 1)
(55, 1)
(3449080855, 1)
(58, 1)
(3637212538, 2)
(61, 0)
(3825344221, 0)
(64, 2)
(4013475904, 2)
(67, 0)
(4201607587, 0)
(70, 2)
(4389739270, 1)
(73, 1)
(4577870953, 1)
(76, 0)
(4766002636, 0)
(79, 2)
(4954134319, 1)
(82, 2)
(5142266002, 1)
(85, 1)
(5330397685, 2)
(88, 2)
(5518529368, 2)
(91, 0)
(5706661051, 0)
(94, 1)
(5894792734, 1)
(97, 1)
(6082924417, 1)
(100, 1)
(6271056100, 1)
(103, 2)
(6459187783, 1)
(106, 0)
(6647319466, 0)
(109, 0)
(6835451149, 0)
(112, 2)
(7023582832, 1)
(115, 0)
(7211714515, 0)
(118, 0)
(7399846198, 0)
(121, 2)
(7587977881, 2)
(124, 0)
(7776109564, 0)
(127, 2)
(7964241247, 2)
(130, 2)
(8152372930, 1)
(133, 1)
(8340504613, 2)
(136, 1)
(8528636296, 2)
(139, 0)
(8716767979, 0)
(142, 2)
(8904899662, 1)
(145, 2)
(9093031345, 1)
(148, 2)
(9281163028, 2)
(151, 1)
(9469294711, 1)
(154, 1)
(9657426394, 2)
(157, 0)
(9845558077, 0)
(160, 1)
(10033689760, 1)
(163, 0)
(10221821443, 0)
(166, 2)
(10409953126, 2)
(169, 2)
(10598084809, 2)
(172, 0)
(10786216492, 0)
(175, 1)
(10974348175, 2)
(178, 1)
(11162479858, 1)
(181, 1)
(11350611541, 1)
(184, 1)
(11538743224, 1)
(187, 0)
(11726874907, 0)
(190, 2)
(11915006590, 2)
(193, 1)
(12103138273, 1)
(196, 0)
(12291269956, 0)
(199, 0)
(12479401639, 0)
(202, 0)
(12667533322, 0)
(205, 2)
(12855665005, 1)
(208, 1)
(13043796688, 2)
(211, 0)
(13231928371, 0)
(214, 0)
(13420060054, 0)
(217, 2)
(13608191737, 2)
(220, 1)
(13796323420, 1)
(223, 1)
(13984455103, 1)
(226, 1)
(14172586786, 1)
(229, 1)
(14360718469, 2)
(232, 2)
(14548850152, 1)
(235, 0)
(14736981835, 0)
(238, 1)
(14925113518, 1)
(241, 0)
(15113245201, 0)
(244, 0)
(15301376884, 0)
(247, 0)
(15489508567, 0)
(250, 0)
(15677640250, 0)
(253, 1)
(15865771933, 1)
(256, 1)
(16053903616, 1)
(259, 0)
(16242035299, 0)
(262, 0)
(16430166982, 0)
(265, 2)
(16618298665, 1)
(268, 0)
(16806430348, 0)
(271, 2)
(16994562031, 2)
(274, 0)
(17182693714, 0)
(277, 0)
(17370825397, 0)
(280, 1)
(17558957080, 2)
(283, 0)
(17747088763, 0)
(286, 0)
(17935220446, 0)
(289, 1)
(18123352129, 1)
(292, 1)
(18311483812, 1)
(295, 2)
(18499615495, 2)
(298, 0)
(18687747178, 0)
(301, 2)
(18875878861, 1)
(304, 0)
(19064010544, 0)
(307, 0)
(19252142227, 0)
(310, 1)
(19440273910, 2)
(313, 2)
(19628405593, 1)
(316, 2)
(19816537276, 1)
(319, 1)
(20004668959, 2)
(322, 1)
(20192800642, 2)
(325, 2)
(20380932325, 1)
(328, 1)
(20569064008, 2)
(331, 0)
(20757195691, 0)
(334, 0)
(20945327374, 0)
(337, 2)
(21133459057, 2)
(340, 1)
(21321590740, 2)
(343, 2)
(21509722423, 1)
(346, 2)
(21697854106, 1)
(349, 2)
(21885985789, 2)
(352, 1)
(22074117472, 1)
(355, 0)
(22262249155, 0)
(358, 0)
(22450380838, 0)
(361, 0)
(22638512521, 0)
(364, 0)
(22826644204, 0)
(367, 0)
(23014775887, 0)
(370, 0)
(23202907570, 0)
(373, 1)
(23391039253, 1)
(376, 2)
(23579170936, 2)
(379, 0)
(23767302619, 0)
(382, 1)
(23955434302, 1)
(385, 2)
(24143565985, 1)
(388, 1)
(24331697668, 1)
(391, 2)
(24519829351, 1)
(394, 2)
(24707961034, 2)
(397, 0)
(24896092717, 0)
(400, 2)
(25084224400, 2)
(403, 0)
(25272356083, 0)
(406, 2)
(25460487766, 2)
(409, 1)
(25648619449, 2)
(412, 2)
(25836751132, 1)
(415, 1)
(26024882815, 1)
(418, 1)
(26213014498, 1)
(421, 1)
(26401146181, 1)
(424, 0)
(26589277864, 0)
(427, 0)
(26777409547, 0)
(430, 0)
(26965541230, 0)
(433, 0)
(27153672913, 0)
(436, 0)
(27341804596, 0)
(439, 0)
(27529936279, 0)
(442, 1)
(27718067962, 1)
(445, 2)
(27906199645, 2)
(448, 1)
(28094331328, 2)
(451, 0)
(28282463011, 0)
(454, 1)
(28470594694, 1)
(457, 2)
(28658726377, 2)
(460, 0)
(28846858060, 0)
(463, 1)
(29034989743, 1)
(466, 1)
(29223121426, 2)
(469, 1)
(29411253109, 2)
(472, 0)
(29599384792, 0)
(475, 0)
(29787516475, 0)
(478, 1)
(29975648158, 2)
(481, 1)
(30163779841, 2)
(484, 2)
(30351911524, 2)
(487, 1)
(30540043207, 2)
(490, 1)
(30728174890, 1)
(493, 0)
(30916306573, 0)
(496, 0)
(31104438256, 0)
(499, 0)
(31292569939, 0)
(502, 1)
(31480701622, 1)
(505, 2)
(31668833305, 1)
(508, 2)
(31856964988, 2)
(511, 2)
(32045096671, 1)
(514, 2)
(32233228354, 1)
(517, 0)
(32421360037, 0)
(520, 1)
(32609491720, 2)
(523, 0)
(32797623403, 0)
(526, 0)
(32985755086, 0)
(529, 2)
(33173886769, 2)
(532, 1)
(33362018452, 2)
(535, 2)
(33550150135, 1)
(538, 2)
(33738281818, 2)
(541, 1)
(33926413501, 1)
(544, 2)
(34114545184, 1)
(547, 0)
(34302676867, 0)
(550, 1)
(34490808550, 1)
(553, 2)
(34678940233, 2)
(556, 0)
(34867071916, 0)
(559, 1)
(35055203599, 2)
(562, 1)
(35243335282, 2)
(565, 0)
(35431466965, 0)
(568, 1)
(35619598648, 2)
(571, 0)
(35807730331, 0)
(574, 2)
(35995862014, 2)
(577, 2)
(36183993697, 2)
(580, 2)
(36372125380, 1)
(583, 2)
(36560257063, 1)
(586, 0)
(36748388746, 0)
(589, 1)
(36936520429, 2)
(592, 1)
(37124652112, 1)
(595, 0)
(37312783795, 0)
(598, 1)
(37500915478, 2)
(601, 2)
(37689047161, 1)
(604, 1)
(37877178844, 1)
(607, 1)
(38065310527, 2)
(610, 0)
(38253442210, 0)
(613, 1)
(38441573893, 2)
(616, 2)
(38629705576, 1)
(619, 0)
(38817837259, 0)
(622, 0)
(39005968942, 0)
(625, 2)
(39194100625, 2)
(628, 0)
(39382232308, 0)
(631, 1)
(39570363991, 1)
(634, 1)
(39758495674, 1)
(637, 2)
(39946627357, 1)
(640, 2)
(40134759040, 2)
(643, 0)
(40322890723, 0)
(646, 2)
(40511022406, 1)
(649, 2)
(40699154089, 2)
(652, 0)
(40887285772, 0)
(655, 0)
(41075417455, 0)
(658, 1)
(41263549138, 2)
(661, 0)
(41451680821, 0)
(664, 1)
(41639812504, 1)
(667, 0)
(41827944187, 0)
(670, 0)
(42016075870, 0)
(673, 0)
(42204207553, 0)
(676, 2)
(42392339236, 2)
(679, 0)
(42580470919, 0)
(682, 0)
(42768602602, 0)
(685, 0)
(42956734285, 0)
(688, 0)
(43144865968, 0)
(691, 0)
(43332997651, 0)
(694, 2)
(43521129334, 1)
(697, 2)
(43709261017, 2)
(700, 1)
(43897392700, 2)
(703, 2)
(44085524383, 2)
(706, 0)
(44273656066, 0)
(709, 1)
(44461787749, 2)
(712, 2)
(44649919432, 2)
(715, 0)
(44838051115, 0)
(718, 0)
(45026182798, 0)
(721, 1)
(45214314481, 1)
(724, 1)
(45402446164, 1)
(727, 1)
(45590577847, 2)
(730, 0)
(45778709530, 0)
(733, 2)
(45966841213, 2)
(736, 2)
(46154972896, 2)
(739, 0)
(46343104579, 0)
(742, 1)
(46531236262, 1)
(745, 1)
(46719367945, 1)
(748, 0)
(46907499628, 0)
(751, 0)
(47095631311, 0)
(754, 1)
(47283762994, 1)
(757, 1)
(47471894677, 2)
(760, 1)
(47660026360, 1)
(763, 0)
(47848158043, 0)
(766, 0)
(48036289726, 0)
(769, 2)
(48224421409, 2)
(772, 1)
(48412553092, 1)
(775, 0)
(48600684775, 0)
(778, 1)
(48788816458, 2)
(781, 2)
(48976948141, 1)
(784, 0)
(49165079824, 0)
(787, 0)
(49353211507, 0)
(790, 2)
(49541343190, 1)
(793, 2)
(49729474873, 2)
(796, 0)
(49917606556, 0)
(799, 1)
(50105738239, 2)
(802, 0)
(50293869922, 0)
(805, 1)
(50482001605, 2)
(808, 0)
(50670133288, 0)
(811, 0)
(50858264971, 0)
(814, 0)
(51046396654, 0)
(817, 0)
(51234528337, 0)
(820, 2)
(51422660020, 1)
(823, 0)
(51610791703, 0)
(826, 0)
(51798923386, 0)
(829, 1)
(51987055069, 1)
(832, 2)
(52175186752, 1)
(835, 0)
(52363318435, 0)
(838, 1)
(52551450118, 2)
(841, 1)
(52739581801, 1)
(844, 0)
(52927713484, 0)
(847, 2)
(53115845167, 1)
(850, 1)
(53303976850, 2)
