(1, 2)
(25877569, 2)
(4, 2)
(103510276, 2)
(7, 1)
(181142983, 1)
(10, 1)
(258775690, 2)
(13, 2)
(336408397, 2)
(16, 1)
(414041104, 1)
(19, 0)
(491673811, 0)
(22, 1)
(569306518, 2)
(25, 1)
(646939225, 1)
(28, 1)
(724571932, 1)
(31, 0)
(802204639, 0)
(34, 2)
(879837346, 2)
(37, 2)
(957470053, 1)
(40, 2)
(1035102760, 1)
(43, 0)
(1112735467, 0)
(46, 2)
(1190368174, 1)
(49, 0)
(1268000881, 0)
(52, 2)
(1345633588, 2)
(55, 1)
(1423266295, 1)
(58, 1)
(1500899002, 2)
(61, 0)
(1578531709, 0)
(64, 2)
(1656164416, 2)
(67, 0)
(1733797123, 0)
(70, 2)
(1811429830, 1)
(73, 1)
(1889062537, 1)
(76, 0)
(1966695244, 0)
(79, 2)
(2044327951, 1)
(82, 2)
(2121960658, 1)
(85, 1)
(2199593365, 2)
(88, 2)
(2277226072, 1)
(91, 0)
(2354858779, 0)
(94, 1)
(2432491486, 1)
(97, 1)
(2510124193, 1)
(100, 1)
(2587756900, 1)
(103, 2)
(2665389607, 2)
(106, 0)
(2743022314, 0)
(109, 0)
(2820655021, 0)
(112, 2)
(2898287728, 2)
(115, 0)
(2975920435, 0)
(118, 0)
(3053553142, 0)
(121, 2)
(3131185849, 2)
(124, 0)
(3208818556, 0)
(127, 2)
(3286451263, 2)
(130, 2)
(3364083970, 1)
(133, 1)
(3441716677, 1)
(136, 1)
(3519349384, 1)
(139, 0)
(3596982091, 0)
(142, 2)
(3674614798, 2)
(145, 2)
(3752247505, 2)
(148, 2)
(3829880212, 1)
(151, 1)
(3907512919, 1)
(154, 1)
(3985145626, 2)
(157, 0)
(4062778333, 0)
(160, 1)
(4140411040, 2)
(163, 0)
(4218043747, 0)
(166, 2)
(4295676454, 2)
(169, 2)
(4373309161, 2)
(172, 0)
(4450941868, 0)
(175, 1)
(4528574575, 1)
(178, 1)
(4606207282, 2)
(181, 1)
(4683839989, 2)
(184, 1)
(4761472696, 2)
(187, 0)
(4839105403, 0)
(190, 2)
(4916738110, 1)
(193, 1)
(4994370817, 1)
(196, 0)
(5072003524, 0)
(199, 0)
(5149636231, 0)
(202, 0)
(5227268938, 0)
(205, 2)
(5304901645, 2)
(208, 1)
(5382534352, 1)
(211, 0)
(5460167059, 0)
(214, 0)
(5537799766, 0)
(217, 2)
(5615432473, 2)
(220, 1)
(5693065180, 1)
(223, 1)
(5770697887, 2)
(226, 1)
(5848330594, 1)
(229, 1)
(5925963301, 1)
(232, 2)
(6003596008, 1)
(235, 0)
(6081228715, 0)
(238, 1)
(6158861422, 1)
(241, 0)
(6236494129, 0)
(244, 0)
(6314126836, 0)
(247, 0)
(6391759543, 0)
(250, 0)
(6469392250, 0)
(253, 1)
(6547024957, 1)
(256, 1)
(6624657664, 1)
(259, 0)
(6702290371, 0)
(262, 0)
(6779923078, 0)
(265, 2)
(6857555785, 1)
(268, 0)
(6935188492, 0)
(271, 2)
(7012821199, 2)
(274, 0)
(7090453906, 0)
(277, 0)
(7168086613, 0)
(280, 1)
(7245719320, 2)
(283, 0)
(7323352027, 0)
(286, 0)
(7400984734, 0)
(289, 1)
(7478617441, 1)
(292, 1)
(7556250148, 1)
(295, 2)
(7633882855, 1)
(298, 0)
(7711515562, 0)
(301, 2)
(7789148269, 1)
(304, 0)
(7866780976, 0)
(307, 0)
(7944413683, 0)
(310, 1)
(8022046390, 2)
(313, 2)
(8099679097, 2)
(316, 2)
(8177311804, 1)
(319, 1)
(8254944511, 1)
(322, 1)
(8332577218, 2)
(325, 2)
(8410209925, 2)
(328, 1)
(8487842632, 2)
(331, 0)
(8565475339, 0)
(334, 0)
(8643108046, 0)
(337, 2)
(8720740753, 2)
(340, 1)
(8798373460, 2)
(343, 2)
(8876006167, 2)
(346, 2)
(8953638874, 1)
(349, 2)
(9031271581, 2)
(352, 1)
(9108904288, 2)
(355, 0)
(9186536995, 0)
(358, 0)
(9264169702, 0)
(361, 0)
(9341802409, 0)
(364, 0)
(9419435116, 0)
(367, 0)
(9497067823, 0)
(370, 0)
(9574700530, 0)
(373, 1)
(9652333237, 2)
(376, 2)
(9729965944, 2)
(379, 0)
(9807598651, 0)
(382, 1)
(9885231358, 2)
(385, 2)
(9962864065, 2)
(388, 1)
(10040496772, 1)
(391, 2)
(10118129479, 1)
(394, 2)
(10195762186, 1)
(397, 0)
(10273394893, 0)
(400, 2)
(10351027600, 2)
(403, 0)
(10428660307, 0)
(406, 2)
(10506293014, 1)
(409, 1)
(10583925721, 1)
(412, 2)
(10661558428, 2)
(415, 1)
(10739191135, 2)
(418, 1)
(10816823842, 2)
(421, 1)
(10894456549, 1)
(424, 0)
(10972089256, 0)
(427, 0)
(11049721963, 0)
(430, 0)
(11127354670, 0)
(433, 0)
(11204987377, 0)
(436, 0)
(11282620084, 0)
(439, 0)
(11360252791, 0)
(442, 1)
(11437885498, 1)
(445, 2)
(11515518205, 2)
(448, 1)
(11593150912, 1)
(451, 0)
(11670783619, 0)
(454, 1)
(11748416326, 1)
(457, 2)
(11826049033, 1)
(460, 0)
(11903681740, 0)
(463, 1)
(11981314447, 2)
(466, 1)
(12058947154, 2)
(469, 1)
(12136579861, 2)
(472, 0)
(12214212568, 0)
(475, 0)
(12291845275, 0)
(478, 1)
(12369477982, 2)
(481, 1)
(12447110689, 2)
(484, 2)
(12524743396, 2)
(487, 1)
(12602376103, 1)
(490, 1)
(12680008810, 2)
(493, 0)
(12757641517, 0)
(496, 0)
(12835274224, 0)
(499, 0)
(12912906931, 0)
(502, 1)
(12990539638, 2)
(505, 2)
(13068172345, 1)
(508, 2)
(13145805052, 2)
(511, 2)
(13223437759, 2)
(514, 2)
(13301070466, 1)
(517, 0)
(13378703173, 0)
(520, 1)
(13456335880, 2)
(523, 0)
(13533968587, 0)
(526, 0)
(13611601294, 0)
(529, 2)
(13689234001, 2)
(532, 1)
(13766866708, 1)
(535, 2)
(13844499415, 1)
(538, 2)
(13922132122, 2)
(541, 1)
(13999764829, 2)
(544, 2)
(14077397536, 2)
(547, 0)
(14155030243, 0)
(550, 1)
(14232662950, 2)
(553, 2)
(14310295657, 1)
(556, 0)
(14387928364, 0)
(559, 1)
(14465561071, 2)
(562, 1)
(14543193778, 1)
(565, 0)
(14620826485, 0)
(568, 1)
(14698459192, 1)
(571, 0)
(14776091899, 0)
(574, 2)
(14853724606, 1)
(577, 2)
(14931357313, 2)
(580, 2)
(15008990020, 2)
(583, 2)
(15086622727, 1)
(586, 0)
(15164255434, 0)
(589, 1)
(15241888141, 1)
(592, 1)
(15319520848, 2)
(595, 0)
(15397153555, 0)
(598, 1)
(15474786262, 2)
(601, 2)
(15552418969, 1)
(604, 1)
(15630051676, 1)
(607, 1)
(15707684383, 1)
(610, 0)
(15785317090, 0)
(613, 1)
(15862949797, 1)
(616, 2)
(15940582504, 1)
(619, 0)
(16018215211, 0)
(622, 0)
(16095847918, 0)
(625, 2)
(16173480625, 2)
(628, 0)
(16251113332, 0)
(631, 1)
(16328746039, 2)
(634, 1)
(16406378746, 1)
(637, 2)
(16484011453, 2)
(640, 2)
(16561644160, 1)
(643, 0)
(16639276867, 0)
(646, 2)
(16716909574, 2)
(649, 2)
(16794542281, 1)
(652, 0)
(16872174988, 0)
(655, 0)
(16949807695, 0)
(658, 1)
(17027440402, 1)
(661, 0)
(17105073109, 0)
(664, 1)
(17182705816, 1)
(667, 0)
(17260338523, 0)
(670, 0)
(17337971230, 0)
(673, 0)
(17415603937, 0)
(676, 2)
(17493236644, 2)
(679, 0)
(17570869351, 0)
(682, 0)
(17648502058, 0)
(685, 0)
(17726134765, 0)
(688, 0)
(17803767472, 0)
(691, 0)
(17881400179, 0)
(694, 2)
(17959032886, 1)
(697, 2)
(18036665593, 1)
(700, 1)
(18114298300, 1)
(703, 2)
(18191931007, 1)
(706, 0)
(18269563714, 0)
(709, 1)
(18347196421, 2)
(712, 2)
(18424829128, 1)
(715, 0)
(18502461835, 0)
(718, 0)
(18580094542, 0)
(721, 1)
(18657727249, 1)
(724, 1)
(18735359956, 2)
(727, 1)
(18812992663, 1)
(730, 0)
(18890625370, 0)
(733, 2)
(18968258077, 1)
(736, 2)
(19045890784, 1)
(739, 0)
(19123523491, 0)
(742, 1)
(19201156198, 1)
(745, 1)
(19278788905, 1)
(748, 0)
(19356421612, 0)
(751, 0)
(19434054319, 0)
(754, 1)
(19511687026, 2)
(757, 1)
(19589319733, 1)
(760, 1)
(19666952440, 2)
(763, 0)
(19744585147, 0)
(766, 0)
(19822217854, 0)
(769, 2)
(19899850561, 1)
(772, 1)
(19977483268, 1)
(775, 0)
(20055115975, 0)
(778, 1)
(20132748682, 1)
(781, 2)
(20210381389, 1)
(784, 0)
(20288014096, 0)
(787, 0)
(20365646803, 0)
(790, 2)
(20443279510, 2)
(793, 2)
(20520912217, 1)
(796, 0)
(20598544924, 0)
(799, 1)
(20676177631, 1)
(802, 0)
(20753810338, 0)
(805, 1)
(20831443045, 1)
(808, 0)
(20909075752, 0)
(811, 0)
(20986708459, 0)
(814, 0)
(21064341166, 0)
(817, 0)
(21141973873, 0)
(820, 2)
(21219606580, 2)
(823, 0)
(21297239287, 0)
(826, 0)
(21374871994, 0)
(829, 1)
(21452504701, 2)
(832, 2)
(21530137408, 2)
(835, 0)
(21607770115, 0)
(838, 1)
(21685402822, 2)
(841, 1)
(21763035529, 1)
(844, 0)
(21840668236, 0)
(847, 2)
(21918300943, 2)
(850, 1)
(21995933650, 1)
