(1, 2)
(11282881, 2)
(4, 2)
(45131524, 2)
(7, 1)
(78980167, 1)
(10, 1)
(112828810, 1)
(13, 2)
(146677453, 1)
(16, 1)
(180526096, 1)
(19, 0)
(214374739, 0)
(22, 1)
(248223382, 2)
(25, 1)
(282072025, 1)
(28, 1)
(315920668, 1)
(31, 0)
(349769311, 0)
(34, 2)
(383617954, 1)
(37, 2)
(417466597, 1)
(40, 2)
(451315240, 2)
(43, 0)
(485163883, 0)
(46, 2)
(519012526, 1)
(49, 0)
(552861169, 0)
(52, 2)
(586709812, 1)
(55, 1)
(620558455, 2)
(58, 1)
(654407098, 1)
(61, 0)
(688255741, 0)
(64, 2)
(722104384, 2)
(67, 0)
(755953027, 0)
(70, 2)
(789801670, 2)
(73, 1)
(823650313, 1)
(76, 0)
(857498956, 0)
(79, 2)
(891347599, 2)
(82, 2)
(925196242, 1)
(85, 1)
(959044885, 2)
(88, 2)
(992893528, 1)
(91, 0)
(1026742171, 0)
(94, 1)
(1060590814, 1)
(97, 1)
(1094439457, 1)
(100, 1)
(1128288100, 1)
(103, 2)
(1162136743, 1)
(106, 0)
(1195985386, 0)
(109, 0)
(1229834029, 0)
(112, 2)
(1263682672, 2)
(115, 0)
(1297531315, 0)
(118, 0)
(1331379958, 0)
(121, 2)
(1365228601, 2)
(124, 0)
(1399077244, 0)
(127, 2)
(1432925887, 2)
(130, 2)
(1466774530, 1)
(133, 1)
(1500623173, 1)
(136, 1)
(1534471816, 2)
(139, 0)
(1568320459, 0)
(142, 2)
(1602169102, 2)
(145, 2)
(1636017745, 2)
(148, 2)
(1669866388, 1)
(151, 1)
(1703715031, 2)
(154, 1)
(1737563674, 2)
(157, 0)
(1771412317, 0)
(160, 1)
(1805260960, 1)
(163, 0)
(1839109603, 0)
(166, 2)
(1872958246, 2)
(169, 2)
(1906806889, 2)
(172, 0)
(1940655532, 0)
(175, 1)
(1974504175, 1)
(178, 1)
(2008352818, 2)
(181, 1)
(2042201461, 1)
(184, 1)
(2076050104, 2)
(187, 0)
(2109898747, 0)
(190, 2)
(2143747390, 2)
(193, 1)
(2177596033, 2)
(196, 0)
(2211444676, 0)
(199, 0)
(2245293319, 0)
(202, 0)
(2279141962, 0)
(205, 2)
(2312990605, 1)
(208, 1)
(2346839248, 2)
(211, 0)
(2380687891, 0)
(214, 0)
(2414536534, 0)
(217, 2)
(2448385177, 2)
(220, 1)
(2482233820, 2)
(223, 1)
(2516082463, 2)
(226, 1)
(2549931106, 1)
(229, 1)
(2583779749, 1)
(232, 2)
(2617628392, 2)
(235, 0)
(2651477035, 0)
(238, 1)
(2685325678, 2)
(241, 0)
(2719174321, 0)
(244, 0)
(2753022964, 0)
(247, 0)
(2786871607, 0)
(250, 0)
(2820720250, 0)
(253, 1)
(2854568893, 1)
(256, 1)
(2888417536, 1)
(259, 0)
(2922266179, 0)
(262, 0)
(2956114822, 0)
(265, 2)
(2989963465, 1)
(268, 0)
(3023812108, 0)
(271, 2)
(3057660751, 2)
(274, 0)
(3091509394, 0)
(277, 0)
(3125358037, 0)
(280, 1)
(3159206680, 1)
(283, 0)
(3193055323, 0)
(286, 0)
(3226903966, 0)
(289, 1)
(3260752609, 1)
(292, 1)
(3294601252, 1)
(295, 2)
(3328449895, 2)
(298, 0)
(3362298538, 0)
(301, 2)
(3396147181, 2)
(304, 0)
(3429995824, 0)
(307, 0)
(3463844467, 0)
(310, 1)
(3497693110, 1)
(313, 2)
(3531541753, 1)
(316, 2)
(3565390396, 2)
(319, 1)
(3599239039, 2)
(322, 1)
(3633087682, 2)
(325, 2)
(3666936325, 1)
(328, 1)
(3700784968, 2)
(331, 0)
(3734633611, 0)
(334, 0)
(3768482254, 0)
(337, 2)
(3802330897, 1)
(340, 1)
(3836179540, 2)
(343, 2)
(3870028183, 2)
(346, 2)
(3903876826, 1)
(349, 2)
(3937725469, 1)
(352, 1)
(3971574112, 2)
(355, 0)
(4005422755, 0)
(358, 0)
(4039271398, 0)
(361, 0)
(4073120041, 0)
(364, 0)
(4106968684, 0)
(367, 0)
(4140817327, 0)
(370, 0)
(4174665970, 0)
(373, 1)
(4208514613, 2)
(376, 2)
(4242363256, 2)
(379, 0)
(4276211899, 0)
(382, 1)
(4310060542, 1)
(385, 2)
(4343909185, 1)
(388, 1)
(4377757828, 1)
(391, 2)
(4411606471, 2)
(394, 2)
(4445455114, 2)
(397, 0)
(4479303757, 0)
(400, 2)
(4513152400, 2)
(403, 0)
(4547001043, 0)
(406, 2)
(4580849686, 2)
(409, 1)
(4614698329, 2)
(412, 2)
(4648546972, 1)
(415, 1)
(4682395615, 1)
(418, 1)
(4716244258, 2)
(421, 1)
(4750092901, 1)
(424, 0)
(4783941544, 0)
(427, 0)
(4817790187, 0)
(430, 0)
(4851638830, 0)
(433, 0)
(4885487473, 0)
(436, 0)
(4919336116, 0)
(439, 0)
(4953184759, 0)
(442, 1)
(4987033402, 1)
(445, 2)
(5020882045, 1)
(448, 1)
(5054730688, 1)
(451, 0)
(5088579331, 0)
(454, 1)
(5122427974, 2)
(457, 2)
(5156276617, 1)
(460, 0)
(5190125260, 0)
(463, 1)
(5223973903, 2)
(466, 1)
(5257822546, 2)
(469, 1)
(5291671189, 2)
(472, 0)
(5325519832, 0)
(475, 0)
(5359368475, 0)
(478, 1)
(5393217118, 1)
(481, 1)
(5427065761, 1)
(484, 2)
(5460914404, 2)
(487, 1)
(5494763047, 1)
(490, 1)
(5528611690, 1)
(493, 0)
(5562460333, 0)
(496, 0)
(5596308976, 0)
(499, 0)
(5630157619, 0)
(502, 1)
(5664006262, 1)
(505, 2)
(5697854905, 1)
(508, 2)
(5731703548, 2)
(511, 2)
(5765552191, 2)
(514, 2)
(5799400834, 2)
(517, 0)
(5833249477, 0)
(520, 1)
(5867098120, 2)
(523, 0)
(5900946763, 0)
(526, 0)
(5934795406, 0)
(529, 2)
(5968644049, 2)
(532, 1)
(6002492692, 1)
(535, 2)
(6036341335, 1)
(538, 2)
(6070189978, 2)
(541, 1)
(6104038621, 2)
(544, 2)
(6137887264, 1)
(547, 0)
(6171735907, 0)
(550, 1)
(6205584550, 2)
(553, 2)
(6239433193, 2)
(556, 0)
(6273281836, 0)
(559, 1)
(6307130479, 2)
(562, 1)
(6340979122, 2)
(565, 0)
(6374827765, 0)
(568, 1)
(6408676408, 1)
(571, 0)
(6442525051, 0)
(574, 2)
(6476373694, 1)
(577, 2)
(6510222337, 1)
(580, 2)
(6544070980, 2)
(583, 2)
(6577919623, 2)
(586, 0)
(6611768266, 0)
(589, 1)
(6645616909, 1)
(592, 1)
(6679465552, 2)
(595, 0)
(6713314195, 0)
(598, 1)
(6747162838, 1)
(601, 2)
(6781011481, 1)
(604, 1)
(6814860124, 2)
(607, 1)
(6848708767, 2)
(610, 0)
(6882557410, 0)
(613, 1)
(6916406053, 2)
(616, 2)
(6950254696, 1)
(619, 0)
(6984103339, 0)
(622, 0)
(7017951982, 0)
(625, 2)
(7051800625, 2)
(628, 0)
(7085649268, 0)
(631, 1)
(7119497911, 1)
(634, 1)
(7153346554, 2)
(637, 2)
(7187195197, 1)
(640, 2)
(7221043840, 2)
(643, 0)
(7254892483, 0)
(646, 2)
(7288741126, 1)
(649, 2)
(7322589769, 1)
(652, 0)
(7356438412, 0)
(655, 0)
(7390287055, 0)
(658, 1)
(7424135698, 1)
(661, 0)
(7457984341, 0)
(664, 1)
(7491832984, 1)
(667, 0)
(7525681627, 0)
(670, 0)
(7559530270, 0)
(673, 0)
(7593378913, 0)
(676, 2)
(7627227556, 2)
(679, 0)
(7661076199, 0)
(682, 0)
(7694924842, 0)
(685, 0)
(7728773485, 0)
(688, 0)
(7762622128, 0)
(691, 0)
(7796470771, 0)
(694, 2)
(7830319414, 1)
(697, 2)
(7864168057, 2)
(700, 1)
(7898016700, 1)
(703, 2)
(7931865343, 1)
(706, 0)
(7965713986, 0)
(709, 1)
(7999562629, 1)
(712, 2)
(8033411272, 1)
(715, 0)
(8067259915, 0)
(718, 0)
(8101108558, 0)
(721, 1)
(8134957201, 2)
(724, 1)
(8168805844, 1)
(727, 1)
(8202654487, 2)
(730, 0)
(8236503130, 0)
(733, 2)
(8270351773, 1)
(736, 2)
(8304200416, 1)
(739, 0)
(8338049059, 0)
(742, 1)
(8371897702, 2)
(745, 1)
(8405746345, 1)
(748, 0)
(8439594988, 0)
(751, 0)
(8473443631, 0)
(754, 1)
(8507292274, 2)
(757, 1)
(8541140917, 1)
(760, 1)
(8574989560, 1)
(763, 0)
(8608838203, 0)
(766, 0)
(8642686846, 0)
(769, 2)
(8676535489, 2)
(772, 1)
(8710384132, 2)
(775, 0)
(8744232775, 0)
(778, 1)
(8778081418, 1)
(781, 2)
(8811930061, 1)
(784, 0)
(8845778704, 0)
(787, 0)
(8879627347, 0)
(790, 2)
(8913475990, 2)
(793, 2)
(8947324633, 1)
(796, 0)
(8981173276, 0)
(799, 1)
(9015021919, 2)
(802, 0)
(9048870562, 0)
(805, 1)
(9082719205, 2)
(808, 0)
(9116567848, 0)
(811, 0)
(9150416491, 0)
(814, 0)
(9184265134, 0)
(817, 0)
(9218113777, 0)
(820, 2)
(9251962420, 1)
(823, 0)
(9285811063, 0)
(826, 0)
(9319659706, 0)
(829, 1)
(9353508349, 2)
(832, 2)
(9387356992, 1)
(835, 0)
(9421205635, 0)
(838, 1)
(9455054278, 2)
(841, 1)
(9488902921, 1)
(844, 0)
(9522751564, 0)
(847, 2)
(9556600207, 2)
(850, 1)
(9590448850, 2)
