(1, 2)
(56055169, 2)
(4, 2)
(224220676, 2)
(7, 1)
(392386183, 2)
(10, 1)
(560551690, 2)
(13, 2)
(728717197, 2)
(16, 1)
(896882704, 1)
(19, 0)
(1065048211, 0)
(22, 1)
(1233213718, 1)
(25, 1)
(1401379225, 1)
(28, 1)
(1569544732, 2)
(31, 0)
(1737710239, 0)
(34, 2)
(1905875746, 1)
(37, 2)
(2074041253, 1)
(40, 2)
(2242206760, 1)
(43, 0)
(2410372267, 0)
(46, 2)
(2578537774, 1)
(49, 0)
(2746703281, 0)
(52, 2)
(2914868788, 2)
(55, 1)
(3083034295, 2)
(58, 1)
(3251199802, 1)
(61, 0)
(3419365309, 0)
(64, 2)
(3587530816, 2)
(67, 0)
(3755696323, 0)
(70, 2)
(3923861830, 2)
(73, 1)
(4092027337, 1)
(76, 0)
(4260192844, 0)
(79, 2)
(4428358351, 2)
(82, 2)
(4596523858, 2)
(85, 1)
(4764689365, 1)
(88, 2)
(4932854872, 2)
(91, 0)
(5101020379, 0)
(94, 1)
(5269185886, 2)
(97, 1)
(5437351393, 1)
(100, 1)
(5605516900, 1)
(103, 2)
(5773682407, 2)
(106, 0)
(5941847914, 0)
(109, 0)
(6110013421, 0)
(112, 2)
(6278178928, 1)
(115, 0)
(6446344435, 0)
(118, 0)
(6614509942, 0)
(121, 2)
(6782675449, 2)
(124, 0)
(6950840956, 0)
(127, 2)
(7119006463, 1)
(130, 2)
(7287171970, 1)
(133, 1)
(7455337477, 1)
(136, 1)
(7623502984, 2)
(139, 0)
(7791668491, 0)
(142, 2)
(7959833998, 1)
(145, 2)
(8127999505, 1)
(148, 2)
(8296165012, 1)
(151, 1)
(8464330519, 2)
(154, 1)
(8632496026, 2)
(157, 0)
(8800661533, 0)
(160, 1)
(8968827040, 2)
(163, 0)
(9136992547, 0)
(166, 2)
(9305158054, 1)
(169, 2)
(9473323561, 2)
(172, 0)
(9641489068, 0)
(175, 1)
(9809654575, 2)
(178, 1)
(9977820082, 1)
(181, 1)
(10145985589, 2)
(184, 1)
(10314151096, 2)
(187, 0)
(10482316603, 0)
(190, 2)
(10650482110, 2)
(193, 1)
(10818647617, 2)
(196, 0)
(10986813124, 0)
(199, 0)
(11154978631, 0)
(202, 0)
(11323144138, 0)
(205, 2)
(11491309645, 1)
(208, 1)
(11659475152, 1)
(211, 0)
(11827640659, 0)
(214, 0)
(11995806166, 0)
(217, 2)
(12163971673, 2)
(220, 1)
(12332137180, 2)
(223, 1)
(12500302687, 2)
(226, 1)
(12668468194, 2)
(229, 1)
(12836633701, 1)
(232, 2)
(13004799208, 2)
(235, 0)
(13172964715, 0)
(238, 1)
(13341130222, 1)
(241, 0)
(13509295729, 0)
(244, 0)
(13677461236, 0)
(247, 0)
(13845626743, 0)
(250, 0)
(14013792250, 0)
(253, 1)
(14181957757, 2)
(256, 1)
(14350123264, 1)
(259, 0)
(14518288771, 0)
(262, 0)
(14686454278, 0)
(265, 2)
(14854619785, 2)
(268, 0)
(15022785292, 0)
(271, 2)
(15190950799, 1)
(274, 0)
(15359116306, 0)
(277, 0)
(15527281813, 0)
(280, 1)
(15695447320, 1)
(283, 0)
(15863612827, 0)
(286, 0)
(16031778334, 0)
(289, 1)
(16199943841, 1)
(292, 1)
(16368109348, 1)
(295, 2)
(16536274855, 2)
(298, 0)
(16704440362, 0)
(301, 2)
(16872605869, 1)
(304, 0)
(17040771376, 0)
(307, 0)
(17208936883, 0)
(310, 1)
(17377102390, 1)
(313, 2)
(17545267897, 2)
(316, 2)
(17713433404, 2)
(319, 1)
(17881598911, 1)
(322, 1)
(18049764418, 1)
(325, 2)
(18217929925, 2)
(328, 1)
(18386095432, 1)
(331, 0)
(18554260939, 0)
(334, 0)
(18722426446, 0)
(337, 2)
(18890591953, 1)
(340, 1)
(19058757460, 1)
(343, 2)
(19226922967, 1)
(346, 2)
(19395088474, 1)
(349, 2)
(19563253981, 2)
(352, 1)
(19731419488, 1)
(355, 0)
(19899584995, 0)
(358, 0)
(20067750502, 0)
(361, 0)
(20235916009, 0)
(364, 0)
(20404081516, 0)
(367, 0)
(20572247023, 0)
(370, 0)
(20740412530, 0)
(373, 1)
(20908578037, 1)
(376, 2)
(21076743544, 1)
(379, 0)
(21244909051, 0)
(382, 1)
(21413074558, 1)
(385, 2)
(21581240065, 2)
(388, 1)
(21749405572, 1)
(391, 2)
(21917571079, 2)
(394, 2)
(22085736586, 2)
(397, 0)
(22253902093, 0)
(400, 2)
(22422067600, 2)
(403, 0)
(22590233107, 0)
(406, 2)
(22758398614, 1)
(409, 1)
(22926564121, 1)
(412, 2)
(23094729628, 2)
(415, 1)
(23262895135, 1)
(418, 1)
(23431060642, 2)
(421, 1)
(23599226149, 2)
(424, 0)
(23767391656, 0)
(427, 0)
(23935557163, 0)
(430, 0)
(24103722670, 0)
(433, 0)
(24271888177, 0)
(436, 0)
(24440053684, 0)
(439, 0)
(24608219191, 0)
(442, 1)
(24776384698, 2)
(445, 2)
(24944550205, 1)
(448, 1)
(25112715712, 2)
(451, 0)
(25280881219, 0)
(454, 1)
(25449046726, 1)
(457, 2)
(25617212233, 2)
(460, 0)
(25785377740, 0)
(463, 1)
(25953543247, 2)
(466, 1)
(26121708754, 1)
(469, 1)
(26289874261, 2)
(472, 0)
(26458039768, 0)
(475, 0)
(26626205275, 0)
(478, 1)
(26794370782, 1)
(481, 1)
(26962536289, 2)
(484, 2)
(27130701796, 2)
(487, 1)
(27298867303, 2)
(490, 1)
(27467032810, 2)
(493, 0)
(27635198317, 0)
(496, 0)
(27803363824, 0)
(499, 0)
(27971529331, 0)
(502, 1)
(28139694838, 2)
(505, 2)
(28307860345, 1)
(508, 2)
(28476025852, 1)
(511, 2)
(28644191359, 1)
(514, 2)
(28812356866, 2)
(517, 0)
(28980522373, 0)
(520, 1)
(29148687880, 2)
(523, 0)
(29316853387, 0)
(526, 0)
(29485018894, 0)
(529, 2)
(29653184401, 2)
(532, 1)
(29821349908, 1)
(535, 2)
(29989515415, 1)
(538, 2)
(30157680922, 2)
(541, 1)
(30325846429, 2)
(544, 2)
(30494011936, 1)
(547, 0)
(30662177443, 0)
(550, 1)
(30830342950, 1)
(553, 2)
(30998508457, 1)
(556, 0)
(31166673964, 0)
(559, 1)
(31334839471, 1)
(562, 1)
(31503004978, 1)
(565, 0)
(31671170485, 0)
(568, 1)
(31839335992, 2)
(571, 0)
(32007501499, 0)
(574, 2)
(32175667006, 1)
(577, 2)
(32343832513, 1)
(580, 2)
(32511998020, 1)
(583, 2)
(32680163527, 1)
(586, 0)
(32848329034, 0)
(589, 1)
(33016494541, 1)
(592, 1)
(33184660048, 2)
(595, 0)
(33352825555, 0)
(598, 1)
(33520991062, 2)
(601, 2)
(33689156569, 1)
(604, 1)
(33857322076, 2)
(607, 1)
(34025487583, 1)
(610, 0)
(34193653090, 0)
(613, 1)
(34361818597, 1)
(616, 2)
(34529984104, 1)
(619, 0)
(34698149611, 0)
(622, 0)
(34866315118, 0)
(625, 2)
(35034480625, 2)
(628, 0)
(35202646132, 0)
(631, 1)
(35370811639, 1)
(634, 1)
(35538977146, 1)
(637, 2)
(35707142653, 2)
(640, 2)
(35875308160, 1)
(643, 0)
(36043473667, 0)
(646, 2)
(36211639174, 2)
(649, 2)
(36379804681, 1)
(652, 0)
(36547970188, 0)
(655, 0)
(36716135695, 0)
(658, 1)
(36884301202, 1)
(661, 0)
(37052466709, 0)
(664, 1)
(37220632216, 2)
(667, 0)
(37388797723, 0)
(670, 0)
(37556963230, 0)
(673, 0)
(37725128737, 0)
(676, 2)
(37893294244, 2)
(679, 0)
(38061459751, 0)
(682, 0)
(38229625258, 0)
(685, 0)
(38397790765, 0)
(688, 0)
(38565956272, 0)
(691, 0)
(38734121779, 0)
(694, 2)
(38902287286, 2)
(697, 2)
(39070452793, 1)
(700, 1)
(39238618300, 2)
(703, 2)
(39406783807, 2)
(706, 0)
(39574949314, 0)
(709, 1)
(39743114821, 1)
(712, 2)
(39911280328, 2)
(715, 0)
(40079445835, 0)
(718, 0)
(40247611342, 0)
(721, 1)
(40415776849, 2)
(724, 1)
(40583942356, 2)
(727, 1)
(40752107863, 1)
(730, 0)
(40920273370, 0)
(733, 2)
(41088438877, 2)
(736, 2)
(41256604384, 1)
(739, 0)
(41424769891, 0)
(742, 1)
(41592935398, 1)
(745, 1)
(41761100905, 2)
(748, 0)
(41929266412, 0)
(751, 0)
(42097431919, 0)
(754, 1)
(42265597426, 1)
(757, 1)
(42433762933, 1)
(760, 1)
(42601928440, 1)
(763, 0)
(42770093947, 0)
(766, 0)
(42938259454, 0)
(769, 2)
(43106424961, 2)
(772, 1)
(43274590468, 2)
(775, 0)
(43442755975, 0)
(778, 1)
(43610921482, 1)
(781, 2)
(43779086989, 1)
(784, 0)
(43947252496, 0)
(787, 0)
(44115418003, 0)
(790, 2)
(44283583510, 1)
(793, 2)
(44451749017, 2)
(796, 0)
(44619914524, 0)
(799, 1)
(44788080031, 1)
(802, 0)
(44956245538, 0)
(805, 1)
(45124411045, 2)
(808, 0)
(45292576552, 0)
(811, 0)
(45460742059, 0)
(814, 0)
(45628907566, 0)
(817, 0)
(45797073073, 0)
(820, 2)
(45965238580, 1)
(823, 0)
(46133404087, 0)
(826, 0)
(46301569594, 0)
(829, 1)
(46469735101, 2)
(832, 2)
(46637900608, 2)
(835, 0)
(46806066115, 0)
(838, 1)
(46974231622, 2)
(841, 1)
(47142397129, 1)
(844, 0)
(47310562636, 0)
(847, 2)
(47478728143, 1)
(850, 1)
(47646893650, 2)
