(1, 2)
(96805921, 2)
(4, 2)
(387223684, 2)
(7, 1)
(677641447, 2)
(10, 1)
(968059210, 1)
(13, 2)
(1258476973, 1)
(16, 1)
(1548894736, 1)
(19, 0)
(1839312499, 0)
(22, 1)
(2129730262, 2)
(25, 1)
(2420148025, 1)
(28, 1)
(2710565788, 2)
(31, 0)
(3000983551, 0)
(34, 2)
(3291401314, 2)
(37, 2)
(3581819077, 2)
(40, 2)
(3872236840, 2)
(43, 0)
(4162654603, 0)
(46, 2)
(4453072366, 1)
(49, 0)
(4743490129, 0)
(52, 2)
(5033907892, 1)
(55, 1)
(5324325655, 2)
(58, 1)
(5614743418, 2)
(61, 0)
(5905161181, 0)
(64, 2)
(6195578944, 2)
(67, 0)
(6485996707, 0)
(70, 2)
(6776414470, 1)
(73, 1)
(7066832233, 1)
(76, 0)
(7357249996, 0)
(79, 2)
(7647667759, 2)
(82, 2)
(7938085522, 2)
(85, 1)
(8228503285, 1)
(88, 2)
(8518921048, 1)
(91, 0)
(8809338811, 0)
(94, 1)
(9099756574, 2)
(97, 1)
(9390174337, 2)
(100, 1)
(9680592100, 1)
(103, 2)
(9971009863, 2)
(106, 0)
(10261427626, 0)
(109, 0)
(10551845389, 0)
(112, 2)
(10842263152, 1)
(115, 0)
(11132680915, 0)
(118, 0)
(11423098678, 0)
(121, 2)
(11713516441, 2)
(124, 0)
(12003934204, 0)
(127, 2)
(12294351967, 1)
(130, 2)
(12584769730, 1)
(133, 1)
(12875187493, 1)
(136, 1)
(13165605256, 1)
(139, 0)
(13456023019, 0)
(142, 2)
(13746440782, 2)
(145, 2)
(14036858545, 1)
(148, 2)
(14327276308, 2)
(151, 1)
(14617694071, 1)
(154, 1)
(14908111834, 1)
(157, 0)
(15198529597, 0)
(160, 1)
(15488947360, 1)
(163, 0)
(15779365123, 0)
(166, 2)
(16069782886, 2)
(169, 2)
(16360200649, 2)
(172, 0)
(16650618412, 0)
(175, 1)
(16941036175, 2)
(178, 1)
(17231453938, 1)
(181, 1)
(17521871701, 1)
(184, 1)
(17812289464, 2)
(187, 0)
(18102707227, 0)
(190, 2)
(18393124990, 1)
(193, 1)
(18683542753, 1)
(196, 0)
(18973960516, 0)
(199, 0)
(19264378279, 0)
(202, 0)
(19554796042, 0)
(205, 2)
(19845213805, 2)
(208, 1)
(20135631568, 2)
(211, 0)
(20426049331, 0)
(214, 0)
(20716467094, 0)
(217, 2)
(21006884857, 1)
(220, 1)
(21297302620, 2)
(223, 1)
(21587720383, 1)
(226, 1)
(21878138146, 1)
(229, 1)
(22168555909, 2)
(232, 2)
(22458973672, 1)
(235, 0)
(22749391435, 0)
(238, 1)
(23039809198, 2)
(241, 0)
(23330226961, 0)
(244, 0)
(23620644724, 0)
(247, 0)
(23911062487, 0)
(250, 0)
(24201480250, 0)
(253, 1)
(24491898013, 1)
(256, 1)
(24782315776, 1)
(259, 0)
(25072733539, 0)
(262, 0)
(25363151302, 0)
(265, 2)
(25653569065, 1)
(268, 0)
(25943986828, 0)
(271, 2)
(26234404591, 1)
(274, 0)
(26524822354, 0)
(277, 0)
(26815240117, 0)
(280, 1)
(27105657880, 2)
(283, 0)
(27396075643, 0)
(286, 0)
(27686493406, 0)
(289, 1)
(27976911169, 1)
(292, 1)
(28267328932, 1)
(295, 2)
(28557746695, 1)
(298, 0)
(28848164458, 0)
(301, 2)
(29138582221, 2)
(304, 0)
(29428999984, 0)
(307, 0)
(29719417747, 0)
(310, 1)
(30009835510, 1)
(313, 2)
(30300253273, 1)
(316, 2)
(30590671036, 2)
(319, 1)
(30881088799, 1)
(322, 1)
(31171506562, 1)
(325, 2)
(31461924325, 1)
(328, 1)
(31752342088, 1)
(331, 0)
(32042759851, 0)
(334, 0)
(32333177614, 0)
(337, 2)
(32623595377, 1)
(340, 1)
(32914013140, 1)
(343, 2)
(33204430903, 1)
(346, 2)
(33494848666, 2)
(349, 2)
(33785266429, 2)
(352, 1)
(34075684192, 2)
(355, 0)
(34366101955, 0)
(358, 0)
(34656519718, 0)
(361, 0)
(34946937481, 0)
(364, 0)
(35237355244, 0)
(367, 0)
(35527773007, 0)
(370, 0)
(35818190770, 0)
(373, 1)
(36108608533, 2)
(376, 2)
(36399026296, 1)
(379, 0)
(36689444059, 0)
(382, 1)
(36979861822, 2)
(385, 2)
(37270279585, 2)
(388, 1)
(37560697348, 2)
(391, 2)
(37851115111, 1)
(394, 2)
(38141532874, 1)
(397, 0)
(38431950637, 0)
(400, 2)
(38722368400, 2)
(403, 0)
(39012786163, 0)
(406, 2)
(39303203926, 2)
(409, 1)
(39593621689, 1)
(412, 2)
(39884039452, 2)
(415, 1)
(40174457215, 1)
(418, 1)
(40464874978, 1)
(421, 1)
(40755292741, 2)
(424, 0)
(41045710504, 0)
(427, 0)
(41336128267, 0)
(430, 0)
(41626546030, 0)
(433, 0)
(41916963793, 0)
(436, 0)
(42207381556, 0)
(439, 0)
(42497799319, 0)
(442, 1)
(42788217082, 2)
(445, 2)
(43078634845, 2)
(448, 1)
(43369052608, 2)
(451, 0)
(43659470371, 0)
(454, 1)
(43949888134, 2)
(457, 2)
(44240305897, 2)
(460, 0)
(44530723660, 0)
(463, 1)
(44821141423, 2)
(466, 1)
(45111559186, 2)
(469, 1)
(45401976949, 2)
(472, 0)
(45692394712, 0)
(475, 0)
(45982812475, 0)
(478, 1)
(46273230238, 2)
(481, 1)
(46563648001, 2)
(484, 2)
(46854065764, 2)
(487, 1)
(47144483527, 1)
(490, 1)
(47434901290, 1)
(493, 0)
(47725319053, 0)
(496, 0)
(48015736816, 0)
(499, 0)
(48306154579, 0)
(502, 1)
(48596572342, 1)
(505, 2)
(48886990105, 1)
(508, 2)
(49177407868, 1)
(511, 2)
(49467825631, 1)
(514, 2)
(49758243394, 2)
(517, 0)
(50048661157, 0)
(520, 1)
(50339078920, 2)
(523, 0)
(50629496683, 0)
(526, 0)
(50919914446, 0)
(529, 2)
(51210332209, 2)
(532, 1)
(51500749972, 1)
(535, 2)
(51791167735, 1)
(538, 2)
(52081585498, 1)
(541, 1)
(52372003261, 1)
(544, 2)
(52662421024, 2)
(547, 0)
(52952838787, 0)
(550, 1)
(53243256550, 2)
(553, 2)
(53533674313, 1)
(556, 0)
(53824092076, 0)
(559, 1)
(54114509839, 1)
(562, 1)
(54404927602, 1)
(565, 0)
(54695345365, 0)
(568, 1)
(54985763128, 1)
(571, 0)
(55276180891, 0)
(574, 2)
(55566598654, 1)
(577, 2)
(55857016417, 1)
(580, 2)
(56147434180, 1)
(583, 2)
(56437851943, 2)
(586, 0)
(56728269706, 0)
(589, 1)
(57018687469, 2)
(592, 1)
(57309105232, 1)
(595, 0)
(57599522995, 0)
(598, 1)
(57889940758, 1)
(601, 2)
(58180358521, 1)
(604, 1)
(58470776284, 1)
(607, 1)
(58761194047, 1)
(610, 0)
(59051611810, 0)
(613, 1)
(59342029573, 2)
(616, 2)
(59632447336, 2)
(619, 0)
(59922865099, 0)
(622, 0)
(60213282862, 0)
(625, 2)
(60503700625, 2)
(628, 0)
(60794118388, 0)
(631, 1)
(61084536151, 1)
(634, 1)
(61374953914, 2)
(637, 2)
(61665371677, 1)
(640, 2)
(61955789440, 2)
(643, 0)
(62246207203, 0)
(646, 2)
(62536624966, 1)
(649, 2)
(62827042729, 2)
(652, 0)
(63117460492, 0)
(655, 0)
(63407878255, 0)
(658, 1)
(63698296018, 1)
(661, 0)
(63988713781, 0)
(664, 1)
(64279131544, 1)
(667, 0)
(64569549307, 0)
(670, 0)
(64859967070, 0)
(673, 0)
(65150384833, 0)
(676, 2)
(65440802596, 2)
(679, 0)
(65731220359, 0)
(682, 0)
(66021638122, 0)
(685, 0)
(66312055885, 0)
(688, 0)
(66602473648, 0)
(691, 0)
(66892891411, 0)
(694, 2)
(67183309174, 2)
(697, 2)
(67473726937, 2)
(700, 1)
(67764144700, 2)
(703, 2)
(68054562463, 1)
(706, 0)
(68344980226, 0)
(709, 1)
(68635397989, 1)
(712, 2)
(68925815752, 2)
(715, 0)
(69216233515, 0)
(718, 0)
(69506651278, 0)
(721, 1)
(69797069041, 2)
(724, 1)
(70087486804, 1)
(727, 1)
(70377904567, 2)
(730, 0)
(70668322330, 0)
(733, 2)
(70958740093, 2)
(736, 2)
(71249157856, 1)
(739, 0)
(71539575619, 0)
(742, 1)
(71829993382, 1)
(745, 1)
(72120411145, 1)
(748, 0)
(72410828908, 0)
(751, 0)
(72701246671, 0)
(754, 1)
(72991664434, 1)
(757, 1)
(73282082197, 2)
(760, 1)
(73572499960, 2)
(763, 0)
(73862917723, 0)
(766, 0)
(74153335486, 0)
(769, 2)
(74443753249, 1)
(772, 1)
(74734171012, 1)
(775, 0)
(75024588775, 0)
(778, 1)
(75315006538, 1)
(781, 2)
(75605424301, 1)
(784, 0)
(75895842064, 0)
(787, 0)
(76186259827, 0)
(790, 2)
(76476677590, 2)
(793, 2)
(76767095353, 2)
(796, 0)
(77057513116, 0)
(799, 1)
(77347930879, 2)
(802, 0)
(77638348642, 0)
(805, 1)
(77928766405, 1)
(808, 0)
(78219184168, 0)
(811, 0)
(78509601931, 0)
(814, 0)
(78800019694, 0)
(817, 0)
(79090437457, 0)
(820, 2)
(79380855220, 2)
(823, 0)
(79671272983, 0)
(826, 0)
(79961690746, 0)
(829, 1)
(80252108509, 1)
(832, 2)
(80542526272, 1)
(835, 0)
(80832944035, 0)
(838, 1)
(81123361798, 2)
(841, 1)
(81413779561, 1)
(844, 0)
(81704197324, 0)
(847, 2)
(81994615087, 1)
(850, 1)
(82285032850, 1)
