(1, 2)
(29931841, 2)
(4, 2)
(119727364, 2)
(7, 1)
(209522887, 2)
(10, 1)
(299318410, 1)
(13, 2)
(389113933, 1)
(16, 1)
(478909456, 1)
(19, 0)
(568704979, 0)
(22, 1)
(658500502, 2)
(25, 1)
(748296025, 1)
(28, 1)
(838091548, 2)
(31, 0)
(927887071, 0)
(34, 2)
(1017682594, 1)
(37, 2)
(1107478117, 1)
(40, 2)
(1197273640, 2)
(43, 0)
(1287069163, 0)
(46, 2)
(1376864686, 2)
(49, 0)
(1466660209, 0)
(52, 2)
(1556455732, 1)
(55, 1)
(1646251255, 2)
(58, 1)
(1736046778, 2)
(61, 0)
(1825842301, 0)
(64, 2)
(1915637824, 2)
(67, 0)
(2005433347, 0)
(70, 2)
(2095228870, 1)
(73, 1)
(2185024393, 1)
(76, 0)
(2274819916, 0)
(79, 2)
(2364615439, 1)
(82, 2)
(2454410962, 2)
(85, 1)
(2544206485, 2)
(88, 2)
(2634002008, 1)
(91, 0)
(2723797531, 0)
(94, 1)
(2813593054, 1)
(97, 1)
(2903388577, 2)
(100, 1)
(2993184100, 1)
(103, 2)
(3082979623, 2)
(106, 0)
(3172775146, 0)
(109, 0)
(3262570669, 0)
(112, 2)
(3352366192, 1)
(115, 0)
(3442161715, 0)
(118, 0)
(3531957238, 0)
(121, 2)
(3621752761, 2)
(124, 0)
(3711548284, 0)
(127, 2)
(3801343807, 2)
(130, 2)
(3891139330, 1)
(133, 1)
(3980934853, 2)
(136, 1)
(4070730376, 2)
(139, 0)
(4160525899, 0)
(142, 2)
(4250321422, 1)
(145, 2)
(4340116945, 1)
(148, 2)
(4429912468, 1)
(151, 1)
(4519707991, 1)
(154, 1)
(4609503514, 1)
(157, 0)
(4699299037, 0)
(160, 1)
(4789094560, 1)
(163, 0)
(4878890083, 0)
(166, 2)
(4968685606, 2)
(169, 2)
(5058481129, 2)
(172, 0)
(5148276652, 0)
(175, 1)
(5238072175, 2)
(178, 1)
(5327867698, 1)
(181, 1)
(5417663221, 2)
(184, 1)
(5507458744, 1)
(187, 0)
(5597254267, 0)
(190, 2)
(5687049790, 2)
(193, 1)
(5776845313, 1)
(196, 0)
(5866640836, 0)
(199, 0)
(5956436359, 0)
(202, 0)
(6046231882, 0)
(205, 2)
(6136027405, 2)
(208, 1)
(6225822928, 2)
(211, 0)
(6315618451, 0)
(214, 0)
(6405413974, 0)
(217, 2)
(6495209497, 1)
(220, 1)
(6585005020, 2)
(223, 1)
(6674800543, 2)
(226, 1)
(6764596066, 2)
(229, 1)
(6854391589, 1)
(232, 2)
(6944187112, 1)
(235, 0)
(7033982635, 0)
(238, 1)
(7123778158, 1)
(241, 0)
(7213573681, 0)
(244, 0)
(7303369204, 0)
(247, 0)
(7393164727, 0)
(250, 0)
(7482960250, 0)
(253, 1)
(7572755773, 2)
(256, 1)
(7662551296, 1)
(259, 0)
(7752346819, 0)
(262, 0)
(7842142342, 0)
(265, 2)
(7931937865, 1)
(268, 0)
(8021733388, 0)
(271, 2)
(8111528911, 2)
(274, 0)
(8201324434, 0)
(277, 0)
(8291119957, 0)
(280, 1)
(8380915480, 2)
(283, 0)
(8470711003, 0)
(286, 0)
(8560506526, 0)
(289, 1)
(8650302049, 1)
(292, 1)
(8740097572, 1)
(295, 2)
(8829893095, 2)
(298, 0)
(8919688618, 0)
(301, 2)
(9009484141, 2)
(304, 0)
(9099279664, 0)
(307, 0)
(9189075187, 0)
(310, 1)
(9278870710, 1)
(313, 2)
(9368666233, 2)
(316, 2)
(9458461756, 1)
(319, 1)
(9548257279, 1)
(322, 1)
(9638052802, 2)
(325, 2)
(9727848325, 1)
(328, 1)
(9817643848, 1)
(331, 0)
(9907439371, 0)
(334, 0)
(9997234894, 0)
(337, 2)
(10087030417, 2)
(340, 1)
(10176825940, 2)
(343, 2)
(10266621463, 1)
(346, 2)
(10356416986, 1)
(349, 2)
(10446212509, 1)
(352, 1)
(10536008032, 2)
(355, 0)
(10625803555, 0)
(358, 0)
(10715599078, 0)
(361, 0)
(10805394601, 0)
(364, 0)
(10895190124, 0)
(367, 0)
(10984985647, 0)
(370, 0)
(11074781170, 0)
(373, 1)
(11164576693, 1)
(376, 2)
(11254372216, 2)
(379, 0)
(11344167739, 0)
(382, 1)
(11433963262, 1)
(385, 2)
(11523758785, 2)
(388, 1)
(11613554308, 2)
(391, 2)
(11703349831, 1)
(394, 2)
(11793145354, 1)
(397, 0)
(11882940877, 0)
(400, 2)
(11972736400, 2)
(403, 0)
(12062531923, 0)
(406, 2)
(12152327446, 2)
(409, 1)
(12242122969, 1)
(412, 2)
(12331918492, 2)
(415, 1)
(12421714015, 1)
(418, 1)
(12511509538, 2)
(421, 1)
(12601305061, 2)
(424, 0)
(12691100584, 0)
(427, 0)
(12780896107, 0)
(430, 0)
(12870691630, 0)
(433, 0)
(12960487153, 0)
(436, 0)
(13050282676, 0)
(439, 0)
(13140078199, 0)
(442, 1)
(13229873722, 1)
(445, 2)
(13319669245, 2)
(448, 1)
(13409464768, 2)
(451, 0)
(13499260291, 0)
(454, 1)
(13589055814, 2)
(457, 2)
(13678851337, 1)
(460, 0)
(13768646860, 0)
(463, 1)
(13858442383, 2)
(466, 1)
(13948237906, 1)
(469, 1)
(14038033429, 2)
(472, 0)
(14127828952, 0)
(475, 0)
(14217624475, 0)
(478, 1)
(14307419998, 2)
(481, 1)
(14397215521, 1)
(484, 2)
(14487011044, 2)
(487, 1)
(14576806567, 1)
(490, 1)
(14666602090, 1)
(493, 0)
(14756397613, 0)
(496, 0)
(14846193136, 0)
(499, 0)
(14935988659, 0)
(502, 1)
(15025784182, 1)
(505, 2)
(15115579705, 2)
(508, 2)
(15205375228, 2)
(511, 2)
(15295170751, 1)
(514, 2)
(15384966274, 1)
(517, 0)
(15474761797, 0)
(520, 1)
(15564557320, 2)
(523, 0)
(15654352843, 0)
(526, 0)
(15744148366, 0)
(529, 2)
(15833943889, 2)
(532, 1)
(15923739412, 2)
(535, 2)
(16013534935, 1)
(538, 2)
(16103330458, 1)
(541, 1)
(16193125981, 2)
(544, 2)
(16282921504, 1)
(547, 0)
(16372717027, 0)
(550, 1)
(16462512550, 2)
(553, 2)
(16552308073, 2)
(556, 0)
(16642103596, 0)
(559, 1)
(16731899119, 1)
(562, 1)
(16821694642, 1)
(565, 0)
(16911490165, 0)
(568, 1)
(17001285688, 2)
(571, 0)
(17091081211, 0)
(574, 2)
(17180876734, 1)
(577, 2)
(17270672257, 1)
(580, 2)
(17360467780, 1)
(583, 2)
(17450263303, 2)
(586, 0)
(17540058826, 0)
(589, 1)
(17629854349, 1)
(592, 1)
(17719649872, 2)
(595, 0)
(17809445395, 0)
(598, 1)
(17899240918, 2)
(601, 2)
(17989036441, 1)
(604, 1)
(18078831964, 1)
(607, 1)
(18168627487, 2)
(610, 0)
(18258423010, 0)
(613, 1)
(18348218533, 1)
(616, 2)
(18438014056, 2)
(619, 0)
(18527809579, 0)
(622, 0)
(18617605102, 0)
(625, 2)
(18707400625, 2)
(628, 0)
(18797196148, 0)
(631, 1)
(18886991671, 2)
(634, 1)
(18976787194, 1)
(637, 2)
(19066582717, 1)
(640, 2)
(19156378240, 2)
(643, 0)
(19246173763, 0)
(646, 2)
(19335969286, 1)
(649, 2)
(19425764809, 1)
(652, 0)
(19515560332, 0)
(655, 0)
(19605355855, 0)
(658, 1)
(19695151378, 2)
(661, 0)
(19784946901, 0)
(664, 1)
(19874742424, 1)
(667, 0)
(19964537947, 0)
(670, 0)
(20054333470, 0)
(673, 0)
(20144128993, 0)
(676, 2)
(20233924516, 2)
(679, 0)
(20323720039, 0)
(682, 0)
(20413515562, 0)
(685, 0)
(20503311085, 0)
(688, 0)
(20593106608, 0)
(691, 0)
(20682902131, 0)
(694, 2)
(20772697654, 2)
(697, 2)
(20862493177, 1)
(700, 1)
(20952288700, 2)
(703, 2)
(21042084223, 1)
(706, 0)
(21131879746, 0)
(709, 1)
(21221675269, 1)
(712, 2)
(21311470792, 2)
(715, 0)
(21401266315, 0)
(718, 0)
(21491061838, 0)
(721, 1)
(21580857361, 2)
(724, 1)
(21670652884, 2)
(727, 1)
(21760448407, 1)
(730, 0)
(21850243930, 0)
(733, 2)
(21940039453, 1)
(736, 2)
(22029834976, 2)
(739, 0)
(22119630499, 0)
(742, 1)
(22209426022, 1)
(745, 1)
(22299221545, 1)
(748, 0)
(22389017068, 0)
(751, 0)
(22478812591, 0)
(754, 1)
(22568608114, 1)
(757, 1)
(22658403637, 2)
(760, 1)
(22748199160, 1)
(763, 0)
(22837994683, 0)
(766, 0)
(22927790206, 0)
(769, 2)
(23017585729, 1)
(772, 1)
(23107381252, 1)
(775, 0)
(23197176775, 0)
(778, 1)
(23286972298, 1)
(781, 2)
(23376767821, 2)
(784, 0)
(23466563344, 0)
(787, 0)
(23556358867, 0)
(790, 2)
(23646154390, 1)
(793, 2)
(23735949913, 1)
(796, 0)
(23825745436, 0)
(799, 1)
(23915540959, 2)
(802, 0)
(24005336482, 0)
(805, 1)
(24095132005, 2)
(808, 0)
(24184927528, 0)
(811, 0)
(24274723051, 0)
(814, 0)
(24364518574, 0)
(817, 0)
(24454314097, 0)
(820, 2)
(24544109620, 2)
(823, 0)
(24633905143, 0)
(826, 0)
(24723700666, 0)
(829, 1)
(24813496189, 2)
(832, 2)
(24903291712, 1)
(835, 0)
(24993087235, 0)
(838, 1)
(25082882758, 1)
(841, 1)
(25172678281, 1)
(844, 0)
(25262473804, 0)
(847, 2)
(25352269327, 1)
(850, 1)
(25442064850, 2)
