(1, 2)
(146689, 2)
(4, 2)
(586756, 2)
(7, 1)
(1026823, 1)
(10, 1)
(1466890, 2)
(13, 2)
(1906957, 1)
(16, 1)
(2347024, 1)
(19, 0)
(2787091, 0)
(22, 1)
(3227158, 2)
(25, 1)
(3667225, 1)
(28, 1)
(4107292, 1)
(31, 0)
(4547359, 0)
(34, 2)
(4987426, 2)
(37, 2)
(5427493, 1)
(40, 2)
(5867560, 1)
(43, 0)
(6307627, 0)
(46, 2)
(6747694, 2)
(49, 0)
(7187761, 0)
(52, 2)
(7627828, 1)
(55, 1)
(8067895, 1)
(58, 1)
(8507962, 1)
(61, 0)
(8948029, 0)
(64, 2)
(9388096, 2)
(67, 0)
(9828163, 0)
(70, 2)
(10268230, 1)
(73, 1)
(10708297, 1)
(76, 0)
(11148364, 0)
(79, 2)
(11588431, 1)
(82, 2)
(12028498, 1)
(85, 1)
(12468565, 2)
(88, 2)
(12908632, 1)
(91, 0)
(13348699, 0)
(94, 1)
(13788766, 2)
(97, 1)
(14228833, 2)
(100, 1)
(14668900, 1)
(103, 2)
(15108967, 2)
(106, 0)
(15549034, 0)
(109, 0)
(15989101, 0)
(112, 2)
(16429168, 2)
(115, 0)
(16869235, 0)
(118, 0)
(17309302, 0)
(121, 2)
(17749369, 2)
(124, 0)
(18189436, 0)
(127, 2)
(18629503, 1)
(130, 2)
(19069570, 2)
(133, 1)
(19509637, 1)
(136, 1)
(19949704, 1)
(139, 0)
(20389771, 0)
(142, 2)
(20829838, 2)
(145, 2)
(21269905, 1)
(148, 2)
(21709972, 1)
(151, 1)
(22150039, 2)
(154, 1)
(22590106, 2)
(157, 0)
(23030173, 0)
(160, 1)
(23470240, 2)
(163, 0)
(23910307, 0)
(166, 2)
(24350374, 1)
(169, 2)
(24790441, 2)
(172, 0)
(25230508, 0)
(175, 1)
(25670575, 1)
(178, 1)
(26110642, 2)
(181, 1)
(26550709, 2)
(184, 1)
(26990776, 1)
(187, 0)
(27430843, 0)
(190, 2)
(27870910, 1)
(193, 1)
(28310977, 1)
(196, 0)
(28751044, 0)
(199, 0)
(29191111, 0)
(202, 0)
(29631178, 0)
(205, 2)
(30071245, 2)
(208, 1)
(30511312, 2)
(211, 0)
(30951379, 0)
(214, 0)
(31391446, 0)
(217, 2)
(31831513, 2)
(220, 1)
(32271580, 1)
(223, 1)
(32711647, 1)
(226, 1)
(33151714, 1)
(229, 1)
(33591781, 1)
(232, 2)
(34031848, 2)
(235, 0)
(34471915, 0)
(238, 1)
(34911982, 1)
(241, 0)
(35352049, 0)
(244, 0)
(35792116, 0)
(247, 0)
(36232183, 0)
(250, 0)
(36672250, 0)
(253, 1)
(37112317, 2)
(256, 1)
(37552384, 1)
(259, 0)
(37992451, 0)
(262, 0)
(38432518, 0)
(265, 2)
(38872585, 2)
(268, 0)
(39312652, 0)
(271, 2)
(39752719, 1)
(274, 0)
(40192786, 0)
(277, 0)
(40632853, 0)
(280, 1)
(41072920, 2)
(283, 0)
(41512987, 0)
(286, 0)
(41953054, 0)
(289, 1)
(42393121, 1)
(292, 1)
(42833188, 1)
(295, 2)
(43273255, 2)
(298, 0)
(43713322, 0)
(301, 2)
(44153389, 2)
(304, 0)
(44593456, 0)
(307, 0)
(45033523, 0)
(310, 1)
(45473590, 2)
(313, 2)
(45913657, 2)
(316, 2)
(46353724, 1)
(319, 1)
(46793791, 2)
(322, 1)
(47233858, 1)
(325, 2)
(47673925, 1)
(328, 1)
(48113992, 2)
(331, 0)
(48554059, 0)
(334, 0)
(48994126, 0)
(337, 2)
(49434193, 1)
(340, 1)
(49874260, 2)
(343, 2)
(50314327, 2)
(346, 2)
(50754394, 2)
(349, 2)
(51194461, 1)
(352, 1)
(51634528, 2)
(355, 0)
(52074595, 0)
(358, 0)
(52514662, 0)
(361, 0)
(52954729, 0)
(364, 0)
(53394796, 0)
(367, 0)
(53834863, 0)
(370, 0)
(54274930, 0)
(373, 1)
(54714997, 1)
(376, 2)
(55155064, 1)
(379, 0)
(55595131, 0)
(382, 1)
(56035198, 2)
(385, 2)
(56475265, 2)
(388, 1)
(56915332, 2)
(391, 2)
(57355399, 2)
(394, 2)
(57795466, 1)
(397, 0)
(58235533, 0)
(400, 2)
(58675600, 2)
(403, 0)
(59115667, 0)
(406, 2)
(59555734, 2)
(409, 1)
(59995801, 2)
(412, 2)
(60435868, 2)
(415, 1)
(60875935, 1)
(418, 1)
(61316002, 2)
(421, 1)
(61756069, 1)
(424, 0)
(62196136, 0)
(427, 0)
(62636203, 0)
(430, 0)
(63076270, 0)
(433, 0)
(63516337, 0)
(436, 0)
(63956404, 0)
(439, 0)
(64396471, 0)
(442, 1)
(64836538, 2)
(445, 2)
(65276605, 2)
(448, 1)
(65716672, 1)
(451, 0)
(66156739, 0)
(454, 1)
(66596806, 1)
(457, 2)
(67036873, 1)
(460, 0)
(67476940, 0)
(463, 1)
(67917007, 2)
(466, 1)
(68357074, 2)
(469, 1)
(68797141, 1)
(472, 0)
(69237208, 0)
(475, 0)
(69677275, 0)
(478, 1)
(70117342, 2)
(481, 1)
(70557409, 1)
(484, 2)
(70997476, 2)
(487, 1)
(71437543, 2)
(490, 1)
(71877610, 2)
(493, 0)
(72317677, 0)
(496, 0)
(72757744, 0)
(499, 0)
(73197811, 0)
(502, 1)
(73637878, 1)
(505, 2)
(74077945, 1)
(508, 2)
(74518012, 1)
(511, 2)
(74958079, 2)
(514, 2)
(75398146, 1)
(517, 0)
(75838213, 0)
(520, 1)
(76278280, 1)
(523, 0)
(76718347, 0)
(526, 0)
(77158414, 0)
(529, 2)
(77598481, 2)
(532, 1)
(78038548, 1)
(535, 2)
(78478615, 2)
(538, 2)
(78918682, 1)
(541, 1)
(79358749, 2)
(544, 2)
(79798816, 2)
(547, 0)
(80238883, 0)
(550, 1)
(80678950, 2)
(553, 2)
(81119017, 1)
(556, 0)
(81559084, 0)
(559, 1)
(81999151, 2)
(562, 1)
(82439218, 2)
(565, 0)
(82879285, 0)
(568, 1)
(83319352, 1)
(571, 0)
(83759419, 0)
(574, 2)
(84199486, 1)
(577, 2)
(84639553, 1)
(580, 2)
(85079620, 1)
(583, 2)
(85519687, 2)
(586, 0)
(85959754, 0)
(589, 1)
(86399821, 1)
(592, 1)
(86839888, 2)
(595, 0)
(87279955, 0)
(598, 1)
(87720022, 2)
(601, 2)
(88160089, 1)
(604, 1)
(88600156, 2)
(607, 1)
(89040223, 1)
(610, 0)
(89480290, 0)
(613, 1)
(89920357, 2)
(616, 2)
(90360424, 1)
(619, 0)
(90800491, 0)
(622, 0)
(91240558, 0)
(625, 2)
(91680625, 2)
(628, 0)
(92120692, 0)
(631, 1)
(92560759, 1)
(634, 1)
(93000826, 1)
(637, 2)
(93440893, 1)
(640, 2)
(93880960, 1)
(643, 0)
(94321027, 0)
(646, 2)
(94761094, 2)
(649, 2)
(95201161, 2)
(652, 0)
(95641228, 0)
(655, 0)
(96081295, 0)
(658, 1)
(96521362, 2)
(661, 0)
(96961429, 0)
(664, 1)
(97401496, 2)
(667, 0)
(97841563, 0)
(670, 0)
(98281630, 0)
(673, 0)
(98721697, 0)
(676, 2)
(99161764, 2)
(679, 0)
(99601831, 0)
(682, 0)
(100041898, 0)
(685, 0)
(100481965, 0)
(688, 0)
(100922032, 0)
(691, 0)
(101362099, 0)
(694, 2)
(101802166, 1)
(697, 2)
(102242233, 1)
(700, 1)
(102682300, 1)
(703, 2)
(103122367, 1)
(706, 0)
(103562434, 0)
(709, 1)
(104002501, 2)
(712, 2)
(104442568, 1)
(715, 0)
(104882635, 0)
(718, 0)
(105322702, 0)
(721, 1)
(105762769, 1)
(724, 1)
(106202836, 2)
(727, 1)
(106642903, 1)
(730, 0)
(107082970, 0)
(733, 2)
(107523037, 2)
(736, 2)
(107963104, 2)
(739, 0)
(108403171, 0)
(742, 1)
(108843238, 2)
(745, 1)
(109283305, 2)
(748, 0)
(109723372, 0)
(751, 0)
(110163439, 0)
(754, 1)
(110603506, 2)
(757, 1)
(111043573, 2)
(760, 1)
(111483640, 2)
(763, 0)
(111923707, 0)
(766, 0)
(112363774, 0)
(769, 2)
(112803841, 2)
(772, 1)
(113243908, 1)
(775, 0)
(113683975, 0)
(778, 1)
(114124042, 1)
(781, 2)
(114564109, 1)
(784, 0)
(115004176, 0)
(787, 0)
(115444243, 0)
(790, 2)
(115884310, 2)
(793, 2)
(116324377, 2)
(796, 0)
(116764444, 0)
(799, 1)
(117204511, 2)
(802, 0)
(117644578, 0)
(805, 1)
(118084645, 2)
(808, 0)
(118524712, 0)
(811, 0)
(118964779, 0)
(814, 0)
(119404846, 0)
(817, 0)
(119844913, 0)
(820, 2)
(120284980, 2)
(823, 0)
(120725047, 0)
(826, 0)
(121165114, 0)
(829, 1)
(121605181, 1)
(832, 2)
(122045248, 1)
(835, 0)
(122485315, 0)
(838, 1)
(122925382, 1)
(841, 1)
(123365449, 1)
(844, 0)
(123805516, 0)
(847, 2)
(124245583, 2)
(850, 1)
(124685650, 1)
