(1, 2)
(22572001, 2)
(4, 2)
(90288004, 2)
(7, 1)
(158004007, 1)
(10, 1)
(225720010, 1)
(13, 2)
(293436013, 1)
(16, 1)
(361152016, 1)
(19, 0)
(428868019, 0)
(22, 1)
(496584022, 1)
(25, 1)
(564300025, 1)
(28, 1)
(632016028, 1)
(31, 0)
(699732031, 0)
(34, 2)
(767448034, 2)
(37, 2)
(835164037, 1)
(40, 2)
(902880040, 2)
(43, 0)
(970596043, 0)
(46, 2)
(1038312046, 1)
(49, 0)
(1106028049, 0)
(52, 2)
(1173744052, 1)
(55, 1)
(1241460055, 1)
(58, 1)
(1309176058, 1)
(61, 0)
(1376892061, 0)
(64, 2)
(1444608064, 2)
(67, 0)
(1512324067, 0)
(70, 2)
(1580040070, 2)
(73, 1)
(1647756073, 1)
(76, 0)
(1715472076, 0)
(79, 2)
(1783188079, 1)
(82, 2)
(1850904082, 2)
(85, 1)
(1918620085, 1)
(88, 2)
(1986336088, 2)
(91, 0)
(2054052091, 0)
(94, 1)
(2121768094, 2)
(97, 1)
(2189484097, 1)
(100, 1)
(2257200100, 1)
(103, 2)
(2324916103, 1)
(106, 0)
(2392632106, 0)
(109, 0)
(2460348109, 0)
(112, 2)
(2528064112, 2)
(115, 0)
(2595780115, 0)
(118, 0)
(2663496118, 0)
(121, 2)
(2731212121, 2)
(124, 0)
(2798928124, 0)
(127, 2)
(2866644127, 1)
(130, 2)
(2934360130, 1)
(133, 1)
(3002076133, 2)
(136, 1)
(3069792136, 1)
(139, 0)
(3137508139, 0)
(142, 2)
(3205224142, 2)
(145, 2)
(3272940145, 2)
(148, 2)
(3340656148, 1)
(151, 1)
(3408372151, 1)
(154, 1)
(3476088154, 1)
(157, 0)
(3543804157, 0)
(160, 1)
(3611520160, 1)
(163, 0)
(3679236163, 0)
(166, 2)
(3746952166, 2)
(169, 2)
(3814668169, 2)
(172, 0)
(3882384172, 0)
(175, 1)
(3950100175, 1)
(178, 1)
(4017816178, 1)
(181, 1)
(4085532181, 1)
(184, 1)
(4153248184, 2)
(187, 0)
(4220964187, 0)
(190, 2)
(4288680190, 1)
(193, 1)
(4356396193, 2)
(196, 0)
(4424112196, 0)
(199, 0)
(4491828199, 0)
(202, 0)
(4559544202, 0)
(205, 2)
(4627260205, 2)
(208, 1)
(4694976208, 2)
(211, 0)
(4762692211, 0)
(214, 0)
(4830408214, 0)
(217, 2)
(4898124217, 1)
(220, 1)
(4965840220, 1)
(223, 1)
(5033556223, 2)
(226, 1)
(5101272226, 2)
(229, 1)
(5168988229, 1)
(232, 2)
(5236704232, 2)
(235, 0)
(5304420235, 0)
(238, 1)
(5372136238, 1)
(241, 0)
(5439852241, 0)
(244, 0)
(5507568244, 0)
(247, 0)
(5575284247, 0)
(250, 0)
(5643000250, 0)
(253, 1)
(5710716253, 2)
(256, 1)
(5778432256, 1)
(259, 0)
(5846148259, 0)
(262, 0)
(5913864262, 0)
(265, 2)
(5981580265, 1)
(268, 0)
(6049296268, 0)
(271, 2)
(6117012271, 1)
(274, 0)
(6184728274, 0)
(277, 0)
(6252444277, 0)
(280, 1)
(6320160280, 1)
(283, 0)
(6387876283, 0)
(286, 0)
(6455592286, 0)
(289, 1)
(6523308289, 1)
(292, 1)
(6591024292, 1)
(295, 2)
(6658740295, 2)
(298, 0)
(6726456298, 0)
(301, 2)
(6794172301, 1)
(304, 0)
(6861888304, 0)
(307, 0)
(6929604307, 0)
(310, 1)
(6997320310, 2)
(313, 2)
(7065036313, 1)
(316, 2)
(7132752316, 1)
(319, 1)
(7200468319, 1)
(322, 1)
(7268184322, 2)
(325, 2)
(7335900325, 1)
(328, 1)
(7403616328, 1)
(331, 0)
(7471332331, 0)
(334, 0)
(7539048334, 0)
(337, 2)
(7606764337, 1)
(340, 1)
(7674480340, 1)
(343, 2)
(7742196343, 2)
(346, 2)
(7809912346, 1)
(349, 2)
(7877628349, 2)
(352, 1)
(7945344352, 1)
(355, 0)
(8013060355, 0)
(358, 0)
(8080776358, 0)
(361, 0)
(8148492361, 0)
(364, 0)
(8216208364, 0)
(367, 0)
(8283924367, 0)
(370, 0)
(8351640370, 0)
(373, 1)
(8419356373, 2)
(376, 2)
(8487072376, 1)
(379, 0)
(8554788379, 0)
(382, 1)
(8622504382, 1)
(385, 2)
(8690220385, 2)
(388, 1)
(8757936388, 1)
(391, 2)
(8825652391, 1)
(394, 2)
(8893368394, 2)
(397, 0)
(8961084397, 0)
(400, 2)
(9028800400, 2)
(403, 0)
(9096516403, 0)
(406, 2)
(9164232406, 2)
(409, 1)
(9231948409, 2)
(412, 2)
(9299664412, 1)
(415, 1)
(9367380415, 1)
(418, 1)
(9435096418, 2)
(421, 1)
(9502812421, 2)
(424, 0)
(9570528424, 0)
(427, 0)
(9638244427, 0)
(430, 0)
(9705960430, 0)
(433, 0)
(9773676433, 0)
(436, 0)
(9841392436, 0)
(439, 0)
(9909108439, 0)
(442, 1)
(9976824442, 2)
(445, 2)
(10044540445, 2)
(448, 1)
(10112256448, 1)
(451, 0)
(10179972451, 0)
(454, 1)
(10247688454, 1)
(457, 2)
(10315404457, 1)
(460, 0)
(10383120460, 0)
(463, 1)
(10450836463, 2)
(466, 1)
(10518552466, 1)
(469, 1)
(10586268469, 1)
(472, 0)
(10653984472, 0)
(475, 0)
(10721700475, 0)
(478, 1)
(10789416478, 1)
(481, 1)
(10857132481, 1)
(484, 2)
(10924848484, 2)
(487, 1)
(10992564487, 1)
(490, 1)
(11060280490, 1)
(493, 0)
(11127996493, 0)
(496, 0)
(11195712496, 0)
(499, 0)
(11263428499, 0)
(502, 1)
(11331144502, 2)
(505, 2)
(11398860505, 2)
(508, 2)
(11466576508, 1)
(511, 2)
(11534292511, 2)
(514, 2)
(11602008514, 1)
(517, 0)
(11669724517, 0)
(520, 1)
(11737440520, 2)
(523, 0)
(11805156523, 0)
(526, 0)
(11872872526, 0)
(529, 2)
(11940588529, 2)
(532, 1)
(12008304532, 2)
(535, 2)
(12076020535, 2)
(538, 2)
(12143736538, 1)
(541, 1)
(12211452541, 1)
(544, 2)
(12279168544, 2)
(547, 0)
(12346884547, 0)
(550, 1)
(12414600550, 1)
(553, 2)
(12482316553, 1)
(556, 0)
(12550032556, 0)
(559, 1)
(12617748559, 1)
(562, 1)
(12685464562, 2)
(565, 0)
(12753180565, 0)
(568, 1)
(12820896568, 1)
(571, 0)
(12888612571, 0)
(574, 2)
(12956328574, 2)
(577, 2)
(13024044577, 1)
(580, 2)
(13091760580, 2)
(583, 2)
(13159476583, 1)
(586, 0)
(13227192586, 0)
(589, 1)
(13294908589, 1)
(592, 1)
(13362624592, 2)
(595, 0)
(13430340595, 0)
(598, 1)
(13498056598, 1)
(601, 2)
(13565772601, 1)
(604, 1)
(13633488604, 1)
(607, 1)
(13701204607, 1)
(610, 0)
(13768920610, 0)
(613, 1)
(13836636613, 1)
(616, 2)
(13904352616, 2)
(619, 0)
(13972068619, 0)
(622, 0)
(14039784622, 0)
(625, 2)
(14107500625, 2)
(628, 0)
(14175216628, 0)
(631, 1)
(14242932631, 1)
(634, 1)
(14310648634, 1)
(637, 2)
(14378364637, 1)
(640, 2)
(14446080640, 2)
(643, 0)
(14513796643, 0)
(646, 2)
(14581512646, 1)
(649, 2)
(14649228649, 2)
(652, 0)
(14716944652, 0)
(655, 0)
(14784660655, 0)
(658, 1)
(14852376658, 2)
(661, 0)
(14920092661, 0)
(664, 1)
(14987808664, 1)
(667, 0)
(15055524667, 0)
(670, 0)
(15123240670, 0)
(673, 0)
(15190956673, 0)
(676, 2)
(15258672676, 2)
(679, 0)
(15326388679, 0)
(682, 0)
(15394104682, 0)
(685, 0)
(15461820685, 0)
(688, 0)
(15529536688, 0)
(691, 0)
(15597252691, 0)
(694, 2)
(15664968694, 2)
(697, 2)
(15732684697, 2)
(700, 1)
(15800400700, 1)
(703, 2)
(15868116703, 2)
(706, 0)
(15935832706, 0)
(709, 1)
(16003548709, 2)
(712, 2)
(16071264712, 2)
(715, 0)
(16138980715, 0)
(718, 0)
(16206696718, 0)
(721, 1)
(16274412721, 2)
(724, 1)
(16342128724, 1)
(727, 1)
(16409844727, 1)
(730, 0)
(16477560730, 0)
(733, 2)
(16545276733, 1)
(736, 2)
(16612992736, 1)
(739, 0)
(16680708739, 0)
(742, 1)
(16748424742, 2)
(745, 1)
(16816140745, 1)
(748, 0)
(16883856748, 0)
(751, 0)
(16951572751, 0)
(754, 1)
(17019288754, 2)
(757, 1)
(17087004757, 1)
(760, 1)
(17154720760, 2)
(763, 0)
(17222436763, 0)
(766, 0)
(17290152766, 0)
(769, 2)
(17357868769, 1)
(772, 1)
(17425584772, 2)
(775, 0)
(17493300775, 0)
(778, 1)
(17561016778, 2)
(781, 2)
(17628732781, 2)
(784, 0)
(17696448784, 0)
(787, 0)
(17764164787, 0)
(790, 2)
(17831880790, 1)
(793, 2)
(17899596793, 2)
(796, 0)
(17967312796, 0)
(799, 1)
(18035028799, 2)
(802, 0)
(18102744802, 0)
(805, 1)
(18170460805, 2)
(808, 0)
(18238176808, 0)
(811, 0)
(18305892811, 0)
(814, 0)
(18373608814, 0)
(817, 0)
(18441324817, 0)
(820, 2)
(18509040820, 2)
(823, 0)
(18576756823, 0)
(826, 0)
(18644472826, 0)
(829, 1)
(18712188829, 2)
(832, 2)
(18779904832, 1)
(835, 0)
(18847620835, 0)
(838, 1)
(18915336838, 2)
(841, 1)
(18983052841, 1)
(844, 0)
(19050768844, 0)
(847, 2)
(19118484847, 2)
(850, 1)
(19186200850, 1)
