(1, 2)
(8567329, 2)
(4, 2)
(34269316, 2)
(7, 1)
(59971303, 2)
(10, 1)
(85673290, 2)
(13, 2)
(111375277, 1)
(16, 1)
(137077264, 1)
(19, 0)
(162779251, 0)
(22, 1)
(188481238, 2)
(25, 1)
(214183225, 1)
(28, 1)
(239885212, 2)
(31, 0)
(265587199, 0)
(34, 2)
(291289186, 1)
(37, 2)
(316991173, 2)
(40, 2)
(342693160, 1)
(43, 0)
(368395147, 0)
(46, 2)
(394097134, 1)
(49, 0)
(419799121, 0)
(52, 2)
(445501108, 1)
(55, 1)
(471203095, 1)
(58, 1)
(496905082, 2)
(61, 0)
(522607069, 0)
(64, 2)
(548309056, 2)
(67, 0)
(574011043, 0)
(70, 2)
(599713030, 2)
(73, 1)
(625415017, 2)
(76, 0)
(651117004, 0)
(79, 2)
(676818991, 1)
(82, 2)
(702520978, 2)
(85, 1)
(728222965, 1)
(88, 2)
(753924952, 1)
(91, 0)
(779626939, 0)
(94, 1)
(805328926, 1)
(97, 1)
(831030913, 2)
(100, 1)
(856732900, 1)
(103, 2)
(882434887, 2)
(106, 0)
(908136874, 0)
(109, 0)
(933838861, 0)
(112, 2)
(959540848, 1)
(115, 0)
(985242835, 0)
(118, 0)
(1010944822, 0)
(121, 2)
(1036646809, 2)
(124, 0)
(1062348796, 0)
(127, 2)
(1088050783, 2)
(130, 2)
(1113752770, 2)
(133, 1)
(1139454757, 1)
(136, 1)
(1165156744, 2)
(139, 0)
(1190858731, 0)
(142, 2)
(1216560718, 1)
(145, 2)
(1242262705, 2)
(148, 2)
(1267964692, 2)
(151, 1)
(1293666679, 2)
(154, 1)
(1319368666, 1)
(157, 0)
(1345070653, 0)
(160, 1)
(1370772640, 2)
(163, 0)
(1396474627, 0)
(166, 2)
(1422176614, 2)
(169, 2)
(1447878601, 2)
(172, 0)
(1473580588, 0)
(175, 1)
(1499282575, 2)
(178, 1)
(1524984562, 1)
(181, 1)
(1550686549, 2)
(184, 1)
(1576388536, 2)
(187, 0)
(1602090523, 0)
(190, 2)
(1627792510, 2)
(193, 1)
(1653494497, 1)
(196, 0)
(1679196484, 0)
(199, 0)
(1704898471, 0)
(202, 0)
(1730600458, 0)
(205, 2)
(1756302445, 1)
(208, 1)
(1782004432, 2)
(211, 0)
(1807706419, 0)
(214, 0)
(1833408406, 0)
(217, 2)
(1859110393, 1)
(220, 1)
(1884812380, 1)
(223, 1)
(1910514367, 2)
(226, 1)
(1936216354, 1)
(229, 1)
(1961918341, 2)
(232, 2)
(1987620328, 1)
(235, 0)
(2013322315, 0)
(238, 1)
(2039024302, 1)
(241, 0)
(2064726289, 0)
(244, 0)
(2090428276, 0)
(247, 0)
(2116130263, 0)
(250, 0)
(2141832250, 0)
(253, 1)
(2167534237, 1)
(256, 1)
(2193236224, 1)
(259, 0)
(2218938211, 0)
(262, 0)
(2244640198, 0)
(265, 2)
(2270342185, 2)
(268, 0)
(2296044172, 0)
(271, 2)
(2321746159, 1)
(274, 0)
(2347448146, 0)
(277, 0)
(2373150133, 0)
(280, 1)
(2398852120, 1)
(283, 0)
(2424554107, 0)
(286, 0)
(2450256094, 0)
(289, 1)
(2475958081, 1)
(292, 1)
(2501660068, 2)
(295, 2)
(2527362055, 2)
(298, 0)
(2553064042, 0)
(301, 2)
(2578766029, 1)
(304, 0)
(2604468016, 0)
(307, 0)
(2630170003, 0)
(310, 1)
(2655871990, 2)
(313, 2)
(2681573977, 1)
(316, 2)
(2707275964, 1)
(319, 1)
(2732977951, 1)
(322, 1)
(2758679938, 1)
(325, 2)
(2784381925, 1)
(328, 1)
(2810083912, 1)
(331, 0)
(2835785899, 0)
(334, 0)
(2861487886, 0)
(337, 2)
(2887189873, 1)
(340, 1)
(2912891860, 1)
(343, 2)
(2938593847, 1)
(346, 2)
(2964295834, 2)
(349, 2)
(2989997821, 2)
(352, 1)
(3015699808, 2)
(355, 0)
(3041401795, 0)
(358, 0)
(3067103782, 0)
(361, 0)
(3092805769, 0)
(364, 0)
(3118507756, 0)
(367, 0)
(3144209743, 0)
(370, 0)
(3169911730, 0)
(373, 1)
(3195613717, 2)
(376, 2)
(3221315704, 2)
(379, 0)
(3247017691, 0)
(382, 1)
(3272719678, 1)
(385, 2)
(3298421665, 1)
(388, 1)
(3324123652, 2)
(391, 2)
(3349825639, 2)
(394, 2)
(3375527626, 2)
(397, 0)
(3401229613, 0)
(400, 2)
(3426931600, 2)
(403, 0)
(3452633587, 0)
(406, 2)
(3478335574, 2)
(409, 1)
(3504037561, 1)
(412, 2)
(3529739548, 2)
(415, 1)
(3555441535, 2)
(418, 1)
(3581143522, 1)
(421, 1)
(3606845509, 1)
(424, 0)
(3632547496, 0)
(427, 0)
(3658249483, 0)
(430, 0)
(3683951470, 0)
(433, 0)
(3709653457, 0)
(436, 0)
(3735355444, 0)
(439, 0)
(3761057431, 0)
(442, 1)
(3786759418, 1)
(445, 2)
(3812461405, 1)
(448, 1)
(3838163392, 2)
(451, 0)
(3863865379, 0)
(454, 1)
(3889567366, 2)
(457, 2)
(3915269353, 2)
(460, 0)
(3940971340, 0)
(463, 1)
(3966673327, 2)
(466, 1)
(3992375314, 1)
(469, 1)
(4018077301, 2)
(472, 0)
(4043779288, 0)
(475, 0)
(4069481275, 0)
(478, 1)
(4095183262, 1)
(481, 1)
(4120885249, 2)
(484, 2)
(4146587236, 2)
(487, 1)
(4172289223, 1)
(490, 1)
(4197991210, 2)
(493, 0)
(4223693197, 0)
(496, 0)
(4249395184, 0)
(499, 0)
(4275097171, 0)
(502, 1)
(4300799158, 1)
(505, 2)
(4326501145, 2)
(508, 2)
(4352203132, 2)
(511, 2)
(4377905119, 2)
(514, 2)
(4403607106, 2)
(517, 0)
(4429309093, 0)
(520, 1)
(4455011080, 1)
(523, 0)
(4480713067, 0)
(526, 0)
(4506415054, 0)
(529, 2)
(4532117041, 2)
(532, 1)
(4557819028, 1)
(535, 2)
(4583521015, 1)
(538, 2)
(4609223002, 1)
(541, 1)
(4634924989, 1)
(544, 2)
(4660626976, 1)
(547, 0)
(4686328963, 0)
(550, 1)
(4712030950, 2)
(553, 2)
(4737732937, 2)
(556, 0)
(4763434924, 0)
(559, 1)
(4789136911, 2)
(562, 1)
(4814838898, 2)
(565, 0)
(4840540885, 0)
(568, 1)
(4866242872, 2)
(571, 0)
(4891944859, 0)
(574, 2)
(4917646846, 1)
(577, 2)
(4943348833, 1)
(580, 2)
(4969050820, 2)
(583, 2)
(4994752807, 2)
(586, 0)
(5020454794, 0)
(589, 1)
(5046156781, 2)
(592, 1)
(5071858768, 1)
(595, 0)
(5097560755, 0)
(598, 1)
(5123262742, 1)
(601, 2)
(5148964729, 2)
(604, 1)
(5174666716, 2)
(607, 1)
(5200368703, 2)
(610, 0)
(5226070690, 0)
(613, 1)
(5251772677, 1)
(616, 2)
(5277474664, 2)
(619, 0)
(5303176651, 0)
(622, 0)
(5328878638, 0)
(625, 2)
(5354580625, 2)
(628, 0)
(5380282612, 0)
(631, 1)
(5405984599, 1)
(634, 1)
(5431686586, 2)
(637, 2)
(5457388573, 1)
(640, 2)
(5483090560, 1)
(643, 0)
(5508792547, 0)
(646, 2)
(5534494534, 2)
(649, 2)
(5560196521, 2)
(652, 0)
(5585898508, 0)
(655, 0)
(5611600495, 0)
(658, 1)
(5637302482, 2)
(661, 0)
(5663004469, 0)
(664, 1)
(5688706456, 1)
(667, 0)
(5714408443, 0)
(670, 0)
(5740110430, 0)
(673, 0)
(5765812417, 0)
(676, 2)
(5791514404, 2)
(679, 0)
(5817216391, 0)
(682, 0)
(5842918378, 0)
(685, 0)
(5868620365, 0)
(688, 0)
(5894322352, 0)
(691, 0)
(5920024339, 0)
(694, 2)
(5945726326, 2)
(697, 2)
(5971428313, 1)
(700, 1)
(5997130300, 2)
(703, 2)
(6022832287, 1)
(706, 0)
(6048534274, 0)
(709, 1)
(6074236261, 2)
(712, 2)
(6099938248, 2)
(715, 0)
(6125640235, 0)
(718, 0)
(6151342222, 0)
(721, 1)
(6177044209, 2)
(724, 1)
(6202746196, 2)
(727, 1)
(6228448183, 1)
(730, 0)
(6254150170, 0)
(733, 2)
(6279852157, 1)
(736, 2)
(6305554144, 1)
(739, 0)
(6331256131, 0)
(742, 1)
(6356958118, 1)
(745, 1)
(6382660105, 2)
(748, 0)
(6408362092, 0)
(751, 0)
(6434064079, 0)
(754, 1)
(6459766066, 1)
(757, 1)
(6485468053, 2)
(760, 1)
(6511170040, 1)
(763, 0)
(6536872027, 0)
(766, 0)
(6562574014, 0)
(769, 2)
(6588276001, 2)
(772, 1)
(6613977988, 1)
(775, 0)
(6639679975, 0)
(778, 1)
(6665381962, 2)
(781, 2)
(6691083949, 2)
(784, 0)
(6716785936, 0)
(787, 0)
(6742487923, 0)
(790, 2)
(6768189910, 2)
(793, 2)
(6793891897, 1)
(796, 0)
(6819593884, 0)
(799, 1)
(6845295871, 2)
(802, 0)
(6870997858, 0)
(805, 1)
(6896699845, 2)
(808, 0)
(6922401832, 0)
(811, 0)
(6948103819, 0)
(814, 0)
(6973805806, 0)
(817, 0)
(6999507793, 0)
(820, 2)
(7025209780, 1)
(823, 0)
(7050911767, 0)
(826, 0)
(7076613754, 0)
(829, 1)
(7102315741, 2)
(832, 2)
(7128017728, 1)
(835, 0)
(7153719715, 0)
(838, 1)
(7179421702, 2)
(841, 1)
(7205123689, 1)
(844, 0)
(7230825676, 0)
(847, 2)
(7256527663, 1)
(850, 1)
(7282229650, 2)
