(1, 2)
(5987809, 2)
(4, 2)
(23951236, 2)
(7, 1)
(41914663, 2)
(10, 1)
(59878090, 2)
(13, 2)
(77841517, 2)
(16, 1)
(95804944, 1)
(19, 0)
(113768371, 0)
(22, 1)
(131731798, 2)
(25, 1)
(149695225, 1)
(28, 1)
(167658652, 2)
(31, 0)
(185622079, 0)
(34, 2)
(203585506, 2)
(37, 2)
(221548933, 1)
(40, 2)
(239512360, 1)
(43, 0)
(257475787, 0)
(46, 2)
(275439214, 1)
(49, 0)
(293402641, 0)
(52, 2)
(311366068, 2)
(55, 1)
(329329495, 1)
(58, 1)
(347292922, 2)
(61, 0)
(365256349, 0)
(64, 2)
(383219776, 2)
(67, 0)
(401183203, 0)
(70, 2)
(419146630, 2)
(73, 1)
(437110057, 1)
(76, 0)
(455073484, 0)
(79, 2)
(473036911, 2)
(82, 2)
(491000338, 1)
(85, 1)
(508963765, 2)
(88, 2)
(526927192, 1)
(91, 0)
(544890619, 0)
(94, 1)
(562854046, 2)
(97, 1)
(580817473, 1)
(100, 1)
(598780900, 1)
(103, 2)
(616744327, 2)
(106, 0)
(634707754, 0)
(109, 0)
(652671181, 0)
(112, 2)
(670634608, 1)
(115, 0)
(688598035, 0)
(118, 0)
(706561462, 0)
(121, 2)
(724524889, 2)
(124, 0)
(742488316, 0)
(127, 2)
(760451743, 1)
(130, 2)
(778415170, 1)
(133, 1)
(796378597, 2)
(136, 1)
(814342024, 1)
(139, 0)
(832305451, 0)
(142, 2)
(850268878, 2)
(145, 2)
(868232305, 2)
(148, 2)
(886195732, 1)
(151, 1)
(904159159, 2)
(154, 1)
(922122586, 1)
(157, 0)
(940086013, 0)
(160, 1)
(958049440, 2)
(163, 0)
(976012867, 0)
(166, 2)
(993976294, 1)
(169, 2)
(1011939721, 2)
(172, 0)
(1029903148, 0)
(175, 1)
(1047866575, 2)
(178, 1)
(1065830002, 1)
(181, 1)
(1083793429, 1)
(184, 1)
(1101756856, 2)
(187, 0)
(1119720283, 0)
(190, 2)
(1137683710, 1)
(193, 1)
(1155647137, 1)
(196, 0)
(1173610564, 0)
(199, 0)
(1191573991, 0)
(202, 0)
(1209537418, 0)
(205, 2)
(1227500845, 2)
(208, 1)
(1245464272, 1)
(211, 0)
(1263427699, 0)
(214, 0)
(1281391126, 0)
(217, 2)
(1299354553, 1)
(220, 1)
(1317317980, 1)
(223, 1)
(1335281407, 2)
(226, 1)
(1353244834, 2)
(229, 1)
(1371208261, 2)
(232, 2)
(1389171688, 1)
(235, 0)
(1407135115, 0)
(238, 1)
(1425098542, 2)
(241, 0)
(1443061969, 0)
(244, 0)
(1461025396, 0)
(247, 0)
(1478988823, 0)
(250, 0)
(1496952250, 0)
(253, 1)
(1514915677, 1)
(256, 1)
(1532879104, 1)
(259, 0)
(1550842531, 0)
(262, 0)
(1568805958, 0)
(265, 2)
(1586769385, 1)
(268, 0)
(1604732812, 0)
(271, 2)
(1622696239, 1)
(274, 0)
(1640659666, 0)
(277, 0)
(1658623093, 0)
(280, 1)
(1676586520, 1)
(283, 0)
(1694549947, 0)
(286, 0)
(1712513374, 0)
(289, 1)
(1730476801, 1)
(292, 1)
(1748440228, 1)
(295, 2)
(1766403655, 2)
(298, 0)
(1784367082, 0)
(301, 2)
(1802330509, 1)
(304, 0)
(1820293936, 0)
(307, 0)
(1838257363, 0)
(310, 1)
(1856220790, 2)
(313, 2)
(1874184217, 2)
(316, 2)
(1892147644, 2)
(319, 1)
(1910111071, 1)
(322, 1)
(1928074498, 1)
(325, 2)
(1946037925, 2)
(328, 1)
(1964001352, 2)
(331, 0)
(1981964779, 0)
(334, 0)
(1999928206, 0)
(337, 2)
(2017891633, 1)
(340, 1)
(2035855060, 2)
(343, 2)
(2053818487, 1)
(346, 2)
(2071781914, 2)
(349, 2)
(2089745341, 2)
(352, 1)
(2107708768, 2)
(355, 0)
(2125672195, 0)
(358, 0)
(2143635622, 0)
(361, 0)
(2161599049, 0)
(364, 0)
(2179562476, 0)
(367, 0)
(2197525903, 0)
(370, 0)
(2215489330, 0)
(373, 1)
(2233452757, 1)
(376, 2)
(2251416184, 1)
(379, 0)
(2269379611, 0)
(382, 1)
(2287343038, 1)
(385, 2)
(2305306465, 1)
(388, 1)
(2323269892, 1)
(391, 2)
(2341233319, 1)
(394, 2)
(2359196746, 2)
(397, 0)
(2377160173, 0)
(400, 2)
(2395123600, 2)
(403, 0)
(2413087027, 0)
(406, 2)
(2431050454, 2)
(409, 1)
(2449013881, 2)
(412, 2)
(2466977308, 2)
(415, 1)
(2484940735, 1)
(418, 1)
(2502904162, 2)
(421, 1)
(2520867589, 1)
(424, 0)
(2538831016, 0)
(427, 0)
(2556794443, 0)
(430, 0)
(2574757870, 0)
(433, 0)
(2592721297, 0)
(436, 0)
(2610684724, 0)
(439, 0)
(2628648151, 0)
(442, 1)
(2646611578, 1)
(445, 2)
(2664575005, 1)
(448, 1)
(2682538432, 2)
(451, 0)
(2700501859, 0)
(454, 1)
(2718465286, 2)
(457, 2)
(2736428713, 2)
(460, 0)
(2754392140, 0)
(463, 1)
(2772355567, 2)
(466, 1)
(2790318994, 1)
(469, 1)
(2808282421, 1)
(472, 0)
(2826245848, 0)
(475, 0)
(2844209275, 0)
(478, 1)
(2862172702, 1)
(481, 1)
(2880136129, 2)
(484, 2)
(2898099556, 2)
(487, 1)
(2916062983, 1)
(490, 1)
(2934026410, 2)
(493, 0)
(2951989837, 0)
(496, 0)
(2969953264, 0)
(499, 0)
(2987916691, 0)
(502, 1)
(3005880118, 1)
(505, 2)
(3023843545, 1)
(508, 2)
(3041806972, 1)
(511, 2)
(3059770399, 1)
(514, 2)
(3077733826, 2)
(517, 0)
(3095697253, 0)
(520, 1)
(3113660680, 2)
(523, 0)
(3131624107, 0)
(526, 0)
(3149587534, 0)
(529, 2)
(3167550961, 2)
(532, 1)
(3185514388, 2)
(535, 2)
(3203477815, 1)
(538, 2)
(3221441242, 1)
(541, 1)
(3239404669, 2)
(544, 2)
(3257368096, 2)
(547, 0)
(3275331523, 0)
(550, 1)
(3293294950, 2)
(553, 2)
(3311258377, 1)
(556, 0)
(3329221804, 0)
(559, 1)
(3347185231, 1)
(562, 1)
(3365148658, 2)
(565, 0)
(3383112085, 0)
(568, 1)
(3401075512, 1)
(571, 0)
(3419038939, 0)
(574, 2)
(3437002366, 2)
(577, 2)
(3454965793, 1)
(580, 2)
(3472929220, 2)
(583, 2)
(3490892647, 1)
(586, 0)
(3508856074, 0)
(589, 1)
(3526819501, 1)
(592, 1)
(3544782928, 2)
(595, 0)
(3562746355, 0)
(598, 1)
(3580709782, 2)
(601, 2)
(3598673209, 1)
(604, 1)
(3616636636, 2)
(607, 1)
(3634600063, 2)
(610, 0)
(3652563490, 0)
(613, 1)
(3670526917, 2)
(616, 2)
(3688490344, 2)
(619, 0)
(3706453771, 0)
(622, 0)
(3724417198, 0)
(625, 2)
(3742380625, 2)
(628, 0)
(3760344052, 0)
(631, 1)
(3778307479, 1)
(634, 1)
(3796270906, 1)
(637, 2)
(3814234333, 2)
(640, 2)
(3832197760, 1)
(643, 0)
(3850161187, 0)
(646, 2)
(3868124614, 2)
(649, 2)
(3886088041, 2)
(652, 0)
(3904051468, 0)
(655, 0)
(3922014895, 0)
(658, 1)
(3939978322, 1)
(661, 0)
(3957941749, 0)
(664, 1)
(3975905176, 2)
(667, 0)
(3993868603, 0)
(670, 0)
(4011832030, 0)
(673, 0)
(4029795457, 0)
(676, 2)
(4047758884, 2)
(679, 0)
(4065722311, 0)
(682, 0)
(4083685738, 0)
(685, 0)
(4101649165, 0)
(688, 0)
(4119612592, 0)
(691, 0)
(4137576019, 0)
(694, 2)
(4155539446, 2)
(697, 2)
(4173502873, 1)
(700, 1)
(4191466300, 2)
(703, 2)
(4209429727, 1)
(706, 0)
(4227393154, 0)
(709, 1)
(4245356581, 1)
(712, 2)
(4263320008, 2)
(715, 0)
(4281283435, 0)
(718, 0)
(4299246862, 0)
(721, 1)
(4317210289, 2)
(724, 1)
(4335173716, 1)
(727, 1)
(4353137143, 1)
(730, 0)
(4371100570, 0)
(733, 2)
(4389063997, 1)
(736, 2)
(4407027424, 1)
(739, 0)
(4424990851, 0)
(742, 1)
(4442954278, 2)
(745, 1)
(4460917705, 2)
(748, 0)
(4478881132, 0)
(751, 0)
(4496844559, 0)
(754, 1)
(4514807986, 2)
(757, 1)
(4532771413, 1)
(760, 1)
(4550734840, 2)
(763, 0)
(4568698267, 0)
(766, 0)
(4586661694, 0)
(769, 2)
(4604625121, 1)
(772, 1)
(4622588548, 1)
(775, 0)
(4640551975, 0)
(778, 1)
(4658515402, 1)
(781, 2)
(4676478829, 1)
(784, 0)
(4694442256, 0)
(787, 0)
(4712405683, 0)
(790, 2)
(4730369110, 1)
(793, 2)
(4748332537, 1)
(796, 0)
(4766295964, 0)
(799, 1)
(4784259391, 2)
(802, 0)
(4802222818, 0)
(805, 1)
(4820186245, 2)
(808, 0)
(4838149672, 0)
(811, 0)
(4856113099, 0)
(814, 0)
(4874076526, 0)
(817, 0)
(4892039953, 0)
(820, 2)
(4910003380, 2)
(823, 0)
(4927966807, 0)
(826, 0)
(4945930234, 0)
(829, 1)
(4963893661, 2)
(832, 2)
(4981857088, 2)
(835, 0)
(4999820515, 0)
(838, 1)
(5017783942, 2)
(841, 1)
(5035747369, 1)
(844, 0)
(5053710796, 0)
(847, 2)
(5071674223, 1)
(850, 1)
(5089637650, 1)
