(1, 2)
(3500641, 2)
(4, 2)
(14002564, 2)
(7, 1)
(24504487, 2)
(10, 1)
(35006410, 1)
(13, 2)
(45508333, 2)
(16, 1)
(56010256, 1)
(19, 0)
(66512179, 0)
(22, 1)
(77014102, 2)
(25, 1)
(87516025, 1)
(28, 1)
(98017948, 2)
(31, 0)
(108519871, 0)
(34, 2)
(119021794, 2)
(37, 2)
(129523717, 2)
(40, 2)
(140025640, 2)
(43, 0)
(150527563, 0)
(46, 2)
(161029486, 1)
(49, 0)
(171531409, 0)
(52, 2)
(182033332, 2)
(55, 1)
(192535255, 2)
(58, 1)
(203037178, 2)
(61, 0)
(213539101, 0)
(64, 2)
(224041024, 2)
(67, 0)
(234542947, 0)
(70, 2)
(245044870, 1)
(73, 1)
(255546793, 1)
(76, 0)
(266048716, 0)
(79, 2)
(276550639, 2)
(82, 2)
(287052562, 1)
(85, 1)
(297554485, 1)
(88, 2)
(308056408, 1)
(91, 0)
(318558331, 0)
(94, 1)
(329060254, 1)
(97, 1)
(339562177, 2)
(100, 1)
(350064100, 1)
(103, 2)
(360566023, 1)
(106, 0)
(371067946, 0)
(109, 0)
(381569869, 0)
(112, 2)
(392071792, 1)
(115, 0)
(402573715, 0)
(118, 0)
(413075638, 0)
(121, 2)
(423577561, 2)
(124, 0)
(434079484, 0)
(127, 2)
(444581407, 2)
(130, 2)
(455083330, 2)
(133, 1)
(465585253, 1)
(136, 1)
(476087176, 1)
(139, 0)
(486589099, 0)
(142, 2)
(497091022, 1)
(145, 2)
(507592945, 1)
(148, 2)
(518094868, 2)
(151, 1)
(528596791, 2)
(154, 1)
(539098714, 1)
(157, 0)
(549600637, 0)
(160, 1)
(560102560, 1)
(163, 0)
(570604483, 0)
(166, 2)
(581106406, 2)
(169, 2)
(591608329, 2)
(172, 0)
(602110252, 0)
(175, 1)
(612612175, 2)
(178, 1)
(623114098, 1)
(181, 1)
(633616021, 2)
(184, 1)
(644117944, 2)
(187, 0)
(654619867, 0)
(190, 2)
(665121790, 1)
(193, 1)
(675623713, 1)
(196, 0)
(686125636, 0)
(199, 0)
(696627559, 0)
(202, 0)
(707129482, 0)
(205, 2)
(717631405, 1)
(208, 1)
(728133328, 1)
(211, 0)
(738635251, 0)
(214, 0)
(749137174, 0)
(217, 2)
(759639097, 1)
(220, 1)
(770141020, 2)
(223, 1)
(780642943, 1)
(226, 1)
(791144866, 1)
(229, 1)
(801646789, 2)
(232, 2)
(812148712, 1)
(235, 0)
(822650635, 0)
(238, 1)
(833152558, 2)
(241, 0)
(843654481, 0)
(244, 0)
(854156404, 0)
(247, 0)
(864658327, 0)
(250, 0)
(875160250, 0)
(253, 1)
(885662173, 1)
(256, 1)
(896164096, 1)
(259, 0)
(906666019, 0)
(262, 0)
(917167942, 0)
(265, 2)
(927669865, 2)
(268, 0)
(938171788, 0)
(271, 2)
(948673711, 1)
(274, 0)
(959175634, 0)
(277, 0)
(969677557, 0)
(280, 1)
(980179480, 2)
(283, 0)
(990681403, 0)
(286, 0)
(1001183326, 0)
(289, 1)
(1011685249, 1)
(292, 1)
(1022187172, 1)
(295, 2)
(1032689095, 2)
(298, 0)
(1043191018, 0)
(301, 2)
(1053692941, 1)
(304, 0)
(1064194864, 0)
(307, 0)
(1074696787, 0)
(310, 1)
(1085198710, 1)
(313, 2)
(1095700633, 1)
(316, 2)
(1106202556, 2)
(319, 1)
(1116704479, 1)
(322, 1)
(1127206402, 1)
(325, 2)
(1137708325, 2)
(328, 1)
(1148210248, 2)
(331, 0)
(1158712171, 0)
(334, 0)
(1169214094, 0)
(337, 2)
(1179716017, 1)
(340, 1)
(1190217940, 1)
(343, 2)
(1200719863, 1)
(346, 2)
(1211221786, 1)
(349, 2)
(1221723709, 2)
(352, 1)
(1232225632, 2)
(355, 0)
(1242727555, 0)
(358, 0)
(1253229478, 0)
(361, 0)
(1263731401, 0)
(364, 0)
(1274233324, 0)
(367, 0)
(1284735247, 0)
(370, 0)
(1295237170, 0)
(373, 1)
(1305739093, 2)
(376, 2)
(1316241016, 2)
(379, 0)
(1326742939, 0)
(382, 1)
(1337244862, 1)
(385, 2)
(1347746785, 2)
(388, 1)
(1358248708, 2)
(391, 2)
(1368750631, 1)
(394, 2)
(1379252554, 1)
(397, 0)
(1389754477, 0)
(400, 2)
(1400256400, 2)
(403, 0)
(1410758323, 0)
(406, 2)
(1421260246, 2)
(409, 1)
(1431762169, 2)
(412, 2)
(1442264092, 1)
(415, 1)
(1452766015, 1)
(418, 1)
(1463267938, 1)
(421, 1)
(1473769861, 1)
(424, 0)
(1484271784, 0)
(427, 0)
(1494773707, 0)
(430, 0)
(1505275630, 0)
(433, 0)
(1515777553, 0)
(436, 0)
(1526279476, 0)
(439, 0)
(1536781399, 0)
(442, 1)
(1547283322, 1)
(445, 2)
(1557785245, 2)
(448, 1)
(1568287168, 2)
(451, 0)
(1578789091, 0)
(454, 1)
(1589291014, 1)
(457, 2)
(1599792937, 1)
(460, 0)
(1610294860, 0)
(463, 1)
(1620796783, 1)
(466, 1)
(1631298706, 1)
(469, 1)
(1641800629, 1)
(472, 0)
(1652302552, 0)
(475, 0)
(1662804475, 0)
(478, 1)
(1673306398, 2)
(481, 1)
(1683808321, 1)
(484, 2)
(1694310244, 2)
(487, 1)
(1704812167, 1)
(490, 1)
(1715314090, 1)
(493, 0)
(1725816013, 0)
(496, 0)
(1736317936, 0)
(499, 0)
(1746819859, 0)
(502, 1)
(1757321782, 2)
(505, 2)
(1767823705, 1)
(508, 2)
(1778325628, 2)
(511, 2)
(1788827551, 1)
(514, 2)
(1799329474, 2)
(517, 0)
(1809831397, 0)
(520, 1)
(1820333320, 1)
(523, 0)
(1830835243, 0)
(526, 0)
(1841337166, 0)
(529, 2)
(1851839089, 2)
(532, 1)
(1862341012, 1)
(535, 2)
(1872842935, 1)
(538, 2)
(1883344858, 1)
(541, 1)
(1893846781, 2)
(544, 2)
(1904348704, 2)
(547, 0)
(1914850627, 0)
(550, 1)
(1925352550, 2)
(553, 2)
(1935854473, 1)
(556, 0)
(1946356396, 0)
(559, 1)
(1956858319, 1)
(562, 1)
(1967360242, 2)
(565, 0)
(1977862165, 0)
(568, 1)
(1988364088, 2)
(571, 0)
(1998866011, 0)
(574, 2)
(2009367934, 2)
(577, 2)
(2019869857, 2)
(580, 2)
(2030371780, 1)
(583, 2)
(2040873703, 1)
(586, 0)
(2051375626, 0)
(589, 1)
(2061877549, 2)
(592, 1)
(2072379472, 1)
(595, 0)
(2082881395, 0)
(598, 1)
(2093383318, 2)
(601, 2)
(2103885241, 1)
(604, 1)
(2114387164, 2)
(607, 1)
(2124889087, 2)
(610, 0)
(2135391010, 0)
(613, 1)
(2145892933, 2)
(616, 2)
(2156394856, 2)
(619, 0)
(2166896779, 0)
(622, 0)
(2177398702, 0)
(625, 2)
(2187900625, 2)
(628, 0)
(2198402548, 0)
(631, 1)
(2208904471, 2)
(634, 1)
(2219406394, 1)
(637, 2)
(2229908317, 2)
(640, 2)
(2240410240, 2)
(643, 0)
(2250912163, 0)
(646, 2)
(2261414086, 1)
(649, 2)
(2271916009, 1)
(652, 0)
(2282417932, 0)
(655, 0)
(2292919855, 0)
(658, 1)
(2303421778, 2)
(661, 0)
(2313923701, 0)
(664, 1)
(2324425624, 1)
(667, 0)
(2334927547, 0)
(670, 0)
(2345429470, 0)
(673, 0)
(2355931393, 0)
(676, 2)
(2366433316, 2)
(679, 0)
(2376935239, 0)
(682, 0)
(2387437162, 0)
(685, 0)
(2397939085, 0)
(688, 0)
(2408441008, 0)
(691, 0)
(2418942931, 0)
(694, 2)
(2429444854, 1)
(697, 2)
(2439946777, 1)
(700, 1)
(2450448700, 2)
(703, 2)
(2460950623, 1)
(706, 0)
(2471452546, 0)
(709, 1)
(2481954469, 1)
(712, 2)
(2492456392, 2)
(715, 0)
(2502958315, 0)
(718, 0)
(2513460238, 0)
(721, 1)
(2523962161, 1)
(724, 1)
(2534464084, 2)
(727, 1)
(2544966007, 1)
(730, 0)
(2555467930, 0)
(733, 2)
(2565969853, 1)
(736, 2)
(2576471776, 1)
(739, 0)
(2586973699, 0)
(742, 1)
(2597475622, 2)
(745, 1)
(2607977545, 2)
(748, 0)
(2618479468, 0)
(751, 0)
(2628981391, 0)
(754, 1)
(2639483314, 2)
(757, 1)
(2649985237, 1)
(760, 1)
(2660487160, 2)
(763, 0)
(2670989083, 0)
(766, 0)
(2681491006, 0)
(769, 2)
(2691992929, 1)
(772, 1)
(2702494852, 1)
(775, 0)
(2712996775, 0)
(778, 1)
(2723498698, 1)
(781, 2)
(2734000621, 2)
(784, 0)
(2744502544, 0)
(787, 0)
(2755004467, 0)
(790, 2)
(2765506390, 2)
(793, 2)
(2776008313, 2)
(796, 0)
(2786510236, 0)
(799, 1)
(2797012159, 1)
(802, 0)
(2807514082, 0)
(805, 1)
(2818016005, 1)
(808, 0)
(2828517928, 0)
(811, 0)
(2839019851, 0)
(814, 0)
(2849521774, 0)
(817, 0)
(2860023697, 0)
(820, 2)
(2870525620, 1)
(823, 0)
(2881027543, 0)
(826, 0)
(2891529466, 0)
(829, 1)
(2902031389, 1)
(832, 2)
(2912533312, 2)
(835, 0)
(2923035235, 0)
(838, 1)
(2933537158, 2)
(841, 1)
(2944039081, 1)
(844, 0)
(2954541004, 0)
(847, 2)
(2965042927, 1)
(850, 1)
(2975544850, 1)
