(1, 2)
(5755201, 2)
(4, 2)
(23020804, 2)
(7, 1)
(40286407, 1)
(10, 1)
(57552010, 1)
(13, 2)
(74817613, 1)
(16, 1)
(92083216, 1)
(19, 0)
(109348819, 0)
(22, 1)
(126614422, 2)
(25, 1)
(143880025, 1)
(28, 1)
(161145628, 1)
(31, 0)
(178411231, 0)
(34, 2)
(195676834, 2)
(37, 2)
(212942437, 1)
(40, 2)
(230208040, 2)
(43, 0)
(247473643, 0)
(46, 2)
(264739246, 2)
(49, 0)
(282004849, 0)
(52, 2)
(299270452, 1)
(55, 1)
(316536055, 2)
(58, 1)
(333801658, 2)
(61, 0)
(351067261, 0)
(64, 2)
(368332864, 2)
(67, 0)
(385598467, 0)
(70, 2)
(402864070, 2)
(73, 1)
(420129673, 2)
(76, 0)
(437395276, 0)
(79, 2)
(454660879, 2)
(82, 2)
(471926482, 2)
(85, 1)
(489192085, 1)
(88, 2)
(506457688, 1)
(91, 0)
(523723291, 0)
(94, 1)
(540988894, 2)
(97, 1)
(558254497, 2)
(100, 1)
(575520100, 1)
(103, 2)
(592785703, 1)
(106, 0)
(610051306, 0)
(109, 0)
(627316909, 0)
(112, 2)
(644582512, 2)
(115, 0)
(661848115, 0)
(118, 0)
(679113718, 0)
(121, 2)
(696379321, 2)
(124, 0)
(713644924, 0)
(127, 2)
(730910527, 1)
(130, 2)
(748176130, 1)
(133, 1)
(765441733, 2)
(136, 1)
(782707336, 1)
(139, 0)
(799972939, 0)
(142, 2)
(817238542, 2)
(145, 2)
(834504145, 1)
(148, 2)
(851769748, 1)
(151, 1)
(869035351, 1)
(154, 1)
(886300954, 2)
(157, 0)
(903566557, 0)
(160, 1)
(920832160, 1)
(163, 0)
(938097763, 0)
(166, 2)
(955363366, 1)
(169, 2)
(972628969, 2)
(172, 0)
(989894572, 0)
(175, 1)
(1007160175, 1)
(178, 1)
(1024425778, 1)
(181, 1)
(1041691381, 1)
(184, 1)
(1058956984, 1)
(187, 0)
(1076222587, 0)
(190, 2)
(1093488190, 1)
(193, 1)
(1110753793, 1)
(196, 0)
(1128019396, 0)
(199, 0)
(1145284999, 0)
(202, 0)
(1162550602, 0)
(205, 2)
(1179816205, 2)
(208, 1)
(1197081808, 2)
(211, 0)
(1214347411, 0)
(214, 0)
(1231613014, 0)
(217, 2)
(1248878617, 2)
(220, 1)
(1266144220, 2)
(223, 1)
(1283409823, 2)
(226, 1)
(1300675426, 1)
(229, 1)
(1317941029, 2)
(232, 2)
(1335206632, 1)
(235, 0)
(1352472235, 0)
(238, 1)
(1369737838, 1)
(241, 0)
(1387003441, 0)
(244, 0)
(1404269044, 0)
(247, 0)
(1421534647, 0)
(250, 0)
(1438800250, 0)
(253, 1)
(1456065853, 2)
(256, 1)
(1473331456, 1)
(259, 0)
(1490597059, 0)
(262, 0)
(1507862662, 0)
(265, 2)
(1525128265, 1)
(268, 0)
(1542393868, 0)
(271, 2)
(1559659471, 2)
(274, 0)
(1576925074, 0)
(277, 0)
(1594190677, 0)
(280, 1)
(1611456280, 1)
(283, 0)
(1628721883, 0)
(286, 0)
(1645987486, 0)
(289, 1)
(1663253089, 1)
(292, 1)
(1680518692, 2)
(295, 2)
(1697784295, 2)
(298, 0)
(1715049898, 0)
(301, 2)
(1732315501, 2)
(304, 0)
(1749581104, 0)
(307, 0)
(1766846707, 0)
(310, 1)
(1784112310, 1)
(313, 2)
(1801377913, 2)
(316, 2)
(1818643516, 2)
(319, 1)
(1835909119, 1)
(322, 1)
(1853174722, 1)
(325, 2)
(1870440325, 1)
(328, 1)
(1887705928, 1)
(331, 0)
(1904971531, 0)
(334, 0)
(1922237134, 0)
(337, 2)
(1939502737, 1)
(340, 1)
(1956768340, 1)
(343, 2)
(1974033943, 2)
(346, 2)
(1991299546, 2)
(349, 2)
(2008565149, 1)
(352, 1)
(2025830752, 2)
(355, 0)
(2043096355, 0)
(358, 0)
(2060361958, 0)
(361, 0)
(2077627561, 0)
(364, 0)
(2094893164, 0)
(367, 0)
(2112158767, 0)
(370, 0)
(2129424370, 0)
(373, 1)
(2146689973, 2)
(376, 2)
(2163955576, 1)
(379, 0)
(2181221179, 0)
(382, 1)
(2198486782, 2)
(385, 2)
(2215752385, 1)
(388, 1)
(2233017988, 2)
(391, 2)
(2250283591, 2)
(394, 2)
(2267549194, 1)
(397, 0)
(2284814797, 0)
(400, 2)
(2302080400, 2)
(403, 0)
(2319346003, 0)
(406, 2)
(2336611606, 1)
(409, 1)
(2353877209, 2)
(412, 2)
(2371142812, 1)
(415, 1)
(2388408415, 2)
(418, 1)
(2405674018, 1)
(421, 1)
(2422939621, 2)
(424, 0)
(2440205224, 0)
(427, 0)
(2457470827, 0)
(430, 0)
(2474736430, 0)
(433, 0)
(2492002033, 0)
(436, 0)
(2509267636, 0)
(439, 0)
(2526533239, 0)
(442, 1)
(2543798842, 2)
(445, 2)
(2561064445, 2)
(448, 1)
(2578330048, 1)
(451, 0)
(2595595651, 0)
(454, 1)
(2612861254, 2)
(457, 2)
(2630126857, 2)
(460, 0)
(2647392460, 0)
(463, 1)
(2664658063, 2)
(466, 1)
(2681923666, 2)
(469, 1)
(2699189269, 2)
(472, 0)
(2716454872, 0)
(475, 0)
(2733720475, 0)
(478, 1)
(2750986078, 2)
(481, 1)
(2768251681, 1)
(484, 2)
(2785517284, 2)
(487, 1)
(2802782887, 1)
(490, 1)
(2820048490, 1)
(493, 0)
(2837314093, 0)
(496, 0)
(2854579696, 0)
(499, 0)
(2871845299, 0)
(502, 1)
(2889110902, 2)
(505, 2)
(2906376505, 2)
(508, 2)
(2923642108, 1)
(511, 2)
(2940907711, 1)
(514, 2)
(2958173314, 1)
(517, 0)
(2975438917, 0)
(520, 1)
(2992704520, 2)
(523, 0)
(3009970123, 0)
(526, 0)
(3027235726, 0)
(529, 2)
(3044501329, 2)
(532, 1)
(3061766932, 2)
(535, 2)
(3079032535, 2)
(538, 2)
(3096298138, 1)
(541, 1)
(3113563741, 1)
(544, 2)
(3130829344, 2)
(547, 0)
(3148094947, 0)
(550, 1)
(3165360550, 2)
(553, 2)
(3182626153, 2)
(556, 0)
(3199891756, 0)
(559, 1)
(3217157359, 2)
(562, 1)
(3234422962, 2)
(565, 0)
(3251688565, 0)
(568, 1)
(3268954168, 1)
(571, 0)
(3286219771, 0)
(574, 2)
(3303485374, 2)
(577, 2)
(3320750977, 2)
(580, 2)
(3338016580, 1)
(583, 2)
(3355282183, 2)
(586, 0)
(3372547786, 0)
(589, 1)
(3389813389, 2)
(592, 1)
(3407078992, 2)
(595, 0)
(3424344595, 0)
(598, 1)
(3441610198, 2)
(601, 2)
(3458875801, 2)
(604, 1)
(3476141404, 1)
(607, 1)
(3493407007, 2)
(610, 0)
(3510672610, 0)
(613, 1)
(3527938213, 2)
(616, 2)
(3545203816, 1)
(619, 0)
(3562469419, 0)
(622, 0)
(3579735022, 0)
(625, 2)
(3597000625, 2)
(628, 0)
(3614266228, 0)
(631, 1)
(3631531831, 1)
(634, 1)
(3648797434, 2)
(637, 2)
(3666063037, 1)
(640, 2)
(3683328640, 2)
(643, 0)
(3700594243, 0)
(646, 2)
(3717859846, 1)
(649, 2)
(3735125449, 1)
(652, 0)
(3752391052, 0)
(655, 0)
(3769656655, 0)
(658, 1)
(3786922258, 2)
(661, 0)
(3804187861, 0)
(664, 1)
(3821453464, 2)
(667, 0)
(3838719067, 0)
(670, 0)
(3855984670, 0)
(673, 0)
(3873250273, 0)
(676, 2)
(3890515876, 2)
(679, 0)
(3907781479, 0)
(682, 0)
(3925047082, 0)
(685, 0)
(3942312685, 0)
(688, 0)
(3959578288, 0)
(691, 0)
(3976843891, 0)
(694, 2)
(3994109494, 2)
(697, 2)
(4011375097, 2)
(700, 1)
(4028640700, 1)
(703, 2)
(4045906303, 2)
(706, 0)
(4063171906, 0)
(709, 1)
(4080437509, 2)
(712, 2)
(4097703112, 2)
(715, 0)
(4114968715, 0)
(718, 0)
(4132234318, 0)
(721, 1)
(4149499921, 2)
(724, 1)
(4166765524, 1)
(727, 1)
(4184031127, 2)
(730, 0)
(4201296730, 0)
(733, 2)
(4218562333, 1)
(736, 2)
(4235827936, 2)
(739, 0)
(4253093539, 0)
(742, 1)
(4270359142, 2)
(745, 1)
(4287624745, 2)
(748, 0)
(4304890348, 0)
(751, 0)
(4322155951, 0)
(754, 1)
(4339421554, 1)
(757, 1)
(4356687157, 2)
(760, 1)
(4373952760, 2)
(763, 0)
(4391218363, 0)
(766, 0)
(4408483966, 0)
(769, 2)
(4425749569, 1)
(772, 1)
(4443015172, 1)
(775, 0)
(4460280775, 0)
(778, 1)
(4477546378, 1)
(781, 2)
(4494811981, 1)
(784, 0)
(4512077584, 0)
(787, 0)
(4529343187, 0)
(790, 2)
(4546608790, 2)
(793, 2)
(4563874393, 1)
(796, 0)
(4581139996, 0)
(799, 1)
(4598405599, 2)
(802, 0)
(4615671202, 0)
(805, 1)
(4632936805, 1)
(808, 0)
(4650202408, 0)
(811, 0)
(4667468011, 0)
(814, 0)
(4684733614, 0)
(817, 0)
(4701999217, 0)
(820, 2)
(4719264820, 2)
(823, 0)
(4736530423, 0)
(826, 0)
(4753796026, 0)
(829, 1)
(4771061629, 2)
(832, 2)
(4788327232, 1)
(835, 0)
(4805592835, 0)
(838, 1)
(4822858438, 1)
(841, 1)
(4840124041, 1)
(844, 0)
(4857389644, 0)
(847, 2)
(4874655247, 2)
(850, 1)
(4891920850, 1)
