(1, 2)
(50452609, 2)
(4, 2)
(201810436, 2)
(7, 1)
(353168263, 1)
(10, 1)
(504526090, 2)
(13, 2)
(655883917, 1)
(16, 1)
(807241744, 1)
(19, 0)
(958599571, 0)
(22, 1)
(1109957398, 1)
(25, 1)
(1261315225, 1)
(28, 1)
(1412673052, 1)
(31, 0)
(1564030879, 0)
(34, 2)
(1715388706, 1)
(37, 2)
(1866746533, 2)
(40, 2)
(2018104360, 1)
(43, 0)
(2169462187, 0)
(46, 2)
(2320820014, 2)
(49, 0)
(2472177841, 0)
(52, 2)
(2623535668, 1)
(55, 1)
(2774893495, 2)
(58, 1)
(2926251322, 2)
(61, 0)
(3077609149, 0)
(64, 2)
(3228966976, 2)
(67, 0)
(3380324803, 0)
(70, 2)
(3531682630, 1)
(73, 1)
(3683040457, 2)
(76, 0)
(3834398284, 0)
(79, 2)
(3985756111, 1)
(82, 2)
(4137113938, 2)
(85, 1)
(4288471765, 1)
(88, 2)
(4439829592, 2)
(91, 0)
(4591187419, 0)
(94, 1)
(4742545246, 2)
(97, 1)
(4893903073, 1)
(100, 1)
(5045260900, 1)
(103, 2)
(5196618727, 2)
(106, 0)
(5347976554, 0)
(109, 0)
(5499334381, 0)
(112, 2)
(5650692208, 2)
(115, 0)
(5802050035, 0)
(118, 0)
(5953407862, 0)
(121, 2)
(6104765689, 2)
(124, 0)
(6256123516, 0)
(127, 2)
(6407481343, 2)
(130, 2)
(6558839170, 2)
(133, 1)
(6710196997, 2)
(136, 1)
(6861554824, 2)
(139, 0)
(7012912651, 0)
(142, 2)
(7164270478, 1)
(145, 2)
(7315628305, 2)
(148, 2)
(7466986132, 2)
(151, 1)
(7618343959, 1)
(154, 1)
(7769701786, 1)
(157, 0)
(7921059613, 0)
(160, 1)
(8072417440, 2)
(163, 0)
(8223775267, 0)
(166, 2)
(8375133094, 1)
(169, 2)
(8526490921, 2)
(172, 0)
(8677848748, 0)
(175, 1)
(8829206575, 1)
(178, 1)
(8980564402, 1)
(181, 1)
(9131922229, 1)
(184, 1)
(9283280056, 1)
(187, 0)
(9434637883, 0)
(190, 2)
(9585995710, 2)
(193, 1)
(9737353537, 2)
(196, 0)
(9888711364, 0)
(199, 0)
(10040069191, 0)
(202, 0)
(10191427018, 0)
(205, 2)
(10342784845, 1)
(208, 1)
(10494142672, 2)
(211, 0)
(10645500499, 0)
(214, 0)
(10796858326, 0)
(217, 2)
(10948216153, 1)
(220, 1)
(11099573980, 2)
(223, 1)
(11250931807, 1)
(226, 1)
(11402289634, 1)
(229, 1)
(11553647461, 1)
(232, 2)
(11705005288, 1)
(235, 0)
(11856363115, 0)
(238, 1)
(12007720942, 2)
(241, 0)
(12159078769, 0)
(244, 0)
(12310436596, 0)
(247, 0)
(12461794423, 0)
(250, 0)
(12613152250, 0)
(253, 1)
(12764510077, 1)
(256, 1)
(12915867904, 1)
(259, 0)
(13067225731, 0)
(262, 0)
(13218583558, 0)
(265, 2)
(13369941385, 1)
(268, 0)
(13521299212, 0)
(271, 2)
(13672657039, 1)
(274, 0)
(13824014866, 0)
(277, 0)
(13975372693, 0)
(280, 1)
(14126730520, 2)
(283, 0)
(14278088347, 0)
(286, 0)
(14429446174, 0)
(289, 1)
(14580804001, 1)
(292, 1)
(14732161828, 2)
(295, 2)
(14883519655, 1)
(298, 0)
(15034877482, 0)
(301, 2)
(15186235309, 2)
(304, 0)
(15337593136, 0)
(307, 0)
(15488950963, 0)
(310, 1)
(15640308790, 1)
(313, 2)
(15791666617, 2)
(316, 2)
(15943024444, 1)
(319, 1)
(16094382271, 2)
(322, 1)
(16245740098, 1)
(325, 2)
(16397097925, 1)
(328, 1)
(16548455752, 1)
(331, 0)
(16699813579, 0)
(334, 0)
(16851171406, 0)
(337, 2)
(17002529233, 2)
(340, 1)
(17153887060, 1)
(343, 2)
(17305244887, 2)
(346, 2)
(17456602714, 2)
(349, 2)
(17607960541, 2)
(352, 1)
(17759318368, 1)
(355, 0)
(17910676195, 0)
(358, 0)
(18062034022, 0)
(361, 0)
(18213391849, 0)
(364, 0)
(18364749676, 0)
(367, 0)
(18516107503, 0)
(370, 0)
(18667465330, 0)
(373, 1)
(18818823157, 1)
(376, 2)
(18970180984, 1)
(379, 0)
(19121538811, 0)
(382, 1)
(19272896638, 2)
(385, 2)
(19424254465, 1)
(388, 1)
(19575612292, 1)
(391, 2)
(19726970119, 1)
(394, 2)
(19878327946, 1)
(397, 0)
(20029685773, 0)
(400, 2)
(20181043600, 2)
(403, 0)
(20332401427, 0)
(406, 2)
(20483759254, 1)
(409, 1)
(20635117081, 1)
(412, 2)
(20786474908, 2)
(415, 1)
(20937832735, 1)
(418, 1)
(21089190562, 2)
(421, 1)
(21240548389, 2)
(424, 0)
(21391906216, 0)
(427, 0)
(21543264043, 0)
(430, 0)
(21694621870, 0)
(433, 0)
(21845979697, 0)
(436, 0)
(21997337524, 0)
(439, 0)
(22148695351, 0)
(442, 1)
(22300053178, 1)
(445, 2)
(22451411005, 1)
(448, 1)
(22602768832, 1)
(451, 0)
(22754126659, 0)
(454, 1)
(22905484486, 1)
(457, 2)
(23056842313, 1)
(460, 0)
(23208200140, 0)
(463, 1)
(23359557967, 2)
(466, 1)
(23510915794, 1)
(469, 1)
(23662273621, 2)
(472, 0)
(23813631448, 0)
(475, 0)
(23964989275, 0)
(478, 1)
(24116347102, 1)
(481, 1)
(24267704929, 2)
(484, 2)
(24419062756, 2)
(487, 1)
(24570420583, 2)
(490, 1)
(24721778410, 2)
(493, 0)
(24873136237, 0)
(496, 0)
(25024494064, 0)
(499, 0)
(25175851891, 0)
(502, 1)
(25327209718, 2)
(505, 2)
(25478567545, 1)
(508, 2)
(25629925372, 2)
(511, 2)
(25781283199, 1)
(514, 2)
(25932641026, 1)
(517, 0)
(26083998853, 0)
(520, 1)
(26235356680, 1)
(523, 0)
(26386714507, 0)
(526, 0)
(26538072334, 0)
(529, 2)
(26689430161, 2)
(532, 1)
(26840787988, 2)
(535, 2)
(26992145815, 2)
(538, 2)
(27143503642, 1)
(541, 1)
(27294861469, 2)
(544, 2)
(27446219296, 1)
(547, 0)
(27597577123, 0)
(550, 1)
(27748934950, 1)
(553, 2)
(27900292777, 1)
(556, 0)
(28051650604, 0)
(559, 1)
(28203008431, 2)
(562, 1)
(28354366258, 1)
(565, 0)
(28505724085, 0)
(568, 1)
(28657081912, 2)
(571, 0)
(28808439739, 0)
(574, 2)
(28959797566, 2)
(577, 2)
(29111155393, 1)
(580, 2)
(29262513220, 2)
(583, 2)
(29413871047, 2)
(586, 0)
(29565228874, 0)
(589, 1)
(29716586701, 1)
(592, 1)
(29867944528, 1)
(595, 0)
(30019302355, 0)
(598, 1)
(30170660182, 2)
(601, 2)
(30322018009, 1)
(604, 1)
(30473375836, 1)
(607, 1)
(30624733663, 1)
(610, 0)
(30776091490, 0)
(613, 1)
(30927449317, 1)
(616, 2)
(31078807144, 2)
(619, 0)
(31230164971, 0)
(622, 0)
(31381522798, 0)
(625, 2)
(31532880625, 2)
(628, 0)
(31684238452, 0)
(631, 1)
(31835596279, 2)
(634, 1)
(31986954106, 2)
(637, 2)
(32138311933, 1)
(640, 2)
(32289669760, 1)
(643, 0)
(32441027587, 0)
(646, 2)
(32592385414, 2)
(649, 2)
(32743743241, 2)
(652, 0)
(32895101068, 0)
(655, 0)
(33046458895, 0)
(658, 1)
(33197816722, 2)
(661, 0)
(33349174549, 0)
(664, 1)
(33500532376, 2)
(667, 0)
(33651890203, 0)
(670, 0)
(33803248030, 0)
(673, 0)
(33954605857, 0)
(676, 2)
(34105963684, 2)
(679, 0)
(34257321511, 0)
(682, 0)
(34408679338, 0)
(685, 0)
(34560037165, 0)
(688, 0)
(34711394992, 0)
(691, 0)
(34862752819, 0)
(694, 2)
(35014110646, 2)
(697, 2)
(35165468473, 1)
(700, 1)
(35316826300, 1)
(703, 2)
(35468184127, 1)
(706, 0)
(35619541954, 0)
(709, 1)
(35770899781, 2)
(712, 2)
(35922257608, 2)
(715, 0)
(36073615435, 0)
(718, 0)
(36224973262, 0)
(721, 1)
(36376331089, 1)
(724, 1)
(36527688916, 1)
(727, 1)
(36679046743, 1)
(730, 0)
(36830404570, 0)
(733, 2)
(36981762397, 1)
(736, 2)
(37133120224, 2)
(739, 0)
(37284478051, 0)
(742, 1)
(37435835878, 1)
(745, 1)
(37587193705, 2)
(748, 0)
(37738551532, 0)
(751, 0)
(37889909359, 0)
(754, 1)
(38041267186, 1)
(757, 1)
(38192625013, 2)
(760, 1)
(38343982840, 1)
(763, 0)
(38495340667, 0)
(766, 0)
(38646698494, 0)
(769, 2)
(38798056321, 2)
(772, 1)
(38949414148, 2)
(775, 0)
(39100771975, 0)
(778, 1)
(39252129802, 2)
(781, 2)
(39403487629, 1)
(784, 0)
(39554845456, 0)
(787, 0)
(39706203283, 0)
(790, 2)
(39857561110, 2)
(793, 2)
(40008918937, 1)
(796, 0)
(40160276764, 0)
(799, 1)
(40311634591, 1)
(802, 0)
(40462992418, 0)
(805, 1)
(40614350245, 2)
(808, 0)
(40765708072, 0)
(811, 0)
(40917065899, 0)
(814, 0)
(41068423726, 0)
(817, 0)
(41219781553, 0)
(820, 2)
(41371139380, 1)
(823, 0)
(41522497207, 0)
(826, 0)
(41673855034, 0)
(829, 1)
(41825212861, 1)
(832, 2)
(41976570688, 1)
(835, 0)
(42127928515, 0)
(838, 1)
(42279286342, 1)
(841, 1)
(42430644169, 1)
(844, 0)
(42582001996, 0)
(847, 2)
(42733359823, 2)
(850, 1)
(42884717650, 2)
