(1, 2)
(1216609, 2)
(4, 2)
(4866436, 2)
(7, 1)
(8516263, 2)
(10, 1)
(12166090, 2)
(13, 2)
(15815917, 1)
(16, 1)
(19465744, 1)
(19, 0)
(23115571, 0)
(22, 1)
(26765398, 2)
(25, 1)
(30415225, 1)
(28, 1)
(34065052, 2)
(31, 0)
(37714879, 0)
(34, 2)
(41364706, 2)
(37, 2)
(45014533, 2)
(40, 2)
(48664360, 1)
(43, 0)
(52314187, 0)
(46, 2)
(55964014, 2)
(49, 0)
(59613841, 0)
(52, 2)
(63263668, 1)
(55, 1)
(66913495, 1)
(58, 1)
(70563322, 1)
(61, 0)
(74213149, 0)
(64, 2)
(77862976, 2)
(67, 0)
(81512803, 0)
(70, 2)
(85162630, 2)
(73, 1)
(88812457, 1)
(76, 0)
(92462284, 0)
(79, 2)
(96112111, 1)
(82, 2)
(99761938, 2)
(85, 1)
(103411765, 2)
(88, 2)
(107061592, 1)
(91, 0)
(110711419, 0)
(94, 1)
(114361246, 1)
(97, 1)
(118011073, 1)
(100, 1)
(121660900, 1)
(103, 2)
(125310727, 2)
(106, 0)
(128960554, 0)
(109, 0)
(132610381, 0)
(112, 2)
(136260208, 1)
(115, 0)
(139910035, 0)
(118, 0)
(143559862, 0)
(121, 2)
(147209689, 2)
(124, 0)
(150859516, 0)
(127, 2)
(154509343, 1)
(130, 2)
(158159170, 2)
(133, 1)
(161808997, 1)
(136, 1)
(165458824, 1)
(139, 0)
(169108651, 0)
(142, 2)
(172758478, 1)
(145, 2)
(176408305, 1)
(148, 2)
(180058132, 2)
(151, 1)
(183707959, 1)
(154, 1)
(187357786, 1)
(157, 0)
(191007613, 0)
(160, 1)
(194657440, 2)
(163, 0)
(198307267, 0)
(166, 2)
(201957094, 2)
(169, 2)
(205606921, 2)
(172, 0)
(209256748, 0)
(175, 1)
(212906575, 2)
(178, 1)
(216556402, 2)
(181, 1)
(220206229, 2)
(184, 1)
(223856056, 1)
(187, 0)
(227505883, 0)
(190, 2)
(231155710, 2)
(193, 1)
(234805537, 1)
(196, 0)
(238455364, 0)
(199, 0)
(242105191, 0)
(202, 0)
(245755018, 0)
(205, 2)
(249404845, 1)
(208, 1)
(253054672, 2)
(211, 0)
(256704499, 0)
(214, 0)
(260354326, 0)
(217, 2)
(264004153, 2)
(220, 1)
(267653980, 1)
(223, 1)
(271303807, 2)
(226, 1)
(274953634, 2)
(229, 1)
(278603461, 1)
(232, 2)
(282253288, 2)
(235, 0)
(285903115, 0)
(238, 1)
(289552942, 2)
(241, 0)
(293202769, 0)
(244, 0)
(296852596, 0)
(247, 0)
(300502423, 0)
(250, 0)
(304152250, 0)
(253, 1)
(307802077, 2)
(256, 1)
(311451904, 1)
(259, 0)
(315101731, 0)
(262, 0)
(318751558, 0)
(265, 2)
(322401385, 1)
(268, 0)
(326051212, 0)
(271, 2)
(329701039, 2)
(274, 0)
(333350866, 0)
(277, 0)
(337000693, 0)
(280, 1)
(340650520, 1)
(283, 0)
(344300347, 0)
(286, 0)
(347950174, 0)
(289, 1)
(351600001, 1)
(292, 1)
(355249828, 1)
(295, 2)
(358899655, 2)
(298, 0)
(362549482, 0)
(301, 2)
(366199309, 1)
(304, 0)
(369849136, 0)
(307, 0)
(373498963, 0)
(310, 1)
(377148790, 1)
(313, 2)
(380798617, 1)
(316, 2)
(384448444, 1)
(319, 1)
(388098271, 2)
(322, 1)
(391748098, 2)
(325, 2)
(395397925, 1)
(328, 1)
(399047752, 1)
(331, 0)
(402697579, 0)
(334, 0)
(406347406, 0)
(337, 2)
(409997233, 1)
(340, 1)
(413647060, 2)
(343, 2)
(417296887, 1)
(346, 2)
(420946714, 1)
(349, 2)
(424596541, 2)
(352, 1)
(428246368, 2)
(355, 0)
(431896195, 0)
(358, 0)
(435546022, 0)
(361, 0)
(439195849, 0)
(364, 0)
(442845676, 0)
(367, 0)
(446495503, 0)
(370, 0)
(450145330, 0)
(373, 1)
(453795157, 1)
(376, 2)
(457444984, 2)
(379, 0)
(461094811, 0)
(382, 1)
(464744638, 1)
(385, 2)
(468394465, 1)
(388, 1)
(472044292, 1)
(391, 2)
(475694119, 2)
(394, 2)
(479343946, 1)
(397, 0)
(482993773, 0)
(400, 2)
(486643600, 2)
(403, 0)
(490293427, 0)
(406, 2)
(493943254, 1)
(409, 1)
(497593081, 2)
(412, 2)
(501242908, 2)
(415, 1)
(504892735, 2)
(418, 1)
(508542562, 1)
(421, 1)
(512192389, 2)
(424, 0)
(515842216, 0)
(427, 0)
(519492043, 0)
(430, 0)
(523141870, 0)
(433, 0)
(526791697, 0)
(436, 0)
(530441524, 0)
(439, 0)
(534091351, 0)
(442, 1)
(537741178, 2)
(445, 2)
(541391005, 2)
(448, 1)
(545040832, 2)
(451, 0)
(548690659, 0)
(454, 1)
(552340486, 2)
(457, 2)
(555990313, 2)
(460, 0)
(559640140, 0)
(463, 1)
(563289967, 1)
(466, 1)
(566939794, 1)
(469, 1)
(570589621, 2)
(472, 0)
(574239448, 0)
(475, 0)
(577889275, 0)
(478, 1)
(581539102, 2)
(481, 1)
(585188929, 2)
(484, 2)
(588838756, 2)
(487, 1)
(592488583, 2)
(490, 1)
(596138410, 2)
(493, 0)
(599788237, 0)
(496, 0)
(603438064, 0)
(499, 0)
(607087891, 0)
(502, 1)
(610737718, 1)
(505, 2)
(614387545, 2)
(508, 2)
(618037372, 1)
(511, 2)
(621687199, 1)
(514, 2)
(625337026, 1)
(517, 0)
(628986853, 0)
(520, 1)
(632636680, 1)
(523, 0)
(636286507, 0)
(526, 0)
(639936334, 0)
(529, 2)
(643586161, 2)
(532, 1)
(647235988, 1)
(535, 2)
(650885815, 2)
(538, 2)
(654535642, 1)
(541, 1)
(658185469, 1)
(544, 2)
(661835296, 2)
(547, 0)
(665485123, 0)
(550, 1)
(669134950, 2)
(553, 2)
(672784777, 2)
(556, 0)
(676434604, 0)
(559, 1)
(680084431, 2)
(562, 1)
(683734258, 2)
(565, 0)
(687384085, 0)
(568, 1)
(691033912, 2)
(571, 0)
(694683739, 0)
(574, 2)
(698333566, 1)
(577, 2)
(701983393, 2)
(580, 2)
(705633220, 1)
(583, 2)
(709283047, 1)
(586, 0)
(712932874, 0)
(589, 1)
(716582701, 1)
(592, 1)
(720232528, 1)
(595, 0)
(723882355, 0)
(598, 1)
(727532182, 2)
(601, 2)
(731182009, 1)
(604, 1)
(734831836, 1)
(607, 1)
(738481663, 1)
(610, 0)
(742131490, 0)
(613, 1)
(745781317, 1)
(616, 2)
(749431144, 2)
(619, 0)
(753080971, 0)
(622, 0)
(756730798, 0)
(625, 2)
(760380625, 2)
(628, 0)
(764030452, 0)
(631, 1)
(767680279, 1)
(634, 1)
(771330106, 1)
(637, 2)
(774979933, 1)
(640, 2)
(778629760, 1)
(643, 0)
(782279587, 0)
(646, 2)
(785929414, 1)
(649, 2)
(789579241, 2)
(652, 0)
(793229068, 0)
(655, 0)
(796878895, 0)
(658, 1)
(800528722, 2)
(661, 0)
(804178549, 0)
(664, 1)
(807828376, 1)
(667, 0)
(811478203, 0)
(670, 0)
(815128030, 0)
(673, 0)
(818777857, 0)
(676, 2)
(822427684, 2)
(679, 0)
(826077511, 0)
(682, 0)
(829727338, 0)
(685, 0)
(833377165, 0)
(688, 0)
(837026992, 0)
(691, 0)
(840676819, 0)
(694, 2)
(844326646, 2)
(697, 2)
(847976473, 2)
(700, 1)
(851626300, 2)
(703, 2)
(855276127, 1)
(706, 0)
(858925954, 0)
(709, 1)
(862575781, 1)
(712, 2)
(866225608, 1)
(715, 0)
(869875435, 0)
(718, 0)
(873525262, 0)
(721, 1)
(877175089, 2)
(724, 1)
(880824916, 2)
(727, 1)
(884474743, 2)
(730, 0)
(888124570, 0)
(733, 2)
(891774397, 2)
(736, 2)
(895424224, 2)
(739, 0)
(899074051, 0)
(742, 1)
(902723878, 2)
(745, 1)
(906373705, 1)
(748, 0)
(910023532, 0)
(751, 0)
(913673359, 0)
(754, 1)
(917323186, 2)
(757, 1)
(920973013, 1)
(760, 1)
(924622840, 1)
(763, 0)
(928272667, 0)
(766, 0)
(931922494, 0)
(769, 2)
(935572321, 1)
(772, 1)
(939222148, 1)
(775, 0)
(942871975, 0)
(778, 1)
(946521802, 1)
(781, 2)
(950171629, 2)
(784, 0)
(953821456, 0)
(787, 0)
(957471283, 0)
(790, 2)
(961121110, 2)
(793, 2)
(964770937, 1)
(796, 0)
(968420764, 0)
(799, 1)
(972070591, 1)
(802, 0)
(975720418, 0)
(805, 1)
(979370245, 1)
(808, 0)
(983020072, 0)
(811, 0)
(986669899, 0)
(814, 0)
(990319726, 0)
(817, 0)
(993969553, 0)
(820, 2)
(997619380, 1)
(823, 0)
(1001269207, 0)
(826, 0)
(1004919034, 0)
(829, 1)
(1008568861, 2)
(832, 2)
(1012218688, 1)
(835, 0)
(1015868515, 0)
(838, 1)
(1019518342, 1)
(841, 1)
(1023168169, 1)
(844, 0)
(1026817996, 0)
(847, 2)
(1030467823, 1)
(850, 1)
(1034117650, 1)
