(1, 2)
(7219969, 2)
(4, 2)
(28879876, 2)
(7, 1)
(50539783, 1)
(10, 1)
(72199690, 2)
(13, 2)
(93859597, 2)
(16, 1)
(115519504, 1)
(19, 0)
(137179411, 0)
(22, 1)
(158839318, 2)
(25, 1)
(180499225, 1)
(28, 1)
(202159132, 1)
(31, 0)
(223819039, 0)
(34, 2)
(245478946, 2)
(37, 2)
(267138853, 1)
(40, 2)
(288798760, 1)
(43, 0)
(310458667, 0)
(46, 2)
(332118574, 2)
(49, 0)
(353778481, 0)
(52, 2)
(375438388, 2)
(55, 1)
(397098295, 1)
(58, 1)
(418758202, 2)
(61, 0)
(440418109, 0)
(64, 2)
(462078016, 2)
(67, 0)
(483737923, 0)
(70, 2)
(505397830, 1)
(73, 1)
(527057737, 2)
(76, 0)
(548717644, 0)
(79, 2)
(570377551, 1)
(82, 2)
(592037458, 1)
(85, 1)
(613697365, 2)
(88, 2)
(635357272, 1)
(91, 0)
(657017179, 0)
(94, 1)
(678677086, 2)
(97, 1)
(700336993, 2)
(100, 1)
(721996900, 1)
(103, 2)
(743656807, 1)
(106, 0)
(765316714, 0)
(109, 0)
(786976621, 0)
(112, 2)
(808636528, 2)
(115, 0)
(830296435, 0)
(118, 0)
(851956342, 0)
(121, 2)
(873616249, 2)
(124, 0)
(895276156, 0)
(127, 2)
(916936063, 2)
(130, 2)
(938595970, 1)
(133, 1)
(960255877, 1)
(136, 1)
(981915784, 1)
(139, 0)
(1003575691, 0)
(142, 2)
(1025235598, 1)
(145, 2)
(1046895505, 2)
(148, 2)
(1068555412, 1)
(151, 1)
(1090215319, 1)
(154, 1)
(1111875226, 2)
(157, 0)
(1133535133, 0)
(160, 1)
(1155195040, 2)
(163, 0)
(1176854947, 0)
(166, 2)
(1198514854, 1)
(169, 2)
(1220174761, 2)
(172, 0)
(1241834668, 0)
(175, 1)
(1263494575, 1)
(178, 1)
(1285154482, 1)
(181, 1)
(1306814389, 2)
(184, 1)
(1328474296, 1)
(187, 0)
(1350134203, 0)
(190, 2)
(1371794110, 1)
(193, 1)
(1393454017, 2)
(196, 0)
(1415113924, 0)
(199, 0)
(1436773831, 0)
(202, 0)
(1458433738, 0)
(205, 2)
(1480093645, 2)
(208, 1)
(1501753552, 1)
(211, 0)
(1523413459, 0)
(214, 0)
(1545073366, 0)
(217, 2)
(1566733273, 2)
(220, 1)
(1588393180, 1)
(223, 1)
(1610053087, 1)
(226, 1)
(1631712994, 1)
(229, 1)
(1653372901, 1)
(232, 2)
(1675032808, 1)
(235, 0)
(1696692715, 0)
(238, 1)
(1718352622, 1)
(241, 0)
(1740012529, 0)
(244, 0)
(1761672436, 0)
(247, 0)
(1783332343, 0)
(250, 0)
(1804992250, 0)
(253, 1)
(1826652157, 2)
(256, 1)
(1848312064, 1)
(259, 0)
(1869971971, 0)
(262, 0)
(1891631878, 0)
(265, 2)
(1913291785, 1)
(268, 0)
(1934951692, 0)
(271, 2)
(1956611599, 1)
(274, 0)
(1978271506, 0)
(277, 0)
(1999931413, 0)
(280, 1)
(2021591320, 2)
(283, 0)
(2043251227, 0)
(286, 0)
(2064911134, 0)
(289, 1)
(2086571041, 1)
(292, 1)
(2108230948, 2)
(295, 2)
(2129890855, 1)
(298, 0)
(2151550762, 0)
(301, 2)
(2173210669, 1)
(304, 0)
(2194870576, 0)
(307, 0)
(2216530483, 0)
(310, 1)
(2238190390, 2)
(313, 2)
(2259850297, 1)
(316, 2)
(2281510204, 1)
(319, 1)
(2303170111, 1)
(322, 1)
(2324830018, 1)
(325, 2)
(2346489925, 2)
(328, 1)
(2368149832, 2)
(331, 0)
(2389809739, 0)
(334, 0)
(2411469646, 0)
(337, 2)
(2433129553, 2)
(340, 1)
(2454789460, 2)
(343, 2)
(2476449367, 2)
(346, 2)
(2498109274, 2)
(349, 2)
(2519769181, 1)
(352, 1)
(2541429088, 2)
(355, 0)
(2563088995, 0)
(358, 0)
(2584748902, 0)
(361, 0)
(2606408809, 0)
(364, 0)
(2628068716, 0)
(367, 0)
(2649728623, 0)
(370, 0)
(2671388530, 0)
(373, 1)
(2693048437, 2)
(376, 2)
(2714708344, 1)
(379, 0)
(2736368251, 0)
(382, 1)
(2758028158, 2)
(385, 2)
(2779688065, 2)
(388, 1)
(2801347972, 2)
(391, 2)
(2823007879, 2)
(394, 2)
(2844667786, 1)
(397, 0)
(2866327693, 0)
(400, 2)
(2887987600, 2)
(403, 0)
(2909647507, 0)
(406, 2)
(2931307414, 1)
(409, 1)
(2952967321, 2)
(412, 2)
(2974627228, 1)
(415, 1)
(2996287135, 1)
(418, 1)
(3017947042, 2)
(421, 1)
(3039606949, 2)
(424, 0)
(3061266856, 0)
(427, 0)
(3082926763, 0)
(430, 0)
(3104586670, 0)
(433, 0)
(3126246577, 0)
(436, 0)
(3147906484, 0)
(439, 0)
(3169566391, 0)
(442, 1)
(3191226298, 1)
(445, 2)
(3212886205, 1)
(448, 1)
(3234546112, 1)
(451, 0)
(3256206019, 0)
(454, 1)
(3277865926, 2)
(457, 2)
(3299525833, 2)
(460, 0)
(3321185740, 0)
(463, 1)
(3342845647, 1)
(466, 1)
(3364505554, 1)
(469, 1)
(3386165461, 1)
(472, 0)
(3407825368, 0)
(475, 0)
(3429485275, 0)
(478, 1)
(3451145182, 2)
(481, 1)
(3472805089, 2)
(484, 2)
(3494464996, 2)
(487, 1)
(3516124903, 1)
(490, 1)
(3537784810, 2)
(493, 0)
(3559444717, 0)
(496, 0)
(3581104624, 0)
(499, 0)
(3602764531, 0)
(502, 1)
(3624424438, 1)
(505, 2)
(3646084345, 2)
(508, 2)
(3667744252, 2)
(511, 2)
(3689404159, 1)
(514, 2)
(3711064066, 2)
(517, 0)
(3732723973, 0)
(520, 1)
(3754383880, 2)
(523, 0)
(3776043787, 0)
(526, 0)
(3797703694, 0)
(529, 2)
(3819363601, 2)
(532, 1)
(3841023508, 1)
(535, 2)
(3862683415, 2)
(538, 2)
(3884343322, 1)
(541, 1)
(3906003229, 2)
(544, 2)
(3927663136, 2)
(547, 0)
(3949323043, 0)
(550, 1)
(3970982950, 2)
(553, 2)
(3992642857, 1)
(556, 0)
(4014302764, 0)
(559, 1)
(4035962671, 2)
(562, 1)
(4057622578, 1)
(565, 0)
(4079282485, 0)
(568, 1)
(4100942392, 2)
(571, 0)
(4122602299, 0)
(574, 2)
(4144262206, 1)
(577, 2)
(4165922113, 2)
(580, 2)
(4187582020, 2)
(583, 2)
(4209241927, 1)
(586, 0)
(4230901834, 0)
(589, 1)
(4252561741, 1)
(592, 1)
(4274221648, 2)
(595, 0)
(4295881555, 0)
(598, 1)
(4317541462, 1)
(601, 2)
(4339201369, 1)
(604, 1)
(4360861276, 1)
(607, 1)
(4382521183, 1)
(610, 0)
(4404181090, 0)
(613, 1)
(4425840997, 2)
(616, 2)
(4447500904, 1)
(619, 0)
(4469160811, 0)
(622, 0)
(4490820718, 0)
(625, 2)
(4512480625, 2)
(628, 0)
(4534140532, 0)
(631, 1)
(4555800439, 2)
(634, 1)
(4577460346, 2)
(637, 2)
(4599120253, 2)
(640, 2)
(4620780160, 1)
(643, 0)
(4642440067, 0)
(646, 2)
(4664099974, 2)
(649, 2)
(4685759881, 1)
(652, 0)
(4707419788, 0)
(655, 0)
(4729079695, 0)
(658, 1)
(4750739602, 2)
(661, 0)
(4772399509, 0)
(664, 1)
(4794059416, 2)
(667, 0)
(4815719323, 0)
(670, 0)
(4837379230, 0)
(673, 0)
(4859039137, 0)
(676, 2)
(4880699044, 2)
(679, 0)
(4902358951, 0)
(682, 0)
(4924018858, 0)
(685, 0)
(4945678765, 0)
(688, 0)
(4967338672, 0)
(691, 0)
(4988998579, 0)
(694, 2)
(5010658486, 2)
(697, 2)
(5032318393, 1)
(700, 1)
(5053978300, 1)
(703, 2)
(5075638207, 1)
(706, 0)
(5097298114, 0)
(709, 1)
(5118958021, 1)
(712, 2)
(5140617928, 2)
(715, 0)
(5162277835, 0)
(718, 0)
(5183937742, 0)
(721, 1)
(5205597649, 2)
(724, 1)
(5227257556, 2)
(727, 1)
(5248917463, 1)
(730, 0)
(5270577370, 0)
(733, 2)
(5292237277, 1)
(736, 2)
(5313897184, 2)
(739, 0)
(5335557091, 0)
(742, 1)
(5357216998, 1)
(745, 1)
(5378876905, 2)
(748, 0)
(5400536812, 0)
(751, 0)
(5422196719, 0)
(754, 1)
(5443856626, 2)
(757, 1)
(5465516533, 2)
(760, 1)
(5487176440, 2)
(763, 0)
(5508836347, 0)
(766, 0)
(5530496254, 0)
(769, 2)
(5552156161, 2)
(772, 1)
(5573816068, 2)
(775, 0)
(5595475975, 0)
(778, 1)
(5617135882, 1)
(781, 2)
(5638795789, 2)
(784, 0)
(5660455696, 0)
(787, 0)
(5682115603, 0)
(790, 2)
(5703775510, 2)
(793, 2)
(5725435417, 2)
(796, 0)
(5747095324, 0)
(799, 1)
(5768755231, 2)
(802, 0)
(5790415138, 0)
(805, 1)
(5812075045, 2)
(808, 0)
(5833734952, 0)
(811, 0)
(5855394859, 0)
(814, 0)
(5877054766, 0)
(817, 0)
(5898714673, 0)
(820, 2)
(5920374580, 2)
(823, 0)
(5942034487, 0)
(826, 0)
(5963694394, 0)
(829, 1)
(5985354301, 2)
(832, 2)
(6007014208, 2)
(835, 0)
(6028674115, 0)
(838, 1)
(6050334022, 2)
(841, 1)
(6071993929, 1)
(844, 0)
(6093653836, 0)
(847, 2)
(6115313743, 2)
(850, 1)
(6136973650, 1)
