(1, 2)
(11607649, 2)
(4, 2)
(46430596, 2)
(7, 1)
(81253543, 1)
(10, 1)
(116076490, 2)
(13, 2)
(150899437, 2)
(16, 1)
(185722384, 1)
(19, 0)
(220545331, 0)
(22, 1)
(255368278, 1)
(25, 1)
(290191225, 1)
(28, 1)
(325014172, 1)
(31, 0)
(359837119, 0)
(34, 2)
(394660066, 1)
(37, 2)
(429483013, 2)
(40, 2)
(464305960, 1)
(43, 0)
(499128907, 0)
(46, 2)
(533951854, 1)
(49, 0)
(568774801, 0)
(52, 2)
(603597748, 2)
(55, 1)
(638420695, 2)
(58, 1)
(673243642, 2)
(61, 0)
(708066589, 0)
(64, 2)
(742889536, 2)
(67, 0)
(777712483, 0)
(70, 2)
(812535430, 1)
(73, 1)
(847358377, 1)
(76, 0)
(882181324, 0)
(79, 2)
(917004271, 1)
(82, 2)
(951827218, 2)
(85, 1)
(986650165, 1)
(88, 2)
(1021473112, 2)
(91, 0)
(1056296059, 0)
(94, 1)
(1091119006, 1)
(97, 1)
(1125941953, 1)
(100, 1)
(1160764900, 1)
(103, 2)
(1195587847, 1)
(106, 0)
(1230410794, 0)
(109, 0)
(1265233741, 0)
(112, 2)
(1300056688, 2)
(115, 0)
(1334879635, 0)
(118, 0)
(1369702582, 0)
(121, 2)
(1404525529, 2)
(124, 0)
(1439348476, 0)
(127, 2)
(1474171423, 2)
(130, 2)
(1508994370, 1)
(133, 1)
(1543817317, 2)
(136, 1)
(1578640264, 2)
(139, 0)
(1613463211, 0)
(142, 2)
(1648286158, 2)
(145, 2)
(1683109105, 2)
(148, 2)
(1717932052, 2)
(151, 1)
(1752754999, 2)
(154, 1)
(1787577946, 1)
(157, 0)
(1822400893, 0)
(160, 1)
(1857223840, 2)
(163, 0)
(1892046787, 0)
(166, 2)
(1926869734, 1)
(169, 2)
(1961692681, 2)
(172, 0)
(1996515628, 0)
(175, 1)
(2031338575, 1)
(178, 1)
(2066161522, 1)
(181, 1)
(2100984469, 2)
(184, 1)
(2135807416, 2)
(187, 0)
(2170630363, 0)
(190, 2)
(2205453310, 2)
(193, 1)
(2240276257, 1)
(196, 0)
(2275099204, 0)
(199, 0)
(2309922151, 0)
(202, 0)
(2344745098, 0)
(205, 2)
(2379568045, 1)
(208, 1)
(2414390992, 1)
(211, 0)
(2449213939, 0)
(214, 0)
(2484036886, 0)
(217, 2)
(2518859833, 1)
(220, 1)
(2553682780, 2)
(223, 1)
(2588505727, 2)
(226, 1)
(2623328674, 2)
(229, 1)
(2658151621, 2)
(232, 2)
(2692974568, 1)
(235, 0)
(2727797515, 0)
(238, 1)
(2762620462, 2)
(241, 0)
(2797443409, 0)
(244, 0)
(2832266356, 0)
(247, 0)
(2867089303, 0)
(250, 0)
(2901912250, 0)
(253, 1)
(2936735197, 2)
(256, 1)
(2971558144, 1)
(259, 0)
(3006381091, 0)
(262, 0)
(3041204038, 0)
(265, 2)
(3076026985, 1)
(268, 0)
(3110849932, 0)
(271, 2)
(3145672879, 1)
(274, 0)
(3180495826, 0)
(277, 0)
(3215318773, 0)
(280, 1)
(3250141720, 2)
(283, 0)
(3284964667, 0)
(286, 0)
(3319787614, 0)
(289, 1)
(3354610561, 1)
(292, 1)
(3389433508, 1)
(295, 2)
(3424256455, 1)
(298, 0)
(3459079402, 0)
(301, 2)
(3493902349, 1)
(304, 0)
(3528725296, 0)
(307, 0)
(3563548243, 0)
(310, 1)
(3598371190, 1)
(313, 2)
(3633194137, 2)
(316, 2)
(3668017084, 1)
(319, 1)
(3702840031, 2)
(322, 1)
(3737662978, 2)
(325, 2)
(3772485925, 2)
(328, 1)
(3807308872, 1)
(331, 0)
(3842131819, 0)
(334, 0)
(3876954766, 0)
(337, 2)
(3911777713, 2)
(340, 1)
(3946600660, 1)
(343, 2)
(3981423607, 2)
(346, 2)
(4016246554, 1)
(349, 2)
(4051069501, 2)
(352, 1)
(4085892448, 1)
(355, 0)
(4120715395, 0)
(358, 0)
(4155538342, 0)
(361, 0)
(4190361289, 0)
(364, 0)
(4225184236, 0)
(367, 0)
(4260007183, 0)
(370, 0)
(4294830130, 0)
(373, 1)
(4329653077, 2)
(376, 2)
(4364476024, 2)
(379, 0)
(4399298971, 0)
(382, 1)
(4434121918, 2)
(385, 2)
(4468944865, 1)
(388, 1)
(4503767812, 1)
(391, 2)
(4538590759, 2)
(394, 2)
(4573413706, 1)
(397, 0)
(4608236653, 0)
(400, 2)
(4643059600, 2)
(403, 0)
(4677882547, 0)
(406, 2)
(4712705494, 1)
(409, 1)
(4747528441, 1)
(412, 2)
(4782351388, 1)
(415, 1)
(4817174335, 1)
(418, 1)
(4851997282, 2)
(421, 1)
(4886820229, 2)
(424, 0)
(4921643176, 0)
(427, 0)
(4956466123, 0)
(430, 0)
(4991289070, 0)
(433, 0)
(5026112017, 0)
(436, 0)
(5060934964, 0)
(439, 0)
(5095757911, 0)
(442, 1)
(5130580858, 2)
(445, 2)
(5165403805, 1)
(448, 1)
(5200226752, 1)
(451, 0)
(5235049699, 0)
(454, 1)
(5269872646, 1)
(457, 2)
(5304695593, 1)
(460, 0)
(5339518540, 0)
(463, 1)
(5374341487, 1)
(466, 1)
(5409164434, 2)
(469, 1)
(5443987381, 1)
(472, 0)
(5478810328, 0)
(475, 0)
(5513633275, 0)
(478, 1)
(5548456222, 2)
(481, 1)
(5583279169, 1)
(484, 2)
(5618102116, 2)
(487, 1)
(5652925063, 1)
(490, 1)
(5687748010, 2)
(493, 0)
(5722570957, 0)
(496, 0)
(5757393904, 0)
(499, 0)
(5792216851, 0)
(502, 1)
(5827039798, 2)
(505, 2)
(5861862745, 2)
(508, 2)
(5896685692, 2)
(511, 2)
(5931508639, 2)
(514, 2)
(5966331586, 1)
(517, 0)
(6001154533, 0)
(520, 1)
(6035977480, 2)
(523, 0)
(6070800427, 0)
(526, 0)
(6105623374, 0)
(529, 2)
(6140446321, 2)
(532, 1)
(6175269268, 2)
(535, 2)
(6210092215, 2)
(538, 2)
(6244915162, 1)
(541, 1)
(6279738109, 1)
(544, 2)
(6314561056, 1)
(547, 0)
(6349384003, 0)
(550, 1)
(6384206950, 1)
(553, 2)
(6419029897, 1)
(556, 0)
(6453852844, 0)
(559, 1)
(6488675791, 2)
(562, 1)
(6523498738, 1)
(565, 0)
(6558321685, 0)
(568, 1)
(6593144632, 1)
(571, 0)
(6627967579, 0)
(574, 2)
(6662790526, 2)
(577, 2)
(6697613473, 1)
(580, 2)
(6732436420, 2)
(583, 2)
(6767259367, 2)
(586, 0)
(6802082314, 0)
(589, 1)
(6836905261, 1)
(592, 1)
(6871728208, 1)
(595, 0)
(6906551155, 0)
(598, 1)
(6941374102, 2)
(601, 2)
(6976197049, 2)
(604, 1)
(7011019996, 2)
(607, 1)
(7045842943, 2)
(610, 0)
(7080665890, 0)
(613, 1)
(7115488837, 2)
(616, 2)
(7150311784, 2)
(619, 0)
(7185134731, 0)
(622, 0)
(7219957678, 0)
(625, 2)
(7254780625, 2)
(628, 0)
(7289603572, 0)
(631, 1)
(7324426519, 1)
(634, 1)
(7359249466, 2)
(637, 2)
(7394072413, 2)
(640, 2)
(7428895360, 1)
(643, 0)
(7463718307, 0)
(646, 2)
(7498541254, 2)
(649, 2)
(7533364201, 2)
(652, 0)
(7568187148, 0)
(655, 0)
(7603010095, 0)
(658, 1)
(7637833042, 1)
(661, 0)
(7672655989, 0)
(664, 1)
(7707478936, 2)
(667, 0)
(7742301883, 0)
(670, 0)
(7777124830, 0)
(673, 0)
(7811947777, 0)
(676, 2)
(7846770724, 2)
(679, 0)
(7881593671, 0)
(682, 0)
(7916416618, 0)
(685, 0)
(7951239565, 0)
(688, 0)
(7986062512, 0)
(691, 0)
(8020885459, 0)
(694, 2)
(8055708406, 1)
(697, 2)
(8090531353, 1)
(700, 1)
(8125354300, 1)
(703, 2)
(8160177247, 1)
(706, 0)
(8195000194, 0)
(709, 1)
(8229823141, 1)
(712, 2)
(8264646088, 2)
(715, 0)
(8299469035, 0)
(718, 0)
(8334291982, 0)
(721, 1)
(8369114929, 2)
(724, 1)
(8403937876, 2)
(727, 1)
(8438760823, 1)
(730, 0)
(8473583770, 0)
(733, 2)
(8508406717, 2)
(736, 2)
(8543229664, 1)
(739, 0)
(8578052611, 0)
(742, 1)
(8612875558, 1)
(745, 1)
(8647698505, 2)
(748, 0)
(8682521452, 0)
(751, 0)
(8717344399, 0)
(754, 1)
(8752167346, 2)
(757, 1)
(8786990293, 2)
(760, 1)
(8821813240, 1)
(763, 0)
(8856636187, 0)
(766, 0)
(8891459134, 0)
(769, 2)
(8926282081, 1)
(772, 1)
(8961105028, 1)
(775, 0)
(8995927975, 0)
(778, 1)
(9030750922, 1)
(781, 2)
(9065573869, 2)
(784, 0)
(9100396816, 0)
(787, 0)
(9135219763, 0)
(790, 2)
(9170042710, 2)
(793, 2)
(9204865657, 2)
(796, 0)
(9239688604, 0)
(799, 1)
(9274511551, 2)
(802, 0)
(9309334498, 0)
(805, 1)
(9344157445, 1)
(808, 0)
(9378980392, 0)
(811, 0)
(9413803339, 0)
(814, 0)
(9448626286, 0)
(817, 0)
(9483449233, 0)
(820, 2)
(9518272180, 1)
(823, 0)
(9553095127, 0)
(826, 0)
(9587918074, 0)
(829, 1)
(9622741021, 2)
(832, 2)
(9657563968, 2)
(835, 0)
(9692386915, 0)
(838, 1)
(9727209862, 1)
(841, 1)
(9762032809, 1)
(844, 0)
(9796855756, 0)
(847, 2)
(9831678703, 2)
(850, 1)
(9866501650, 2)
