(1, 2)
(72982849, 2)
(4, 2)
(291931396, 2)
(7, 1)
(510879943, 1)
(10, 1)
(729828490, 2)
(13, 2)
(948777037, 1)
(16, 1)
(1167725584, 1)
(19, 0)
(1386674131, 0)
(22, 1)
(1605622678, 1)
(25, 1)
(1824571225, 1)
(28, 1)
(2043519772, 1)
(31, 0)
(2262468319, 0)
(34, 2)
(2481416866, 2)
(37, 2)
(2700365413, 2)
(40, 2)
(2919313960, 1)
(43, 0)
(3138262507, 0)
(46, 2)
(3357211054, 2)
(49, 0)
(3576159601, 0)
(52, 2)
(3795108148, 1)
(55, 1)
(4014056695, 2)
(58, 1)
(4233005242, 2)
(61, 0)
(4451953789, 0)
(64, 2)
(4670902336, 2)
(67, 0)
(4889850883, 0)
(70, 2)
(5108799430, 1)
(73, 1)
(5327747977, 1)
(76, 0)
(5546696524, 0)
(79, 2)
(5765645071, 1)
(82, 2)
(5984593618, 1)
(85, 1)
(6203542165, 2)
(88, 2)
(6422490712, 2)
(91, 0)
(6641439259, 0)
(94, 1)
(6860387806, 2)
(97, 1)
(7079336353, 2)
(100, 1)
(7298284900, 1)
(103, 2)
(7517233447, 1)
(106, 0)
(7736181994, 0)
(109, 0)
(7955130541, 0)
(112, 2)
(8174079088, 2)
(115, 0)
(8393027635, 0)
(118, 0)
(8611976182, 0)
(121, 2)
(8830924729, 2)
(124, 0)
(9049873276, 0)
(127, 2)
(9268821823, 1)
(130, 2)
(9487770370, 2)
(133, 1)
(9706718917, 1)
(136, 1)
(9925667464, 1)
(139, 0)
(10144616011, 0)
(142, 2)
(10363564558, 2)
(145, 2)
(10582513105, 2)
(148, 2)
(10801461652, 2)
(151, 1)
(11020410199, 1)
(154, 1)
(11239358746, 1)
(157, 0)
(11458307293, 0)
(160, 1)
(11677255840, 2)
(163, 0)
(11896204387, 0)
(166, 2)
(12115152934, 1)
(169, 2)
(12334101481, 2)
(172, 0)
(12553050028, 0)
(175, 1)
(12771998575, 1)
(178, 1)
(12990947122, 1)
(181, 1)
(13209895669, 1)
(184, 1)
(13428844216, 1)
(187, 0)
(13647792763, 0)
(190, 2)
(13866741310, 1)
(193, 1)
(14085689857, 2)
(196, 0)
(14304638404, 0)
(199, 0)
(14523586951, 0)
(202, 0)
(14742535498, 0)
(205, 2)
(14961484045, 2)
(208, 1)
(15180432592, 2)
(211, 0)
(15399381139, 0)
(214, 0)
(15618329686, 0)
(217, 2)
(15837278233, 1)
(220, 1)
(16056226780, 2)
(223, 1)
(16275175327, 2)
(226, 1)
(16494123874, 2)
(229, 1)
(16713072421, 1)
(232, 2)
(16932020968, 1)
(235, 0)
(17150969515, 0)
(238, 1)
(17369918062, 1)
(241, 0)
(17588866609, 0)
(244, 0)
(17807815156, 0)
(247, 0)
(18026763703, 0)
(250, 0)
(18245712250, 0)
(253, 1)
(18464660797, 1)
(256, 1)
(18683609344, 1)
(259, 0)
(18902557891, 0)
(262, 0)
(19121506438, 0)
(265, 2)
(19340454985, 1)
(268, 0)
(19559403532, 0)
(271, 2)
(19778352079, 2)
(274, 0)
(19997300626, 0)
(277, 0)
(20216249173, 0)
(280, 1)
(20435197720, 2)
(283, 0)
(20654146267, 0)
(286, 0)
(20873094814, 0)
(289, 1)
(21092043361, 1)
(292, 1)
(21310991908, 1)
(295, 2)
(21529940455, 1)
(298, 0)
(21748889002, 0)
(301, 2)
(21967837549, 2)
(304, 0)
(22186786096, 0)
(307, 0)
(22405734643, 0)
(310, 1)
(22624683190, 1)
(313, 2)
(22843631737, 1)
(316, 2)
(23062580284, 1)
(319, 1)
(23281528831, 2)
(322, 1)
(23500477378, 1)
(325, 2)
(23719425925, 1)
(328, 1)
(23938374472, 2)
(331, 0)
(24157323019, 0)
(334, 0)
(24376271566, 0)
(337, 2)
(24595220113, 1)
(340, 1)
(24814168660, 2)
(343, 2)
(25033117207, 2)
(346, 2)
(25252065754, 1)
(349, 2)
(25471014301, 1)
(352, 1)
(25689962848, 1)
(355, 0)
(25908911395, 0)
(358, 0)
(26127859942, 0)
(361, 0)
(26346808489, 0)
(364, 0)
(26565757036, 0)
(367, 0)
(26784705583, 0)
(370, 0)
(27003654130, 0)
(373, 1)
(27222602677, 1)
(376, 2)
(27441551224, 1)
(379, 0)
(27660499771, 0)
(382, 1)
(27879448318, 1)
(385, 2)
(28098396865, 1)
(388, 1)
(28317345412, 2)
(391, 2)
(28536293959, 2)
(394, 2)
(28755242506, 1)
(397, 0)
(28974191053, 0)
(400, 2)
(29193139600, 2)
(403, 0)
(29412088147, 0)
(406, 2)
(29631036694, 1)
(409, 1)
(29849985241, 1)
(412, 2)
(30068933788, 1)
(415, 1)
(30287882335, 1)
(418, 1)
(30506830882, 1)
(421, 1)
(30725779429, 2)
(424, 0)
(30944727976, 0)
(427, 0)
(31163676523, 0)
(430, 0)
(31382625070, 0)
(433, 0)
(31601573617, 0)
(436, 0)
(31820522164, 0)
(439, 0)
(32039470711, 0)
(442, 1)
(32258419258, 2)
(445, 2)
(32477367805, 1)
(448, 1)
(32696316352, 1)
(451, 0)
(32915264899, 0)
(454, 1)
(33134213446, 2)
(457, 2)
(33353161993, 1)
(460, 0)
(33572110540, 0)
(463, 1)
(33791059087, 2)
(466, 1)
(34010007634, 2)
(469, 1)
(34228956181, 1)
(472, 0)
(34447904728, 0)
(475, 0)
(34666853275, 0)
(478, 1)
(34885801822, 1)
(481, 1)
(35104750369, 2)
(484, 2)
(35323698916, 2)
(487, 1)
(35542647463, 2)
(490, 1)
(35761596010, 2)
(493, 0)
(35980544557, 0)
(496, 0)
(36199493104, 0)
(499, 0)
(36418441651, 0)
(502, 1)
(36637390198, 2)
(505, 2)
(36856338745, 2)
(508, 2)
(37075287292, 1)
(511, 2)
(37294235839, 2)
(514, 2)
(37513184386, 2)
(517, 0)
(37732132933, 0)
(520, 1)
(37951081480, 1)
(523, 0)
(38170030027, 0)
(526, 0)
(38388978574, 0)
(529, 2)
(38607927121, 2)
(532, 1)
(38826875668, 1)
(535, 2)
(39045824215, 2)
(538, 2)
(39264772762, 2)
(541, 1)
(39483721309, 2)
(544, 2)
(39702669856, 2)
(547, 0)
(39921618403, 0)
(550, 1)
(40140566950, 1)
(553, 2)
(40359515497, 1)
(556, 0)
(40578464044, 0)
(559, 1)
(40797412591, 2)
(562, 1)
(41016361138, 2)
(565, 0)
(41235309685, 0)
(568, 1)
(41454258232, 1)
(571, 0)
(41673206779, 0)
(574, 2)
(41892155326, 1)
(577, 2)
(42111103873, 1)
(580, 2)
(42330052420, 2)
(583, 2)
(42549000967, 2)
(586, 0)
(42767949514, 0)
(589, 1)
(42986898061, 2)
(592, 1)
(43205846608, 1)
(595, 0)
(43424795155, 0)
(598, 1)
(43643743702, 2)
(601, 2)
(43862692249, 1)
(604, 1)
(44081640796, 1)
(607, 1)
(44300589343, 1)
(610, 0)
(44519537890, 0)
(613, 1)
(44738486437, 2)
(616, 2)
(44957434984, 2)
(619, 0)
(45176383531, 0)
(622, 0)
(45395332078, 0)
(625, 2)
(45614280625, 2)
(628, 0)
(45833229172, 0)
(631, 1)
(46052177719, 2)
(634, 1)
(46271126266, 1)
(637, 2)
(46490074813, 1)
(640, 2)
(46709023360, 1)
(643, 0)
(46927971907, 0)
(646, 2)
(47146920454, 2)
(649, 2)
(47365869001, 2)
(652, 0)
(47584817548, 0)
(655, 0)
(47803766095, 0)
(658, 1)
(48022714642, 2)
(661, 0)
(48241663189, 0)
(664, 1)
(48460611736, 2)
(667, 0)
(48679560283, 0)
(670, 0)
(48898508830, 0)
(673, 0)
(49117457377, 0)
(676, 2)
(49336405924, 2)
(679, 0)
(49555354471, 0)
(682, 0)
(49774303018, 0)
(685, 0)
(49993251565, 0)
(688, 0)
(50212200112, 0)
(691, 0)
(50431148659, 0)
(694, 2)
(50650097206, 2)
(697, 2)
(50869045753, 1)
(700, 1)
(51087994300, 1)
(703, 2)
(51306942847, 2)
(706, 0)
(51525891394, 0)
(709, 1)
(51744839941, 1)
(712, 2)
(51963788488, 2)
(715, 0)
(52182737035, 0)
(718, 0)
(52401685582, 0)
(721, 1)
(52620634129, 2)
(724, 1)
(52839582676, 1)
(727, 1)
(53058531223, 1)
(730, 0)
(53277479770, 0)
(733, 2)
(53496428317, 2)
(736, 2)
(53715376864, 2)
(739, 0)
(53934325411, 0)
(742, 1)
(54153273958, 1)
(745, 1)
(54372222505, 1)
(748, 0)
(54591171052, 0)
(751, 0)
(54810119599, 0)
(754, 1)
(55029068146, 1)
(757, 1)
(55248016693, 2)
(760, 1)
(55466965240, 2)
(763, 0)
(55685913787, 0)
(766, 0)
(55904862334, 0)
(769, 2)
(56123810881, 1)
(772, 1)
(56342759428, 2)
(775, 0)
(56561707975, 0)
(778, 1)
(56780656522, 2)
(781, 2)
(56999605069, 2)
(784, 0)
(57218553616, 0)
(787, 0)
(57437502163, 0)
(790, 2)
(57656450710, 2)
(793, 2)
(57875399257, 1)
(796, 0)
(58094347804, 0)
(799, 1)
(58313296351, 2)
(802, 0)
(58532244898, 0)
(805, 1)
(58751193445, 2)
(808, 0)
(58970141992, 0)
(811, 0)
(59189090539, 0)
(814, 0)
(59408039086, 0)
(817, 0)
(59626987633, 0)
(820, 2)
(59845936180, 2)
(823, 0)
(60064884727, 0)
(826, 0)
(60283833274, 0)
(829, 1)
(60502781821, 1)
(832, 2)
(60721730368, 1)
(835, 0)
(60940678915, 0)
(838, 1)
(61159627462, 1)
(841, 1)
(61378576009, 1)
(844, 0)
(61597524556, 0)
(847, 2)
(61816473103, 2)
(850, 1)
(62035421650, 1)
