(1, 2)
(86694721, 2)
(4, 2)
(346778884, 2)
(7, 1)
(606863047, 2)
(10, 1)
(866947210, 1)
(13, 2)
(1127031373, 2)
(16, 1)
(1387115536, 1)
(19, 0)
(1647199699, 0)
(22, 1)
(1907283862, 2)
(25, 1)
(2167368025, 1)
(28, 1)
(2427452188, 2)
(31, 0)
(2687536351, 0)
(34, 2)
(2947620514, 1)
(37, 2)
(3207704677, 1)
(40, 2)
(3467788840, 2)
(43, 0)
(3727873003, 0)
(46, 2)
(3987957166, 2)
(49, 0)
(4248041329, 0)
(52, 2)
(4508125492, 2)
(55, 1)
(4768209655, 2)
(58, 1)
(5028293818, 2)
(61, 0)
(5288377981, 0)
(64, 2)
(5548462144, 2)
(67, 0)
(5808546307, 0)
(70, 2)
(6068630470, 1)
(73, 1)
(6328714633, 2)
(76, 0)
(6588798796, 0)
(79, 2)
(6848882959, 2)
(82, 2)
(7108967122, 2)
(85, 1)
(7369051285, 2)
(88, 2)
(7629135448, 1)
(91, 0)
(7889219611, 0)
(94, 1)
(8149303774, 1)
(97, 1)
(8409387937, 1)
(100, 1)
(8669472100, 1)
(103, 2)
(8929556263, 1)
(106, 0)
(9189640426, 0)
(109, 0)
(9449724589, 0)
(112, 2)
(9709808752, 1)
(115, 0)
(9969892915, 0)
(118, 0)
(10229977078, 0)
(121, 2)
(10490061241, 2)
(124, 0)
(10750145404, 0)
(127, 2)
(11010229567, 2)
(130, 2)
(11270313730, 2)
(133, 1)
(11530397893, 1)
(136, 1)
(11790482056, 2)
(139, 0)
(12050566219, 0)
(142, 2)
(12310650382, 1)
(145, 2)
(12570734545, 1)
(148, 2)
(12830818708, 1)
(151, 1)
(13090902871, 2)
(154, 1)
(13350987034, 1)
(157, 0)
(13611071197, 0)
(160, 1)
(13871155360, 1)
(163, 0)
(14131239523, 0)
(166, 2)
(14391323686, 2)
(169, 2)
(14651407849, 2)
(172, 0)
(14911492012, 0)
(175, 1)
(15171576175, 2)
(178, 1)
(15431660338, 1)
(181, 1)
(15691744501, 1)
(184, 1)
(15951828664, 1)
(187, 0)
(16211912827, 0)
(190, 2)
(16471996990, 1)
(193, 1)
(16732081153, 2)
(196, 0)
(16992165316, 0)
(199, 0)
(17252249479, 0)
(202, 0)
(17512333642, 0)
(205, 2)
(17772417805, 2)
(208, 1)
(18032501968, 1)
(211, 0)
(18292586131, 0)
(214, 0)
(18552670294, 0)
(217, 2)
(18812754457, 1)
(220, 1)
(19072838620, 2)
(223, 1)
(19332922783, 1)
(226, 1)
(19593006946, 2)
(229, 1)
(19853091109, 1)
(232, 2)
(20113175272, 1)
(235, 0)
(20373259435, 0)
(238, 1)
(20633343598, 1)
(241, 0)
(20893427761, 0)
(244, 0)
(21153511924, 0)
(247, 0)
(21413596087, 0)
(250, 0)
(21673680250, 0)
(253, 1)
(21933764413, 2)
(256, 1)
(22193848576, 1)
(259, 0)
(22453932739, 0)
(262, 0)
(22714016902, 0)
(265, 2)
(22974101065, 2)
(268, 0)
(23234185228, 0)
(271, 2)
(23494269391, 2)
(274, 0)
(23754353554, 0)
(277, 0)
(24014437717, 0)
(280, 1)
(24274521880, 2)
(283, 0)
(24534606043, 0)
(286, 0)
(24794690206, 0)
(289, 1)
(25054774369, 1)
(292, 1)
(25314858532, 2)
(295, 2)
(25574942695, 1)
(298, 0)
(25835026858, 0)
(301, 2)
(26095111021, 2)
(304, 0)
(26355195184, 0)
(307, 0)
(26615279347, 0)
(310, 1)
(26875363510, 1)
(313, 2)
(27135447673, 2)
(316, 2)
(27395531836, 2)
(319, 1)
(27655615999, 1)
(322, 1)
(27915700162, 2)
(325, 2)
(28175784325, 2)
(328, 1)
(28435868488, 1)
(331, 0)
(28695952651, 0)
(334, 0)
(28956036814, 0)
(337, 2)
(29216120977, 1)
(340, 1)
(29476205140, 2)
(343, 2)
(29736289303, 1)
(346, 2)
(29996373466, 2)
(349, 2)
(30256457629, 1)
(352, 1)
(30516541792, 2)
(355, 0)
(30776625955, 0)
(358, 0)
(31036710118, 0)
(361, 0)
(31296794281, 0)
(364, 0)
(31556878444, 0)
(367, 0)
(31816962607, 0)
(370, 0)
(32077046770, 0)
(373, 1)
(32337130933, 2)
(376, 2)
(32597215096, 2)
(379, 0)
(32857299259, 0)
(382, 1)
(33117383422, 1)
(385, 2)
(33377467585, 2)
(388, 1)
(33637551748, 1)
(391, 2)
(33897635911, 1)
(394, 2)
(34157720074, 1)
(397, 0)
(34417804237, 0)
(400, 2)
(34677888400, 2)
(403, 0)
(34937972563, 0)
(406, 2)
(35198056726, 2)
(409, 1)
(35458140889, 1)
(412, 2)
(35718225052, 1)
(415, 1)
(35978309215, 1)
(418, 1)
(36238393378, 1)
(421, 1)
(36498477541, 1)
(424, 0)
(36758561704, 0)
(427, 0)
(37018645867, 0)
(430, 0)
(37278730030, 0)
(433, 0)
(37538814193, 0)
(436, 0)
(37798898356, 0)
(439, 0)
(38058982519, 0)
(442, 1)
(38319066682, 2)
(445, 2)
(38579150845, 2)
(448, 1)
(38839235008, 2)
(451, 0)
(39099319171, 0)
(454, 1)
(39359403334, 2)
(457, 2)
(39619487497, 2)
(460, 0)
(39879571660, 0)
(463, 1)
(40139655823, 1)
(466, 1)
(40399739986, 1)
(469, 1)
(40659824149, 1)
(472, 0)
(40919908312, 0)
(475, 0)
(41179992475, 0)
(478, 1)
(41440076638, 1)
(481, 1)
(41700160801, 2)
(484, 2)
(41960244964, 2)
(487, 1)
(42220329127, 2)
(490, 1)
(42480413290, 1)
(493, 0)
(42740497453, 0)
(496, 0)
(43000581616, 0)
(499, 0)
(43260665779, 0)
(502, 1)
(43520749942, 1)
(505, 2)
(43780834105, 2)
(508, 2)
(44040918268, 2)
(511, 2)
(44301002431, 2)
(514, 2)
(44561086594, 2)
(517, 0)
(44821170757, 0)
(520, 1)
(45081254920, 1)
(523, 0)
(45341339083, 0)
(526, 0)
(45601423246, 0)
(529, 2)
(45861507409, 2)
(532, 1)
(46121591572, 1)
(535, 2)
(46381675735, 2)
(538, 2)
(46641759898, 1)
(541, 1)
(46901844061, 2)
(544, 2)
(47161928224, 1)
(547, 0)
(47422012387, 0)
(550, 1)
(47682096550, 2)
(553, 2)
(47942180713, 1)
(556, 0)
(48202264876, 0)
(559, 1)
(48462349039, 2)
(562, 1)
(48722433202, 2)
(565, 0)
(48982517365, 0)
(568, 1)
(49242601528, 2)
(571, 0)
(49502685691, 0)
(574, 2)
(49762769854, 1)
(577, 2)
(50022854017, 1)
(580, 2)
(50282938180, 1)
(583, 2)
(50543022343, 1)
(586, 0)
(50803106506, 0)
(589, 1)
(51063190669, 2)
(592, 1)
(51323274832, 2)
(595, 0)
(51583358995, 0)
(598, 1)
(51843443158, 1)
(601, 2)
(52103527321, 2)
(604, 1)
(52363611484, 2)
(607, 1)
(52623695647, 1)
(610, 0)
(52883779810, 0)
(613, 1)
(53143863973, 1)
(616, 2)
(53403948136, 2)
(619, 0)
(53664032299, 0)
(622, 0)
(53924116462, 0)
(625, 2)
(54184200625, 2)
(628, 0)
(54444284788, 0)
(631, 1)
(54704368951, 1)
(634, 1)
(54964453114, 2)
(637, 2)
(55224537277, 2)
(640, 2)
(55484621440, 2)
(643, 0)
(55744705603, 0)
(646, 2)
(56004789766, 2)
(649, 2)
(56264873929, 2)
(652, 0)
(56524958092, 0)
(655, 0)
(56785042255, 0)
(658, 1)
(57045126418, 2)
(661, 0)
(57305210581, 0)
(664, 1)
(57565294744, 1)
(667, 0)
(57825378907, 0)
(670, 0)
(58085463070, 0)
(673, 0)
(58345547233, 0)
(676, 2)
(58605631396, 2)
(679, 0)
(58865715559, 0)
(682, 0)
(59125799722, 0)
(685, 0)
(59385883885, 0)
(688, 0)
(59645968048, 0)
(691, 0)
(59906052211, 0)
(694, 2)
(60166136374, 1)
(697, 2)
(60426220537, 1)
(700, 1)
(60686304700, 2)
(703, 2)
(60946388863, 2)
(706, 0)
(61206473026, 0)
(709, 1)
(61466557189, 2)
(712, 2)
(61726641352, 2)
(715, 0)
(61986725515, 0)
(718, 0)
(62246809678, 0)
(721, 1)
(62506893841, 1)
(724, 1)
(62766978004, 1)
(727, 1)
(63027062167, 2)
(730, 0)
(63287146330, 0)
(733, 2)
(63547230493, 2)
(736, 2)
(63807314656, 2)
(739, 0)
(64067398819, 0)
(742, 1)
(64327482982, 2)
(745, 1)
(64587567145, 1)
(748, 0)
(64847651308, 0)
(751, 0)
(65107735471, 0)
(754, 1)
(65367819634, 2)
(757, 1)
(65627903797, 1)
(760, 1)
(65887987960, 2)
(763, 0)
(66148072123, 0)
(766, 0)
(66408156286, 0)
(769, 2)
(66668240449, 1)
(772, 1)
(66928324612, 2)
(775, 0)
(67188408775, 0)
(778, 1)
(67448492938, 1)
(781, 2)
(67708577101, 2)
(784, 0)
(67968661264, 0)
(787, 0)
(68228745427, 0)
(790, 2)
(68488829590, 2)
(793, 2)
(68748913753, 2)
(796, 0)
(69008997916, 0)
(799, 1)
(69269082079, 2)
(802, 0)
(69529166242, 0)
(805, 1)
(69789250405, 2)
(808, 0)
(70049334568, 0)
(811, 0)
(70309418731, 0)
(814, 0)
(70569502894, 0)
(817, 0)
(70829587057, 0)
(820, 2)
(71089671220, 2)
(823, 0)
(71349755383, 0)
(826, 0)
(71609839546, 0)
(829, 1)
(71869923709, 1)
(832, 2)
(72130007872, 2)
(835, 0)
(72390092035, 0)
(838, 1)
(72650176198, 1)
(841, 1)
(72910260361, 1)
(844, 0)
(73170344524, 0)
(847, 2)
(73430428687, 1)
(850, 1)
(73690512850, 2)
