(1, 2)
(23030401, 2)
(4, 2)
(92121604, 2)
(7, 1)
(161212807, 2)
(10, 1)
(230304010, 1)
(13, 2)
(299395213, 1)
(16, 1)
(368486416, 1)
(19, 0)
(437577619, 0)
(22, 1)
(506668822, 2)
(25, 1)
(575760025, 1)
(28, 1)
(644851228, 2)
(31, 0)
(713942431, 0)
(34, 2)
(783033634, 1)
(37, 2)
(852124837, 2)
(40, 2)
(921216040, 2)
(43, 0)
(990307243, 0)
(46, 2)
(1059398446, 2)
(49, 0)
(1128489649, 0)
(52, 2)
(1197580852, 1)
(55, 1)
(1266672055, 2)
(58, 1)
(1335763258, 2)
(61, 0)
(1404854461, 0)
(64, 2)
(1473945664, 2)
(67, 0)
(1543036867, 0)
(70, 2)
(1612128070, 1)
(73, 1)
(1681219273, 1)
(76, 0)
(1750310476, 0)
(79, 2)
(1819401679, 2)
(82, 2)
(1888492882, 2)
(85, 1)
(1957584085, 2)
(88, 2)
(2026675288, 1)
(91, 0)
(2095766491, 0)
(94, 1)
(2164857694, 1)
(97, 1)
(2233948897, 2)
(100, 1)
(2303040100, 1)
(103, 2)
(2372131303, 1)
(106, 0)
(2441222506, 0)
(109, 0)
(2510313709, 0)
(112, 2)
(2579404912, 1)
(115, 0)
(2648496115, 0)
(118, 0)
(2717587318, 0)
(121, 2)
(2786678521, 2)
(124, 0)
(2855769724, 0)
(127, 2)
(2924860927, 1)
(130, 2)
(2993952130, 1)
(133, 1)
(3063043333, 1)
(136, 1)
(3132134536, 2)
(139, 0)
(3201225739, 0)
(142, 2)
(3270316942, 2)
(145, 2)
(3339408145, 1)
(148, 2)
(3408499348, 2)
(151, 1)
(3477590551, 2)
(154, 1)
(3546681754, 1)
(157, 0)
(3615772957, 0)
(160, 1)
(3684864160, 1)
(163, 0)
(3753955363, 0)
(166, 2)
(3823046566, 1)
(169, 2)
(3892137769, 2)
(172, 0)
(3961228972, 0)
(175, 1)
(4030320175, 2)
(178, 1)
(4099411378, 2)
(181, 1)
(4168502581, 2)
(184, 1)
(4237593784, 1)
(187, 0)
(4306684987, 0)
(190, 2)
(4375776190, 1)
(193, 1)
(4444867393, 2)
(196, 0)
(4513958596, 0)
(199, 0)
(4583049799, 0)
(202, 0)
(4652141002, 0)
(205, 2)
(4721232205, 2)
(208, 1)
(4790323408, 2)
(211, 0)
(4859414611, 0)
(214, 0)
(4928505814, 0)
(217, 2)
(4997597017, 2)
(220, 1)
(5066688220, 2)
(223, 1)
(5135779423, 2)
(226, 1)
(5204870626, 1)
(229, 1)
(5273961829, 2)
(232, 2)
(5343053032, 1)
(235, 0)
(5412144235, 0)
(238, 1)
(5481235438, 1)
(241, 0)
(5550326641, 0)
(244, 0)
(5619417844, 0)
(247, 0)
(5688509047, 0)
(250, 0)
(5757600250, 0)
(253, 1)
(5826691453, 2)
(256, 1)
(5895782656, 1)
(259, 0)
(5964873859, 0)
(262, 0)
(6033965062, 0)
(265, 2)
(6103056265, 2)
(268, 0)
(6172147468, 0)
(271, 2)
(6241238671, 2)
(274, 0)
(6310329874, 0)
(277, 0)
(6379421077, 0)
(280, 1)
(6448512280, 2)
(283, 0)
(6517603483, 0)
(286, 0)
(6586694686, 0)
(289, 1)
(6655785889, 1)
(292, 1)
(6724877092, 1)
(295, 2)
(6793968295, 1)
(298, 0)
(6863059498, 0)
(301, 2)
(6932150701, 1)
(304, 0)
(7001241904, 0)
(307, 0)
(7070333107, 0)
(310, 1)
(7139424310, 2)
(313, 2)
(7208515513, 2)
(316, 2)
(7277606716, 2)
(319, 1)
(7346697919, 1)
(322, 1)
(7415789122, 2)
(325, 2)
(7484880325, 1)
(328, 1)
(7553971528, 1)
(331, 0)
(7623062731, 0)
(334, 0)
(7692153934, 0)
(337, 2)
(7761245137, 2)
(340, 1)
(7830336340, 2)
(343, 2)
(7899427543, 1)
(346, 2)
(7968518746, 1)
(349, 2)
(8037609949, 2)
(352, 1)
(8106701152, 2)
(355, 0)
(8175792355, 0)
(358, 0)
(8244883558, 0)
(361, 0)
(8313974761, 0)
(364, 0)
(8383065964, 0)
(367, 0)
(8452157167, 0)
(370, 0)
(8521248370, 0)
(373, 1)
(8590339573, 2)
(376, 2)
(8659430776, 2)
(379, 0)
(8728521979, 0)
(382, 1)
(8797613182, 2)
(385, 2)
(8866704385, 2)
(388, 1)
(8935795588, 2)
(391, 2)
(9004886791, 1)
(394, 2)
(9073977994, 1)
(397, 0)
(9143069197, 0)
(400, 2)
(9212160400, 2)
(403, 0)
(9281251603, 0)
(406, 2)
(9350342806, 2)
(409, 1)
(9419434009, 1)
(412, 2)
(9488525212, 1)
(415, 1)
(9557616415, 2)
(418, 1)
(9626707618, 1)
(421, 1)
(9695798821, 2)
(424, 0)
(9764890024, 0)
(427, 0)
(9833981227, 0)
(430, 0)
(9903072430, 0)
(433, 0)
(9972163633, 0)
(436, 0)
(10041254836, 0)
(439, 0)
(10110346039, 0)
(442, 1)
(10179437242, 1)
(445, 2)
(10248528445, 1)
(448, 1)
(10317619648, 2)
(451, 0)
(10386710851, 0)
(454, 1)
(10455802054, 1)
(457, 2)
(10524893257, 2)
(460, 0)
(10593984460, 0)
(463, 1)
(10663075663, 2)
(466, 1)
(10732166866, 2)
(469, 1)
(10801258069, 2)
(472, 0)
(10870349272, 0)
(475, 0)
(10939440475, 0)
(478, 1)
(11008531678, 1)
(481, 1)
(11077622881, 2)
(484, 2)
(11146714084, 2)
(487, 1)
(11215805287, 1)
(490, 1)
(11284896490, 1)
(493, 0)
(11353987693, 0)
(496, 0)
(11423078896, 0)
(499, 0)
(11492170099, 0)
(502, 1)
(11561261302, 1)
(505, 2)
(11630352505, 2)
(508, 2)
(11699443708, 1)
(511, 2)
(11768534911, 1)
(514, 2)
(11837626114, 2)
(517, 0)
(11906717317, 0)
(520, 1)
(11975808520, 2)
(523, 0)
(12044899723, 0)
(526, 0)
(12113990926, 0)
(529, 2)
(12183082129, 2)
(532, 1)
(12252173332, 1)
(535, 2)
(12321264535, 2)
(538, 2)
(12390355738, 2)
(541, 1)
(12459446941, 2)
(544, 2)
(12528538144, 1)
(547, 0)
(12597629347, 0)
(550, 1)
(12666720550, 2)
(553, 2)
(12735811753, 1)
(556, 0)
(12804902956, 0)
(559, 1)
(12873994159, 2)
(562, 1)
(12943085362, 2)
(565, 0)
(13012176565, 0)
(568, 1)
(13081267768, 1)
(571, 0)
(13150358971, 0)
(574, 2)
(13219450174, 1)
(577, 2)
(13288541377, 1)
(580, 2)
(13357632580, 1)
(583, 2)
(13426723783, 1)
(586, 0)
(13495814986, 0)
(589, 1)
(13564906189, 1)
(592, 1)
(13633997392, 1)
(595, 0)
(13703088595, 0)
(598, 1)
(13772179798, 2)
(601, 2)
(13841271001, 2)
(604, 1)
(13910362204, 2)
(607, 1)
(13979453407, 2)
(610, 0)
(14048544610, 0)
(613, 1)
(14117635813, 2)
(616, 2)
(14186727016, 2)
(619, 0)
(14255818219, 0)
(622, 0)
(14324909422, 0)
(625, 2)
(14394000625, 2)
(628, 0)
(14463091828, 0)
(631, 1)
(14532183031, 2)
(634, 1)
(14601274234, 1)
(637, 2)
(14670365437, 1)
(640, 2)
(14739456640, 2)
(643, 0)
(14808547843, 0)
(646, 2)
(14877639046, 2)
(649, 2)
(14946730249, 2)
(652, 0)
(15015821452, 0)
(655, 0)
(15084912655, 0)
(658, 1)
(15154003858, 2)
(661, 0)
(15223095061, 0)
(664, 1)
(15292186264, 2)
(667, 0)
(15361277467, 0)
(670, 0)
(15430368670, 0)
(673, 0)
(15499459873, 0)
(676, 2)
(15568551076, 2)
(679, 0)
(15637642279, 0)
(682, 0)
(15706733482, 0)
(685, 0)
(15775824685, 0)
(688, 0)
(15844915888, 0)
(691, 0)
(15914007091, 0)
(694, 2)
(15983098294, 2)
(697, 2)
(16052189497, 1)
(700, 1)
(16121280700, 2)
(703, 2)
(16190371903, 1)
(706, 0)
(16259463106, 0)
(709, 1)
(16328554309, 2)
(712, 2)
(16397645512, 1)
(715, 0)
(16466736715, 0)
(718, 0)
(16535827918, 0)
(721, 1)
(16604919121, 1)
(724, 1)
(16674010324, 2)
(727, 1)
(16743101527, 1)
(730, 0)
(16812192730, 0)
(733, 2)
(16881283933, 2)
(736, 2)
(16950375136, 2)
(739, 0)
(17019466339, 0)
(742, 1)
(17088557542, 2)
(745, 1)
(17157648745, 1)
(748, 0)
(17226739948, 0)
(751, 0)
(17295831151, 0)
(754, 1)
(17364922354, 1)
(757, 1)
(17434013557, 2)
(760, 1)
(17503104760, 2)
(763, 0)
(17572195963, 0)
(766, 0)
(17641287166, 0)
(769, 2)
(17710378369, 1)
(772, 1)
(17779469572, 2)
(775, 0)
(17848560775, 0)
(778, 1)
(17917651978, 2)
(781, 2)
(17986743181, 1)
(784, 0)
(18055834384, 0)
(787, 0)
(18124925587, 0)
(790, 2)
(18194016790, 2)
(793, 2)
(18263107993, 1)
(796, 0)
(18332199196, 0)
(799, 1)
(18401290399, 2)
(802, 0)
(18470381602, 0)
(805, 1)
(18539472805, 2)
(808, 0)
(18608564008, 0)
(811, 0)
(18677655211, 0)
(814, 0)
(18746746414, 0)
(817, 0)
(18815837617, 0)
(820, 2)
(18884928820, 2)
(823, 0)
(18954020023, 0)
(826, 0)
(19023111226, 0)
(829, 1)
(19092202429, 2)
(832, 2)
(19161293632, 1)
(835, 0)
(19230384835, 0)
(838, 1)
(19299476038, 2)
(841, 1)
(19368567241, 1)
(844, 0)
(19437658444, 0)
(847, 2)
(19506749647, 1)
(850, 1)
(19575840850, 2)
