(1, 2)
(2070721, 2)
(4, 2)
(8282884, 2)
(7, 1)
(14495047, 2)
(10, 1)
(20707210, 1)
(13, 2)
(26919373, 2)
(16, 1)
(33131536, 1)
(19, 0)
(39343699, 0)
(22, 1)
(45555862, 2)
(25, 1)
(51768025, 1)
(28, 1)
(57980188, 2)
(31, 0)
(64192351, 0)
(34, 2)
(70404514, 1)
(37, 2)
(76616677, 2)
(40, 2)
(82828840, 2)
(43, 0)
(89041003, 0)
(46, 2)
(95253166, 1)
(49, 0)
(101465329, 0)
(52, 2)
(107677492, 2)
(55, 1)
(113889655, 2)
(58, 1)
(120101818, 2)
(61, 0)
(126313981, 0)
(64, 2)
(132526144, 2)
(67, 0)
(138738307, 0)
(70, 2)
(144950470, 1)
(73, 1)
(151162633, 2)
(76, 0)
(157374796, 0)
(79, 2)
(163586959, 2)
(82, 2)
(169799122, 2)
(85, 1)
(176011285, 2)
(88, 2)
(182223448, 1)
(91, 0)
(188435611, 0)
(94, 1)
(194647774, 1)
(97, 1)
(200859937, 1)
(100, 1)
(207072100, 1)
(103, 2)
(213284263, 1)
(106, 0)
(219496426, 0)
(109, 0)
(225708589, 0)
(112, 2)
(231920752, 1)
(115, 0)
(238132915, 0)
(118, 0)
(244345078, 0)
(121, 2)
(250557241, 2)
(124, 0)
(256769404, 0)
(127, 2)
(262981567, 1)
(130, 2)
(269193730, 2)
(133, 1)
(275405893, 2)
(136, 1)
(281618056, 2)
(139, 0)
(287830219, 0)
(142, 2)
(294042382, 1)
(145, 2)
(300254545, 1)
(148, 2)
(306466708, 2)
(151, 1)
(312678871, 2)
(154, 1)
(318891034, 1)
(157, 0)
(325103197, 0)
(160, 1)
(331315360, 1)
(163, 0)
(337527523, 0)
(166, 2)
(343739686, 1)
(169, 2)
(349951849, 2)
(172, 0)
(356164012, 0)
(175, 1)
(362376175, 2)
(178, 1)
(368588338, 2)
(181, 1)
(374800501, 1)
(184, 1)
(381012664, 2)
(187, 0)
(387224827, 0)
(190, 2)
(393436990, 2)
(193, 1)
(399649153, 2)
(196, 0)
(405861316, 0)
(199, 0)
(412073479, 0)
(202, 0)
(418285642, 0)
(205, 2)
(424497805, 2)
(208, 1)
(430709968, 1)
(211, 0)
(436922131, 0)
(214, 0)
(443134294, 0)
(217, 2)
(449346457, 1)
(220, 1)
(455558620, 2)
(223, 1)
(461770783, 2)
(226, 1)
(467982946, 1)
(229, 1)
(474195109, 2)
(232, 2)
(480407272, 1)
(235, 0)
(486619435, 0)
(238, 1)
(492831598, 1)
(241, 0)
(499043761, 0)
(244, 0)
(505255924, 0)
(247, 0)
(511468087, 0)
(250, 0)
(517680250, 0)
(253, 1)
(523892413, 1)
(256, 1)
(530104576, 1)
(259, 0)
(536316739, 0)
(262, 0)
(542528902, 0)
(265, 2)
(548741065, 1)
(268, 0)
(554953228, 0)
(271, 2)
(561165391, 2)
(274, 0)
(567377554, 0)
(277, 0)
(573589717, 0)
(280, 1)
(579801880, 2)
(283, 0)
(586014043, 0)
(286, 0)
(592226206, 0)
(289, 1)
(598438369, 1)
(292, 1)
(604650532, 2)
(295, 2)
(610862695, 2)
(298, 0)
(617074858, 0)
(301, 2)
(623287021, 1)
(304, 0)
(629499184, 0)
(307, 0)
(635711347, 0)
(310, 1)
(641923510, 1)
(313, 2)
(648135673, 1)
(316, 2)
(654347836, 2)
(319, 1)
(660559999, 1)
(322, 1)
(666772162, 1)
(325, 2)
(672984325, 2)
(328, 1)
(679196488, 1)
(331, 0)
(685408651, 0)
(334, 0)
(691620814, 0)
(337, 2)
(697832977, 2)
(340, 1)
(704045140, 2)
(343, 2)
(710257303, 1)
(346, 2)
(716469466, 2)
(349, 2)
(722681629, 1)
(352, 1)
(728893792, 2)
(355, 0)
(735105955, 0)
(358, 0)
(741318118, 0)
(361, 0)
(747530281, 0)
(364, 0)
(753742444, 0)
(367, 0)
(759954607, 0)
(370, 0)
(766166770, 0)
(373, 1)
(772378933, 2)
(376, 2)
(778591096, 2)
(379, 0)
(784803259, 0)
(382, 1)
(791015422, 2)
(385, 2)
(797227585, 2)
(388, 1)
(803439748, 1)
(391, 2)
(809651911, 2)
(394, 2)
(815864074, 2)
(397, 0)
(822076237, 0)
(400, 2)
(828288400, 2)
(403, 0)
(834500563, 0)
(406, 2)
(840712726, 2)
(409, 1)
(846924889, 1)
(412, 2)
(853137052, 1)
(415, 1)
(859349215, 2)
(418, 1)
(865561378, 2)
(421, 1)
(871773541, 1)
(424, 0)
(877985704, 0)
(427, 0)
(884197867, 0)
(430, 0)
(890410030, 0)
(433, 0)
(896622193, 0)
(436, 0)
(902834356, 0)
(439, 0)
(909046519, 0)
(442, 1)
(915258682, 2)
(445, 2)
(921470845, 1)
(448, 1)
(927683008, 2)
(451, 0)
(933895171, 0)
(454, 1)
(940107334, 2)
(457, 2)
(946319497, 2)
(460, 0)
(952531660, 0)
(463, 1)
(958743823, 2)
(466, 1)
(964955986, 2)
(469, 1)
(971168149, 2)
(472, 0)
(977380312, 0)
(475, 0)
(983592475, 0)
(478, 1)
(989804638, 2)
(481, 1)
(996016801, 1)
(484, 2)
(1002228964, 2)
(487, 1)
(1008441127, 2)
(490, 1)
(1014653290, 1)
(493, 0)
(1020865453, 0)
(496, 0)
(1027077616, 0)
(499, 0)
(1033289779, 0)
(502, 1)
(1039501942, 1)
(505, 2)
(1045714105, 2)
(508, 2)
(1051926268, 1)
(511, 2)
(1058138431, 2)
(514, 2)
(1064350594, 1)
(517, 0)
(1070562757, 0)
(520, 1)
(1076774920, 1)
(523, 0)
(1082987083, 0)
(526, 0)
(1089199246, 0)
(529, 2)
(1095411409, 2)
(532, 1)
(1101623572, 2)
(535, 2)
(1107835735, 1)
(538, 2)
(1114047898, 1)
(541, 1)
(1120260061, 2)
(544, 2)
(1126472224, 1)
(547, 0)
(1132684387, 0)
(550, 1)
(1138896550, 2)
(553, 2)
(1145108713, 1)
(556, 0)
(1151320876, 0)
(559, 1)
(1157533039, 1)
(562, 1)
(1163745202, 1)
(565, 0)
(1169957365, 0)
(568, 1)
(1176169528, 2)
(571, 0)
(1182381691, 0)
(574, 2)
(1188593854, 1)
(577, 2)
(1194806017, 1)
(580, 2)
(1201018180, 1)
(583, 2)
(1207230343, 2)
(586, 0)
(1213442506, 0)
(589, 1)
(1219654669, 1)
(592, 1)
(1225866832, 1)
(595, 0)
(1232078995, 0)
(598, 1)
(1238291158, 2)
(601, 2)
(1244503321, 1)
(604, 1)
(1250715484, 2)
(607, 1)
(1256927647, 2)
(610, 0)
(1263139810, 0)
(613, 1)
(1269351973, 1)
(616, 2)
(1275564136, 2)
(619, 0)
(1281776299, 0)
(622, 0)
(1287988462, 0)
(625, 2)
(1294200625, 2)
(628, 0)
(1300412788, 0)
(631, 1)
(1306624951, 2)
(634, 1)
(1312837114, 2)
(637, 2)
(1319049277, 2)
(640, 2)
(1325261440, 2)
(643, 0)
(1331473603, 0)
(646, 2)
(1337685766, 1)
(649, 2)
(1343897929, 1)
(652, 0)
(1350110092, 0)
(655, 0)
(1356322255, 0)
(658, 1)
(1362534418, 2)
(661, 0)
(1368746581, 0)
(664, 1)
(1374958744, 2)
(667, 0)
(1381170907, 0)
(670, 0)
(1387383070, 0)
(673, 0)
(1393595233, 0)
(676, 2)
(1399807396, 2)
(679, 0)
(1406019559, 0)
(682, 0)
(1412231722, 0)
(685, 0)
(1418443885, 0)
(688, 0)
(1424656048, 0)
(691, 0)
(1430868211, 0)
(694, 2)
(1437080374, 2)
(697, 2)
(1443292537, 1)
(700, 1)
(1449504700, 2)
(703, 2)
(1455716863, 2)
(706, 0)
(1461929026, 0)
(709, 1)
(1468141189, 1)
(712, 2)
(1474353352, 1)
(715, 0)
(1480565515, 0)
(718, 0)
(1486777678, 0)
(721, 1)
(1492989841, 1)
(724, 1)
(1499202004, 1)
(727, 1)
(1505414167, 1)
(730, 0)
(1511626330, 0)
(733, 2)
(1517838493, 2)
(736, 2)
(1524050656, 1)
(739, 0)
(1530262819, 0)
(742, 1)
(1536474982, 1)
(745, 1)
(1542687145, 2)
(748, 0)
(1548899308, 0)
(751, 0)
(1555111471, 0)
(754, 1)
(1561323634, 2)
(757, 1)
(1567535797, 1)
(760, 1)
(1573747960, 1)
(763, 0)
(1579960123, 0)
(766, 0)
(1586172286, 0)
(769, 2)
(1592384449, 1)
(772, 1)
(1598596612, 2)
(775, 0)
(1604808775, 0)
(778, 1)
(1611020938, 1)
(781, 2)
(1617233101, 2)
(784, 0)
(1623445264, 0)
(787, 0)
(1629657427, 0)
(790, 2)
(1635869590, 2)
(793, 2)
(1642081753, 2)
(796, 0)
(1648293916, 0)
(799, 1)
(1654506079, 2)
(802, 0)
(1660718242, 0)
(805, 1)
(1666930405, 1)
(808, 0)
(1673142568, 0)
(811, 0)
(1679354731, 0)
(814, 0)
(1685566894, 0)
(817, 0)
(1691779057, 0)
(820, 2)
(1697991220, 2)
(823, 0)
(1704203383, 0)
(826, 0)
(1710415546, 0)
(829, 1)
(1716627709, 2)
(832, 2)
(1722839872, 2)
(835, 0)
(1729052035, 0)
(838, 1)
(1735264198, 1)
(841, 1)
(1741476361, 1)
(844, 0)
(1747688524, 0)
(847, 2)
(1753900687, 1)
(850, 1)
(1760112850, 2)
