(1, 2)
(77986561, 2)
(4, 2)
(311946244, 2)
(7, 1)
(545905927, 2)
(10, 1)
(779865610, 1)
(13, 2)
(1013825293, 2)
(16, 1)
(1247784976, 1)
(19, 0)
(1481744659, 0)
(22, 1)
(1715704342, 2)
(25, 1)
(1949664025, 1)
(28, 1)
(2183623708, 2)
(31, 0)
(2417583391, 0)
(34, 2)
(2651543074, 2)
(37, 2)
(2885502757, 2)
(40, 2)
(3119462440, 2)
(43, 0)
(3353422123, 0)
(46, 2)
(3587381806, 2)
(49, 0)
(3821341489, 0)
(52, 2)
(4055301172, 2)
(55, 1)
(4289260855, 2)
(58, 1)
(4523220538, 2)
(61, 0)
(4757180221, 0)
(64, 2)
(4991139904, 2)
(67, 0)
(5225099587, 0)
(70, 2)
(5459059270, 1)
(73, 1)
(5693018953, 1)
(76, 0)
(5926978636, 0)
(79, 2)
(6160938319, 1)
(82, 2)
(6394898002, 2)
(85, 1)
(6628857685, 1)
(88, 2)
(6862817368, 1)
(91, 0)
(7096777051, 0)
(94, 1)
(7330736734, 2)
(97, 1)
(7564696417, 1)
(100, 1)
(7798656100, 1)
(103, 2)
(8032615783, 1)
(106, 0)
(8266575466, 0)
(109, 0)
(8500535149, 0)
(112, 2)
(8734494832, 1)
(115, 0)
(8968454515, 0)
(118, 0)
(9202414198, 0)
(121, 2)
(9436373881, 2)
(124, 0)
(9670333564, 0)
(127, 2)
(9904293247, 1)
(130, 2)
(10138252930, 2)
(133, 1)
(10372212613, 2)
(136, 1)
(10606172296, 1)
(139, 0)
(10840131979, 0)
(142, 2)
(11074091662, 1)
(145, 2)
(11308051345, 1)
(148, 2)
(11542011028, 2)
(151, 1)
(11775970711, 1)
(154, 1)
(12009930394, 1)
(157, 0)
(12243890077, 0)
(160, 1)
(12477849760, 1)
(163, 0)
(12711809443, 0)
(166, 2)
(12945769126, 1)
(169, 2)
(13179728809, 2)
(172, 0)
(13413688492, 0)
(175, 1)
(13647648175, 2)
(178, 1)
(13881607858, 1)
(181, 1)
(14115567541, 1)
(184, 1)
(14349527224, 1)
(187, 0)
(14583486907, 0)
(190, 2)
(14817446590, 2)
(193, 1)
(15051406273, 2)
(196, 0)
(15285365956, 0)
(199, 0)
(15519325639, 0)
(202, 0)
(15753285322, 0)
(205, 2)
(15987245005, 2)
(208, 1)
(16221204688, 1)
(211, 0)
(16455164371, 0)
(214, 0)
(16689124054, 0)
(217, 2)
(16923083737, 1)
(220, 1)
(17157043420, 2)
(223, 1)
(17391003103, 1)
(226, 1)
(17624962786, 2)
(229, 1)
(17858922469, 1)
(232, 2)
(18092882152, 1)
(235, 0)
(18326841835, 0)
(238, 1)
(18560801518, 2)
(241, 0)
(18794761201, 0)
(244, 0)
(19028720884, 0)
(247, 0)
(19262680567, 0)
(250, 0)
(19496640250, 0)
(253, 1)
(19730599933, 2)
(256, 1)
(19964559616, 1)
(259, 0)
(20198519299, 0)
(262, 0)
(20432478982, 0)
(265, 2)
(20666438665, 1)
(268, 0)
(20900398348, 0)
(271, 2)
(21134358031, 2)
(274, 0)
(21368317714, 0)
(277, 0)
(21602277397, 0)
(280, 1)
(21836237080, 2)
(283, 0)
(22070196763, 0)
(286, 0)
(22304156446, 0)
(289, 1)
(22538116129, 1)
(292, 1)
(22772075812, 1)
(295, 2)
(23006035495, 2)
(298, 0)
(23239995178, 0)
(301, 2)
(23473954861, 2)
(304, 0)
(23707914544, 0)
(307, 0)
(23941874227, 0)
(310, 1)
(24175833910, 1)
(313, 2)
(24409793593, 1)
(316, 2)
(24643753276, 1)
(319, 1)
(24877712959, 1)
(322, 1)
(25111672642, 2)
(325, 2)
(25345632325, 2)
(328, 1)
(25579592008, 1)
(331, 0)
(25813551691, 0)
(334, 0)
(26047511374, 0)
(337, 2)
(26281471057, 1)
(340, 1)
(26515430740, 1)
(343, 2)
(26749390423, 1)
(346, 2)
(26983350106, 1)
(349, 2)
(27217309789, 2)
(352, 1)
(27451269472, 2)
(355, 0)
(27685229155, 0)
(358, 0)
(27919188838, 0)
(361, 0)
(28153148521, 0)
(364, 0)
(28387108204, 0)
(367, 0)
(28621067887, 0)
(370, 0)
(28855027570, 0)
(373, 1)
(29088987253, 1)
(376, 2)
(29322946936, 1)
(379, 0)
(29556906619, 0)
(382, 1)
(29790866302, 2)
(385, 2)
(30024825985, 2)
(388, 1)
(30258785668, 1)
(391, 2)
(30492745351, 2)
(394, 2)
(30726705034, 2)
(397, 0)
(30960664717, 0)
(400, 2)
(31194624400, 2)
(403, 0)
(31428584083, 0)
(406, 2)
(31662543766, 2)
(409, 1)
(31896503449, 1)
(412, 2)
(32130463132, 1)
(415, 1)
(32364422815, 2)
(418, 1)
(32598382498, 2)
(421, 1)
(32832342181, 2)
(424, 0)
(33066301864, 0)
(427, 0)
(33300261547, 0)
(430, 0)
(33534221230, 0)
(433, 0)
(33768180913, 0)
(436, 0)
(34002140596, 0)
(439, 0)
(34236100279, 0)
(442, 1)
(34470059962, 1)
(445, 2)
(34704019645, 2)
(448, 1)
(34937979328, 2)
(451, 0)
(35171939011, 0)
(454, 1)
(35405898694, 2)
(457, 2)
(35639858377, 1)
(460, 0)
(35873818060, 0)
(463, 1)
(36107777743, 2)
(466, 1)
(36341737426, 1)
(469, 1)
(36575697109, 1)
(472, 0)
(36809656792, 0)
(475, 0)
(37043616475, 0)
(478, 1)
(37277576158, 1)
(481, 1)
(37511535841, 1)
(484, 2)
(37745495524, 2)
(487, 1)
(37979455207, 2)
(490, 1)
(38213414890, 1)
(493, 0)
(38447374573, 0)
(496, 0)
(38681334256, 0)
(499, 0)
(38915293939, 0)
(502, 1)
(39149253622, 1)
(505, 2)
(39383213305, 1)
(508, 2)
(39617172988, 1)
(511, 2)
(39851132671, 1)
(514, 2)
(40085092354, 1)
(517, 0)
(40319052037, 0)
(520, 1)
(40553011720, 1)
(523, 0)
(40786971403, 0)
(526, 0)
(41020931086, 0)
(529, 2)
(41254890769, 2)
(532, 1)
(41488850452, 2)
(535, 2)
(41722810135, 1)
(538, 2)
(41956769818, 1)
(541, 1)
(42190729501, 1)
(544, 2)
(42424689184, 2)
(547, 0)
(42658648867, 0)
(550, 1)
(42892608550, 2)
(553, 2)
(43126568233, 2)
(556, 0)
(43360527916, 0)
(559, 1)
(43594487599, 2)
(562, 1)
(43828447282, 2)
(565, 0)
(44062406965, 0)
(568, 1)
(44296366648, 2)
(571, 0)
(44530326331, 0)
(574, 2)
(44764286014, 1)
(577, 2)
(44998245697, 2)
(580, 2)
(45232205380, 1)
(583, 2)
(45466165063, 2)
(586, 0)
(45700124746, 0)
(589, 1)
(45934084429, 1)
(592, 1)
(46168044112, 1)
(595, 0)
(46402003795, 0)
(598, 1)
(46635963478, 1)
(601, 2)
(46869923161, 2)
(604, 1)
(47103882844, 1)
(607, 1)
(47337842527, 1)
(610, 0)
(47571802210, 0)
(613, 1)
(47805761893, 2)
(616, 2)
(48039721576, 2)
(619, 0)
(48273681259, 0)
(622, 0)
(48507640942, 0)
(625, 2)
(48741600625, 2)
(628, 0)
(48975560308, 0)
(631, 1)
(49209519991, 2)
(634, 1)
(49443479674, 2)
(637, 2)
(49677439357, 2)
(640, 2)
(49911399040, 2)
(643, 0)
(50145358723, 0)
(646, 2)
(50379318406, 2)
(649, 2)
(50613278089, 1)
(652, 0)
(50847237772, 0)
(655, 0)
(51081197455, 0)
(658, 1)
(51315157138, 1)
(661, 0)
(51549116821, 0)
(664, 1)
(51783076504, 2)
(667, 0)
(52017036187, 0)
(670, 0)
(52250995870, 0)
(673, 0)
(52484955553, 0)
(676, 2)
(52718915236, 2)
(679, 0)
(52952874919, 0)
(682, 0)
(53186834602, 0)
(685, 0)
(53420794285, 0)
(688, 0)
(53654753968, 0)
(691, 0)
(53888713651, 0)
(694, 2)
(54122673334, 1)
(697, 2)
(54356633017, 2)
(700, 1)
(54590592700, 2)
(703, 2)
(54824552383, 2)
(706, 0)
(55058512066, 0)
(709, 1)
(55292471749, 2)
(712, 2)
(55526431432, 2)
(715, 0)
(55760391115, 0)
(718, 0)
(55994350798, 0)
(721, 1)
(56228310481, 1)
(724, 1)
(56462270164, 1)
(727, 1)
(56696229847, 1)
(730, 0)
(56930189530, 0)
(733, 2)
(57164149213, 2)
(736, 2)
(57398108896, 2)
(739, 0)
(57632068579, 0)
(742, 1)
(57866028262, 1)
(745, 1)
(58099987945, 2)
(748, 0)
(58333947628, 0)
(751, 0)
(58567907311, 0)
(754, 1)
(58801866994, 2)
(757, 1)
(59035826677, 2)
(760, 1)
(59269786360, 1)
(763, 0)
(59503746043, 0)
(766, 0)
(59737705726, 0)
(769, 2)
(59971665409, 2)
(772, 1)
(60205625092, 2)
(775, 0)
(60439584775, 0)
(778, 1)
(60673544458, 2)
(781, 2)
(60907504141, 2)
(784, 0)
(61141463824, 0)
(787, 0)
(61375423507, 0)
(790, 2)
(61609383190, 1)
(793, 2)
(61843342873, 2)
(796, 0)
(62077302556, 0)
(799, 1)
(62311262239, 2)
(802, 0)
(62545221922, 0)
(805, 1)
(62779181605, 2)
(808, 0)
(63013141288, 0)
(811, 0)
(63247100971, 0)
(814, 0)
(63481060654, 0)
(817, 0)
(63715020337, 0)
(820, 2)
(63948980020, 2)
(823, 0)
(64182939703, 0)
(826, 0)
(64416899386, 0)
(829, 1)
(64650859069, 2)
(832, 2)
(64884818752, 2)
(835, 0)
(65118778435, 0)
(838, 1)
(65352738118, 1)
(841, 1)
(65586697801, 1)
(844, 0)
(65820657484, 0)
(847, 2)
(66054617167, 1)
(850, 1)
(66288576850, 1)
