(1, 2)
(52519009, 2)
(4, 2)
(210076036, 2)
(7, 1)
(367633063, 2)
(10, 1)
(525190090, 2)
(13, 2)
(682747117, 1)
(16, 1)
(840304144, 1)
(19, 0)
(997861171, 0)
(22, 1)
(1155418198, 2)
(25, 1)
(1312975225, 1)
(28, 1)
(1470532252, 2)
(31, 0)
(1628089279, 0)
(34, 2)
(1785646306, 1)
(37, 2)
(1943203333, 1)
(40, 2)
(2100760360, 1)
(43, 0)
(2258317387, 0)
(46, 2)
(2415874414, 1)
(49, 0)
(2573431441, 0)
(52, 2)
(2730988468, 1)
(55, 1)
(2888545495, 1)
(58, 1)
(3046102522, 2)
(61, 0)
(3203659549, 0)
(64, 2)
(3361216576, 2)
(67, 0)
(3518773603, 0)
(70, 2)
(3676330630, 2)
(73, 1)
(3833887657, 2)
(76, 0)
(3991444684, 0)
(79, 2)
(4149001711, 2)
(82, 2)
(4306558738, 2)
(85, 1)
(4464115765, 1)
(88, 2)
(4621672792, 1)
(91, 0)
(4779229819, 0)
(94, 1)
(4936786846, 2)
(97, 1)
(5094343873, 2)
(100, 1)
(5251900900, 1)
(103, 2)
(5409457927, 2)
(106, 0)
(5567014954, 0)
(109, 0)
(5724571981, 0)
(112, 2)
(5882129008, 1)
(115, 0)
(6039686035, 0)
(118, 0)
(6197243062, 0)
(121, 2)
(6354800089, 2)
(124, 0)
(6512357116, 0)
(127, 2)
(6669914143, 1)
(130, 2)
(6827471170, 2)
(133, 1)
(6985028197, 2)
(136, 1)
(7142585224, 2)
(139, 0)
(7300142251, 0)
(142, 2)
(7457699278, 1)
(145, 2)
(7615256305, 2)
(148, 2)
(7772813332, 1)
(151, 1)
(7930370359, 1)
(154, 1)
(8087927386, 1)
(157, 0)
(8245484413, 0)
(160, 1)
(8403041440, 2)
(163, 0)
(8560598467, 0)
(166, 2)
(8718155494, 1)
(169, 2)
(8875712521, 2)
(172, 0)
(9033269548, 0)
(175, 1)
(9190826575, 2)
(178, 1)
(9348383602, 2)
(181, 1)
(9505940629, 2)
(184, 1)
(9663497656, 2)
(187, 0)
(9821054683, 0)
(190, 2)
(9978611710, 1)
(193, 1)
(10136168737, 2)
(196, 0)
(10293725764, 0)
(199, 0)
(10451282791, 0)
(202, 0)
(10608839818, 0)
(205, 2)
(10766396845, 1)
(208, 1)
(10923953872, 2)
(211, 0)
(11081510899, 0)
(214, 0)
(11239067926, 0)
(217, 2)
(11396624953, 1)
(220, 1)
(11554181980, 1)
(223, 1)
(11711739007, 1)
(226, 1)
(11869296034, 1)
(229, 1)
(12026853061, 1)
(232, 2)
(12184410088, 1)
(235, 0)
(12341967115, 0)
(238, 1)
(12499524142, 1)
(241, 0)
(12657081169, 0)
(244, 0)
(12814638196, 0)
(247, 0)
(12972195223, 0)
(250, 0)
(13129752250, 0)
(253, 1)
(13287309277, 1)
(256, 1)
(13444866304, 1)
(259, 0)
(13602423331, 0)
(262, 0)
(13759980358, 0)
(265, 2)
(13917537385, 2)
(268, 0)
(14075094412, 0)
(271, 2)
(14232651439, 2)
(274, 0)
(14390208466, 0)
(277, 0)
(14547765493, 0)
(280, 1)
(14705322520, 1)
(283, 0)
(14862879547, 0)
(286, 0)
(15020436574, 0)
(289, 1)
(15177993601, 1)
(292, 1)
(15335550628, 2)
(295, 2)
(15493107655, 2)
(298, 0)
(15650664682, 0)
(301, 2)
(15808221709, 2)
(304, 0)
(15965778736, 0)
(307, 0)
(16123335763, 0)
(310, 1)
(16280892790, 2)
(313, 2)
(16438449817, 2)
(316, 2)
(16596006844, 2)
(319, 1)
(16753563871, 1)
(322, 1)
(16911120898, 1)
(325, 2)
(17068677925, 1)
(328, 1)
(17226234952, 1)
(331, 0)
(17383791979, 0)
(334, 0)
(17541349006, 0)
(337, 2)
(17698906033, 2)
(340, 1)
(17856463060, 1)
(343, 2)
(18014020087, 1)
(346, 2)
(18171577114, 1)
(349, 2)
(18329134141, 1)
(352, 1)
(18486691168, 2)
(355, 0)
(18644248195, 0)
(358, 0)
(18801805222, 0)
(361, 0)
(18959362249, 0)
(364, 0)
(19116919276, 0)
(367, 0)
(19274476303, 0)
(370, 0)
(19432033330, 0)
(373, 1)
(19589590357, 1)
(376, 2)
(19747147384, 1)
(379, 0)
(19904704411, 0)
(382, 1)
(20062261438, 2)
(385, 2)
(20219818465, 1)
(388, 1)
(20377375492, 2)
(391, 2)
(20534932519, 2)
(394, 2)
(20692489546, 2)
(397, 0)
(20850046573, 0)
(400, 2)
(21007603600, 2)
(403, 0)
(21165160627, 0)
(406, 2)
(21322717654, 2)
(409, 1)
(21480274681, 1)
(412, 2)
(21637831708, 2)
(415, 1)
(21795388735, 1)
(418, 1)
(21952945762, 2)
(421, 1)
(22110502789, 2)
(424, 0)
(22268059816, 0)
(427, 0)
(22425616843, 0)
(430, 0)
(22583173870, 0)
(433, 0)
(22740730897, 0)
(436, 0)
(22898287924, 0)
(439, 0)
(23055844951, 0)
(442, 1)
(23213401978, 1)
(445, 2)
(23370959005, 2)
(448, 1)
(23528516032, 2)
(451, 0)
(23686073059, 0)
(454, 1)
(23843630086, 2)
(457, 2)
(24001187113, 2)
(460, 0)
(24158744140, 0)
(463, 1)
(24316301167, 1)
(466, 1)
(24473858194, 2)
(469, 1)
(24631415221, 2)
(472, 0)
(24788972248, 0)
(475, 0)
(24946529275, 0)
(478, 1)
(25104086302, 1)
(481, 1)
(25261643329, 1)
(484, 2)
(25419200356, 2)
(487, 1)
(25576757383, 1)
(490, 1)
(25734314410, 2)
(493, 0)
(25891871437, 0)
(496, 0)
(26049428464, 0)
(499, 0)
(26206985491, 0)
(502, 1)
(26364542518, 2)
(505, 2)
(26522099545, 1)
(508, 2)
(26679656572, 1)
(511, 2)
(26837213599, 2)
(514, 2)
(26994770626, 1)
(517, 0)
(27152327653, 0)
(520, 1)
(27309884680, 1)
(523, 0)
(27467441707, 0)
(526, 0)
(27624998734, 0)
(529, 2)
(27782555761, 2)
(532, 1)
(27940112788, 2)
(535, 2)
(28097669815, 1)
(538, 2)
(28255226842, 2)
(541, 1)
(28412783869, 1)
(544, 2)
(28570340896, 1)
(547, 0)
(28727897923, 0)
(550, 1)
(28885454950, 2)
(553, 2)
(29043011977, 1)
(556, 0)
(29200569004, 0)
(559, 1)
(29358126031, 1)
(562, 1)
(29515683058, 1)
(565, 0)
(29673240085, 0)
(568, 1)
(29830797112, 2)
(571, 0)
(29988354139, 0)
(574, 2)
(30145911166, 1)
(577, 2)
(30303468193, 2)
(580, 2)
(30461025220, 2)
(583, 2)
(30618582247, 2)
(586, 0)
(30776139274, 0)
(589, 1)
(30933696301, 1)
(592, 1)
(31091253328, 2)
(595, 0)
(31248810355, 0)
(598, 1)
(31406367382, 1)
(601, 2)
(31563924409, 1)
(604, 1)
(31721481436, 1)
(607, 1)
(31879038463, 2)
(610, 0)
(32036595490, 0)
(613, 1)
(32194152517, 2)
(616, 2)
(32351709544, 2)
(619, 0)
(32509266571, 0)
(622, 0)
(32666823598, 0)
(625, 2)
(32824380625, 2)
(628, 0)
(32981937652, 0)
(631, 1)
(33139494679, 2)
(634, 1)
(33297051706, 1)
(637, 2)
(33454608733, 1)
(640, 2)
(33612165760, 1)
(643, 0)
(33769722787, 0)
(646, 2)
(33927279814, 1)
(649, 2)
(34084836841, 2)
(652, 0)
(34242393868, 0)
(655, 0)
(34399950895, 0)
(658, 1)
(34557507922, 1)
(661, 0)
(34715064949, 0)
(664, 1)
(34872621976, 2)
(667, 0)
(35030179003, 0)
(670, 0)
(35187736030, 0)
(673, 0)
(35345293057, 0)
(676, 2)
(35502850084, 2)
(679, 0)
(35660407111, 0)
(682, 0)
(35817964138, 0)
(685, 0)
(35975521165, 0)
(688, 0)
(36133078192, 0)
(691, 0)
(36290635219, 0)
(694, 2)
(36448192246, 2)
(697, 2)
(36605749273, 1)
(700, 1)
(36763306300, 2)
(703, 2)
(36920863327, 1)
(706, 0)
(37078420354, 0)
(709, 1)
(37235977381, 1)
(712, 2)
(37393534408, 1)
(715, 0)
(37551091435, 0)
(718, 0)
(37708648462, 0)
(721, 1)
(37866205489, 2)
(724, 1)
(38023762516, 2)
(727, 1)
(38181319543, 1)
(730, 0)
(38338876570, 0)
(733, 2)
(38496433597, 2)
(736, 2)
(38653990624, 1)
(739, 0)
(38811547651, 0)
(742, 1)
(38969104678, 1)
(745, 1)
(39126661705, 2)
(748, 0)
(39284218732, 0)
(751, 0)
(39441775759, 0)
(754, 1)
(39599332786, 1)
(757, 1)
(39756889813, 1)
(760, 1)
(39914446840, 2)
(763, 0)
(40072003867, 0)
(766, 0)
(40229560894, 0)
(769, 2)
(40387117921, 1)
(772, 1)
(40544674948, 2)
(775, 0)
(40702231975, 0)
(778, 1)
(40859789002, 1)
(781, 2)
(41017346029, 2)
(784, 0)
(41174903056, 0)
(787, 0)
(41332460083, 0)
(790, 2)
(41490017110, 1)
(793, 2)
(41647574137, 1)
(796, 0)
(41805131164, 0)
(799, 1)
(41962688191, 1)
(802, 0)
(42120245218, 0)
(805, 1)
(42277802245, 2)
(808, 0)
(42435359272, 0)
(811, 0)
(42592916299, 0)
(814, 0)
(42750473326, 0)
(817, 0)
(42908030353, 0)
(820, 2)
(43065587380, 1)
(823, 0)
(43223144407, 0)
(826, 0)
(43380701434, 0)
(829, 1)
(43538258461, 1)
(832, 2)
(43695815488, 1)
(835, 0)
(43853372515, 0)
(838, 1)
(44010929542, 1)
(841, 1)
(44168486569, 1)
(844, 0)
(44326043596, 0)
(847, 2)
(44483600623, 1)
(850, 1)
(44641157650, 2)
