(1, 2)
(24433249, 2)
(4, 2)
(97732996, 2)
(7, 1)
(171032743, 2)
(10, 1)
(244332490, 2)
(13, 2)
(317632237, 2)
(16, 1)
(390931984, 1)
(19, 0)
(464231731, 0)
(22, 1)
(537531478, 2)
(25, 1)
(610831225, 1)
(28, 1)
(684130972, 2)
(31, 0)
(757430719, 0)
(34, 2)
(830730466, 2)
(37, 2)
(904030213, 1)
(40, 2)
(977329960, 1)
(43, 0)
(1050629707, 0)
(46, 2)
(1123929454, 2)
(49, 0)
(1197229201, 0)
(52, 2)
(1270528948, 2)
(55, 1)
(1343828695, 1)
(58, 1)
(1417128442, 1)
(61, 0)
(1490428189, 0)
(64, 2)
(1563727936, 2)
(67, 0)
(1637027683, 0)
(70, 2)
(1710327430, 2)
(73, 1)
(1783627177, 2)
(76, 0)
(1856926924, 0)
(79, 2)
(1930226671, 1)
(82, 2)
(2003526418, 2)
(85, 1)
(2076826165, 2)
(88, 2)
(2150125912, 1)
(91, 0)
(2223425659, 0)
(94, 1)
(2296725406, 2)
(97, 1)
(2370025153, 1)
(100, 1)
(2443324900, 1)
(103, 2)
(2516624647, 2)
(106, 0)
(2589924394, 0)
(109, 0)
(2663224141, 0)
(112, 2)
(2736523888, 1)
(115, 0)
(2809823635, 0)
(118, 0)
(2883123382, 0)
(121, 2)
(2956423129, 2)
(124, 0)
(3029722876, 0)
(127, 2)
(3103022623, 1)
(130, 2)
(3176322370, 1)
(133, 1)
(3249622117, 2)
(136, 1)
(3322921864, 1)
(139, 0)
(3396221611, 0)
(142, 2)
(3469521358, 2)
(145, 2)
(3542821105, 1)
(148, 2)
(3616120852, 1)
(151, 1)
(3689420599, 1)
(154, 1)
(3762720346, 1)
(157, 0)
(3836020093, 0)
(160, 1)
(3909319840, 2)
(163, 0)
(3982619587, 0)
(166, 2)
(4055919334, 2)
(169, 2)
(4129219081, 2)
(172, 0)
(4202518828, 0)
(175, 1)
(4275818575, 2)
(178, 1)
(4349118322, 2)
(181, 1)
(4422418069, 1)
(184, 1)
(4495717816, 1)
(187, 0)
(4569017563, 0)
(190, 2)
(4642317310, 1)
(193, 1)
(4715617057, 1)
(196, 0)
(4788916804, 0)
(199, 0)
(4862216551, 0)
(202, 0)
(4935516298, 0)
(205, 2)
(5008816045, 1)
(208, 1)
(5082115792, 1)
(211, 0)
(5155415539, 0)
(214, 0)
(5228715286, 0)
(217, 2)
(5302015033, 2)
(220, 1)
(5375314780, 1)
(223, 1)
(5448614527, 2)
(226, 1)
(5521914274, 2)
(229, 1)
(5595214021, 1)
(232, 2)
(5668513768, 2)
(235, 0)
(5741813515, 0)
(238, 1)
(5815113262, 2)
(241, 0)
(5888413009, 0)
(244, 0)
(5961712756, 0)
(247, 0)
(6035012503, 0)
(250, 0)
(6108312250, 0)
(253, 1)
(6181611997, 2)
(256, 1)
(6254911744, 1)
(259, 0)
(6328211491, 0)
(262, 0)
(6401511238, 0)
(265, 2)
(6474810985, 2)
(268, 0)
(6548110732, 0)
(271, 2)
(6621410479, 2)
(274, 0)
(6694710226, 0)
(277, 0)
(6768009973, 0)
(280, 1)
(6841309720, 1)
(283, 0)
(6914609467, 0)
(286, 0)
(6987909214, 0)
(289, 1)
(7061208961, 1)
(292, 1)
(7134508708, 2)
(295, 2)
(7207808455, 2)
(298, 0)
(7281108202, 0)
(301, 2)
(7354407949, 2)
(304, 0)
(7427707696, 0)
(307, 0)
(7501007443, 0)
(310, 1)
(7574307190, 1)
(313, 2)
(7647606937, 1)
(316, 2)
(7720906684, 1)
(319, 1)
(7794206431, 2)
(322, 1)
(7867506178, 2)
(325, 2)
(7940805925, 2)
(328, 1)
(8014105672, 1)
(331, 0)
(8087405419, 0)
(334, 0)
(8160705166, 0)
(337, 2)
(8234004913, 2)
(340, 1)
(8307304660, 2)
(343, 2)
(8380604407, 1)
(346, 2)
(8453904154, 1)
(349, 2)
(8527203901, 2)
(352, 1)
(8600503648, 2)
(355, 0)
(8673803395, 0)
(358, 0)
(8747103142, 0)
(361, 0)
(8820402889, 0)
(364, 0)
(8893702636, 0)
(367, 0)
(8967002383, 0)
(370, 0)
(9040302130, 0)
(373, 1)
(9113601877, 1)
(376, 2)
(9186901624, 1)
(379, 0)
(9260201371, 0)
(382, 1)
(9333501118, 1)
(385, 2)
(9406800865, 1)
(388, 1)
(9480100612, 1)
(391, 2)
(9553400359, 2)
(394, 2)
(9626700106, 1)
(397, 0)
(9699999853, 0)
(400, 2)
(9773299600, 2)
(403, 0)
(9846599347, 0)
(406, 2)
(9919899094, 1)
(409, 1)
(9993198841, 2)
(412, 2)
(10066498588, 2)
(415, 1)
(10139798335, 2)
(418, 1)
(10213098082, 2)
(421, 1)
(10286397829, 1)
(424, 0)
(10359697576, 0)
(427, 0)
(10432997323, 0)
(430, 0)
(10506297070, 0)
(433, 0)
(10579596817, 0)
(436, 0)
(10652896564, 0)
(439, 0)
(10726196311, 0)
(442, 1)
(10799496058, 1)
(445, 2)
(10872795805, 2)
(448, 1)
(10946095552, 2)
(451, 0)
(11019395299, 0)
(454, 1)
(11092695046, 2)
(457, 2)
(11165994793, 2)
(460, 0)
(11239294540, 0)
(463, 1)
(11312594287, 2)
(466, 1)
(11385894034, 1)
(469, 1)
(11459193781, 2)
(472, 0)
(11532493528, 0)
(475, 0)
(11605793275, 0)
(478, 1)
(11679093022, 2)
(481, 1)
(11752392769, 2)
(484, 2)
(11825692516, 2)
(487, 1)
(11898992263, 2)
(490, 1)
(11972292010, 2)
(493, 0)
(12045591757, 0)
(496, 0)
(12118891504, 0)
(499, 0)
(12192191251, 0)
(502, 1)
(12265490998, 2)
(505, 2)
(12338790745, 1)
(508, 2)
(12412090492, 1)
(511, 2)
(12485390239, 2)
(514, 2)
(12558689986, 2)
(517, 0)
(12631989733, 0)
(520, 1)
(12705289480, 2)
(523, 0)
(12778589227, 0)
(526, 0)
(12851888974, 0)
(529, 2)
(12925188721, 2)
(532, 1)
(12998488468, 2)
(535, 2)
(13071788215, 1)
(538, 2)
(13145087962, 1)
(541, 1)
(13218387709, 1)
(544, 2)
(13291687456, 2)
(547, 0)
(13364987203, 0)
(550, 1)
(13438286950, 2)
(553, 2)
(13511586697, 2)
(556, 0)
(13584886444, 0)
(559, 1)
(13658186191, 2)
(562, 1)
(13731485938, 2)
(565, 0)
(13804785685, 0)
(568, 1)
(13878085432, 1)
(571, 0)
(13951385179, 0)
(574, 2)
(14024684926, 1)
(577, 2)
(14097984673, 1)
(580, 2)
(14171284420, 1)
(583, 2)
(14244584167, 2)
(586, 0)
(14317883914, 0)
(589, 1)
(14391183661, 2)
(592, 1)
(14464483408, 2)
(595, 0)
(14537783155, 0)
(598, 1)
(14611082902, 1)
(601, 2)
(14684382649, 2)
(604, 1)
(14757682396, 1)
(607, 1)
(14830982143, 2)
(610, 0)
(14904281890, 0)
(613, 1)
(14977581637, 2)
(616, 2)
(15050881384, 2)
(619, 0)
(15124181131, 0)
(622, 0)
(15197480878, 0)
(625, 2)
(15270780625, 2)
(628, 0)
(15344080372, 0)
(631, 1)
(15417380119, 1)
(634, 1)
(15490679866, 2)
(637, 2)
(15563979613, 2)
(640, 2)
(15637279360, 1)
(643, 0)
(15710579107, 0)
(646, 2)
(15783878854, 2)
(649, 2)
(15857178601, 2)
(652, 0)
(15930478348, 0)
(655, 0)
(16003778095, 0)
(658, 1)
(16077077842, 1)
(661, 0)
(16150377589, 0)
(664, 1)
(16223677336, 1)
(667, 0)
(16296977083, 0)
(670, 0)
(16370276830, 0)
(673, 0)
(16443576577, 0)
(676, 2)
(16516876324, 2)
(679, 0)
(16590176071, 0)
(682, 0)
(16663475818, 0)
(685, 0)
(16736775565, 0)
(688, 0)
(16810075312, 0)
(691, 0)
(16883375059, 0)
(694, 2)
(16956674806, 1)
(697, 2)
(17029974553, 2)
(700, 1)
(17103274300, 2)
(703, 2)
(17176574047, 1)
(706, 0)
(17249873794, 0)
(709, 1)
(17323173541, 1)
(712, 2)
(17396473288, 1)
(715, 0)
(17469773035, 0)
(718, 0)
(17543072782, 0)
(721, 1)
(17616372529, 2)
(724, 1)
(17689672276, 1)
(727, 1)
(17762972023, 1)
(730, 0)
(17836271770, 0)
(733, 2)
(17909571517, 2)
(736, 2)
(17982871264, 2)
(739, 0)
(18056171011, 0)
(742, 1)
(18129470758, 1)
(745, 1)
(18202770505, 2)
(748, 0)
(18276070252, 0)
(751, 0)
(18349369999, 0)
(754, 1)
(18422669746, 1)
(757, 1)
(18495969493, 1)
(760, 1)
(18569269240, 2)
(763, 0)
(18642568987, 0)
(766, 0)
(18715868734, 0)
(769, 2)
(18789168481, 1)
(772, 1)
(18862468228, 1)
(775, 0)
(18935767975, 0)
(778, 1)
(19009067722, 1)
(781, 2)
(19082367469, 1)
(784, 0)
(19155667216, 0)
(787, 0)
(19228966963, 0)
(790, 2)
(19302266710, 2)
(793, 2)
(19375566457, 1)
(796, 0)
(19448866204, 0)
(799, 1)
(19522165951, 2)
(802, 0)
(19595465698, 0)
(805, 1)
(19668765445, 1)
(808, 0)
(19742065192, 0)
(811, 0)
(19815364939, 0)
(814, 0)
(19888664686, 0)
(817, 0)
(19961964433, 0)
(820, 2)
(20035264180, 1)
(823, 0)
(20108563927, 0)
(826, 0)
(20181863674, 0)
(829, 1)
(20255163421, 2)
(832, 2)
(20328463168, 2)
(835, 0)
(20401762915, 0)
(838, 1)
(20475062662, 2)
(841, 1)
(20548362409, 1)
(844, 0)
(20621662156, 0)
(847, 2)
(20694961903, 1)
(850, 1)
(20768261650, 1)
