(1, 2)
(34845409, 2)
(4, 2)
(139381636, 2)
(7, 1)
(243917863, 2)
(10, 1)
(348454090, 2)
(13, 2)
(452990317, 2)
(16, 1)
(557526544, 1)
(19, 0)
(662062771, 0)
(22, 1)
(766598998, 1)
(25, 1)
(871135225, 1)
(28, 1)
(975671452, 2)
(31, 0)
(1080207679, 0)
(34, 2)
(1184743906, 2)
(37, 2)
(1289280133, 1)
(40, 2)
(1393816360, 1)
(43, 0)
(1498352587, 0)
(46, 2)
(1602888814, 2)
(49, 0)
(1707425041, 0)
(52, 2)
(1811961268, 2)
(55, 1)
(1916497495, 2)
(58, 1)
(2021033722, 1)
(61, 0)
(2125569949, 0)
(64, 2)
(2230106176, 2)
(67, 0)
(2334642403, 0)
(70, 2)
(2439178630, 2)
(73, 1)
(2543714857, 2)
(76, 0)
(2648251084, 0)
(79, 2)
(2752787311, 2)
(82, 2)
(2857323538, 2)
(85, 1)
(2961859765, 2)
(88, 2)
(3066395992, 2)
(91, 0)
(3170932219, 0)
(94, 1)
(3275468446, 2)
(97, 1)
(3380004673, 2)
(100, 1)
(3484540900, 1)
(103, 2)
(3589077127, 1)
(106, 0)
(3693613354, 0)
(109, 0)
(3798149581, 0)
(112, 2)
(3902685808, 1)
(115, 0)
(4007222035, 0)
(118, 0)
(4111758262, 0)
(121, 2)
(4216294489, 2)
(124, 0)
(4320830716, 0)
(127, 2)
(4425366943, 1)
(130, 2)
(4529903170, 1)
(133, 1)
(4634439397, 2)
(136, 1)
(4738975624, 1)
(139, 0)
(4843511851, 0)
(142, 2)
(4948048078, 1)
(145, 2)
(5052584305, 1)
(148, 2)
(5157120532, 1)
(151, 1)
(5261656759, 1)
(154, 1)
(5366192986, 2)
(157, 0)
(5470729213, 0)
(160, 1)
(5575265440, 2)
(163, 0)
(5679801667, 0)
(166, 2)
(5784337894, 1)
(169, 2)
(5888874121, 2)
(172, 0)
(5993410348, 0)
(175, 1)
(6097946575, 2)
(178, 1)
(6202482802, 2)
(181, 1)
(6307019029, 1)
(184, 1)
(6411555256, 1)
(187, 0)
(6516091483, 0)
(190, 2)
(6620627710, 1)
(193, 1)
(6725163937, 2)
(196, 0)
(6829700164, 0)
(199, 0)
(6934236391, 0)
(202, 0)
(7038772618, 0)
(205, 2)
(7143308845, 1)
(208, 1)
(7247845072, 1)
(211, 0)
(7352381299, 0)
(214, 0)
(7456917526, 0)
(217, 2)
(7561453753, 1)
(220, 1)
(7665989980, 2)
(223, 1)
(7770526207, 2)
(226, 1)
(7875062434, 2)
(229, 1)
(7979598661, 1)
(232, 2)
(8084134888, 2)
(235, 0)
(8188671115, 0)
(238, 1)
(8293207342, 2)
(241, 0)
(8397743569, 0)
(244, 0)
(8502279796, 0)
(247, 0)
(8606816023, 0)
(250, 0)
(8711352250, 0)
(253, 1)
(8815888477, 1)
(256, 1)
(8920424704, 1)
(259, 0)
(9024960931, 0)
(262, 0)
(9129497158, 0)
(265, 2)
(9234033385, 2)
(268, 0)
(9338569612, 0)
(271, 2)
(9443105839, 1)
(274, 0)
(9547642066, 0)
(277, 0)
(9652178293, 0)
(280, 1)
(9756714520, 1)
(283, 0)
(9861250747, 0)
(286, 0)
(9965786974, 0)
(289, 1)
(10070323201, 1)
(292, 1)
(10174859428, 2)
(295, 2)
(10279395655, 2)
(298, 0)
(10383931882, 0)
(301, 2)
(10488468109, 1)
(304, 0)
(10593004336, 0)
(307, 0)
(10697540563, 0)
(310, 1)
(10802076790, 2)
(313, 2)
(10906613017, 2)
(316, 2)
(11011149244, 2)
(319, 1)
(11115685471, 1)
(322, 1)
(11220221698, 2)
(325, 2)
(11324757925, 2)
(328, 1)
(11429294152, 1)
(331, 0)
(11533830379, 0)
(334, 0)
(11638366606, 0)
(337, 2)
(11742902833, 1)
(340, 1)
(11847439060, 2)
(343, 2)
(11951975287, 1)
(346, 2)
(12056511514, 2)
(349, 2)
(12161047741, 1)
(352, 1)
(12265583968, 1)
(355, 0)
(12370120195, 0)
(358, 0)
(12474656422, 0)
(361, 0)
(12579192649, 0)
(364, 0)
(12683728876, 0)
(367, 0)
(12788265103, 0)
(370, 0)
(12892801330, 0)
(373, 1)
(12997337557, 2)
(376, 2)
(13101873784, 1)
(379, 0)
(13206410011, 0)
(382, 1)
(13310946238, 1)
(385, 2)
(13415482465, 2)
(388, 1)
(13520018692, 2)
(391, 2)
(13624554919, 2)
(394, 2)
(13729091146, 2)
(397, 0)
(13833627373, 0)
(400, 2)
(13938163600, 2)
(403, 0)
(14042699827, 0)
(406, 2)
(14147236054, 1)
(409, 1)
(14251772281, 2)
(412, 2)
(14356308508, 1)
(415, 1)
(14460844735, 1)
(418, 1)
(14565380962, 1)
(421, 1)
(14669917189, 1)
(424, 0)
(14774453416, 0)
(427, 0)
(14878989643, 0)
(430, 0)
(14983525870, 0)
(433, 0)
(15088062097, 0)
(436, 0)
(15192598324, 0)
(439, 0)
(15297134551, 0)
(442, 1)
(15401670778, 1)
(445, 2)
(15506207005, 2)
(448, 1)
(15610743232, 2)
(451, 0)
(15715279459, 0)
(454, 1)
(15819815686, 2)
(457, 2)
(15924351913, 2)
(460, 0)
(16028888140, 0)
(463, 1)
(16133424367, 1)
(466, 1)
(16237960594, 2)
(469, 1)
(16342496821, 2)
(472, 0)
(16447033048, 0)
(475, 0)
(16551569275, 0)
(478, 1)
(16656105502, 1)
(481, 1)
(16760641729, 2)
(484, 2)
(16865177956, 2)
(487, 1)
(16969714183, 1)
(490, 1)
(17074250410, 2)
(493, 0)
(17178786637, 0)
(496, 0)
(17283322864, 0)
(499, 0)
(17387859091, 0)
(502, 1)
(17492395318, 1)
(505, 2)
(17596931545, 1)
(508, 2)
(17701467772, 1)
(511, 2)
(17806003999, 2)
(514, 2)
(17910540226, 2)
(517, 0)
(18015076453, 0)
(520, 1)
(18119612680, 2)
(523, 0)
(18224148907, 0)
(526, 0)
(18328685134, 0)
(529, 2)
(18433221361, 2)
(532, 1)
(18537757588, 2)
(535, 2)
(18642293815, 1)
(538, 2)
(18746830042, 1)
(541, 1)
(18851366269, 1)
(544, 2)
(18955902496, 2)
(547, 0)
(19060438723, 0)
(550, 1)
(19164974950, 1)
(553, 2)
(19269511177, 1)
(556, 0)
(19374047404, 0)
(559, 1)
(19478583631, 1)
(562, 1)
(19583119858, 1)
(565, 0)
(19687656085, 0)
(568, 1)
(19792192312, 2)
(571, 0)
(19896728539, 0)
(574, 2)
(20001264766, 1)
(577, 2)
(20105800993, 1)
(580, 2)
(20210337220, 1)
(583, 2)
(20314873447, 1)
(586, 0)
(20419409674, 0)
(589, 1)
(20523945901, 1)
(592, 1)
(20628482128, 2)
(595, 0)
(20733018355, 0)
(598, 1)
(20837554582, 1)
(601, 2)
(20942090809, 1)
(604, 1)
(21046627036, 1)
(607, 1)
(21151163263, 1)
(610, 0)
(21255699490, 0)
(613, 1)
(21360235717, 1)
(616, 2)
(21464771944, 1)
(619, 0)
(21569308171, 0)
(622, 0)
(21673844398, 0)
(625, 2)
(21778380625, 2)
(628, 0)
(21882916852, 0)
(631, 1)
(21987453079, 1)
(634, 1)
(22091989306, 2)
(637, 2)
(22196525533, 2)
(640, 2)
(22301061760, 1)
(643, 0)
(22405597987, 0)
(646, 2)
(22510134214, 2)
(649, 2)
(22614670441, 1)
(652, 0)
(22719206668, 0)
(655, 0)
(22823742895, 0)
(658, 1)
(22928279122, 1)
(661, 0)
(23032815349, 0)
(664, 1)
(23137351576, 2)
(667, 0)
(23241887803, 0)
(670, 0)
(23346424030, 0)
(673, 0)
(23450960257, 0)
(676, 2)
(23555496484, 2)
(679, 0)
(23660032711, 0)
(682, 0)
(23764568938, 0)
(685, 0)
(23869105165, 0)
(688, 0)
(23973641392, 0)
(691, 0)
(24078177619, 0)
(694, 2)
(24182713846, 1)
(697, 2)
(24287250073, 2)
(700, 1)
(24391786300, 2)
(703, 2)
(24496322527, 1)
(706, 0)
(24600858754, 0)
(709, 1)
(24705394981, 1)
(712, 2)
(24809931208, 1)
(715, 0)
(24914467435, 0)
(718, 0)
(25019003662, 0)
(721, 1)
(25123539889, 1)
(724, 1)
(25228076116, 1)
(727, 1)
(25332612343, 2)
(730, 0)
(25437148570, 0)
(733, 2)
(25541684797, 1)
(736, 2)
(25646221024, 2)
(739, 0)
(25750757251, 0)
(742, 1)
(25855293478, 1)
(745, 1)
(25959829705, 1)
(748, 0)
(26064365932, 0)
(751, 0)
(26168902159, 0)
(754, 1)
(26273438386, 1)
(757, 1)
(26377974613, 1)
(760, 1)
(26482510840, 2)
(763, 0)
(26587047067, 0)
(766, 0)
(26691583294, 0)
(769, 2)
(26796119521, 1)
(772, 1)
(26900655748, 2)
(775, 0)
(27005191975, 0)
(778, 1)
(27109728202, 1)
(781, 2)
(27214264429, 1)
(784, 0)
(27318800656, 0)
(787, 0)
(27423336883, 0)
(790, 2)
(27527873110, 1)
(793, 2)
(27632409337, 2)
(796, 0)
(27736945564, 0)
(799, 1)
(27841481791, 2)
(802, 0)
(27946018018, 0)
(805, 1)
(28050554245, 1)
(808, 0)
(28155090472, 0)
(811, 0)
(28259626699, 0)
(814, 0)
(28364162926, 0)
(817, 0)
(28468699153, 0)
(820, 2)
(28573235380, 1)
(823, 0)
(28677771607, 0)
(826, 0)
(28782307834, 0)
(829, 1)
(28886844061, 1)
(832, 2)
(28991380288, 2)
(835, 0)
(29095916515, 0)
(838, 1)
(29200452742, 2)
(841, 1)
(29304988969, 1)
(844, 0)
(29409525196, 0)
(847, 2)
(29514061423, 1)
(850, 1)
(29618597650, 1)
