(2, 4)
(3271682, 4)
(3, 3)
(4907523, 2)
(7, 4)
(11450887, 4)
(8, 0)
(13086728, 0)
(12, 4)
(19630092, 1)
(13, 3)
(21265933, 2)
(17, 4)
(27809297, 4)
(18, 3)
(29445138, 3)
(22, 3)
(35988502, 2)
(23, 3)
(37624343, 3)
(27, 3)
(44167707, 2)
(28, 3)
(45803548, 3)
(32, 2)
(52346912, 2)
(33, 1)
(53982753, 1)
(37, 2)
(60526117, 2)
(38, 1)
(62161958, 4)
(42, 1)
(68705322, 4)
(43, 4)
(70341163, 4)
(47, 0)
(76884527, 0)
(48, 4)
(78520368, 1)
(52, 0)
(85063732, 0)
(53, 4)
(86699573, 4)
(57, 4)
(93242937, 4)
(58, 2)
(94878778, 3)
(62, 2)
(101422142, 3)
(63, 0)
(103057983, 0)
(67, 1)
(109601347, 4)
(68, 0)
(111237188, 0)
(72, 0)
(117780552, 0)
(73, 1)
(119416393, 1)
(77, 3)
(125959757, 2)
(78, 4)
(127595598, 4)
(82, 1)
(134138962, 1)
(83, 2)
(135774803, 2)
(87, 4)
(142318167, 4)
(88, 0)
(143954008, 0)
(92, 1)
(150497372, 1)
(93, 1)
(152133213, 1)
(97, 4)
(158676577, 4)
(98, 4)
(160312418, 4)
(102, 1)
(166855782, 4)
(103, 0)
(168491623, 0)
(107, 3)
(175034987, 2)
(108, 4)
(176670828, 1)
(112, 4)
(183214192, 4)
(113, 2)
(184850033, 2)
(117, 0)
(191393397, 0)
(118, 1)
(193029238, 1)
(122, 0)
(199572602, 0)
(123, 3)
(201208443, 2)
(127, 0)
(207751807, 0)
(128, 4)
(209387648, 4)
(132, 0)
(215931012, 0)
(133, 1)
(217566853, 4)
(137, 3)
(224110217, 2)
(138, 3)
(225746058, 2)
(142, 1)
(232289422, 4)
(143, 0)
(233925263, 0)
(147, 4)
(240468627, 1)
(148, 0)
(242104468, 0)
(152, 0)
(248647832, 0)
(153, 3)
(250283673, 3)
(157, 1)
(256827037, 4)
(158, 3)
(258462878, 3)
(162, 1)
(265006242, 1)
(163, 4)
(266642083, 4)
(167, 4)
(273185447, 4)
(168, 0)
(274821288, 0)
(172, 2)
(281364652, 2)
(173, 1)
(283000493, 4)
(177, 4)
(289543857, 1)
(178, 3)
(291179698, 2)
(182, 3)
(297723062, 2)
(183, 3)
(299358903, 3)
(187, 2)
(305902267, 3)
(188, 0)
(307538108, 0)
(192, 0)
(314081472, 0)
(193, 1)
(315717313, 1)
(197, 0)
(322260677, 0)
(198, 0)
(323896518, 0)
(202, 4)
(330439882, 1)
(203, 1)
(332075723, 4)
(207, 1)
(338619087, 1)
(208, 1)
(340254928, 4)
(212, 0)
(346798292, 0)
(213, 2)
(348434133, 2)
(217, 3)
(354977497, 2)
(218, 0)
(356613338, 0)
(222, 3)
(363156702, 2)
(223, 2)
(364792543, 3)
(227, 0)
(371335907, 0)
(228, 0)
(372971748, 0)
(232, 0)
(379515112, 0)
(233, 3)
(381150953, 2)
(237, 2)
(387694317, 3)
(238, 3)
(389330158, 3)
(242, 4)
(395873522, 4)
(243, 4)
(397509363, 1)
(247, 4)
(404052727, 4)
(248, 0)
(405688568, 0)
(252, 0)
(412231932, 0)
(253, 1)
(413867773, 4)
(257, 1)
(420411137, 4)
(258, 3)
(422046978, 2)
(262, 4)
(428590342, 1)
(263, 3)
(430226183, 3)
(267, 2)
(436769547, 2)
(268, 3)
(438405388, 2)
(272, 3)
(444948752, 3)
(273, 2)
(446584593, 2)
(277, 1)
(453127957, 1)
(278, 4)
(454763798, 1)
(282, 2)
(461307162, 3)
(283, 2)
(462943003, 2)
(287, 1)
(469486367, 1)
(288, 4)
(471122208, 4)
(292, 0)
(477665572, 0)
(293, 2)
(479301413, 2)
(297, 1)
(485844777, 1)
(298, 1)
(487480618, 4)
(302, 3)
(494023982, 3)
(303, 0)
(495659823, 0)
(307, 3)
(502203187, 3)
(308, 0)
(503839028, 0)
(312, 0)
(510382392, 0)
(313, 2)
(512018233, 2)
(317, 0)
(518561597, 0)
(318, 2)
(520197438, 3)
(322, 2)
(526740802, 2)
(323, 1)
(528376643, 4)
(327, 3)
(534920007, 2)
(328, 0)
(536555848, 0)
(332, 1)
(543099212, 1)
(333, 0)
(544735053, 0)
(337, 3)
(551278417, 2)
(338, 0)
(552914258, 0)
(342, 2)
(559457622, 3)
(343, 3)
(561093463, 3)
(347, 0)
(567636827, 0)
(348, 3)
(569272668, 3)
(352, 4)
(575816032, 1)
(353, 4)
(577451873, 1)
(357, 3)
(583995237, 2)
(358, 1)
(585631078, 1)
(362, 2)
(592174442, 2)
(363, 4)
(593810283, 1)
(367, 1)
(600353647, 4)
(368, 3)
(601989488, 3)
(372, 0)
(608532852, 0)
(373, 0)
(610168693, 0)
(377, 1)
(616712057, 1)
(378, 1)
(618347898, 4)
(382, 2)
(624891262, 3)
(383, 2)
(626527103, 3)
(387, 0)
(633070467, 0)
(388, 0)
(634706308, 0)
(392, 0)
(641249672, 0)
(393, 3)
(642885513, 3)
(397, 1)
(649428877, 4)
(398, 0)
(651064718, 0)
(402, 4)
(657608082, 4)
(403, 3)
(659243923, 3)
(407, 4)
(665787287, 1)
(408, 0)
(667423128, 0)
(412, 0)
(673966492, 0)
(413, 0)
(675602333, 0)
(417, 2)
(682145697, 2)
(418, 3)
(683781538, 3)
(422, 0)
(690324902, 0)
(423, 0)
(691960743, 0)
(427, 2)
(698504107, 3)
(428, 4)
(700139948, 1)
(432, 4)
(706683312, 1)
(433, 3)
(708319153, 2)
(437, 0)
(714862517, 0)
(438, 3)
(716498358, 2)
(442, 2)
(723041722, 3)
(443, 0)
(724677563, 0)
(447, 1)
(731220927, 1)
(448, 2)
(732856768, 2)
(452, 0)
(739400132, 0)
(453, 3)
(741035973, 2)
(457, 3)
(747579337, 2)
(458, 1)
(749215178, 1)
(462, 2)
(755758542, 2)
(463, 2)
(757394383, 2)
(467, 2)
(763937747, 2)
(468, 0)
(765573588, 0)
(472, 0)
(772116952, 0)
(473, 3)
(773752793, 2)
(477, 3)
(780296157, 3)
(478, 3)
(781931998, 3)
(482, 0)
(788475362, 0)
(483, 1)
(790111203, 4)
(487, 3)
(796654567, 3)
(488, 0)
(798290408, 0)
(492, 4)
(804833772, 1)
(493, 3)
(806469613, 2)
(497, 4)
(813012977, 1)
(498, 3)
(814648818, 2)
(502, 1)
(821192182, 1)
(503, 1)
(822828023, 4)
(507, 1)
(829371387, 4)
(508, 0)
(831007228, 0)
(512, 4)
(837550592, 4)
(513, 4)
(839186433, 4)
(517, 2)
(845729797, 3)
(518, 1)
(847365638, 1)
(522, 0)
(853909002, 0)
(523, 0)
(855544843, 0)
(527, 2)
(862088207, 3)
(528, 2)
(863724048, 2)
(532, 0)
(870267412, 0)
(533, 3)
(871903253, 2)
(537, 2)
(878446617, 3)
(538, 0)
(880082458, 0)
(542, 1)
(886625822, 4)
(543, 2)
(888261663, 3)
(547, 3)
(894805027, 2)
(548, 0)
(896440868, 0)
(552, 0)
(902984232, 0)
(553, 2)
(904620073, 2)
(557, 3)
(911163437, 2)
(558, 4)
(912799278, 1)
(562, 2)
(919342642, 2)
(563, 1)
(920978483, 4)
(567, 3)
(927521847, 3)
(568, 0)
(929157688, 0)
(572, 0)
(935701052, 0)
(573, 4)
(937336893, 4)
(577, 3)
(943880257, 2)
(578, 2)
(945516098, 2)
(582, 4)
(952059462, 1)
(583, 3)
(953695303, 2)
(587, 2)
(960238667, 2)
(588, 2)
(961874508, 3)
(592, 4)
(968417872, 4)
(593, 1)
(970053713, 4)
(597, 2)
(976597077, 3)
(598, 3)
(978232918, 2)
(602, 1)
(984776282, 1)
(603, 0)
(986412123, 0)
(607, 2)
(992955487, 2)
(608, 3)
(994591328, 2)
(612, 0)
(1001134692, 0)
(613, 0)
(1002770533, 0)
(617, 2)
(1009313897, 3)
(618, 2)
(1010949738, 3)
(622, 3)
(1017493102, 2)
(623, 2)
(1019128943, 3)
(627, 4)
(1025672307, 1)
(628, 0)
(1027308148, 0)
(632, 0)
(1033851512, 0)
(633, 0)
(1035487353, 0)
(637, 4)
(1042030717, 1)
(638, 0)
(1043666558, 0)
(642, 4)
(1050209922, 4)
(643, 2)
(1051845763, 2)
(647, 2)
(1058389127, 3)
(648, 0)
(1060024968, 0)
(652, 2)
(1066568332, 2)
(653, 1)
(1068204173, 4)
(657, 0)
(1074747537, 0)
(658, 3)
(1076383378, 3)
(662, 3)
(1082926742, 3)
(663, 1)
(1084562583, 1)
(667, 4)
(1091105947, 1)
(668, 3)
(1092741788, 3)
(672, 3)
(1099285152, 2)
(673, 3)
(1100920993, 2)
(677, 0)
(1107464357, 0)
(678, 0)
(1109100198, 0)
(682, 3)
(1115643562, 3)
(683, 0)
(1117279403, 0)
(687, 3)
(1123822767, 2)
(688, 2)
(1125458608, 2)
(692, 0)
(1132001972, 0)
(693, 1)
(1133637813, 4)
(697, 3)
(1140181177, 3)
(698, 1)
(1141817018, 4)
(702, 4)
(1148360382, 4)
(703, 4)
(1149996223, 1)
(707, 1)
(1156539587, 4)
(708, 0)
(1158175428, 0)
(712, 0)
(1164718792, 0)
(713, 1)
(1166354633, 4)
(717, 1)
(1172897997, 4)
(718, 2)
(1174533838, 3)
(722, 1)
(1181077202, 1)
(723, 1)
(1182713043, 1)
(727, 2)
(1189256407, 2)
(728, 0)
(1190892248, 0)
(732, 1)
(1197435612, 1)
(733, 1)
(1199071453, 4)
(737, 0)
(1205614817, 0)
(738, 0)
(1207250658, 0)
(742, 2)
(1213794022, 2)
(743, 1)
(1215429863, 1)
(747, 4)
(1221973227, 4)
(748, 1)
(1223609068, 4)
(752, 0)
(1230152432, 0)
(753, 3)
(1231788273, 2)
(757, 0)
(1238331637, 0)
(758, 2)
(1239967478, 3)
(762, 3)
(1246510842, 3)
(763, 1)
(1248146683, 1)
(767, 3)
(1254690047, 2)
(768, 2)
(1256325888, 3)
(772, 0)
(1262869252, 0)
(773, 4)
(1264505093, 4)
(777, 1)
(1271048457, 4)
(778, 4)
(1272684298, 4)
(782, 1)
(1279227662, 1)
(783, 4)
(1280863503, 4)
(787, 0)
(1287406867, 0)
(788, 0)
(1289042708, 0)
(792, 0)
(1295586072, 0)
(793, 2)
(1297221913, 2)
(797, 0)
(1303765277, 0)
(798, 1)
(1305401118, 1)
(802, 3)
(1311944482, 2)
(803, 0)
(1313580323, 0)
(807, 1)
(1320123687, 4)
(808, 0)
(1321759528, 0)
(812, 3)
(1328302892, 2)
(813, 3)
(1329938733, 3)
(817, 2)
(1336482097, 3)
(818, 3)
(1338117938, 2)
(822, 0)
(1344661302, 0)
(823, 4)
(1346297143, 1)
(827, 2)
(1352840507, 3)
(828, 2)
(1354476348, 2)
(832, 2)
(1361019712, 3)
(833, 2)
(1362655553, 2)
(837, 1)
(1369198917, 1)
(838, 4)
(1370834758, 1)
(842, 4)
(1377378122, 4)
(843, 4)
(1379013963, 1)
(847, 4)
(1385557327, 4)
(848, 3)
(1387193168, 3)
(852, 0)
(1393736532, 0)
(853, 0)
(1395372373, 0)
(857, 2)
(1401915737, 2)
(858, 1)
(1403551578, 4)
(862, 2)
(1410094942, 3)
(863, 1)
(1411730783, 1)
(867, 3)
(1418274147, 2)
(868, 0)
(1419909988, 0)
(872, 0)
(1426453352, 0)
(873, 0)
(1428089193, 0)
(877, 0)
(1434632557, 0)
(878, 0)
(1436268398, 0)
(882, 3)
(1442811762, 3)
(883, 2)
(1444447603, 2)
(887, 1)
(1450990967, 4)
(888, 0)
(1452626808, 0)
(892, 4)
(1459170172, 1)
(893, 2)
(1460806013, 3)
(897, 1)
(1467349377, 1)
(898, 2)
(1468985218, 3)
(902, 2)
(1475528582, 3)
(903, 1)
(1477164423, 4)
(907, 3)
(1483707787, 2)
(908, 0)
(1485343628, 0)
(912, 3)
(1491886992, 3)
(913, 3)
(1493522833, 2)
(917, 0)
(1500066197, 0)
(918, 1)
(1501702038, 4)
(922, 2)
(1508245402, 2)
(923, 0)
(1509881243, 0)
(927, 0)
(1516424607, 0)
(928, 1)
(1518060448, 4)
(932, 0)
(1524603812, 0)
(933, 4)
(1526239653, 4)
(937, 0)
(1532783017, 0)
(938, 1)
(1534418858, 4)
(942, 3)
(1540962222, 3)
(943, 1)
(1542598063, 1)
(947, 0)
(1549141427, 0)
(948, 0)
(1550777268, 0)
(952, 0)
(1557320632, 0)
(953, 3)
(1558956473, 2)
(957, 1)
(1565499837, 4)
(958, 1)
(1567135678, 4)
(962, 2)
(1573679042, 3)
(963, 1)
(1575314883, 4)
(967, 4)
(1581858247, 1)
(968, 0)
(1583494088, 0)
(972, 2)
(1590037452, 3)
(973, 3)
(1591673293, 2)
(977, 0)
(1598216657, 0)
(978, 4)
(1599852498, 1)
(982, 0)
(1606395862, 0)
(983, 2)
(1608031703, 3)
(987, 3)
(1614575067, 2)
(988, 3)
(1616210908, 3)
(992, 1)
(1622754272, 4)
(993, 3)
(1624390113, 2)
(997, 4)
(1630933477, 4)
(998, 1)
(1632569318, 4)
(1002, 4)
(1639112682, 1)
(1003, 1)
(1640748523, 1)
(1007, 0)
(1647291887, 0)
(1008, 0)
(1648927728, 0)
(1012, 0)
(1655471092, 0)
(1013, 4)
(1657106933, 4)
(1017, 4)
(1663650297, 4)
(1018, 3)
(1665286138, 3)
(1022, 3)
(1671829502, 3)
(1023, 1)
(1673465343, 4)
(1027, 4)
(1680008707, 1)
(1028, 0)
(1681644548, 0)
(1032, 0)
(1688187912, 0)
(1033, 3)
(1689823753, 3)
(1037, 0)
(1696367117, 0)
(1038, 2)
(1698002958, 2)
(1042, 3)
(1704546322, 3)
(1043, 2)
(1706182163, 3)
(1047, 4)
(1712725527, 4)
(1048, 0)
(1714361368, 0)
(1052, 1)
(1720904732, 1)
(1053, 1)
(1722540573, 4)
(1057, 1)
(1729083937, 1)
(1058, 0)
(1730719778, 0)
(1062, 0)
(1737263142, 0)
(1063, 4)
(1738898983, 4)
(1067, 2)
(1745442347, 3)
(1068, 1)
(1747078188, 1)
(1072, 3)
(1753621552, 2)
(1073, 1)
(1755257393, 4)
(1077, 4)
(1761800757, 4)
(1078, 3)
(1763436598, 2)
(1082, 3)
(1769979962, 2)
(1083, 2)
(1771615803, 3)
(1087, 1)
(1778159167, 1)
(1088, 1)
(1779795008, 1)
(1092, 0)
(1786338372, 0)
(1093, 0)
(1787974213, 0)
(1097, 1)
(1794517577, 1)
(1098, 0)
(1796153418, 0)
(1102, 0)
(1802696782, 0)
(1103, 3)
(1804332623, 3)
(1107, 3)
(1810875987, 2)
(1108, 0)
(1812511828, 0)
(1112, 0)
(1819055192, 0)
(1113, 4)
(1820691033, 1)
(1117, 4)
(1827234397, 1)
(1118, 1)
(1828870238, 4)
(1122, 4)
(1835413602, 4)
(1123, 0)
(1837049443, 0)
(1127, 3)
(1843592807, 3)
(1128, 0)
(1845228648, 0)
(1132, 1)
(1851772012, 1)
(1133, 2)
(1853407853, 3)
(1137, 0)
(1859951217, 0)
(1138, 2)
(1861587058, 2)
(1142, 2)
(1868130422, 2)
(1143, 0)
(1869766263, 0)
(1147, 1)
(1876309627, 4)
(1148, 2)
(1877945468, 2)
(1152, 3)
(1884488832, 3)
(1153, 4)
(1886124673, 1)
(1157, 3)
(1892668037, 3)
(1158, 4)
(1894303878, 1)
(1162, 3)
(1900847242, 3)
(1163, 3)
(1902483083, 3)
(1167, 3)
(1909026447, 2)
(1168, 2)
(1910662288, 2)
(1172, 0)
(1917205652, 0)
(1173, 1)
(1918841493, 4)
(1177, 2)
(1925384857, 2)
(1178, 1)
(1927020698, 1)
(1182, 0)
(1933564062, 0)
(1183, 0)
(1935199903, 0)
(1187, 4)
(1941743267, 1)
(1188, 0)
(1943379108, 0)
(1192, 0)
(1949922472, 0)
(1193, 4)
(1951558313, 1)
(1197, 0)
(1958101677, 0)
(1198, 2)
(1959737518, 3)
(1202, 1)
(1966280882, 1)
(1203, 4)
(1967916723, 4)
(1207, 2)
(1974460087, 3)
(1208, 0)
(1976095928, 0)
(1212, 0)
(1982639292, 0)
(1213, 0)
(1984275133, 0)
(1217, 2)
(1990818497, 2)
(1218, 4)
(1992454338, 4)
(1222, 3)
(1998997702, 2)
(1223, 0)
(2000633543, 0)
(1227, 4)
(2007176907, 4)
(1228, 4)
(2008812748, 4)
(1232, 1)
(2015356112, 4)
(1233, 1)
(2016991953, 4)
(1237, 4)
(2023535317, 4)
(1238, 2)
(2025171158, 3)
(1242, 3)
(2031714522, 2)
(1243, 1)
(2033350363, 4)
(1247, 4)
(2039893727, 1)
(1248, 2)
(2041529568, 2)
(1252, 0)
(2048072932, 0)
(1253, 3)
(2049708773, 3)
(1257, 0)
(2056252137, 0)
(1258, 2)
(2057887978, 2)
(1262, 4)
(2064431342, 1)
(1263, 0)
(2066067183, 0)
(1267, 1)
(2072610547, 1)
(1268, 0)
(2074246388, 0)
(1272, 0)
(2080789752, 0)
(1273, 0)
(2082425593, 0)
(1277, 4)
(2088968957, 1)
(1278, 0)
(2090604798, 0)
(1282, 3)
(2097148162, 2)
(1283, 4)
(2098784003, 4)
(1287, 0)
(2105327367, 0)
(1288, 0)
(2106963208, 0)
(1292, 3)
(2113506572, 2)
(1293, 1)
(2115142413, 1)
(1297, 2)
(2121685777, 2)
(1298, 2)
(2123321618, 3)
(1302, 4)
(2129864982, 4)
(1303, 1)
(2131500823, 4)
(1307, 1)
(2138044187, 1)
(1308, 1)
(2139680028, 4)
(1312, 3)
(2146223392, 3)
(1313, 1)
(2147859233, 1)
(1317, 0)
(2154402597, 0)
(1318, 0)
(2156038438, 0)
(1322, 3)
(2162581802, 3)
(1323, 4)
(2164217643, 1)
(1327, 0)
(2170761007, 0)
(1328, 1)
(2172396848, 1)
(1332, 0)
(2178940212, 0)
(1333, 0)
(2180576053, 0)
(1337, 4)
(2187119417, 1)
(1338, 0)
(2188755258, 0)
(1342, 0)
(2195298622, 0)
(1343, 4)
(2196934463, 4)
(1347, 1)
(2203477827, 1)
(1348, 0)
(2205113668, 0)
(1352, 0)
(2211657032, 0)
(1353, 4)
(2213292873, 4)
(1357, 1)
(2219836237, 1)
(1358, 4)
(2221472078, 4)
(1362, 1)
(2228015442, 1)
(1363, 4)
(2229651283, 1)
(1367, 0)
(2236194647, 0)
(1368, 0)
(2237830488, 0)
(1372, 1)
(2244373852, 1)
(1373, 2)
(2246009693, 2)
(1377, 1)
(2252553057, 1)
(1378, 0)
(2254188898, 0)
(1382, 2)
(2260732262, 2)
(1383, 3)
(2262368103, 2)
(1387, 4)
(2268911467, 1)
(1388, 0)
(2270547308, 0)
(1392, 4)
(2277090672, 4)
(1393, 4)
(2278726513, 4)
(1397, 4)
(2285269877, 4)
(1398, 0)
(2286905718, 0)
(1402, 1)
(2293449082, 4)
(1403, 1)
(2295084923, 4)
(1407, 1)
(2301628287, 1)
(1408, 3)
(2303264128, 2)
(1412, 0)
(2309807492, 0)
(1413, 0)
(2311443333, 0)
(1417, 1)
(2317986697, 4)
(1418, 4)
(2319622538, 1)
(1422, 1)
(2326165902, 1)
(1423, 4)
(2327801743, 4)
(1427, 0)
(2334345107, 0)
(1428, 0)
(2335980948, 0)
(1432, 0)
(2342524312, 0)
(1433, 4)
(2344160153, 1)
(1437, 4)
(2350703517, 4)
(1438, 1)
(2352339358, 4)
(1442, 1)
(2358882722, 1)
(1443, 2)
(2360518563, 2)
(1447, 2)
(2367061927, 3)
(1448, 0)
(2368697768, 0)
(1452, 2)
(2375241132, 3)
(1453, 1)
(2376876973, 1)
(1457, 4)
(2383420337, 1)
(1458, 2)
(2385056178, 2)
(1462, 4)
(2391599542, 4)
(1463, 2)
(2393235383, 2)
(1467, 0)
(2399778747, 0)
(1468, 2)
(2401414588, 3)
(1472, 4)
(2407957952, 4)
(1473, 2)
(2409593793, 2)
(1477, 1)
(2416137157, 4)
(1478, 0)
(2417772998, 0)
(1482, 1)
(2424316362, 4)
(1483, 3)
(2425952203, 2)
(1487, 3)
(2432495567, 2)
(1488, 2)
(2434131408, 2)
(1492, 0)
(2440674772, 0)
(1493, 3)
(2442310613, 2)
(1497, 0)
(2448853977, 0)
(1498, 1)
(2450489818, 4)
(1502, 1)
(2457033182, 4)
(1503, 3)
(2458669023, 3)
(1507, 4)
(2465212387, 4)
(1508, 0)
(2466848228, 0)
(1512, 0)
(2473391592, 0)
(1513, 4)
(2475027433, 1)
(1517, 3)
(2481570797, 3)
(1518, 4)
(2483206638, 4)
(1522, 0)
(2489750002, 0)
(1523, 3)
(2491385843, 2)
(1527, 1)
(2497929207, 4)
(1528, 0)
(2499565048, 0)
(1532, 4)
(2506108412, 1)
(1533, 1)
(2507744253, 4)
(1537, 1)
(2514287617, 4)
(1538, 4)
(2515923458, 4)
(1542, 0)
(2522466822, 0)
(1543, 4)
(2524102663, 4)
(1547, 2)
(2530646027, 3)
(1548, 0)
(2532281868, 0)
(1552, 3)
(2538825232, 3)
(1553, 0)
(2540461073, 0)
(1557, 2)
(2547004437, 3)
(1558, 2)
(2548640278, 3)
(1562, 2)
(2555183642, 2)
(1563, 4)
(2556819483, 1)
(1567, 0)
(2563362847, 0)
(1568, 2)
(2564998688, 2)
(1572, 0)
(2571542052, 0)
(1573, 3)
(2573177893, 2)
(1577, 3)
(2579721257, 2)
(1578, 1)
(2581357098, 4)
(1582, 4)
(2587900462, 4)
(1583, 3)
(2589536303, 2)
(1587, 0)
(2596079667, 0)
(1588, 0)
(2597715508, 0)
(1592, 0)
(2604258872, 0)
(1593, 4)
(2605894713, 1)
(1597, 4)
(2612438077, 1)
(1598, 2)
(2614073918, 2)
(1602, 0)
(2620617282, 0)
(1603, 4)
(2622253123, 4)
(1607, 3)
(2628796487, 3)
(1608, 0)
(2630432328, 0)
(1612, 4)
(2636975692, 4)
(1613, 3)
(2638611533, 3)
(1617, 3)
(2645154897, 3)
(1618, 2)
(2646790738, 3)
(1622, 0)
(2653334102, 0)
(1623, 3)
(2654969943, 3)
(1627, 2)
(2661513307, 2)
(1628, 3)
(2663149148, 2)
(1632, 3)
(2669692512, 2)
(1633, 4)
(2671328353, 1)
(1637, 3)
(2677871717, 3)
(1638, 1)
(2679507558, 4)
(1642, 1)
(2686050922, 4)
(1643, 0)
(2687686763, 0)
(1647, 3)
(2694230127, 3)
(1648, 0)
(2695865968, 0)
(1652, 0)
(2702409332, 0)
(1653, 4)
(2704045173, 1)
(1657, 1)
(2710588537, 4)
(1658, 2)
(2712224378, 3)
(1662, 0)
(2718767742, 0)
(1663, 2)
(2720403583, 3)
(1667, 3)
(2726946947, 3)
(1668, 0)
(2728582788, 0)
(1672, 0)
(2735126152, 0)
(1673, 3)
(2736761993, 3)
(1677, 1)
(2743305357, 1)
(1678, 0)
(2744941198, 0)
(1682, 4)
(2751484562, 4)
(1683, 0)
(2753120403, 0)
(1687, 2)
(2759663767, 3)
(1688, 0)
(2761299608, 0)
(1692, 0)
(2767842972, 0)
(1693, 3)
(2769478813, 3)
(1697, 3)
(2776022177, 3)
(1698, 1)
(2777658018, 4)
(1702, 0)
(2784201382, 0)
(1703, 3)
(2785837223, 3)
(1707, 0)
(2792380587, 0)
(1708, 1)
(2794016428, 4)
(1712, 4)
(2800559792, 1)
(1713, 4)
(2802195633, 1)
(1717, 1)
(2808738997, 4)
(1718, 1)
(2810374838, 1)
(1722, 1)
(2816918202, 4)
(1723, 0)
(2818554043, 0)
(1727, 4)
(2825097407, 4)
(1728, 0)
(2826733248, 0)
(1732, 0)
(2833276612, 0)
(1733, 1)
(2834912453, 4)
(1737, 0)
(2841455817, 0)
(1738, 1)
(2843091658, 4)
(1742, 1)
(2849635022, 1)
(1743, 4)
(2851270863, 1)
(1747, 0)
(2857814227, 0)
(1748, 0)
(2859450068, 0)
(1752, 0)
(2865993432, 0)
(1753, 0)
(2867629273, 0)
(1757, 3)
(2874172637, 3)
(1758, 0)
(2875808478, 0)
(1762, 1)
(2882351842, 4)
(1763, 3)
(2883987683, 3)
(1767, 3)
(2890531047, 2)
(1768, 0)
(2892166888, 0)
(1772, 0)
(2898710252, 0)
(1773, 0)
(2900346093, 0)
(1777, 4)
(2906889457, 1)
(1778, 0)
(2908525298, 0)
(1782, 1)
(2915068662, 4)
(1783, 2)
(2916704503, 2)
(1787, 2)
(2923247867, 3)
(1788, 2)
(2924883708, 2)
(1792, 1)
(2931427072, 1)
(1793, 4)
(2933062913, 1)
(1797, 4)
(2939606277, 4)
(1798, 0)
(2941242118, 0)
(1802, 3)
(2947785482, 3)
(1803, 2)
(2949421323, 3)
(1807, 3)
(2955964687, 3)
(1808, 4)
(2957600528, 4)
(1812, 0)
(2964143892, 0)
(1813, 2)
(2965779733, 2)
(1817, 0)
(2972323097, 0)
(1818, 0)
(2973958938, 0)
(1822, 4)
(2980502302, 1)
(1823, 0)
(2982138143, 0)
(1827, 2)
(2988681507, 3)
(1828, 0)
(2990317348, 0)
(1832, 0)
(2996860712, 0)
(1833, 1)
(2998496553, 1)
(1837, 4)
(3005039917, 1)
(1838, 3)
(3006675758, 2)
(1842, 4)
(3013219122, 1)
(1843, 4)
(3014854963, 1)
(1847, 2)
(3021398327, 3)
(1848, 0)
(3023034168, 0)
(1852, 4)
(3029577532, 4)
(1853, 4)
(3031213373, 4)
(1857, 0)
(3037756737, 0)
(1858, 0)
(3039392578, 0)
(1862, 3)
(3045935942, 2)
(1863, 2)
(3047571783, 2)
(1867, 0)
(3054115147, 0)
(1868, 1)
(3055750988, 1)
(1872, 0)
(3062294352, 0)
(1873, 3)
(3063930193, 3)
(1877, 4)
(3070473557, 1)
(1878, 4)
(3072109398, 1)
(1882, 2)
(3078652762, 3)
(1883, 1)
(3080288603, 1)
(1887, 0)
(3086831967, 0)
(1888, 3)
(3088467808, 3)
(1892, 0)
(3095011172, 0)
(1893, 0)
(3096647013, 0)
(1897, 1)
(3103190377, 4)
(1898, 3)
(3104826218, 2)
(1902, 4)
(3111369582, 1)
(1903, 2)
(3113005423, 2)
(1907, 3)
(3119548787, 2)
(1908, 0)
(3121184628, 0)
(1912, 0)
(3127727992, 0)
(1913, 4)
(3129363833, 4)
(1917, 2)
(3135907197, 2)
(1918, 1)
(3137543038, 4)
(1922, 2)
(3144086402, 2)
(1923, 0)
(3145722243, 0)
(1927, 2)
(3152265607, 2)
(1928, 0)
(3153901448, 0)
(1932, 3)
(3160444812, 2)
(1933, 2)
(3162080653, 3)
(1937, 3)
(3168624017, 3)
(1938, 2)
(3170259858, 2)
(1942, 3)
(3176803222, 3)
(1943, 2)
(3178439063, 2)
(1947, 3)
(3184982427, 3)
(1948, 1)
(3186618268, 1)
(1952, 0)
(3193161632, 0)
(1953, 0)
(3194797473, 0)
(1957, 1)
(3201340837, 4)
(1958, 2)
(3202976678, 2)
(1962, 0)
(3209520042, 0)
(1963, 4)
(3211155883, 1)
(1967, 4)
(3217699247, 4)
(1968, 4)
(3219335088, 1)
(1972, 0)
(3225878452, 0)
(1973, 3)
(3227514293, 3)
(1977, 1)
(3234057657, 4)
(1978, 2)
(3235693498, 2)
(1982, 1)
(3242236862, 4)
(1983, 1)
(3243872703, 4)
(1987, 2)
(3250416067, 3)
(1988, 0)
(3252051908, 0)
(1992, 0)
(3258595272, 0)
(1993, 1)
(3260231113, 4)
(1997, 2)
(3266774477, 3)
(1998, 3)
(3268410318, 2)
(2002, 4)
(3274953682, 4)
(2003, 1)
(3276589523, 1)
(2007, 0)
(3283132887, 0)
(2008, 0)
(3284768728, 0)
(2012, 2)
(3291312092, 3)
(2013, 4)
(3292947933, 1)
(2017, 2)
(3299491297, 2)
(2018, 3)
(3301127138, 3)
(2022, 1)
(3307670502, 1)
(2023, 4)
(3309306343, 4)
(2027, 1)
(3315849707, 4)
(2028, 3)
(3317485548, 2)
(2032, 0)
(3324028912, 0)
(2033, 2)
(3325664753, 2)
(2037, 4)
(3332208117, 1)
(2038, 3)
(3333843958, 3)
(2042, 0)
(3340387322, 0)
(2043, 0)
(3342023163, 0)
(2047, 2)
(3348566527, 3)
(2048, 0)
(3350202368, 0)
(2052, 0)
(3356745732, 0)
(2053, 2)
(3358381573, 2)
(2057, 4)
(3364924937, 4)
(2058, 2)
(3366560778, 3)
(2062, 3)
(3373104142, 3)
(2063, 0)
(3374739983, 0)
(2067, 3)
(3381283347, 3)
(2068, 0)
(3382919188, 0)
(2072, 0)
(3389462552, 0)
(2073, 0)
(3391098393, 0)
(2077, 1)
(3397641757, 1)
(2078, 0)
(3399277598, 0)
(2082, 1)
(3405820962, 4)
(2083, 3)
(3407456803, 3)
(2087, 0)
(3414000167, 0)
(2088, 0)
(3415636008, 0)
(2092, 0)
(3422179372, 0)
(2093, 0)
(3423815213, 0)
(2097, 1)
(3430358577, 4)
(2098, 4)
(3431994418, 1)
(2102, 4)
(3438537782, 1)
(2103, 4)
(3440173623, 4)
(2107, 4)
(3446716987, 4)
(2108, 4)
(3448352828, 1)
(2112, 4)
(3454896192, 4)
(2113, 4)
(3456532033, 4)
(2117, 1)
(3463075397, 4)
(2118, 0)
(3464711238, 0)
(2122, 2)
(3471254602, 3)
(2123, 1)
(3472890443, 4)
(2127, 2)
(3479433807, 2)
(2128, 2)
(3481069648, 3)
(2132, 0)
(3487613012, 0)
(2133, 2)
(3489248853, 3)
(2137, 1)
(3495792217, 4)
(2138, 2)
(3497428058, 2)
(2142, 0)
(3503971422, 0)
(2143, 3)
(3505607263, 2)
(2147, 4)
(3512150627, 1)
(2148, 0)
(3513786468, 0)
(2152, 0)
(3520329832, 0)
(2153, 3)
(3521965673, 2)
(2157, 4)
(3528509037, 4)
(2158, 0)
(3530144878, 0)
(2162, 4)
(3536688242, 4)
(2163, 2)
(3538324083, 3)
(2167, 2)
(3544867447, 3)
(2168, 0)
(3546503288, 0)
(2172, 4)
(3553046652, 1)
(2173, 0)
(3554682493, 0)
(2177, 0)
(3561225857, 0)
(2178, 3)
(3562861698, 3)
(2182, 3)
(3569405062, 2)
(2183, 2)
(3571040903, 2)
(2187, 0)
(3577584267, 0)
(2188, 4)
(3579220108, 1)
(2192, 1)
(3585763472, 4)
(2193, 1)
(3587399313, 4)
(2197, 3)
(3593942677, 2)
(2198, 1)
(3595578518, 4)
(2202, 0)
(3602121882, 0)
(2203, 0)
(3603757723, 0)
(2207, 1)
(3610301087, 4)
(2208, 4)
(3611936928, 1)
(2212, 0)
(3618480292, 0)
(2213, 3)
(3620116133, 3)
(2217, 3)
(3626659497, 2)
(2218, 1)
(3628295338, 4)
(2222, 3)
(3634838702, 3)
(2223, 0)
(3636474543, 0)
(2227, 1)
(3643017907, 4)
(2228, 0)
(3644653748, 0)
(2232, 0)
(3651197112, 0)
(2233, 4)
(3652832953, 4)
(2237, 0)
(3659376317, 0)
(2238, 3)
(3661012158, 2)
(2242, 4)
(3667555522, 1)
(2243, 0)
(3669191363, 0)
(2247, 0)
(3675734727, 0)
(2248, 0)
(3677370568, 0)
(2252, 3)
(3683913932, 2)
(2253, 4)
(3685549773, 4)
(2257, 4)
(3692093137, 1)
(2258, 3)
(3693728978, 3)
(2262, 1)
(3700272342, 4)
(2263, 2)
(3701908183, 3)
(2267, 1)
(3708451547, 1)
(2268, 1)
(3710087388, 1)
(2272, 3)
(3716630752, 2)
(2273, 2)
(3718266593, 3)
(2277, 0)
(3724809957, 0)
(2278, 4)
(3726445798, 1)
(2282, 0)
(3732989162, 0)
(2283, 4)
(3734625003, 4)
(2287, 1)
(3741168367, 1)
(2288, 0)
(3742804208, 0)
(2292, 0)
(3749347572, 0)
(2293, 1)
(3750983413, 4)
(2297, 0)
(3757526777, 0)
(2298, 2)
(3759162618, 2)
(2302, 4)
(3765705982, 1)
(2303, 0)
(3767341823, 0)
(2307, 3)
(3773885187, 2)
(2308, 0)
(3775521028, 0)
(2312, 0)
(3782064392, 0)
(2313, 2)
(3783700233, 3)
(2317, 4)
(3790243597, 4)
(2318, 1)
(3791879438, 1)
(2322, 3)
(3798422802, 2)
(2323, 2)
(3800058643, 3)
(2327, 2)
(3806602007, 3)
(2328, 0)
(3808237848, 0)
(2332, 1)
(3814781212, 4)
(2333, 1)
(3816417053, 4)
(2337, 2)
(3822960417, 2)
(2338, 4)
(3824596258, 4)
(2342, 3)
(3831139622, 3)
(2343, 2)
(3832775463, 3)
(2347, 0)
(3839318827, 0)
(2348, 1)
(3840954668, 1)
(2352, 2)
(3847498032, 3)
(2353, 4)
(3849133873, 1)
(2357, 2)
(3855677237, 3)
(2358, 0)
(3857313078, 0)
(2362, 4)
(3863856442, 1)
(2363, 0)
(3865492283, 0)
(2367, 1)
(3872035647, 1)
(2368, 3)
(3873671488, 3)
(2372, 0)
(3880214852, 0)
(2373, 1)
(3881850693, 4)
(2377, 1)
(3888394057, 4)
(2378, 0)
(3890029898, 0)
(2382, 2)
(3896573262, 2)
(2383, 4)
(3898209103, 1)
(2387, 2)
(3904752467, 2)
(2388, 0)
(3906388308, 0)
(2392, 0)
(3912931672, 0)
(2393, 0)
(3914567513, 0)
(2397, 2)
(3921110877, 3)
(2398, 0)
(3922746718, 0)
(2402, 0)
(3929290082, 0)
(2403, 2)
(3930925923, 2)
(2407, 0)
(3937469287, 0)
(2408, 0)
(3939105128, 0)
(2412, 0)
(3945648492, 0)
(2413, 1)
(3947284333, 1)
(2417, 1)
(3953827697, 1)
(2418, 4)
(3955463538, 1)
(2422, 0)
(3962006902, 0)
(2423, 3)
(3963642743, 3)
(2427, 4)
(3970186107, 4)
(2428, 4)
(3971821948, 4)
(2432, 1)
(3978365312, 4)
(2433, 0)
(3980001153, 0)
(2437, 3)
(3986544517, 2)
(2438, 3)
(3988180358, 3)
(2442, 3)
(3994723722, 3)
(2443, 4)
(3996359563, 1)
(2447, 3)
(4002902927, 3)
(2448, 1)
(4004538768, 1)
(2452, 0)
(4011082132, 0)
(2453, 3)
(4012717973, 3)
(2457, 2)
(4019261337, 2)
(2458, 3)
(4020897178, 2)
(2462, 3)
(4027440542, 3)
(2463, 4)
(4029076383, 4)
(2467, 2)
(4035619747, 2)
(2468, 0)
(4037255588, 0)
(2472, 0)
(4043798952, 0)
(2473, 0)
(4045434793, 0)
(2477, 3)
(4051978157, 2)
(2478, 2)
(4053613998, 3)
(2482, 1)
(4060157362, 1)
(2483, 0)
(4061793203, 0)
(2487, 0)
(4068336567, 0)
(2488, 0)
(4069972408, 0)
(2492, 4)
(4076515772, 1)
(2493, 0)
(4078151613, 0)
(2497, 3)
(4084694977, 3)
(2498, 0)
(4086330818, 0)
(2502, 3)
(4092874182, 2)
(2503, 1)
(4094510023, 1)
(2507, 4)
(4101053387, 4)
(2508, 2)
(4102689228, 3)
(2512, 2)
(4109232592, 3)
(2513, 3)
(4110868433, 2)
(2517, 4)
(4117411797, 1)
(2518, 0)
(4119047638, 0)
(2522, 4)
(4125591002, 1)
(2523, 3)
(4127226843, 2)
(2527, 4)
(4133770207, 4)
(2528, 4)
(4135406048, 4)
(2532, 0)
(4141949412, 0)
(2533, 4)
(4143585253, 1)
(2537, 0)
(4150128617, 0)
(2538, 2)
(4151764458, 3)
(2542, 4)
(4158307822, 1)
(2543, 0)
(4159943663, 0)
(2547, 0)
(4166487027, 0)
(2548, 0)
(4168122868, 0)
(2552, 0)
(4174666232, 0)
(2553, 1)
(4176302073, 4)
(2557, 3)
(4182845437, 2)
(2558, 4)
(4184481278, 0)
(2562, 1)
(4191024642, 1)
(2563, 4)
(4192660483, 4)
(2567, 1)
(4199203847, 1)
(2568, 0)
(4200839688, 0)
(2572, 1)
(4207383052, 1)
(2573, 1)
(4209018893, 4)
(2577, 0)
(4215562257, 0)
(2578, 1)
(4217198098, 1)
(2582, 0)
(4223741462, 0)
(2583, 2)
(4225377303, 2)
(2587, 3)
(4231920667, 2)
(2588, 4)
(4233556508, 1)
(2592, 3)
(4240099872, 3)
(2593, 1)
(4241735713, 1)
(2597, 4)
(4248279077, 4)
(2598, 4)
(4249914918, 4)
(2602, 4)
(4256458282, 1)
(2603, 0)
(4258094123, 0)
(2607, 2)
(4264637487, 2)
(2608, 2)
(4266273328, 2)
(2612, 0)
(4272816692, 0)
(2613, 1)
(4274452533, 4)
(2617, 2)
(4280995897, 2)
(2618, 0)
(4282631738, 0)
(2622, 1)
(4289175102, 1)
(2623, 2)
(4290810943, 3)
(2627, 2)
(4297354307, 3)
(2628, 0)
(4298990148, 0)
(2632, 0)
(4305533512, 0)
(2633, 3)
(4307169353, 2)
(2637, 4)
(4313712717, 4)
(2638, 0)
(4315348558, 0)
(2642, 3)
(4321891922, 2)
(2643, 0)
(4323527763, 0)
(2647, 0)
(4330071127, 0)
(2648, 0)
(4331706968, 0)
(2652, 2)
(4338250332, 2)
(2653, 1)
(4339886173, 4)
(2657, 2)
(4346429537, 3)
(2658, 4)
(4348065378, 4)
(2662, 1)
(4354608742, 4)
(2663, 3)
(4356244583, 2)
(2667, 3)
(4362787947, 3)
(2668, 2)
(4364423788, 3)
(2672, 4)
(4370967152, 4)
(2673, 3)
(4372602993, 3)
(2677, 2)
(4379146357, 2)
(2678, 0)
(4380782198, 0)
(2682, 0)
(4387325562, 0)
(2683, 0)
(4388961403, 0)
(2687, 4)
(4395504767, 1)
(2688, 1)
(4397140608, 4)
(2692, 0)
(4403683972, 0)
(2693, 3)
(4405319813, 2)
(2697, 4)
(4411863177, 1)
(2698, 4)
(4413499018, 4)
(2702, 2)
(4420042382, 2)
(2703, 3)
(4421678223, 2)
(2707, 2)
(4428221587, 3)
(2708, 0)
(4429857428, 0)
(2712, 0)
(4436400792, 0)
(2713, 1)
(4438036633, 4)
(2717, 2)
(4444579997, 3)
(2718, 1)
(4446215838, 1)
(2722, 0)
(4452759202, 0)
(2723, 3)
(4454395043, 3)
(2727, 0)
(4460938407, 0)
(2728, 0)
(4462574248, 0)
(2732, 0)
(4469117612, 0)
(2733, 3)
(4470753453, 3)
(2737, 1)
(4477296817, 1)
(2738, 4)
(4478932658, 4)
(2742, 3)
(4485476022, 3)
(2743, 0)
(4487111863, 0)
(2747, 3)
(4493655227, 2)
(2748, 1)
(4495291068, 4)
(2752, 0)
(4501834432, 0)
(2753, 2)
(4503470273, 2)
(2757, 4)
(4510013637, 4)
(2758, 4)
(4511649478, 4)
(2762, 4)
(4518192842, 1)
(2763, 0)
(4519828683, 0)
(2767, 4)
(4526372047, 4)
(2768, 2)
(4528007888, 3)
(2772, 0)
(4534551252, 0)
(2773, 4)
(4536187093, 4)
(2777, 0)
(4542730457, 0)
(2778, 1)
(4544366298, 4)
(2782, 2)
(4550909662, 2)
(2783, 4)
(4552545503, 4)
(2787, 1)
(4559088867, 1)
(2788, 0)
(4560724708, 0)
(2792, 0)
(4567268072, 0)
(2793, 4)
(4568903913, 4)
(2797, 3)
(4575447277, 3)
(2798, 4)
(4577083118, 1)
(2802, 1)
(4583626482, 4)
(2803, 1)
(4585262323, 1)
(2807, 3)
(4591805687, 2)
(2808, 0)
(4593441528, 0)
(2812, 3)
(4599984892, 2)
(2813, 0)
(4601620733, 0)
(2817, 0)
(4608164097, 0)
(2818, 0)
(4609799938, 0)
(2822, 2)
(4616343302, 2)
(2823, 1)
(4617979143, 1)
(2827, 3)
(4624522507, 3)
(2828, 3)
(4626158348, 2)
(2832, 3)
(4632701712, 2)
(2833, 3)
(4634337553, 2)
(2837, 1)
(4640880917, 4)
(2838, 0)
(4642516758, 0)
(2842, 2)
(4649060122, 3)
(2843, 0)
(4650695963, 0)
(2847, 3)
(4657239327, 3)
(2848, 4)
(4658875168, 1)
(2852, 0)
(4665418532, 0)
(2853, 0)
(4667054373, 0)
(2857, 0)
(4673597737, 0)
(2858, 3)
(4675233578, 2)
(2862, 2)
(4681776942, 3)
(2863, 2)
(4683412783, 3)
(2867, 2)
(4689956147, 3)
(2868, 0)
(4691591988, 0)
(2872, 0)
(4698135352, 0)
(2873, 3)
(4699771193, 3)
(2877, 0)
(4706314557, 0)
(2878, 1)
(4707950398, 1)
(2882, 1)
(4714493762, 1)
(2883, 3)
(4716129603, 2)
(2887, 0)
(4722672967, 0)
(2888, 0)
(4724308808, 0)
(2892, 3)
(4730852172, 3)
(2893, 4)
(4732488013, 1)
(2897, 1)
(4739031377, 4)
(2898, 0)
(4740667218, 0)
(2902, 2)
(4747210582, 2)
(2903, 4)
(4748846423, 1)
(2907, 2)
(4755389787, 3)
(2908, 4)
(4757025628, 4)
(2912, 4)
(4763568992, 1)
(2913, 2)
(4765204833, 3)
(2917, 2)
(4771748197, 3)
(2918, 4)
(4773384038, 4)
(2922, 1)
(4779927402, 4)
(2923, 4)
(4781563243, 4)
(2927, 4)
(4788106607, 4)
(2928, 3)
(4789742448, 3)
(2932, 0)
(4796285812, 0)
(2933, 1)
(4797921653, 4)
(2937, 4)
(4804465017, 1)
(2938, 4)
(4806100858, 1)
(2942, 0)
(4812644222, 0)
(2943, 3)
(4814280063, 2)
(2947, 3)
(4820823427, 3)
(2948, 0)
(4822459268, 0)
(2952, 0)
(4829002632, 0)
(2953, 1)
(4830638473, 1)
(2957, 4)
(4837181837, 4)
(2958, 2)
(4838817678, 2)
(2962, 4)
(4845361042, 1)
(2963, 2)
(4846996883, 2)
(2967, 1)
(4853540247, 4)
(2968, 0)
(4855176088, 0)
(2972, 2)
(4861719452, 2)
(2973, 2)
(4863355293, 2)
(2977, 4)
(4869898657, 1)
(2978, 0)
(4871534498, 0)
(2982, 1)
(4878077862, 1)
(2983, 0)
(4879713703, 0)
(2987, 0)
(4886257067, 0)
(2988, 2)
(4887892908, 2)
(2992, 1)
(4894436272, 4)
(2993, 2)
(4896072113, 2)
(2997, 4)
(4902615477, 4)
(2998, 3)
(4904251318, 2)
(3002, 4)
(4910794682, 1)
(3003, 2)
(4912430523, 3)
(3007, 0)
(4918973887, 0)
(3008, 0)
(4920609728, 0)
(3012, 0)
(4927153092, 0)
(3013, 3)
(4928788933, 2)
(3017, 3)
(4935332297, 2)
(3018, 4)
(4936968138, 4)
(3022, 2)
(4943511502, 3)
(3023, 2)
(4945147343, 2)
(3027, 2)
(4951690707, 3)
(3028, 0)
(4953326548, 0)
(3032, 0)
(4959869912, 0)
(3033, 0)
(4961505753, 0)
(3037, 3)
(4968049117, 2)
(3038, 1)
(4969684958, 4)
(3042, 0)
(4976228322, 0)
(3043, 3)
(4977864163, 3)
(3047, 2)
(4984407527, 3)
(3048, 0)
(4986043368, 0)
(3052, 3)
(4992586732, 3)
(3053, 0)
(4994222573, 0)
(3057, 3)
(5000765937, 2)
(3058, 2)
(5002401778, 2)
(3062, 4)
(5008945142, 4)
(3063, 1)
(5010580983, 4)
(3067, 2)
(5017124347, 2)
(3068, 1)
(5018760188, 4)
(3072, 4)
(5025303552, 1)
(3073, 1)
(5026939393, 1)
(3077, 4)
(5033482757, 4)
(3078, 4)
(5035118598, 1)
(3082, 0)
(5041661962, 0)
(3083, 2)
(5043297803, 3)
(3087, 0)
(5049841167, 0)
(3088, 2)
(5051477008, 2)
(3092, 0)
(5058020372, 0)
(3093, 2)
(5059656213, 3)
(3097, 3)
(5066199577, 2)
(3098, 4)
(5067835418, 1)
(3102, 1)
(5074378782, 1)
(3103, 0)
(5076014623, 0)
(3107, 3)
(5082557987, 2)
(3108, 0)
(5084193828, 0)
(3112, 0)
(5090737192, 0)
(3113, 1)
(5092373033, 4)
(3117, 0)
(5098916397, 0)
(3118, 0)
(5100552238, 0)
(3122, 3)
(5107095602, 2)
(3123, 0)
(5108731443, 0)
(3127, 1)
(5115274807, 1)
(3128, 0)
(5116910648, 0)
(3132, 3)
(5123454012, 3)
(3133, 0)
(5125089853, 0)
(3137, 1)
(5131633217, 4)
(3138, 4)
(5133269058, 1)
(3142, 0)
(5139812422, 0)
(3143, 1)
(5141448263, 4)
(3147, 0)
(5147991627, 0)
(3148, 0)
(5149627468, 0)
(3152, 0)
(5156170832, 0)
(3153, 4)
(5157806673, 4)
(3157, 4)
(5164350037, 1)
(3158, 2)
(5165985878, 3)
(3162, 0)
(5172529242, 0)
(3163, 1)
(5174165083, 1)
(3167, 2)
(5180708447, 2)
(3168, 0)
(5182344288, 0)
(3172, 0)
(5188887652, 0)
(3173, 0)
(5190523493, 0)
(3177, 3)
(5197066857, 2)
(3178, 0)
(5198702698, 0)
(3182, 2)
(5205246062, 2)
(3183, 4)
(5206881903, 4)
(3187, 2)
(5213425267, 2)
(3188, 0)
(5215061108, 0)
(3192, 0)
(5221604472, 0)
(3193, 4)
(5223240313, 1)
(3197, 4)
(5229783677, 1)
(3198, 2)
(5231419518, 2)
(3202, 1)
(5237962882, 1)
(3203, 4)
(5239598723, 1)
(3207, 3)
(5246142087, 2)
(3208, 0)
(5247777928, 0)
(3212, 0)
(5254321292, 0)
(3213, 3)
(5255957133, 2)
(3217, 1)
(5262500497, 1)
(3218, 1)
(5264136338, 1)
(3222, 0)
(5270679702, 0)
(3223, 0)
(5272315543, 0)
(3227, 4)
(5278858907, 4)
(3228, 2)
(5280494748, 3)
(3232, 2)
(5287038112, 3)
(3233, 4)
(5288673953, 1)
(3237, 2)
(5295217317, 2)
(3238, 3)
(5296853158, 3)
(3242, 3)
(5303396522, 2)
(3243, 2)
(5305032363, 3)
(3247, 3)
(5311575727, 2)
(3248, 3)
(5313211568, 2)
(3252, 0)
(5319754932, 0)
(3253, 1)
(5321390773, 4)
(3257, 1)
(5327934137, 1)
(3258, 4)
(5329569978, 4)
(3262, 3)
(5336113342, 2)
(3263, 3)
(5337749183, 2)
(3267, 4)
(5344292547, 1)
(3268, 0)
(5345928388, 0)
(3272, 0)
(5352471752, 0)
(3273, 4)
(5354107593, 4)
(3277, 3)
(5360650957, 2)
(3278, 1)
(5362286798, 1)
(3282, 0)
(5368830162, 0)
(3283, 1)
(5370466003, 4)
(3287, 1)
(5377009367, 1)
(3288, 0)
(5378645208, 0)
(3292, 3)
(5385188572, 2)
(3293, 1)
(5386824413, 4)
(3297, 0)
(5393367777, 0)
(3298, 1)
(5395003618, 1)
(3302, 1)
(5401546982, 1)
(3303, 0)
(5403182823, 0)
(3307, 4)
(5409726187, 1)
(3308, 1)
(5411362028, 4)
(3312, 1)
(5417905392, 1)
(3313, 1)
(5419541233, 1)
(3317, 1)
(5426084597, 1)
(3318, 2)
(5427720438, 3)
(3322, 4)
(5434263802, 1)
(3323, 3)
(5435899643, 3)
(3327, 4)
(5442443007, 4)
(3328, 2)
(5444078848, 3)
(3332, 0)
(5450622212, 0)
(3333, 3)
(5452258053, 2)
(3337, 4)
(5458801417, 1)
(3338, 0)
(5460437258, 0)
(3342, 4)
(5466980622, 4)
(3343, 4)
(5468616463, 1)
(3347, 1)
(5475159827, 4)
(3348, 0)
(5476795668, 0)
(3352, 0)
(5483339032, 0)
(3353, 0)
(5484974873, 0)
(3357, 0)
(5491518237, 0)
(3358, 2)
(5493154078, 2)
(3362, 4)
(5499697442, 4)
(3363, 4)
(5501333283, 4)
(3367, 0)
(5507876647, 0)
(3368, 0)
(5509512488, 0)
(3372, 2)
(5516055852, 3)
(3373, 4)
(5517691693, 4)
(3377, 3)
(5524235057, 2)
(3378, 4)
(5525870898, 4)
(3382, 0)
(5532414262, 0)
(3383, 1)
(5534050103, 1)
(3387, 2)
(5540593467, 3)
(3388, 3)
(5542229308, 3)
(3392, 1)
(5548772672, 1)
(3393, 2)
(5550408513, 2)
(3397, 0)
(5556951877, 0)
(3398, 3)
(5558587718, 2)
(3402, 3)
(5565131082, 2)
(3403, 2)
(5566766923, 2)
(3407, 3)
(5573310287, 2)
(3408, 4)
(5574946128, 4)
(3412, 0)
(5581489492, 0)
(3413, 3)
(5583125333, 2)
(3417, 4)
(5589668697, 4)
(3418, 2)
(5591304538, 2)
(3422, 3)
(5597847902, 2)
(3423, 0)
(5599483743, 0)
(3427, 1)
(5606027107, 4)
(3428, 0)
(5607662948, 0)
(3432, 0)
(5614206312, 0)
(3433, 1)
(5615842153, 1)
(3437, 2)
(5622385517, 3)
(3438, 0)
(5624021358, 0)
(3442, 0)
(5630564722, 0)
(3443, 4)
(5632200563, 1)
(3447, 4)
(5638743927, 1)
(3448, 0)
(5640379768, 0)
(3452, 2)
(5646923132, 2)
(3453, 3)
(5648558973, 3)
(3457, 3)
(5655102337, 3)
(3458, 0)
(5656738178, 0)
(3462, 3)
(5663281542, 3)
(3463, 4)
(5664917383, 4)
(3467, 4)
(5671460747, 1)
(3468, 4)
(5673096588, 1)
(3472, 1)
(5679639952, 4)
(3473, 0)
(5681275793, 0)
(3477, 2)
(5687819157, 3)
(3478, 4)
(5689454998, 4)
(3482, 4)
(5695998362, 4)
(3483, 3)
(5697634203, 3)
(3487, 2)
(5704177567, 3)
(3488, 0)
(5705813408, 0)
(3492, 0)
(5712356772, 0)
(3493, 3)
(5713992613, 2)
(3497, 2)
(5720535977, 3)
(3498, 0)
(5722171818, 0)
(3502, 4)
(5728715182, 4)
(3503, 2)
(5730351023, 3)
(3507, 3)
(5736894387, 2)
(3508, 0)
(5738530228, 0)
(3512, 0)
(5745073592, 0)
(3513, 4)
(5746709433, 1)
(3517, 0)
(5753252797, 0)
(3518, 3)
(5754888638, 2)
(3522, 3)
(5761432002, 2)
(3523, 4)
(5763067843, 4)
(3527, 0)
(5769611207, 0)
(3528, 0)
(5771247048, 0)
(3532, 1)
(5777790412, 1)
(3533, 0)
(5779426253, 0)
(3537, 3)
(5785969617, 3)
(3538, 3)
(5787605458, 3)
(3542, 2)
(5794148822, 3)
(3543, 3)
(5795784663, 3)
(3547, 4)
(5802328027, 4)
(3548, 2)
(5803963868, 3)
(3552, 4)
(5810507232, 1)
(3553, 1)
(5812143073, 1)
(3557, 4)
(5818686437, 1)
(3558, 3)
(5820322278, 3)
(3562, 2)
(5826865642, 2)
(3563, 3)
(5828501483, 3)
(3567, 0)
(5835044847, 0)
(3568, 2)
(5836680688, 3)
