(2, 4)
(96855362, 4)
(3, 3)
(145283043, 3)
(7, 4)
(338993767, 1)
(8, 0)
(387421448, 0)
(12, 4)
(581132172, 4)
(13, 3)
(629559853, 3)
(17, 4)
(823270577, 1)
(18, 3)
(871698258, 3)
(22, 3)
(1065408982, 3)
(23, 3)
(1113836663, 2)
(27, 3)
(1307547387, 3)
(28, 3)
(1355975068, 2)
(32, 2)
(1549685792, 2)
(33, 1)
(1598113473, 1)
(37, 2)
(1791824197, 2)
(38, 1)
(1840251878, 4)
(42, 1)
(2033962602, 4)
(43, 4)
(2082390283, 1)
(47, 0)
(2276101007, 0)
(48, 4)
(2324528688, 4)
(52, 0)
(2518239412, 0)
(53, 4)
(2566667093, 4)
(57, 4)
(2760377817, 1)
(58, 2)
(2808805498, 2)
(62, 2)
(3002516222, 2)
(63, 0)
(3050943903, 0)
(67, 1)
(3244654627, 1)
(68, 0)
(3293082308, 0)
(72, 0)
(3486793032, 0)
(73, 1)
(3535220713, 1)
(77, 3)
(3728931437, 2)
(78, 4)
(3777359118, 4)
(82, 1)
(3971069842, 4)
(83, 2)
(4019497523, 3)
(87, 4)
(4213208247, 4)
(88, 0)
(4261635928, 0)
(92, 1)
(4455346652, 4)
(93, 1)
(4503774333, 1)
(97, 4)
(4697485057, 4)
(98, 4)
(4745912738, 4)
(102, 1)
(4939623462, 4)
(103, 0)
(4988051143, 0)
(107, 3)
(5181761867, 2)
(108, 4)
(5230189548, 4)
(112, 4)
(5423900272, 1)
(113, 2)
(5472327953, 3)
(117, 0)
(5666038677, 0)
(118, 1)
(5714466358, 1)
(122, 0)
(5908177082, 0)
(123, 3)
(5956604763, 2)
(127, 0)
(6150315487, 0)
(128, 4)
(6198743168, 4)
(132, 0)
(6392453892, 0)
(133, 1)
(6440881573, 1)
(137, 3)
(6634592297, 3)
(138, 3)
(6683019978, 2)
(142, 1)
(6876730702, 4)
(143, 0)
(6925158383, 0)
(147, 4)
(7118869107, 4)
(148, 0)
(7167296788, 0)
(152, 0)
(7361007512, 0)
(153, 3)
(7409435193, 2)
(157, 1)
(7603145917, 1)
(158, 3)
(7651573598, 3)
(162, 1)
(7845284322, 1)
(163, 4)
(7893712003, 1)
(167, 4)
(8087422727, 1)
(168, 0)
(8135850408, 0)
(172, 2)
(8329561132, 3)
(173, 1)
(8377988813, 4)
(177, 4)
(8571699537, 4)
(178, 3)
(8620127218, 3)
(182, 3)
(8813837942, 2)
(183, 3)
(8862265623, 3)
(187, 2)
(9055976347, 3)
(188, 0)
(9104404028, 0)
(192, 0)
(9298114752, 0)
(193, 1)
(9346542433, 4)
(197, 0)
(9540253157, 0)
(198, 0)
(9588680838, 0)
(202, 4)
(9782391562, 1)
(203, 1)
(9830819243, 4)
(207, 1)
(10024529967, 4)
(208, 1)
(10072957648, 1)
(212, 0)
(10266668372, 0)
(213, 2)
(10315096053, 3)
(217, 3)
(10508806777, 2)
(218, 0)
(10557234458, 0)
(222, 3)
(10750945182, 3)
(223, 2)
(10799372863, 2)
(227, 0)
(10993083587, 0)
(228, 0)
(11041511268, 0)
(232, 0)
(11235221992, 0)
(233, 3)
(11283649673, 3)
(237, 2)
(11477360397, 2)
(238, 3)
(11525788078, 3)
(242, 4)
(11719498802, 4)
(243, 4)
(11767926483, 4)
(247, 4)
(11961637207, 1)
(248, 0)
(12010064888, 0)
(252, 0)
(12203775612, 0)
(253, 1)
(12252203293, 4)
(257, 1)
(12445914017, 4)
(258, 3)
(12494341698, 2)
(262, 4)
(12688052422, 1)
(263, 3)
(12736480103, 2)
(267, 2)
(12930190827, 2)
(268, 3)
(12978618508, 3)
(272, 3)
(13172329232, 2)
(273, 2)
(13220756913, 3)
(277, 1)
(13414467637, 1)
(278, 4)
(13462895318, 1)
(282, 2)
(13656606042, 3)
(283, 2)
(13705033723, 2)
(287, 1)
(13898744447, 1)
(288, 4)
(13947172128, 4)
(292, 0)
(14140882852, 0)
(293, 2)
(14189310533, 2)
(297, 1)
(14383021257, 1)
(298, 1)
(14431448938, 4)
(302, 3)
(14625159662, 3)
(303, 0)
(14673587343, 0)
(307, 3)
(14867298067, 3)
(308, 0)
(14915725748, 0)
(312, 0)
(15109436472, 0)
(313, 2)
(15157864153, 3)
(317, 0)
(15351574877, 0)
(318, 2)
(15400002558, 2)
(322, 2)
(15593713282, 2)
(323, 1)
(15642140963, 1)
(327, 3)
(15835851687, 2)
(328, 0)
(15884279368, 0)
(332, 1)
(16077990092, 4)
(333, 0)
(16126417773, 0)
(337, 3)
(16320128497, 2)
(338, 0)
(16368556178, 0)
(342, 2)
(16562266902, 3)
(343, 3)
(16610694583, 2)
(347, 0)
(16804405307, 0)
(348, 3)
(16852832988, 3)
(352, 4)
(17046543712, 4)
(353, 4)
(17094971393, 1)
(357, 3)
(17288682117, 3)
(358, 1)
(17337109798, 1)
(362, 2)
(17530820522, 2)
(363, 4)
(17579248203, 4)
(367, 1)
(17772958927, 1)
(368, 3)
(17821386608, 2)
(372, 0)
(18015097332, 0)
(373, 0)
(18063525013, 0)
(377, 1)
(18257235737, 1)
(378, 1)
(18305663418, 4)
(382, 2)
(18499374142, 2)
(383, 2)
(18547801823, 3)
(387, 0)
(18741512547, 0)
(388, 0)
(18789940228, 0)
(392, 0)
(18983650952, 0)
(393, 3)
(19032078633, 2)
(397, 1)
(19225789357, 4)
(398, 0)
(19274217038, 0)
(402, 4)
(19467927762, 4)
(403, 3)
(19516355443, 3)
(407, 4)
(19710066167, 4)
(408, 0)
(19758493848, 0)
(412, 0)
(19952204572, 0)
(413, 0)
(20000632253, 0)
(417, 2)
(20194342977, 3)
(418, 3)
(20242770658, 2)
(422, 0)
(20436481382, 0)
(423, 0)
(20484909063, 0)
(427, 2)
(20678619787, 3)
(428, 4)
(20727047468, 1)
(432, 4)
(20920758192, 4)
(433, 3)
(20969185873, 2)
(437, 0)
(21162896597, 0)
(438, 3)
(21211324278, 3)
(442, 2)
(21405035002, 3)
(443, 0)
(21453462683, 0)
(447, 1)
(21647173407, 4)
(448, 2)
(21695601088, 3)
(452, 0)
(21889311812, 0)
(453, 3)
(21937739493, 3)
(457, 3)
(22131450217, 2)
(458, 1)
(22179877898, 4)
(462, 2)
(22373588622, 3)
(463, 2)
(22422016303, 2)
(467, 2)
(22615727027, 3)
(468, 0)
(22664154708, 0)
(472, 0)
(22857865432, 0)
(473, 3)
(22906293113, 2)
(477, 3)
(23100003837, 3)
(478, 3)
(23148431518, 3)
(482, 0)
(23342142242, 0)
(483, 1)
(23390569923, 1)
(487, 3)
(23584280647, 2)
(488, 0)
(23632708328, 0)
(492, 4)
(23826419052, 1)
(493, 3)
(23874846733, 2)
(497, 4)
(24068557457, 4)
(498, 3)
(24116985138, 2)
(502, 1)
(24310695862, 1)
(503, 1)
(24359123543, 1)
(507, 1)
(24552834267, 1)
(508, 0)
(24601261948, 0)
(512, 4)
(24794972672, 4)
(513, 4)
(24843400353, 1)
(517, 2)
(25037111077, 3)
(518, 1)
(25085538758, 4)
(522, 0)
(25279249482, 0)
(523, 0)
(25327677163, 0)
(527, 2)
(25521387887, 3)
(528, 2)
(25569815568, 2)
(532, 0)
(25763526292, 0)
(533, 3)
(25811953973, 2)
(537, 2)
(26005664697, 2)
(538, 0)
(26054092378, 0)
(542, 1)
(26247803102, 1)
(543, 2)
(26296230783, 2)
(547, 3)
(26489941507, 2)
(548, 0)
(26538369188, 0)
(552, 0)
(26732079912, 0)
(553, 2)
(26780507593, 3)
(557, 3)
(26974218317, 2)
(558, 4)
(27022645998, 4)
(562, 2)
(27216356722, 2)
(563, 1)
(27264784403, 1)
(567, 3)
(27458495127, 2)
(568, 0)
(27506922808, 0)
(572, 0)
(27700633532, 0)
(573, 4)
(27749061213, 4)
(577, 3)
(27942771937, 3)
(578, 2)
(27991199618, 2)
(582, 4)
(28184910342, 4)
(583, 3)
(28233338023, 3)
(587, 2)
(28427048747, 3)
(588, 2)
(28475476428, 2)
(592, 4)
(28669187152, 4)
(593, 1)
(28717614833, 1)
(597, 2)
(28911325557, 3)
(598, 3)
(28959753238, 2)
(602, 1)
(29153463962, 1)
(603, 0)
(29201891643, 0)
(607, 2)
(29395602367, 2)
(608, 3)
(29444030048, 2)
(612, 0)
(29637740772, 0)
(613, 0)
(29686168453, 0)
(617, 2)
(29879879177, 2)
(618, 2)
(29928306858, 3)
(622, 3)
(30122017582, 2)
(623, 2)
(30170445263, 3)
(627, 4)
(30364155987, 1)
(628, 0)
(30412583668, 0)
(632, 0)
(30606294392, 0)
(633, 0)
(30654722073, 0)
(637, 4)
(30848432797, 4)
(638, 0)
(30896860478, 0)
(642, 4)
(31090571202, 1)
(643, 2)
(31138998883, 3)
(647, 2)
(31332709607, 2)
(648, 0)
(31381137288, 0)
(652, 2)
(31574848012, 3)
(653, 1)
(31623275693, 4)
(657, 0)
(31816986417, 0)
(658, 3)
(31865414098, 3)
(662, 3)
(32059124822, 3)
(663, 1)
(32107552503, 4)
(667, 4)
(32301263227, 1)
(668, 3)
(32349690908, 2)
(672, 3)
(32543401632, 2)
(673, 3)
(32591829313, 3)
(677, 0)
(32785540037, 0)
(678, 0)
(32833967718, 0)
(682, 3)
(33027678442, 3)
(683, 0)
(33076106123, 0)
(687, 3)
(33269816847, 2)
(688, 2)
(33318244528, 3)
(692, 0)
(33511955252, 0)
(693, 1)
(33560382933, 4)
(697, 3)
(33754093657, 3)
(698, 1)
(33802521338, 4)
(702, 4)
(33996232062, 4)
(703, 4)
(34044659743, 1)
(707, 1)
(34238370467, 1)
(708, 0)
(34286798148, 0)
(712, 0)
(34480508872, 0)
(713, 1)
(34528936553, 4)
(717, 1)
(34722647277, 1)
(718, 2)
(34771074958, 3)
(722, 1)
(34964785682, 1)
(723, 1)
(35013213363, 1)
(727, 2)
(35206924087, 3)
(728, 0)
(35255351768, 0)
(732, 1)
(35449062492, 1)
(733, 1)
(35497490173, 4)
(737, 0)
(35691200897, 0)
(738, 0)
(35739628578, 0)
(742, 2)
(35933339302, 3)
(743, 1)
(35981766983, 1)
(747, 4)
(36175477707, 1)
(748, 1)
(36223905388, 4)
(752, 0)
(36417616112, 0)
(753, 3)
(36466043793, 3)
(757, 0)
(36659754517, 0)
(758, 2)
(36708182198, 3)
(762, 3)
(36901892922, 3)
(763, 1)
(36950320603, 1)
(767, 3)
(37144031327, 3)
(768, 2)
(37192459008, 2)
(772, 0)
(37386169732, 0)
(773, 4)
(37434597413, 1)
(777, 1)
(37628308137, 4)
(778, 4)
(37676735818, 1)
(782, 1)
(37870446542, 1)
(783, 4)
(37918874223, 4)
(787, 0)
(38112584947, 0)
(788, 0)
(38161012628, 0)
(792, 0)
(38354723352, 0)
(793, 2)
(38403151033, 2)
(797, 0)
(38596861757, 0)
(798, 1)
(38645289438, 1)
(802, 3)
(38839000162, 2)
(803, 0)
(38887427843, 0)
(807, 1)
(39081138567, 4)
(808, 0)
(39129566248, 0)
(812, 3)
(39323276972, 2)
(813, 3)
(39371704653, 3)
(817, 2)
(39565415377, 2)
(818, 3)
(39613843058, 3)
(822, 0)
(39807553782, 0)
(823, 4)
(39855981463, 1)
(827, 2)
(40049692187, 2)
(828, 2)
(40098119868, 3)
(832, 2)
(40291830592, 2)
(833, 2)
(40340258273, 3)
(837, 1)
(40533968997, 1)
(838, 4)
(40582396678, 4)
(842, 4)
(40776107402, 1)
(843, 4)
(40824535083, 4)
(847, 4)
(41018245807, 1)
(848, 3)
(41066673488, 3)
(852, 0)
(41260384212, 0)
(853, 0)
(41308811893, 0)
(857, 2)
(41502522617, 2)
(858, 1)
(41550950298, 1)
(862, 2)
(41744661022, 2)
(863, 1)
(41793088703, 4)
(867, 3)
(41986799427, 3)
(868, 0)
(42035227108, 0)
(872, 0)
(42228937832, 0)
(873, 0)
(42277365513, 0)
(877, 0)
(42471076237, 0)
(878, 0)
(42519503918, 0)
(882, 3)
(42713214642, 3)
(883, 2)
(42761642323, 3)
(887, 1)
(42955353047, 1)
(888, 0)
(43003780728, 0)
(892, 4)
(43197491452, 4)
(893, 2)
(43245919133, 2)
(897, 1)
(43439629857, 4)
(898, 2)
(43488057538, 2)
(902, 2)
(43681768262, 3)
(903, 1)
(43730195943, 1)
(907, 3)
(43923906667, 3)
(908, 0)
(43972334348, 0)
(912, 3)
(44166045072, 2)
(913, 3)
(44214472753, 2)
(917, 0)
(44408183477, 0)
(918, 1)
(44456611158, 4)
(922, 2)
(44650321882, 3)
(923, 0)
(44698749563, 0)
(927, 0)
(44892460287, 0)
(928, 1)
(44940887968, 1)
(932, 0)
(45134598692, 0)
(933, 4)
(45183026373, 1)
(937, 0)
(45376737097, 0)
(938, 1)
(45425164778, 4)
(942, 3)
(45618875502, 3)
(943, 1)
(45667303183, 1)
(947, 0)
(45861013907, 0)
(948, 0)
(45909441588, 0)
(952, 0)
(46103152312, 0)
(953, 3)
(46151579993, 3)
(957, 1)
(46345290717, 1)
(958, 1)
(46393718398, 4)
(962, 2)
(46587429122, 2)
(963, 1)
(46635856803, 4)
(967, 4)
(46829567527, 1)
(968, 0)
(46877995208, 0)
(972, 2)
(47071705932, 2)
(973, 3)
(47120133613, 3)
(977, 0)
(47313844337, 0)
(978, 4)
(47362272018, 1)
(982, 0)
(47555982742, 0)
(983, 2)
(47604410423, 2)
(987, 3)
(47798121147, 3)
(988, 3)
(47846548828, 2)
(992, 1)
(48040259552, 1)
(993, 3)
(48088687233, 3)
(997, 4)
(48282397957, 1)
(998, 1)
(48330825638, 4)
(1002, 4)
(48524536362, 1)
(1003, 1)
(48572964043, 4)
(1007, 0)
(48766674767, 0)
(1008, 0)
(48815102448, 0)
(1012, 0)
(49008813172, 0)
(1013, 4)
(49057240853, 1)
(1017, 4)
(49250951577, 1)
(1018, 3)
(49299379258, 3)
(1022, 3)
(49493089982, 2)
(1023, 1)
(49541517663, 1)
(1027, 4)
(49735228387, 4)
(1028, 0)
(49783656068, 0)
(1032, 0)
(49977366792, 0)
(1033, 3)
(50025794473, 3)
(1037, 0)
(50219505197, 0)
(1038, 2)
(50267932878, 3)
(1042, 3)
(50461643602, 2)
(1043, 2)
(50510071283, 2)
(1047, 4)
(50703782007, 1)
(1048, 0)
(50752209688, 0)
(1052, 1)
(50945920412, 4)
(1053, 1)
(50994348093, 1)
(1057, 1)
(51188058817, 4)
(1058, 0)
(51236486498, 0)
(1062, 0)
(51430197222, 0)
(1063, 4)
(51478624903, 1)
(1067, 2)
(51672335627, 2)
(1068, 1)
(51720763308, 1)
(1072, 3)
(51914474032, 3)
(1073, 1)
(51962901713, 1)
(1077, 4)
(52156612437, 1)
(1078, 3)
(52205040118, 3)
(1082, 3)
(52398750842, 3)
(1083, 2)
(52447178523, 2)
(1087, 1)
(52640889247, 4)
(1088, 1)
(52689316928, 4)
(1092, 0)
(52883027652, 0)
(1093, 0)
(52931455333, 0)
(1097, 1)
(53125166057, 4)
(1098, 0)
(53173593738, 0)
(1102, 0)
(53367304462, 0)
(1103, 3)
(53415732143, 2)
(1107, 3)
(53609442867, 2)
(1108, 0)
(53657870548, 0)
(1112, 0)
(53851581272, 0)
(1113, 4)
(53900008953, 1)
(1117, 4)
(54093719677, 4)
(1118, 1)
(54142147358, 4)
(1122, 4)
(54335858082, 1)
(1123, 0)
(54384285763, 0)
(1127, 3)
(54577996487, 2)
(1128, 0)
(54626424168, 0)
(1132, 1)
(54820134892, 1)
(1133, 2)
(54868562573, 3)
(1137, 0)
(55062273297, 0)
(1138, 2)
(55110700978, 2)
(1142, 2)
(55304411702, 2)
(1143, 0)
(55352839383, 0)
(1147, 1)
(55546550107, 1)
(1148, 2)
(55594977788, 2)
(1152, 3)
(55788688512, 3)
(1153, 4)
(55837116193, 4)
(1157, 3)
(56030826917, 3)
(1158, 4)
(56079254598, 1)
(1162, 3)
(56272965322, 3)
(1163, 3)
(56321393003, 2)
(1167, 3)
(56515103727, 2)
(1168, 2)
(56563531408, 2)
(1172, 0)
(56757242132, 0)
(1173, 1)
(56805669813, 1)
(1177, 2)
(56999380537, 3)
(1178, 1)
(57047808218, 4)
(1182, 0)
(57241518942, 0)
(1183, 0)
(57289946623, 0)
(1187, 4)
(57483657347, 1)
(1188, 0)
(57532085028, 0)
(1192, 0)
(57725795752, 0)
(1193, 4)
(57774223433, 1)
(1197, 0)
(57967934157, 0)
(1198, 2)
(58016361838, 3)
(1202, 1)
(58210072562, 4)
(1203, 4)
(58258500243, 1)
(1207, 2)
(58452210967, 2)
(1208, 0)
(58500638648, 0)
(1212, 0)
(58694349372, 0)
(1213, 0)
(58742777053, 0)
(1217, 2)
(58936487777, 3)
(1218, 4)
(58984915458, 1)
(1222, 3)
(59178626182, 2)
(1223, 0)
(59227053863, 0)
(1227, 4)
(59420764587, 4)
(1228, 4)
(59469192268, 4)
(1232, 1)
(59662902992, 4)
(1233, 1)
(59711330673, 1)
(1237, 4)
(59905041397, 4)
(1238, 2)
(59953469078, 3)
(1242, 3)
(60147179802, 2)
(1243, 1)
(60195607483, 4)
(1247, 4)
(60389318207, 1)
(1248, 2)
(60437745888, 2)
(1252, 0)
(60631456612, 0)
(1253, 3)
(60679884293, 2)
(1257, 0)
(60873595017, 0)
(1258, 2)
(60922022698, 3)
(1262, 4)
(61115733422, 1)
(1263, 0)
(61164161103, 0)
(1267, 1)
(61357871827, 4)
(1268, 0)
(61406299508, 0)
(1272, 0)
(61600010232, 0)
(1273, 0)
(61648437913, 0)
(1277, 4)
(61842148637, 1)
(1278, 0)
(61890576318, 0)
(1282, 3)
(62084287042, 2)
(1283, 4)
(62132714723, 4)
(1287, 0)
(62326425447, 0)
(1288, 0)
(62374853128, 0)
(1292, 3)
(62568563852, 3)
(1293, 1)
(62616991533, 1)
(1297, 2)
(62810702257, 3)
(1298, 2)
(62859129938, 2)
(1302, 4)
(63052840662, 1)
(1303, 1)
(63101268343, 4)
(1307, 1)
(63294979067, 4)
(1308, 1)
(63343406748, 4)
(1312, 3)
(63537117472, 2)
(1313, 1)
(63585545153, 4)
(1317, 0)
(63779255877, 0)
(1318, 0)
(63827683558, 0)
(1322, 3)
(64021394282, 3)
(1323, 4)
(64069821963, 4)
(1327, 0)
(64263532687, 0)
(1328, 1)
(64311960368, 4)
(1332, 0)
(64505671092, 0)
(1333, 0)
(64554098773, 0)
(1337, 4)
(64747809497, 1)
(1338, 0)
(64796237178, 0)
(1342, 0)
(64989947902, 0)
(1343, 4)
(65038375583, 1)
(1347, 1)
(65232086307, 1)
(1348, 0)
(65280513988, 0)
(1352, 0)
(65474224712, 0)
(1353, 4)
(65522652393, 1)
(1357, 1)
(65716363117, 4)
(1358, 4)
(65764790798, 1)
(1362, 1)
(65958501522, 1)
(1363, 4)
(66006929203, 1)
(1367, 0)
(66200639927, 0)
(1368, 0)
(66249067608, 0)
(1372, 1)
(66442778332, 4)
(1373, 2)
(66491206013, 2)
(1377, 1)
(66684916737, 4)
(1378, 0)
(66733344418, 0)
(1382, 2)
(66927055142, 3)
(1383, 3)
(66975482823, 2)
(1387, 4)
(67169193547, 1)
(1388, 0)
(67217621228, 0)
(1392, 4)
(67411331952, 4)
(1393, 4)
(67459759633, 4)
(1397, 4)
(67653470357, 4)
(1398, 0)
(67701898038, 0)
(1402, 1)
(67895608762, 4)
(1403, 1)
(67944036443, 4)
(1407, 1)
(68137747167, 4)
(1408, 3)
(68186174848, 3)
(1412, 0)
(68379885572, 0)
(1413, 0)
(68428313253, 0)
(1417, 1)
(68622023977, 4)
(1418, 4)
(68670451658, 1)
(1422, 1)
(68864162382, 1)
(1423, 4)
(68912590063, 4)
(1427, 0)
(69106300787, 0)
(1428, 0)
(69154728468, 0)
(1432, 0)
(69348439192, 0)
(1433, 4)
(69396866873, 1)
(1437, 4)
(69590577597, 1)
(1438, 1)
(69639005278, 4)
(1442, 1)
(69832716002, 1)
(1443, 2)
(69881143683, 2)
(1447, 2)
(70074854407, 3)
(1448, 0)
(70123282088, 0)
(1452, 2)
(70316992812, 2)
(1453, 1)
(70365420493, 4)
(1457, 4)
(70559131217, 1)
(1458, 2)
(70607558898, 2)
(1462, 4)
(70801269622, 4)
(1463, 2)
(70849697303, 2)
(1467, 0)
(71043408027, 0)
(1468, 2)
(71091835708, 2)
(1472, 4)
(71285546432, 1)
(1473, 2)
(71333974113, 3)
(1477, 1)
(71527684837, 4)
(1478, 0)
(71576112518, 0)
(1482, 1)
(71769823242, 4)
(1483, 3)
(71818250923, 2)
(1487, 3)
(72011961647, 3)
(1488, 2)
(72060389328, 2)
(1492, 0)
(72254100052, 0)
(1493, 3)
(72302527733, 2)
(1497, 0)
(72496238457, 0)
(1498, 1)
(72544666138, 1)
(1502, 1)
(72738376862, 4)
(1503, 3)
(72786804543, 2)
(1507, 4)
(72980515267, 4)
(1508, 0)
(73028942948, 0)
(1512, 0)
(73222653672, 0)
(1513, 4)
(73271081353, 1)
(1517, 3)
(73464792077, 2)
(1518, 4)
(73513219758, 1)
(1522, 0)
(73706930482, 0)
(1523, 3)
(73755358163, 2)
(1527, 1)
(73949068887, 1)
(1528, 0)
(73997496568, 0)
(1532, 4)
(74191207292, 1)
(1533, 1)
(74239634973, 4)
(1537, 1)
(74433345697, 1)
(1538, 4)
(74481773378, 4)
(1542, 0)
(74675484102, 0)
(1543, 4)
(74723911783, 1)
(1547, 2)
(74917622507, 2)
(1548, 0)
(74966050188, 0)
(1552, 3)
(75159760912, 3)
(1553, 0)
(75208188593, 0)
(1557, 2)
(75401899317, 3)
(1558, 2)
(75450326998, 2)
(1562, 2)
(75644037722, 3)
(1563, 4)
(75692465403, 1)
(1567, 0)
(75886176127, 0)
(1568, 2)
(75934603808, 2)
(1572, 0)
(76128314532, 0)
(1573, 3)
(76176742213, 3)
(1577, 3)
(76370452937, 3)
(1578, 1)
(76418880618, 4)
(1582, 4)
(76612591342, 4)
(1583, 3)
(76661019023, 3)
(1587, 0)
(76854729747, 0)
(1588, 0)
(76903157428, 0)
(1592, 0)
(77096868152, 0)
(1593, 4)
(77145295833, 4)
(1597, 4)
(77339006557, 1)
(1598, 2)
(77387434238, 2)
(1602, 0)
(77581144962, 0)
(1603, 4)
(77629572643, 4)
(1607, 3)
(77823283367, 2)
(1608, 0)
(77871711048, 0)
(1612, 4)
(78065421772, 4)
(1613, 3)
(78113849453, 2)
(1617, 3)
(78307560177, 3)
(1618, 2)
(78355987858, 2)
(1622, 0)
(78549698582, 0)
(1623, 3)
(78598126263, 3)
(1627, 2)
(78791836987, 2)
(1628, 3)
(78840264668, 3)
(1632, 3)
(79033975392, 2)
(1633, 4)
(79082403073, 4)
(1637, 3)
(79276113797, 2)
(1638, 1)
(79324541478, 4)
(1642, 1)
(79518252202, 4)
(1643, 0)
(79566679883, 0)
(1647, 3)
(79760390607, 3)
(1648, 0)
(79808818288, 0)
(1652, 0)
(80002529012, 0)
(1653, 4)
(80050956693, 1)
(1657, 1)
(80244667417, 4)
(1658, 2)
(80293095098, 2)
(1662, 0)
(80486805822, 0)
(1663, 2)
(80535233503, 3)
(1667, 3)
(80728944227, 2)
(1668, 0)
(80777371908, 0)
(1672, 0)
(80971082632, 0)
(1673, 3)
(81019510313, 2)
(1677, 1)
(81213221037, 4)
(1678, 0)
(81261648718, 0)
(1682, 4)
(81455359442, 4)
(1683, 0)
(81503787123, 0)
(1687, 2)
(81697497847, 3)
(1688, 0)
(81745925528, 0)
(1692, 0)
(81939636252, 0)
(1693, 3)
(81988063933, 3)
(1697, 3)
(82181774657, 3)
(1698, 1)
(82230202338, 1)
(1702, 0)
(82423913062, 0)
(1703, 3)
(82472340743, 2)
(1707, 0)
(82666051467, 0)
(1708, 1)
(82714479148, 4)
(1712, 4)
(82908189872, 1)
(1713, 4)
(82956617553, 4)
(1717, 1)
(83150328277, 1)
(1718, 1)
(83198755958, 4)
(1722, 1)
(83392466682, 1)
(1723, 0)
(83440894363, 0)
(1727, 4)
(83634605087, 4)
(1728, 0)
(83683032768, 0)
(1732, 0)
(83876743492, 0)
(1733, 1)
(83925171173, 4)
(1737, 0)
(84118881897, 0)
(1738, 1)
(84167309578, 1)
(1742, 1)
(84361020302, 1)
(1743, 4)
(84409447983, 4)
(1747, 0)
(84603158707, 0)
(1748, 0)
(84651586388, 0)
(1752, 0)
(84845297112, 0)
(1753, 0)
(84893724793, 0)
(1757, 3)
(85087435517, 2)
(1758, 0)
(85135863198, 0)
(1762, 1)
(85329573922, 1)
(1763, 3)
(85378001603, 3)
(1767, 3)
(85571712327, 2)
(1768, 0)
(85620140008, 0)
(1772, 0)
(85813850732, 0)
(1773, 0)
(85862278413, 0)
(1777, 4)
(86055989137, 1)
(1778, 0)
(86104416818, 0)
(1782, 1)
(86298127542, 1)
(1783, 2)
(86346555223, 3)
(1787, 2)
(86540265947, 3)
(1788, 2)
(86588693628, 3)
(1792, 1)
(86782404352, 4)
(1793, 4)
(86830832033, 1)
(1797, 4)
(87024542757, 1)
(1798, 0)
(87072970438, 0)
(1802, 3)
(87266681162, 2)
(1803, 2)
(87315108843, 3)
(1807, 3)
(87508819567, 2)
(1808, 4)
(87557247248, 1)
(1812, 0)
(87750957972, 0)
(1813, 2)
(87799385653, 2)
(1817, 0)
(87993096377, 0)
(1818, 0)
(88041524058, 0)
(1822, 4)
(88235234782, 4)
(1823, 0)
(88283662463, 0)
(1827, 2)
(88477373187, 3)
(1828, 0)
(88525800868, 0)
(1832, 0)
(88719511592, 0)
(1833, 1)
(88767939273, 4)
(1837, 4)
(88961649997, 1)
(1838, 3)
(89010077678, 2)
(1842, 4)
(89203788402, 4)
(1843, 4)
(89252216083, 1)
(1847, 2)
(89445926807, 2)
(1848, 0)
(89494354488, 0)
(1852, 4)
(89688065212, 4)
(1853, 4)
(89736492893, 4)
(1857, 0)
(89930203617, 0)
(1858, 0)
(89978631298, 0)
(1862, 3)
(90172342022, 2)
(1863, 2)
(90220769703, 3)
(1867, 0)
(90414480427, 0)
(1868, 1)
(90462908108, 4)
(1872, 0)
(90656618832, 0)
(1873, 3)
(90705046513, 2)
(1877, 4)
(90898757237, 4)
(1878, 4)
(90947184918, 1)
(1882, 2)
(91140895642, 2)
(1883, 1)
(91189323323, 1)
(1887, 0)
(91383034047, 0)
(1888, 3)
(91431461728, 3)
(1892, 0)
(91625172452, 0)
(1893, 0)
(91673600133, 0)
(1897, 1)
(91867310857, 4)
(1898, 3)
(91915738538, 3)
(1902, 4)
(92109449262, 4)
(1903, 2)
(92157876943, 3)
(1907, 3)
(92351587667, 3)
(1908, 0)
(92400015348, 0)
(1912, 0)
(92593726072, 0)
(1913, 4)
(92642153753, 1)
(1917, 2)
(92835864477, 3)
(1918, 1)
(92884292158, 4)
(1922, 2)
(93078002882, 2)
(1923, 0)
(93126430563, 0)
(1927, 2)
(93320141287, 2)
(1928, 0)
(93368568968, 0)
(1932, 3)
(93562279692, 3)
(1933, 2)
(93610707373, 3)
(1937, 3)
(93804418097, 2)
(1938, 2)
(93852845778, 2)
(1942, 3)
(94046556502, 3)
(1943, 2)
(94094984183, 2)
(1947, 3)
(94288694907, 3)
(1948, 1)
(94337122588, 4)
(1952, 0)
(94530833312, 0)
(1953, 0)
(94579260993, 0)
(1957, 1)
(94772971717, 1)
(1958, 2)
(94821399398, 2)
(1962, 0)
(95015110122, 0)
(1963, 4)
(95063537803, 4)
(1967, 4)
(95257248527, 1)
(1968, 4)
(95305676208, 1)
(1972, 0)
(95499386932, 0)
(1973, 3)
(95547814613, 2)
(1977, 1)
(95741525337, 1)
(1978, 2)
(95789953018, 2)
(1982, 1)
(95983663742, 1)
(1983, 1)
(96032091423, 1)
(1987, 2)
(96225802147, 2)
(1988, 0)
(96274229828, 0)
(1992, 0)
(96467940552, 0)
(1993, 1)
(96516368233, 4)
(1997, 2)
(96710078957, 3)
(1998, 3)
(96758506638, 3)
(2002, 4)
(96952217362, 1)
(2003, 1)
(97000645043, 1)
(2007, 0)
(97194355767, 0)
(2008, 0)
(97242783448, 0)
(2012, 2)
(97436494172, 2)
(2013, 4)
(97484921853, 4)
(2017, 2)
(97678632577, 3)
(2018, 3)
(97727060258, 2)
(2022, 1)
(97920770982, 4)
(2023, 4)
(97969198663, 1)
(2027, 1)
(98162909387, 4)
(2028, 3)
(98211337068, 3)
(2032, 0)
(98405047792, 0)
(2033, 2)
(98453475473, 2)
(2037, 4)
(98647186197, 1)
(2038, 3)
(98695613878, 2)
(2042, 0)
(98889324602, 0)
(2043, 0)
(98937752283, 0)
(2047, 2)
(99131463007, 3)
(2048, 0)
(99179890688, 0)
(2052, 0)
(99373601412, 0)
(2053, 2)
(99422029093, 3)
(2057, 4)
(99615739817, 1)
(2058, 2)
(99664167498, 3)
(2062, 3)
(99857878222, 3)
(2063, 0)
(99906305903, 0)
(2067, 3)
(100100016627, 3)
(2068, 0)
(100148444308, 0)
(2072, 0)
(100342155032, 0)
(2073, 0)
(100390582713, 0)
(2077, 1)
(100584293437, 1)
(2078, 0)
(100632721118, 0)
(2082, 1)
(100826431842, 1)
(2083, 3)
(100874859523, 3)
(2087, 0)
(101068570247, 0)
(2088, 0)
(101116997928, 0)
(2092, 0)
(101310708652, 0)
(2093, 0)
(101359136333, 0)
(2097, 1)
(101552847057, 1)
(2098, 4)
(101601274738, 1)
(2102, 4)
(101794985462, 4)
(2103, 4)
(101843413143, 1)
(2107, 4)
(102037123867, 1)
(2108, 4)
(102085551548, 1)
(2112, 4)
(102279262272, 4)
(2113, 4)
(102327689953, 1)
(2117, 1)
(102521400677, 1)
(2118, 0)
(102569828358, 0)
(2122, 2)
(102763539082, 3)
(2123, 1)
(102811966763, 4)
(2127, 2)
(103005677487, 3)
(2128, 2)
(103054105168, 2)
(2132, 0)
(103247815892, 0)
(2133, 2)
(103296243573, 2)
(2137, 1)
(103489954297, 4)
(2138, 2)
(103538381978, 2)
(2142, 0)
(103732092702, 0)
(2143, 3)
(103780520383, 2)
(2147, 4)
(103974231107, 4)
(2148, 0)
(104022658788, 0)
(2152, 0)
(104216369512, 0)
(2153, 3)
(104264797193, 2)
(2157, 4)
(104458507917, 1)
(2158, 0)
(104506935598, 0)
(2162, 4)
(104700646322, 4)
(2163, 2)
(104749074003, 2)
(2167, 2)
(104942784727, 2)
(2168, 0)
(104991212408, 0)
(2172, 4)
(105184923132, 4)
(2173, 0)
(105233350813, 0)
(2177, 0)
(105427061537, 0)
(2178, 3)
(105475489218, 3)
(2182, 3)
(105669199942, 3)
(2183, 2)
(105717627623, 2)
(2187, 0)
(105911338347, 0)
(2188, 4)
(105959766028, 1)
(2192, 1)
(106153476752, 1)
(2193, 1)
(106201904433, 1)
(2197, 3)
(106395615157, 3)
(2198, 1)
(106444042838, 4)
(2202, 0)
(106637753562, 0)
(2203, 0)
(106686181243, 0)
(2207, 1)
(106879891967, 4)
(2208, 4)
(106928319648, 1)
(2212, 0)
(107122030372, 0)
(2213, 3)
(107170458053, 2)
(2217, 3)
(107364168777, 3)
(2218, 1)
(107412596458, 4)
(2222, 3)
(107606307182, 2)
(2223, 0)
(107654734863, 0)
(2227, 1)
(107848445587, 1)
(2228, 0)
(107896873268, 0)
(2232, 0)
(108090583992, 0)
(2233, 4)
(108139011673, 1)
(2237, 0)
(108332722397, 0)
(2238, 3)
(108381150078, 2)
(2242, 4)
(108574860802, 1)
(2243, 0)
(108623288483, 0)
(2247, 0)
(108816999207, 0)
(2248, 0)
(108865426888, 0)
(2252, 3)
(109059137612, 3)
(2253, 4)
(109107565293, 1)
(2257, 4)
(109301276017, 4)
(2258, 3)
(109349703698, 2)
(2262, 1)
(109543414422, 1)
(2263, 2)
(109591842103, 2)
(2267, 1)
(109785552827, 4)
(2268, 1)
(109833980508, 4)
(2272, 3)
(110027691232, 2)
(2273, 2)
(110076118913, 2)
(2277, 0)
(110269829637, 0)
(2278, 4)
(110318257318, 1)
(2282, 0)
(110511968042, 0)
(2283, 4)
(110560395723, 1)
(2287, 1)
(110754106447, 4)
(2288, 0)
(110802534128, 0)
(2292, 0)
(110996244852, 0)
(2293, 1)
(111044672533, 4)
(2297, 0)
(111238383257, 0)
(2298, 2)
(111286810938, 3)
(2302, 4)
(111480521662, 1)
(2303, 0)
(111528949343, 0)
(2307, 3)
(111722660067, 3)
(2308, 0)
(111771087748, 0)
(2312, 0)
(111964798472, 0)
(2313, 2)
(112013226153, 3)
(2317, 4)
(112206936877, 1)
(2318, 1)
(112255364558, 4)
(2322, 3)
(112449075282, 2)
(2323, 2)
(112497502963, 2)
(2327, 2)
(112691213687, 2)
(2328, 0)
(112739641368, 0)
(2332, 1)
(112933352092, 1)
(2333, 1)
(112981779773, 1)
(2337, 2)
(113175490497, 2)
(2338, 4)
(113223918178, 4)
(2342, 3)
(113417628902, 3)
(2343, 2)
(113466056583, 3)
(2347, 0)
(113659767307, 0)
(2348, 1)
(113708194988, 4)
(2352, 2)
(113901905712, 2)
(2353, 4)
(113950333393, 4)
(2357, 2)
(114144044117, 3)
(2358, 0)
(114192471798, 0)
(2362, 4)
(114386182522, 4)
(2363, 0)
(114434610203, 0)
(2367, 1)
(114628320927, 4)
(2368, 3)
(114676748608, 3)
(2372, 0)
(114870459332, 0)
(2373, 1)
(114918887013, 1)
(2377, 1)
(115112597737, 4)
(2378, 0)
(115161025418, 0)
(2382, 2)
(115354736142, 3)
(2383, 4)
(115403163823, 1)
(2387, 2)
(115596874547, 3)
(2388, 0)
(115645302228, 0)
(2392, 0)
(115839012952, 0)
(2393, 0)
(115887440633, 0)
(2397, 2)
(116081151357, 2)
(2398, 0)
(116129579038, 0)
(2402, 0)
(116323289762, 0)
(2403, 2)
(116371717443, 2)
(2407, 0)
(116565428167, 0)
(2408, 0)
(116613855848, 0)
(2412, 0)
(116807566572, 0)
(2413, 1)
(116855994253, 4)
(2417, 1)
(117049704977, 1)
(2418, 4)
(117098132658, 4)
(2422, 0)
(117291843382, 0)
(2423, 3)
(117340271063, 3)
(2427, 4)
(117533981787, 4)
(2428, 4)
(117582409468, 4)
(2432, 1)
(117776120192, 4)
(2433, 0)
(117824547873, 0)
(2437, 3)
(118018258597, 3)
(2438, 3)
(118066686278, 2)
(2442, 3)
(118260397002, 3)
(2443, 4)
(118308824683, 4)
(2447, 3)
(118502535407, 3)
(2448, 1)
(118550963088, 4)
(2452, 0)
(118744673812, 0)
(2453, 3)
(118793101493, 3)
(2457, 2)
(118986812217, 3)
(2458, 3)
(119035239898, 2)
(2462, 3)
(119228950622, 2)
(2463, 4)
(119277378303, 1)
(2467, 2)
(119471089027, 3)
(2468, 0)
(119519516708, 0)
(2472, 0)
(119713227432, 0)
(2473, 0)
(119761655113, 0)
(2477, 3)
(119955365837, 3)
(2478, 2)
(120003793518, 3)
(2482, 1)
(120197504242, 4)
(2483, 0)
(120245931923, 0)
(2487, 0)
(120439642647, 0)
(2488, 0)
(120488070328, 0)
(2492, 4)
(120681781052, 1)
(2493, 0)
(120730208733, 0)
(2497, 3)
(120923919457, 3)
(2498, 0)
(120972347138, 0)
(2502, 3)
(121166057862, 2)
(2503, 1)
(121214485543, 1)
(2507, 4)
(121408196267, 4)
(2508, 2)
(121456623948, 3)
(2512, 2)
(121650334672, 2)
(2513, 3)
(121698762353, 3)
(2517, 4)
(121892473077, 4)
(2518, 0)
(121940900758, 0)
(2522, 4)
(122134611482, 4)
(2523, 3)
(122183039163, 3)
(2527, 4)
(122376749887, 1)
(2528, 4)
(122425177568, 4)
(2532, 0)
(122618888292, 0)
(2533, 4)
(122667315973, 4)
(2537, 0)
(122861026697, 0)
(2538, 2)
(122909454378, 3)
(2542, 4)
(123103165102, 1)
(2543, 0)
(123151592783, 0)
(2547, 0)
(123345303507, 0)
(2548, 0)
(123393731188, 0)
(2552, 0)
(123587441912, 0)
(2553, 1)
(123635869593, 4)
(2557, 3)
(123829580317, 3)
(2558, 4)
(123878007998, 4)
(2562, 1)
(124071718722, 4)
(2563, 4)
(124120146403, 4)
(2567, 1)
(124313857127, 4)
(2568, 0)
(124362284808, 0)
(2572, 1)
(124555995532, 4)
(2573, 1)
(124604423213, 4)
(2577, 0)
(124798133937, 0)
(2578, 1)
(124846561618, 1)
(2582, 0)
(125040272342, 0)
(2583, 2)
(125088700023, 2)
(2587, 3)
(125282410747, 2)
(2588, 4)
(125330838428, 4)
(2592, 3)
(125524549152, 3)
(2593, 1)
(125572976833, 4)
(2597, 4)
(125766687557, 4)
(2598, 4)
(125815115238, 1)
(2602, 4)
(126008825962, 1)
(2603, 0)
(126057253643, 0)
(2607, 2)
(126250964367, 2)
(2608, 2)
(126299392048, 3)
(2612, 0)
(126493102772, 0)
(2613, 1)
(126541530453, 1)
(2617, 2)
(126735241177, 2)
(2618, 0)
(126783668858, 0)
(2622, 1)
(126977379582, 1)
(2623, 2)
(127025807263, 3)
(2627, 2)
(127219517987, 3)
(2628, 0)
(127267945668, 0)
(2632, 0)
(127461656392, 0)
(2633, 3)
(127510084073, 2)
(2637, 4)
(127703794797, 4)
(2638, 0)
(127752222478, 0)
(2642, 3)
(127945933202, 2)
(2643, 0)
(127994360883, 0)
(2647, 0)
(128188071607, 0)
(2648, 0)
(128236499288, 0)
(2652, 2)
(128430210012, 3)
(2653, 1)
(128478637693, 1)
(2657, 2)
(128672348417, 3)
(2658, 4)
(128720776098, 1)
(2662, 1)
(128914486822, 1)
(2663, 3)
(128962914503, 2)
(2667, 3)
(129156625227, 2)
(2668, 2)
(129205052908, 3)
(2672, 4)
(129398763632, 1)
(2673, 3)
(129447191313, 3)
(2677, 2)
(129640902037, 2)
(2678, 0)
(129689329718, 0)
(2682, 0)
(129883040442, 0)
(2683, 0)
(129931468123, 0)
(2687, 4)
(130125178847, 1)
(2688, 1)
(130173606528, 4)
(2692, 0)
(130367317252, 0)
(2693, 3)
(130415744933, 2)
(2697, 4)
(130609455657, 4)
(2698, 4)
(130657883338, 4)
(2702, 2)
(130851594062, 2)
(2703, 3)
(130900021743, 2)
(2707, 2)
(131093732467, 2)
(2708, 0)
(131142160148, 0)
(2712, 0)
(131335870872, 0)
(2713, 1)
(131384298553, 1)
(2717, 2)
(131578009277, 3)
(2718, 1)
(131626436958, 1)
(2722, 0)
(131820147682, 0)
(2723, 3)
(131868575363, 3)
(2727, 0)
(132062286087, 0)
(2728, 0)
(132110713768, 0)
(2732, 0)
(132304424492, 0)
(2733, 3)
(132352852173, 3)
(2737, 1)
(132546562897, 4)
(2738, 4)
(132594990578, 4)
(2742, 3)
(132788701302, 2)
(2743, 0)
(132837128983, 0)
(2747, 3)
(133030839707, 2)
(2748, 1)
(133079267388, 4)
(2752, 0)
(133272978112, 0)
(2753, 2)
(133321405793, 2)
(2757, 4)
(133515116517, 1)
(2758, 4)
(133563544198, 1)
(2762, 4)
(133757254922, 1)
(2763, 0)
(133805682603, 0)
(2767, 4)
(133999393327, 4)
(2768, 2)
(134047821008, 3)
(2772, 0)
(134241531732, 0)
(2773, 4)
(134289959413, 1)
(2777, 0)
(134483670137, 0)
(2778, 1)
(134532097818, 1)
(2782, 2)
(134725808542, 3)
(2783, 4)
(134774236223, 1)
(2787, 1)
(134967946947, 4)
(2788, 0)
(135016374628, 0)
(2792, 0)
(135210085352, 0)
(2793, 4)
(135258513033, 1)
(2797, 3)
(135452223757, 3)
(2798, 4)
(135500651438, 4)
(2802, 1)
(135694362162, 4)
(2803, 1)
(135742789843, 1)
(2807, 3)
(135936500567, 3)
(2808, 0)
(135984928248, 0)
(2812, 3)
(136178638972, 2)
(2813, 0)
(136227066653, 0)
(2817, 0)
(136420777377, 0)
(2818, 0)
(136469205058, 0)
(2822, 2)
(136662915782, 2)
(2823, 1)
(136711343463, 1)
(2827, 3)
(136905054187, 2)
(2828, 3)
(136953481868, 3)
(2832, 3)
(137147192592, 3)
(2833, 3)
(137195620273, 2)
(2837, 1)
(137389330997, 1)
(2838, 0)
(137437758678, 0)
(2842, 2)
(137631469402, 2)
(2843, 0)
(137679897083, 0)
(2847, 3)
(137873607807, 3)
(2848, 4)
(137922035488, 4)
(2852, 0)
(138115746212, 0)
(2853, 0)
(138164173893, 0)
(2857, 0)
(138357884617, 0)
(2858, 3)
(138406312298, 3)
(2862, 2)
(138600023022, 2)
(2863, 2)
(138648450703, 3)
(2867, 2)
(138842161427, 3)
(2868, 0)
(138890589108, 0)
(2872, 0)
(139084299832, 0)
(2873, 3)
(139132727513, 2)
(2877, 0)
(139326438237, 0)
(2878, 1)
(139374865918, 1)
(2882, 1)
(139568576642, 4)
(2883, 3)
(139617004323, 3)
(2887, 0)
(139810715047, 0)
(2888, 0)
(139859142728, 0)
(2892, 3)
(140052853452, 3)
(2893, 4)
(140101281133, 1)
(2897, 1)
(140294991857, 4)
(2898, 0)
(140343419538, 0)
(2902, 2)
(140537130262, 2)
(2903, 4)
(140585557943, 1)
(2907, 2)
(140779268667, 2)
(2908, 4)
(140827696348, 1)
(2912, 4)
(141021407072, 1)
(2913, 2)
(141069834753, 2)
(2917, 2)
(141263545477, 3)
(2918, 4)
(141311973158, 1)
(2922, 1)
(141505683882, 4)
(2923, 4)
(141554111563, 4)
(2927, 4)
(141747822287, 4)
(2928, 3)
(141796249968, 3)
(2932, 0)
(141989960692, 0)
(2933, 1)
(142038388373, 4)
(2937, 4)
(142232099097, 4)
(2938, 4)
(142280526778, 1)
(2942, 0)
(142474237502, 0)
(2943, 3)
(142522665183, 2)
(2947, 3)
(142716375907, 3)
(2948, 0)
(142764803588, 0)
(2952, 0)
(142958514312, 0)
(2953, 1)
(143006941993, 4)
(2957, 4)
(143200652717, 4)
(2958, 2)
(143249080398, 3)
(2962, 4)
(143442791122, 4)
(2963, 2)
(143491218803, 3)
(2967, 1)
(143684929527, 1)
(2968, 0)
(143733357208, 0)
(2972, 2)
(143927067932, 2)
(2973, 2)
(143975495613, 2)
(2977, 4)
(144169206337, 1)
(2978, 0)
(144217634018, 0)
(2982, 1)
(144411344742, 1)
(2983, 0)
(144459772423, 0)
(2987, 0)
(144653483147, 0)
(2988, 2)
(144701910828, 3)
(2992, 1)
(144895621552, 4)
(2993, 2)
(144944049233, 3)
(2997, 4)
(145137759957, 4)
(2998, 3)
(145186187638, 3)
(3002, 4)
(145379898362, 1)
(3003, 2)
(145428326043, 3)
(3007, 0)
(145622036767, 0)
(3008, 0)
(145670464448, 0)
(3012, 0)
(145864175172, 0)
(3013, 3)
(145912602853, 3)
(3017, 3)
(146106313577, 2)
(3018, 4)
(146154741258, 4)
(3022, 2)
(146348451982, 3)
(3023, 2)
(146396879663, 2)
(3027, 2)
(146590590387, 3)
(3028, 0)
(146639018068, 0)
(3032, 0)
(146832728792, 0)
(3033, 0)
(146881156473, 0)
(3037, 3)
(147074867197, 2)
(3038, 1)
(147123294878, 1)
(3042, 0)
(147317005602, 0)
(3043, 3)
(147365433283, 2)
(3047, 2)
(147559144007, 2)
(3048, 0)
(147607571688, 0)
(3052, 3)
(147801282412, 3)
(3053, 0)
(147849710093, 0)
(3057, 3)
(148043420817, 2)
(3058, 2)
(148091848498, 3)
(3062, 4)
(148285559222, 4)
(3063, 1)
(148333986903, 1)
(3067, 2)
(148527697627, 3)
(3068, 1)
(148576125308, 1)
(3072, 4)
(148769836032, 4)
(3073, 1)
(148818263713, 4)
(3077, 4)
(149011974437, 1)
(3078, 4)
(149060402118, 1)
(3082, 0)
(149254112842, 0)
(3083, 2)
(149302540523, 3)
(3087, 0)
(149496251247, 0)
(3088, 2)
(149544678928, 3)
(3092, 0)
(149738389652, 0)
(3093, 2)
(149786817333, 2)
(3097, 3)
(149980528057, 3)
(3098, 4)
(150028955738, 1)
(3102, 1)
(150222666462, 4)
(3103, 0)
(150271094143, 0)
(3107, 3)
(150464804867, 3)
(3108, 0)
(150513232548, 0)
(3112, 0)
(150706943272, 0)
(3113, 1)
(150755370953, 1)
(3117, 0)
(150949081677, 0)
(3118, 0)
(150997509358, 0)
(3122, 3)
(151191220082, 2)
(3123, 0)
(151239647763, 0)
(3127, 1)
(151433358487, 1)
(3128, 0)
(151481786168, 0)
(3132, 3)
(151675496892, 3)
(3133, 0)
(151723924573, 0)
(3137, 1)
(151917635297, 4)
(3138, 4)
(151966062978, 1)
(3142, 0)
(152159773702, 0)
(3143, 1)
(152208201383, 4)
(3147, 0)
(152401912107, 0)
(3148, 0)
(152450339788, 0)
(3152, 0)
(152644050512, 0)
(3153, 4)
(152692478193, 4)
(3157, 4)
(152886188917, 4)
(3158, 2)
(152934616598, 2)
(3162, 0)
(153128327322, 0)
(3163, 1)
(153176755003, 4)
(3167, 2)
(153370465727, 3)
(3168, 0)
(153418893408, 0)
(3172, 0)
(153612604132, 0)
(3173, 0)
(153661031813, 0)
(3177, 3)
(153854742537, 2)
(3178, 0)
(153903170218, 0)
(3182, 2)
(154096880942, 3)
(3183, 4)
(154145308623, 1)
(3187, 2)
(154339019347, 3)
(3188, 0)
(154387447028, 0)
(3192, 0)
(154581157752, 0)
(3193, 4)
(154629585433, 1)
(3197, 4)
(154823296157, 4)
(3198, 2)
(154871723838, 3)
(3202, 1)
(155065434562, 4)
(3203, 4)
(155113862243, 4)
(3207, 3)
(155307572967, 3)
(3208, 0)
(155356000648, 0)
(3212, 0)
(155549711372, 0)
(3213, 3)
(155598139053, 3)
(3217, 1)
(155791849777, 1)
(3218, 1)
(155840277458, 1)
(3222, 0)
(156033988182, 0)
(3223, 0)
(156082415863, 0)
(3227, 4)
(156276126587, 4)
(3228, 2)
(156324554268, 3)
(3232, 2)
(156518264992, 3)
(3233, 4)
(156566692673, 4)
(3237, 2)
(156760403397, 3)
(3238, 3)
(156808831078, 2)
(3242, 3)
(157002541802, 3)
(3243, 2)
(157050969483, 2)
(3247, 3)
(157244680207, 2)
(3248, 3)
(157293107888, 2)
(3252, 0)
(157486818612, 0)
(3253, 1)
(157535246293, 4)
(3257, 1)
(157728957017, 4)
(3258, 4)
(157777384698, 4)
(3262, 3)
(157971095422, 2)
(3263, 3)
(158019523103, 3)
(3267, 4)
(158213233827, 4)
(3268, 0)
(158261661508, 0)
(3272, 0)
(158455372232, 0)
(3273, 4)
(158503799913, 4)
(3277, 3)
(158697510637, 2)
(3278, 1)
(158745938318, 4)
(3282, 0)
(158939649042, 0)
(3283, 1)
(158988076723, 1)
(3287, 1)
(159181787447, 1)
(3288, 0)
(159230215128, 0)
(3292, 3)
(159423925852, 2)
(3293, 1)
(159472353533, 1)
(3297, 0)
(159666064257, 0)
(3298, 1)
(159714491938, 4)
(3302, 1)
(159908202662, 1)
(3303, 0)
(159956630343, 0)
(3307, 4)
(160150341067, 4)
(3308, 1)
(160198768748, 1)
(3312, 1)
(160392479472, 4)
(3313, 1)
(160440907153, 4)
(3317, 1)
(160634617877, 4)
(3318, 2)
(160683045558, 3)
(3322, 4)
(160876756282, 4)
(3323, 3)
(160925183963, 3)
(3327, 4)
(161118894687, 1)
(3328, 2)
(161167322368, 2)
(3332, 0)
(161361033092, 0)
(3333, 3)
(161409460773, 2)
(3337, 4)
(161603171497, 4)
(3338, 0)
(161651599178, 0)
(3342, 4)
(161845309902, 1)
(3343, 4)
(161893737583, 4)
(3347, 1)
(162087448307, 4)
(3348, 0)
(162135875988, 0)
(3352, 0)
(162329586712, 0)
(3353, 0)
(162378014393, 0)
(3357, 0)
(162571725117, 0)
(3358, 2)
(162620152798, 3)
(3362, 4)
(162813863522, 4)
(3363, 4)
(162862291203, 1)
(3367, 0)
(163056001927, 0)
(3368, 0)
(163104429608, 0)
(3372, 2)
(163298140332, 2)
(3373, 4)
(163346568013, 4)
(3377, 3)
(163540278737, 3)
(3378, 4)
(163588706418, 4)
(3382, 0)
(163782417142, 0)
(3383, 1)
(163830844823, 1)
(3387, 2)
(164024555547, 3)
(3388, 3)
(164072983228, 2)
(3392, 1)
(164266693952, 1)
(3393, 2)
(164315121633, 2)
(3397, 0)
(164508832357, 0)
(3398, 3)
(164557260038, 3)
(3402, 3)
(164750970762, 2)
(3403, 2)
(164799398443, 2)
(3407, 3)
(164993109167, 2)
(3408, 4)
(165041536848, 1)
(3412, 0)
(165235247572, 0)
(3413, 3)
(165283675253, 2)
(3417, 4)
(165477385977, 1)
(3418, 2)
(165525813658, 2)
(3422, 3)
(165719524382, 3)
(3423, 0)
(165767952063, 0)
(3427, 1)
(165961662787, 1)
(3428, 0)
(166010090468, 0)
(3432, 0)
(166203801192, 0)
(3433, 1)
(166252228873, 4)
(3437, 2)
(166445939597, 2)
(3438, 0)
(166494367278, 0)
(3442, 0)
(166688078002, 0)
(3443, 4)
(166736505683, 1)
(3447, 4)
(166930216407, 1)
(3448, 0)
(166978644088, 0)
(3452, 2)
(167172354812, 3)
(3453, 3)
(167220782493, 2)
(3457, 3)
(167414493217, 2)
(3458, 0)
(167462920898, 0)
(3462, 3)
(167656631622, 3)
(3463, 4)
(167705059303, 1)
(3467, 4)
(167898770027, 1)
(3468, 4)
(167947197708, 4)
(3472, 1)
(168140908432, 4)
(3473, 0)
(168189336113, 0)
(3477, 2)
(168383046837, 3)
(3478, 4)
(168431474518, 1)
(3482, 4)
(168625185242, 4)
(3483, 3)
(168673612923, 2)
(3487, 2)
(168867323647, 2)
(3488, 0)
(168915751328, 0)
(3492, 0)
(169109462052, 0)
(3493, 3)
(169157889733, 3)
(3497, 2)
(169351600457, 3)
(3498, 0)
(169400028138, 0)
(3502, 4)
(169593738862, 4)
(3503, 2)
(169642166543, 3)
(3507, 3)
(169835877267, 3)
(3508, 0)
(169884304948, 0)
(3512, 0)
(170078015672, 0)
(3513, 4)
(170126443353, 4)
(3517, 0)
(170320154077, 0)
(3518, 3)
(170368581758, 2)
(3522, 3)
(170562292482, 2)
(3523, 4)
(170610720163, 4)
(3527, 0)
(170804430887, 0)
(3528, 0)
(170852858568, 0)
(3532, 1)
(171046569292, 4)
(3533, 0)
(171094996973, 0)
(3537, 3)
(171288707697, 2)
(3538, 3)
(171337135378, 3)
(3542, 2)
(171530846102, 2)
(3543, 3)
(171579273783, 3)
(3547, 4)
(171772984507, 4)
(3548, 2)
(171821412188, 2)
(3552, 4)
(172015122912, 4)
(3553, 1)
(172063550593, 1)
(3557, 4)
(172257261317, 4)
(3558, 3)
(172305688998, 3)
(3562, 2)
(172499399722, 2)
(3563, 3)
(172547827403, 2)
(3567, 0)
(172741538127, 0)
(3568, 2)
(172789965808, 2)
