(2, 4)
(6188162, 4)
(3, 3)
(9282243, 2)
(7, 4)
(21658567, 1)
(8, 0)
(24752648, 0)
(12, 4)
(37128972, 1)
(13, 3)
(40223053, 3)
(17, 4)
(52599377, 4)
(18, 3)
(55693458, 3)
(22, 3)
(68069782, 3)
(23, 3)
(71163863, 3)
(27, 3)
(83540187, 2)
(28, 3)
(86634268, 2)
(32, 2)
(99010592, 2)
(33, 1)
(102104673, 4)
(37, 2)
(114480997, 3)
(38, 1)
(117575078, 4)
(42, 1)
(129951402, 1)
(43, 4)
(133045483, 4)
(47, 0)
(145421807, 0)
(48, 4)
(148515888, 1)
(52, 0)
(160892212, 0)
(53, 4)
(163986293, 4)
(57, 4)
(176362617, 4)
(58, 2)
(179456698, 3)
(62, 2)
(191833022, 2)
(63, 0)
(194927103, 0)
(67, 1)
(207303427, 4)
(68, 0)
(210397508, 0)
(72, 0)
(222773832, 0)
(73, 1)
(225867913, 4)
(77, 3)
(238244237, 2)
(78, 4)
(241338318, 1)
(82, 1)
(253714642, 1)
(83, 2)
(256808723, 3)
(87, 4)
(269185047, 4)
(88, 0)
(272279128, 0)
(92, 1)
(284655452, 1)
(93, 1)
(287749533, 4)
(97, 4)
(300125857, 1)
(98, 4)
(303219938, 4)
(102, 1)
(315596262, 4)
(103, 0)
(318690343, 0)
(107, 3)
(331066667, 2)
(108, 4)
(334160748, 1)
(112, 4)
(346537072, 1)
(113, 2)
(349631153, 2)
(117, 0)
(362007477, 0)
(118, 1)
(365101558, 4)
(122, 0)
(377477882, 0)
(123, 3)
(380571963, 2)
(127, 0)
(392948287, 0)
(128, 4)
(396042368, 4)
(132, 0)
(408418692, 0)
(133, 1)
(411512773, 1)
(137, 3)
(423889097, 3)
(138, 3)
(426983178, 2)
(142, 1)
(439359502, 1)
(143, 0)
(442453583, 0)
(147, 4)
(454829907, 1)
(148, 0)
(457923988, 0)
(152, 0)
(470300312, 0)
(153, 3)
(473394393, 3)
(157, 1)
(485770717, 4)
(158, 3)
(488864798, 2)
(162, 1)
(501241122, 1)
(163, 4)
(504335203, 4)
(167, 4)
(516711527, 1)
(168, 0)
(519805608, 0)
(172, 2)
(532181932, 2)
(173, 1)
(535276013, 1)
(177, 4)
(547652337, 4)
(178, 3)
(550746418, 3)
(182, 3)
(563122742, 2)
(183, 3)
(566216823, 3)
(187, 2)
(578593147, 2)
(188, 0)
(581687228, 0)
(192, 0)
(594063552, 0)
(193, 1)
(597157633, 4)
(197, 0)
(609533957, 0)
(198, 0)
(612628038, 0)
(202, 4)
(625004362, 1)
(203, 1)
(628098443, 1)
(207, 1)
(640474767, 1)
(208, 1)
(643568848, 1)
(212, 0)
(655945172, 0)
(213, 2)
(659039253, 3)
(217, 3)
(671415577, 2)
(218, 0)
(674509658, 0)
(222, 3)
(686885982, 3)
(223, 2)
(689980063, 2)
(227, 0)
(702356387, 0)
(228, 0)
(705450468, 0)
(232, 0)
(717826792, 0)
(233, 3)
(720920873, 3)
(237, 2)
(733297197, 2)
(238, 3)
(736391278, 2)
(242, 4)
(748767602, 4)
(243, 4)
(751861683, 1)
(247, 4)
(764238007, 1)
(248, 0)
(767332088, 0)
(252, 0)
(779708412, 0)
(253, 1)
(782802493, 1)
(257, 1)
(795178817, 4)
(258, 3)
(798272898, 2)
(262, 4)
(810649222, 4)
(263, 3)
(813743303, 2)
(267, 2)
(826119627, 3)
(268, 3)
(829213708, 2)
(272, 3)
(841590032, 3)
(273, 2)
(844684113, 2)
(277, 1)
(857060437, 4)
(278, 4)
(860154518, 1)
(282, 2)
(872530842, 3)
(283, 2)
(875624923, 3)
(287, 1)
(888001247, 4)
(288, 4)
(891095328, 4)
(292, 0)
(903471652, 0)
(293, 2)
(906565733, 2)
(297, 1)
(918942057, 4)
(298, 1)
(922036138, 1)
(302, 3)
(934412462, 2)
(303, 0)
(937506543, 0)
(307, 3)
(949882867, 3)
(308, 0)
(952976948, 0)
(312, 0)
(965353272, 0)
(313, 2)
(968447353, 2)
(317, 0)
(980823677, 0)
(318, 2)
(983917758, 3)
(322, 2)
(996294082, 3)
(323, 1)
(999388163, 4)
(327, 3)
(1011764487, 2)
(328, 0)
(1014858568, 0)
(332, 1)
(1027234892, 4)
(333, 0)
(1030328973, 0)
(337, 3)
(1042705297, 3)
(338, 0)
(1045799378, 0)
(342, 2)
(1058175702, 3)
(343, 3)
(1061269783, 2)
(347, 0)
(1073646107, 0)
(348, 3)
(1076740188, 3)
(352, 4)
(1089116512, 4)
(353, 4)
(1092210593, 1)
(357, 3)
(1104586917, 3)
(358, 1)
(1107680998, 1)
(362, 2)
(1120057322, 3)
(363, 4)
(1123151403, 1)
(367, 1)
(1135527727, 4)
(368, 3)
(1138621808, 3)
(372, 0)
(1150998132, 0)
(373, 0)
(1154092213, 0)
(377, 1)
(1166468537, 4)
(378, 1)
(1169562618, 1)
(382, 2)
(1181938942, 3)
(383, 2)
(1185033023, 3)
(387, 0)
(1197409347, 0)
(388, 0)
(1200503428, 0)
(392, 0)
(1212879752, 0)
(393, 3)
(1215973833, 2)
(397, 1)
(1228350157, 1)
(398, 0)
(1231444238, 0)
(402, 4)
(1243820562, 4)
(403, 3)
(1246914643, 3)
(407, 4)
(1259290967, 1)
(408, 0)
(1262385048, 0)
(412, 0)
(1274761372, 0)
(413, 0)
(1277855453, 0)
(417, 2)
(1290231777, 2)
(418, 3)
(1293325858, 2)
(422, 0)
(1305702182, 0)
(423, 0)
(1308796263, 0)
(427, 2)
(1321172587, 2)
(428, 4)
(1324266668, 1)
(432, 4)
(1336642992, 1)
(433, 3)
(1339737073, 3)
(437, 0)
(1352113397, 0)
(438, 3)
(1355207478, 3)
(442, 2)
(1367583802, 2)
(443, 0)
(1370677883, 0)
(447, 1)
(1383054207, 4)
(448, 2)
(1386148288, 3)
(452, 0)
(1398524612, 0)
(453, 3)
(1401618693, 3)
(457, 3)
(1413995017, 2)
(458, 1)
(1417089098, 4)
(462, 2)
(1429465422, 2)
(463, 2)
(1432559503, 3)
(467, 2)
(1444935827, 2)
(468, 0)
(1448029908, 0)
(472, 0)
(1460406232, 0)
(473, 3)
(1463500313, 3)
(477, 3)
(1475876637, 3)
(478, 3)
(1478970718, 3)
(482, 0)
(1491347042, 0)
(483, 1)
(1494441123, 1)
(487, 3)
(1506817447, 3)
(488, 0)
(1509911528, 0)
(492, 4)
(1522287852, 1)
(493, 3)
(1525381933, 2)
(497, 4)
(1537758257, 1)
(498, 3)
(1540852338, 3)
(502, 1)
(1553228662, 1)
(503, 1)
(1556322743, 1)
(507, 1)
(1568699067, 4)
(508, 0)
(1571793148, 0)
(512, 4)
(1584169472, 4)
(513, 4)
(1587263553, 4)
(517, 2)
(1599639877, 2)
(518, 1)
(1602733958, 1)
(522, 0)
(1615110282, 0)
(523, 0)
(1618204363, 0)
(527, 2)
(1630580687, 2)
(528, 2)
(1633674768, 3)
(532, 0)
(1646051092, 0)
(533, 3)
(1649145173, 3)
(537, 2)
(1661521497, 3)
(538, 0)
(1664615578, 0)
(542, 1)
(1676991902, 1)
(543, 2)
(1680085983, 2)
(547, 3)
(1692462307, 2)
(548, 0)
(1695556388, 0)
(552, 0)
(1707932712, 0)
(553, 2)
(1711026793, 2)
(557, 3)
(1723403117, 3)
(558, 4)
(1726497198, 4)
(562, 2)
(1738873522, 3)
(563, 1)
(1741967603, 4)
(567, 3)
(1754343927, 2)
(568, 0)
(1757438008, 0)
(572, 0)
(1769814332, 0)
(573, 4)
(1772908413, 4)
(577, 3)
(1785284737, 2)
(578, 2)
(1788378818, 2)
(582, 4)
(1800755142, 4)
(583, 3)
(1803849223, 3)
(587, 2)
(1816225547, 3)
(588, 2)
(1819319628, 3)
(592, 4)
(1831695952, 1)
(593, 1)
(1834790033, 4)
(597, 2)
(1847166357, 3)
(598, 3)
(1850260438, 3)
(602, 1)
(1862636762, 4)
(603, 0)
(1865730843, 0)
(607, 2)
(1878107167, 3)
(608, 3)
(1881201248, 2)
(612, 0)
(1893577572, 0)
(613, 0)
(1896671653, 0)
(617, 2)
(1909047977, 3)
(618, 2)
(1912142058, 2)
(622, 3)
(1924518382, 3)
(623, 2)
(1927612463, 3)
(627, 4)
(1939988787, 4)
(628, 0)
(1943082868, 0)
(632, 0)
(1955459192, 0)
(633, 0)
(1958553273, 0)
(637, 4)
(1970929597, 4)
(638, 0)
(1974023678, 0)
(642, 4)
(1986400002, 4)
(643, 2)
(1989494083, 3)
(647, 2)
(2001870407, 2)
(648, 0)
(2004964488, 0)
(652, 2)
(2017340812, 2)
(653, 1)
(2020434893, 4)
(657, 0)
(2032811217, 0)
(658, 3)
(2035905298, 2)
(662, 3)
(2048281622, 2)
(663, 1)
(2051375703, 4)
(667, 4)
(2063752027, 1)
(668, 3)
(2066846108, 2)
(672, 3)
(2079222432, 3)
(673, 3)
(2082316513, 2)
(677, 0)
(2094692837, 0)
(678, 0)
(2097786918, 0)
(682, 3)
(2110163242, 3)
(683, 0)
(2113257323, 0)
(687, 3)
(2125633647, 3)
(688, 2)
(2128727728, 2)
(692, 0)
(2141104052, 0)
(693, 1)
(2144198133, 4)
(697, 3)
(2156574457, 3)
(698, 1)
(2159668538, 1)
(702, 4)
(2172044862, 1)
(703, 4)
(2175138943, 4)
(707, 1)
(2187515267, 1)
(708, 0)
(2190609348, 0)
(712, 0)
(2202985672, 0)
(713, 1)
(2206079753, 1)
(717, 1)
(2218456077, 4)
(718, 2)
(2221550158, 2)
(722, 1)
(2233926482, 1)
(723, 1)
(2237020563, 4)
(727, 2)
(2249396887, 2)
(728, 0)
(2252490968, 0)
(732, 1)
(2264867292, 1)
(733, 1)
(2267961373, 4)
(737, 0)
(2280337697, 0)
(738, 0)
(2283431778, 0)
(742, 2)
(2295808102, 3)
(743, 1)
(2298902183, 4)
(747, 4)
(2311278507, 1)
(748, 1)
(2314372588, 1)
(752, 0)
(2326748912, 0)
(753, 3)
(2329842993, 2)
(757, 0)
(2342219317, 0)
(758, 2)
(2345313398, 2)
(762, 3)
(2357689722, 2)
(763, 1)
(2360783803, 4)
(767, 3)
(2373160127, 2)
(768, 2)
(2376254208, 3)
(772, 0)
(2388630532, 0)
(773, 4)
(2391724613, 4)
(777, 1)
(2404100937, 4)
(778, 4)
(2407195018, 1)
(782, 1)
(2419571342, 1)
(783, 4)
(2422665423, 4)
(787, 0)
(2435041747, 0)
(788, 0)
(2438135828, 0)
(792, 0)
(2450512152, 0)
(793, 2)
(2453606233, 3)
(797, 0)
(2465982557, 0)
(798, 1)
(2469076638, 4)
(802, 3)
(2481452962, 2)
(803, 0)
(2484547043, 0)
(807, 1)
(2496923367, 1)
(808, 0)
(2500017448, 0)
(812, 3)
(2512393772, 3)
(813, 3)
(2515487853, 2)
(817, 2)
(2527864177, 3)
(818, 3)
(2530958258, 3)
(822, 0)
(2543334582, 0)
(823, 4)
(2546428663, 1)
(827, 2)
(2558804987, 3)
(828, 2)
(2561899068, 2)
(832, 2)
(2574275392, 2)
(833, 2)
(2577369473, 2)
(837, 1)
(2589745797, 4)
(838, 4)
(2592839878, 4)
(842, 4)
(2605216202, 4)
(843, 4)
(2608310283, 4)
(847, 4)
(2620686607, 1)
(848, 3)
(2623780688, 3)
(852, 0)
(2636157012, 0)
(853, 0)
(2639251093, 0)
(857, 2)
(2651627417, 3)
(858, 1)
(2654721498, 4)
(862, 2)
(2667097822, 2)
(863, 1)
(2670191903, 1)
(867, 3)
(2682568227, 2)
(868, 0)
(2685662308, 0)
(872, 0)
(2698038632, 0)
(873, 0)
(2701132713, 0)
(877, 0)
(2713509037, 0)
(878, 0)
(2716603118, 0)
(882, 3)
(2728979442, 3)
(883, 2)
(2732073523, 3)
(887, 1)
(2744449847, 4)
(888, 0)
(2747543928, 0)
(892, 4)
(2759920252, 4)
(893, 2)
(2763014333, 3)
(897, 1)
(2775390657, 4)
(898, 2)
(2778484738, 3)
(902, 2)
(2790861062, 2)
(903, 1)
(2793955143, 1)
(907, 3)
(2806331467, 3)
(908, 0)
(2809425548, 0)
(912, 3)
(2821801872, 3)
(913, 3)
(2824895953, 2)
(917, 0)
(2837272277, 0)
(918, 1)
(2840366358, 4)
(922, 2)
(2852742682, 2)
(923, 0)
(2855836763, 0)
(927, 0)
(2868213087, 0)
(928, 1)
(2871307168, 4)
(932, 0)
(2883683492, 0)
(933, 4)
(2886777573, 1)
(937, 0)
(2899153897, 0)
(938, 1)
(2902247978, 1)
(942, 3)
(2914624302, 3)
(943, 1)
(2917718383, 1)
(947, 0)
(2930094707, 0)
(948, 0)
(2933188788, 0)
(952, 0)
(2945565112, 0)
(953, 3)
(2948659193, 2)
(957, 1)
(2961035517, 1)
(958, 1)
(2964129598, 4)
(962, 2)
(2976505922, 3)
(963, 1)
(2979600003, 4)
(967, 4)
(2991976327, 1)
(968, 0)
(2995070408, 0)
(972, 2)
(3007446732, 3)
(973, 3)
(3010540813, 3)
(977, 0)
(3022917137, 0)
(978, 4)
(3026011218, 1)
(982, 0)
(3038387542, 0)
(983, 2)
(3041481623, 2)
(987, 3)
(3053857947, 3)
(988, 3)
(3056952028, 2)
(992, 1)
(3069328352, 1)
(993, 3)
(3072422433, 3)
(997, 4)
(3084798757, 4)
(998, 1)
(3087892838, 1)
(1002, 4)
(3100269162, 4)
(1003, 1)
(3103363243, 4)
(1007, 0)
(3115739567, 0)
(1008, 0)
(3118833648, 0)
(1012, 0)
(3131209972, 0)
(1013, 4)
(3134304053, 1)
(1017, 4)
(3146680377, 4)
(1018, 3)
(3149774458, 2)
(1022, 3)
(3162150782, 3)
(1023, 1)
(3165244863, 4)
(1027, 4)
(3177621187, 1)
(1028, 0)
(3180715268, 0)
(1032, 0)
(3193091592, 0)
(1033, 3)
(3196185673, 3)
(1037, 0)
(3208561997, 0)
(1038, 2)
(3211656078, 3)
(1042, 3)
(3224032402, 3)
(1043, 2)
(3227126483, 3)
(1047, 4)
(3239502807, 1)
(1048, 0)
(3242596888, 0)
(1052, 1)
(3254973212, 4)
(1053, 1)
(3258067293, 1)
(1057, 1)
(3270443617, 1)
(1058, 0)
(3273537698, 0)
(1062, 0)
(3285914022, 0)
(1063, 4)
(3289008103, 1)
(1067, 2)
(3301384427, 3)
(1068, 1)
(3304478508, 4)
(1072, 3)
(3316854832, 2)
(1073, 1)
(3319948913, 1)
(1077, 4)
(3332325237, 1)
(1078, 3)
(3335419318, 3)
(1082, 3)
(3347795642, 3)
(1083, 2)
(3350889723, 3)
(1087, 1)
(3363266047, 4)
(1088, 1)
(3366360128, 1)
(1092, 0)
(3378736452, 0)
(1093, 0)
(3381830533, 0)
(1097, 1)
(3394206857, 1)
(1098, 0)
(3397300938, 0)
(1102, 0)
(3409677262, 0)
(1103, 3)
(3412771343, 2)
(1107, 3)
(3425147667, 2)
(1108, 0)
(3428241748, 0)
(1112, 0)
(3440618072, 0)
(1113, 4)
(3443712153, 4)
(1117, 4)
(3456088477, 1)
(1118, 1)
(3459182558, 1)
(1122, 4)
(3471558882, 1)
(1123, 0)
(3474652963, 0)
(1127, 3)
(3487029287, 3)
(1128, 0)
(3490123368, 0)
(1132, 1)
(3502499692, 4)
(1133, 2)
(3505593773, 3)
(1137, 0)
(3517970097, 0)
(1138, 2)
(3521064178, 2)
(1142, 2)
(3533440502, 2)
(1143, 0)
(3536534583, 0)
(1147, 1)
(3548910907, 4)
(1148, 2)
(3552004988, 3)
(1152, 3)
(3564381312, 3)
(1153, 4)
(3567475393, 1)
(1157, 3)
(3579851717, 3)
(1158, 4)
(3582945798, 4)
(1162, 3)
(3595322122, 3)
(1163, 3)
(3598416203, 2)
(1167, 3)
(3610792527, 3)
(1168, 2)
(3613886608, 3)
(1172, 0)
(3626262932, 0)
(1173, 1)
(3629357013, 4)
(1177, 2)
(3641733337, 3)
(1178, 1)
(3644827418, 4)
(1182, 0)
(3657203742, 0)
(1183, 0)
(3660297823, 0)
(1187, 4)
(3672674147, 1)
(1188, 0)
(3675768228, 0)
(1192, 0)
(3688144552, 0)
(1193, 4)
(3691238633, 4)
(1197, 0)
(3703614957, 0)
(1198, 2)
(3706709038, 2)
(1202, 1)
(3719085362, 4)
(1203, 4)
(3722179443, 4)
(1207, 2)
(3734555767, 2)
(1208, 0)
(3737649848, 0)
(1212, 0)
(3750026172, 0)
(1213, 0)
(3753120253, 0)
(1217, 2)
(3765496577, 3)
(1218, 4)
(3768590658, 1)
(1222, 3)
(3780966982, 3)
(1223, 0)
(3784061063, 0)
(1227, 4)
(3796437387, 1)
(1228, 4)
(3799531468, 4)
(1232, 1)
(3811907792, 4)
(1233, 1)
(3815001873, 1)
(1237, 4)
(3827378197, 4)
(1238, 2)
(3830472278, 3)
(1242, 3)
(3842848602, 2)
(1243, 1)
(3845942683, 1)
(1247, 4)
(3858319007, 1)
(1248, 2)
(3861413088, 3)
(1252, 0)
(3873789412, 0)
(1253, 3)
(3876883493, 2)
(1257, 0)
(3889259817, 0)
(1258, 2)
(3892353898, 3)
(1262, 4)
(3904730222, 4)
(1263, 0)
(3907824303, 0)
(1267, 1)
(3920200627, 1)
(1268, 0)
(3923294708, 0)
(1272, 0)
(3935671032, 0)
(1273, 0)
(3938765113, 0)
(1277, 4)
(3951141437, 1)
(1278, 0)
(3954235518, 0)
(1282, 3)
(3966611842, 2)
(1283, 4)
(3969705923, 4)
(1287, 0)
(3982082247, 0)
(1288, 0)
(3985176328, 0)
(1292, 3)
(3997552652, 2)
(1293, 1)
(4000646733, 4)
(1297, 2)
(4013023057, 3)
(1298, 2)
(4016117138, 3)
(1302, 4)
(4028493462, 4)
(1303, 1)
(4031587543, 4)
(1307, 1)
(4043963867, 4)
(1308, 1)
(4047057948, 4)
(1312, 3)
(4059434272, 3)
(1313, 1)
(4062528353, 4)
(1317, 0)
(4074904677, 0)
(1318, 0)
(4077998758, 0)
(1322, 3)
(4090375082, 3)
(1323, 4)
(4093469163, 1)
(1327, 0)
(4105845487, 0)
(1328, 1)
(4108939568, 4)
(1332, 0)
(4121315892, 0)
(1333, 0)
(4124409973, 0)
(1337, 4)
(4136786297, 4)
(1338, 0)
(4139880378, 0)
(1342, 0)
(4152256702, 0)
(1343, 4)
(4155350783, 1)
(1347, 1)
(4167727107, 1)
(1348, 0)
(4170821188, 0)
(1352, 0)
(4183197512, 0)
(1353, 4)
(4186291593, 1)
(1357, 1)
(4198667917, 4)
(1358, 4)
(4201761998, 4)
(1362, 1)
(4214138322, 4)
(1363, 4)
(4217232403, 1)
(1367, 0)
(4229608727, 0)
(1368, 0)
(4232702808, 0)
(1372, 1)
(4245079132, 4)
(1373, 2)
(4248173213, 2)
(1377, 1)
(4260549537, 1)
(1378, 0)
(4263643618, 0)
(1382, 2)
(4276019942, 2)
(1383, 3)
(4279114023, 2)
(1387, 4)
(4291490347, 4)
(1388, 0)
(4294584428, 0)
(1392, 4)
(4306960752, 4)
(1393, 4)
(4310054833, 1)
(1397, 4)
(4322431157, 4)
(1398, 0)
(4325525238, 0)
(1402, 1)
(4337901562, 4)
(1403, 1)
(4340995643, 4)
(1407, 1)
(4353371967, 4)
(1408, 3)
(4356466048, 3)
(1412, 0)
(4368842372, 0)
(1413, 0)
(4371936453, 0)
(1417, 1)
(4384312777, 1)
(1418, 4)
(4387406858, 1)
(1422, 1)
(4399783182, 4)
(1423, 4)
(4402877263, 1)
(1427, 0)
(4415253587, 0)
(1428, 0)
(4418347668, 0)
(1432, 0)
(4430723992, 0)
(1433, 4)
(4433818073, 1)
(1437, 4)
(4446194397, 4)
(1438, 1)
(4449288478, 4)
(1442, 1)
(4461664802, 1)
(1443, 2)
(4464758883, 2)
(1447, 2)
(4477135207, 2)
(1448, 0)
(4480229288, 0)
(1452, 2)
(4492605612, 3)
(1453, 1)
(4495699693, 4)
(1457, 4)
(4508076017, 4)
(1458, 2)
(4511170098, 2)
(1462, 4)
(4523546422, 4)
(1463, 2)
(4526640503, 2)
(1467, 0)
(4539016827, 0)
(1468, 2)
(4542110908, 3)
(1472, 4)
(4554487232, 4)
(1473, 2)
(4557581313, 3)
(1477, 1)
(4569957637, 1)
(1478, 0)
(4573051718, 0)
(1482, 1)
(4585428042, 1)
(1483, 3)
(4588522123, 3)
(1487, 3)
(4600898447, 2)
(1488, 2)
(4603992528, 3)
(1492, 0)
(4616368852, 0)
(1493, 3)
(4619462933, 2)
(1497, 0)
(4631839257, 0)
(1498, 1)
(4634933338, 1)
(1502, 1)
(4647309662, 1)
(1503, 3)
(4650403743, 2)
(1507, 4)
(4662780067, 4)
(1508, 0)
(4665874148, 0)
(1512, 0)
(4678250472, 0)
(1513, 4)
(4681344553, 4)
(1517, 3)
(4693720877, 2)
(1518, 4)
(4696814958, 1)
(1522, 0)
(4709191282, 0)
(1523, 3)
(4712285363, 3)
(1527, 1)
(4724661687, 1)
(1528, 0)
(4727755768, 0)
(1532, 4)
(4740132092, 1)
(1533, 1)
(4743226173, 4)
(1537, 1)
(4755602497, 4)
(1538, 4)
(4758696578, 1)
(1542, 0)
(4771072902, 0)
(1543, 4)
(4774166983, 4)
(1547, 2)
(4786543307, 3)
(1548, 0)
(4789637388, 0)
(1552, 3)
(4802013712, 2)
(1553, 0)
(4805107793, 0)
(1557, 2)
(4817484117, 2)
(1558, 2)
(4820578198, 3)
(1562, 2)
(4832954522, 2)
(1563, 4)
(4836048603, 1)
(1567, 0)
(4848424927, 0)
(1568, 2)
(4851519008, 2)
(1572, 0)
(4863895332, 0)
(1573, 3)
(4866989413, 3)
(1577, 3)
(4879365737, 3)
(1578, 1)
(4882459818, 1)
(1582, 4)
(4894836142, 1)
(1583, 3)
(4897930223, 2)
(1587, 0)
(4910306547, 0)
(1588, 0)
(4913400628, 0)
(1592, 0)
(4925776952, 0)
(1593, 4)
(4928871033, 4)
(1597, 4)
(4941247357, 1)
(1598, 2)
(4944341438, 2)
(1602, 0)
(4956717762, 0)
(1603, 4)
(4959811843, 4)
(1607, 3)
(4972188167, 3)
(1608, 0)
(4975282248, 0)
(1612, 4)
(4987658572, 4)
(1613, 3)
(4990752653, 3)
(1617, 3)
(5003128977, 2)
(1618, 2)
(5006223058, 2)
(1622, 0)
(5018599382, 0)
(1623, 3)
(5021693463, 2)
(1627, 2)
(5034069787, 2)
(1628, 3)
(5037163868, 2)
(1632, 3)
(5049540192, 2)
(1633, 4)
(5052634273, 4)
(1637, 3)
(5065010597, 3)
(1638, 1)
(5068104678, 4)
(1642, 1)
(5080481002, 4)
(1643, 0)
(5083575083, 0)
(1647, 3)
(5095951407, 3)
(1648, 0)
(5099045488, 0)
(1652, 0)
(5111421812, 0)
(1653, 4)
(5114515893, 1)
(1657, 1)
(5126892217, 1)
(1658, 2)
(5129986298, 2)
(1662, 0)
(5142362622, 0)
(1663, 2)
(5145456703, 2)
(1667, 3)
(5157833027, 2)
(1668, 0)
(5160927108, 0)
(1672, 0)
(5173303432, 0)
(1673, 3)
(5176397513, 2)
(1677, 1)
(5188773837, 4)
(1678, 0)
(5191867918, 0)
(1682, 4)
(5204244242, 4)
(1683, 0)
(5207338323, 0)
(1687, 2)
(5219714647, 3)
(1688, 0)
(5222808728, 0)
(1692, 0)
(5235185052, 0)
(1693, 3)
(5238279133, 3)
(1697, 3)
(5250655457, 2)
(1698, 1)
(5253749538, 1)
(1702, 0)
(5266125862, 0)
(1703, 3)
(5269219943, 3)
(1707, 0)
(5281596267, 0)
(1708, 1)
(5284690348, 1)
(1712, 4)
(5297066672, 1)
(1713, 4)
(5300160753, 1)
(1717, 1)
(5312537077, 4)
(1718, 1)
(5315631158, 4)
(1722, 1)
(5328007482, 1)
(1723, 0)
(5331101563, 0)
(1727, 4)
(5343477887, 1)
(1728, 0)
(5346571968, 0)
(1732, 0)
(5358948292, 0)
(1733, 1)
(5362042373, 4)
(1737, 0)
(5374418697, 0)
(1738, 1)
(5377512778, 4)
(1742, 1)
(5389889102, 4)
(1743, 4)
(5392983183, 1)
(1747, 0)
(5405359507, 0)
(1748, 0)
(5408453588, 0)
(1752, 0)
(5420829912, 0)
(1753, 0)
(5423923993, 0)
(1757, 3)
(5436300317, 2)
(1758, 0)
(5439394398, 0)
(1762, 1)
(5451770722, 4)
(1763, 3)
(5454864803, 3)
(1767, 3)
(5467241127, 3)
(1768, 0)
(5470335208, 0)
(1772, 0)
(5482711532, 0)
(1773, 0)
(5485805613, 0)
(1777, 4)
(5498181937, 4)
(1778, 0)
(5501276018, 0)
(1782, 1)
(5513652342, 1)
(1783, 2)
(5516746423, 3)
(1787, 2)
(5529122747, 3)
(1788, 2)
(5532216828, 3)
(1792, 1)
(5544593152, 4)
(1793, 4)
(5547687233, 4)
(1797, 4)
(5560063557, 1)
(1798, 0)
(5563157638, 0)
(1802, 3)
(5575533962, 3)
(1803, 2)
(5578628043, 2)
(1807, 3)
(5591004367, 2)
(1808, 4)
(5594098448, 4)
(1812, 0)
(5606474772, 0)
(1813, 2)
(5609568853, 3)
(1817, 0)
(5621945177, 0)
(1818, 0)
(5625039258, 0)
(1822, 4)
(5637415582, 1)
(1823, 0)
(5640509663, 0)
(1827, 2)
(5652885987, 2)
(1828, 0)
(5655980068, 0)
(1832, 0)
(5668356392, 0)
(1833, 1)
(5671450473, 4)
(1837, 4)
(5683826797, 1)
(1838, 3)
(5686920878, 2)
(1842, 4)
(5699297202, 1)
(1843, 4)
(5702391283, 4)
(1847, 2)
(5714767607, 2)
(1848, 0)
(5717861688, 0)
(1852, 4)
(5730238012, 1)
(1853, 4)
(5733332093, 4)
(1857, 0)
(5745708417, 0)
(1858, 0)
(5748802498, 0)
(1862, 3)
(5761178822, 2)
(1863, 2)
(5764272903, 2)
(1867, 0)
(5776649227, 0)
(1868, 1)
(5779743308, 1)
(1872, 0)
(5792119632, 0)
(1873, 3)
(5795213713, 3)
(1877, 4)
(5807590037, 1)
(1878, 4)
(5810684118, 1)
(1882, 2)
(5823060442, 3)
(1883, 1)
(5826154523, 1)
(1887, 0)
(5838530847, 0)
(1888, 3)
(5841624928, 2)
(1892, 0)
(5854001252, 0)
(1893, 0)
(5857095333, 0)
(1897, 1)
(5869471657, 4)
(1898, 3)
(5872565738, 2)
(1902, 4)
(5884942062, 4)
(1903, 2)
(5888036143, 2)
(1907, 3)
(5900412467, 2)
(1908, 0)
(5903506548, 0)
(1912, 0)
(5915882872, 0)
(1913, 4)
(5918976953, 1)
(1917, 2)
(5931353277, 3)
(1918, 1)
(5934447358, 4)
(1922, 2)
(5946823682, 2)
(1923, 0)
(5949917763, 0)
(1927, 2)
(5962294087, 2)
(1928, 0)
(5965388168, 0)
(1932, 3)
(5977764492, 3)
(1933, 2)
(5980858573, 2)
(1937, 3)
(5993234897, 3)
(1938, 2)
(5996328978, 2)
(1942, 3)
(6008705302, 3)
(1943, 2)
(6011799383, 2)
(1947, 3)
(6024175707, 3)
(1948, 1)
(6027269788, 1)
(1952, 0)
(6039646112, 0)
(1953, 0)
(6042740193, 0)
(1957, 1)
(6055116517, 1)
(1958, 2)
(6058210598, 2)
(1962, 0)
(6070586922, 0)
(1963, 4)
(6073681003, 1)
(1967, 4)
(6086057327, 4)
(1968, 4)
(6089151408, 1)
(1972, 0)
(6101527732, 0)
(1973, 3)
(6104621813, 2)
(1977, 1)
(6116998137, 1)
(1978, 2)
(6120092218, 2)
(1982, 1)
(6132468542, 1)
(1983, 1)
(6135562623, 4)
(1987, 2)
(6147938947, 2)
(1988, 0)
(6151033028, 0)
(1992, 0)
(6163409352, 0)
(1993, 1)
(6166503433, 1)
(1997, 2)
(6178879757, 3)
(1998, 3)
(6181973838, 3)
(2002, 4)
(6194350162, 1)
(2003, 1)
(6197444243, 4)
(2007, 0)
(6209820567, 0)
(2008, 0)
(6212914648, 0)
(2012, 2)
(6225290972, 2)
(2013, 4)
(6228385053, 4)
(2017, 2)
(6240761377, 3)
(2018, 3)
(6243855458, 3)
(2022, 1)
(6256231782, 4)
(2023, 4)
(6259325863, 1)
(2027, 1)
(6271702187, 4)
(2028, 3)
(6274796268, 2)
(2032, 0)
(6287172592, 0)
(2033, 2)
(6290266673, 2)
(2037, 4)
(6302642997, 1)
(2038, 3)
(6305737078, 3)
(2042, 0)
(6318113402, 0)
(2043, 0)
(6321207483, 0)
(2047, 2)
(6333583807, 2)
(2048, 0)
(6336677888, 0)
(2052, 0)
(6349054212, 0)
(2053, 2)
(6352148293, 3)
(2057, 4)
(6364524617, 4)
(2058, 2)
(6367618698, 2)
(2062, 3)
(6379995022, 3)
(2063, 0)
(6383089103, 0)
(2067, 3)
(6395465427, 2)
(2068, 0)
(6398559508, 0)
(2072, 0)
(6410935832, 0)
(2073, 0)
(6414029913, 0)
(2077, 1)
(6426406237, 4)
(2078, 0)
(6429500318, 0)
(2082, 1)
(6441876642, 4)
(2083, 3)
(6444970723, 3)
(2087, 0)
(6457347047, 0)
(2088, 0)
(6460441128, 0)
(2092, 0)
(6472817452, 0)
(2093, 0)
(6475911533, 0)
(2097, 1)
(6488287857, 1)
(2098, 4)
(6491381938, 1)
(2102, 4)
(6503758262, 1)
(2103, 4)
(6506852343, 4)
(2107, 4)
(6519228667, 4)
(2108, 4)
(6522322748, 4)
(2112, 4)
(6534699072, 1)
(2113, 4)
(6537793153, 4)
(2117, 1)
(6550169477, 1)
(2118, 0)
(6553263558, 0)
(2122, 2)
(6565639882, 3)
(2123, 1)
(6568733963, 4)
(2127, 2)
(6581110287, 2)
(2128, 2)
(6584204368, 2)
(2132, 0)
(6596580692, 0)
(2133, 2)
(6599674773, 2)
(2137, 1)
(6612051097, 1)
(2138, 2)
(6615145178, 2)
(2142, 0)
(6627521502, 0)
(2143, 3)
(6630615583, 2)
(2147, 4)
(6642991907, 1)
(2148, 0)
(6646085988, 0)
(2152, 0)
(6658462312, 0)
(2153, 3)
(6661556393, 2)
(2157, 4)
(6673932717, 4)
(2158, 0)
(6677026798, 0)
(2162, 4)
(6689403122, 4)
(2163, 2)
(6692497203, 3)
(2167, 2)
(6704873527, 3)
(2168, 0)
(6707967608, 0)
(2172, 4)
(6720343932, 4)
(2173, 0)
(6723438013, 0)
(2177, 0)
(6735814337, 0)
(2178, 3)
(6738908418, 3)
(2182, 3)
(6751284742, 3)
(2183, 2)
(6754378823, 2)
(2187, 0)
(6766755147, 0)
(2188, 4)
(6769849228, 1)
(2192, 1)
(6782225552, 1)
(2193, 1)
(6785319633, 4)
(2197, 3)
(6797695957, 3)
(2198, 1)
(6800790038, 1)
(2202, 0)
(6813166362, 0)
(2203, 0)
(6816260443, 0)
(2207, 1)
(6828636767, 4)
(2208, 4)
(6831730848, 1)
(2212, 0)
(6844107172, 0)
(2213, 3)
(6847201253, 3)
(2217, 3)
(6859577577, 2)
(2218, 1)
(6862671658, 4)
(2222, 3)
(6875047982, 2)
(2223, 0)
(6878142063, 0)
(2227, 1)
(6890518387, 1)
(2228, 0)
(6893612468, 0)
(2232, 0)
(6905988792, 0)
(2233, 4)
(6909082873, 4)
(2237, 0)
(6921459197, 0)
(2238, 3)
(6924553278, 2)
(2242, 4)
(6936929602, 4)
(2243, 0)
(6940023683, 0)
(2247, 0)
(6952400007, 0)
(2248, 0)
(6955494088, 0)
(2252, 3)
(6967870412, 2)
(2253, 4)
(6970964493, 1)
(2257, 4)
(6983340817, 4)
(2258, 3)
(6986434898, 3)
(2262, 1)
(6998811222, 1)
(2263, 2)
(7001905303, 3)
(2267, 1)
(7014281627, 1)
(2268, 1)
(7017375708, 4)
(2272, 3)
(7029752032, 3)
(2273, 2)
(7032846113, 3)
(2277, 0)
(7045222437, 0)
(2278, 4)
(7048316518, 1)
(2282, 0)
(7060692842, 0)
(2283, 4)
(7063786923, 4)
(2287, 1)
(7076163247, 4)
(2288, 0)
(7079257328, 0)
(2292, 0)
(7091633652, 0)
(2293, 1)
(7094727733, 4)
(2297, 0)
(7107104057, 0)
(2298, 2)
(7110198138, 2)
(2302, 4)
(7122574462, 4)
(2303, 0)
(7125668543, 0)
(2307, 3)
(7138044867, 3)
(2308, 0)
(7141138948, 0)
(2312, 0)
(7153515272, 0)
(2313, 2)
(7156609353, 3)
(2317, 4)
(7168985677, 4)
(2318, 1)
(7172079758, 1)
(2322, 3)
(7184456082, 2)
(2323, 2)
(7187550163, 3)
(2327, 2)
(7199926487, 2)
(2328, 0)
(7203020568, 0)
(2332, 1)
(7215396892, 1)
(2333, 1)
(7218490973, 4)
(2337, 2)
(7230867297, 2)
(2338, 4)
(7233961378, 4)
(2342, 3)
(7246337702, 3)
(2343, 2)
(7249431783, 3)
(2347, 0)
(7261808107, 0)
(2348, 1)
(7264902188, 4)
(2352, 2)
(7277278512, 3)
(2353, 4)
(7280372593, 1)
(2357, 2)
(7292748917, 2)
(2358, 0)
(7295842998, 0)
(2362, 4)
(7308219322, 1)
(2363, 0)
(7311313403, 0)
(2367, 1)
(7323689727, 4)
(2368, 3)
(7326783808, 2)
(2372, 0)
(7339160132, 0)
(2373, 1)
(7342254213, 1)
(2377, 1)
(7354630537, 1)
(2378, 0)
(7357724618, 0)
(2382, 2)
(7370100942, 3)
(2383, 4)
(7373195023, 1)
(2387, 2)
(7385571347, 3)
(2388, 0)
(7388665428, 0)
(2392, 0)
(7401041752, 0)
(2393, 0)
(7404135833, 0)
(2397, 2)
(7416512157, 3)
(2398, 0)
(7419606238, 0)
(2402, 0)
(7431982562, 0)
(2403, 2)
(7435076643, 3)
(2407, 0)
(7447452967, 0)
(2408, 0)
(7450547048, 0)
(2412, 0)
(7462923372, 0)
(2413, 1)
(7466017453, 4)
(2417, 1)
(7478393777, 4)
(2418, 4)
(7481487858, 1)
(2422, 0)
(7493864182, 0)
(2423, 3)
(7496958263, 2)
(2427, 4)
(7509334587, 1)
(2428, 4)
(7512428668, 1)
(2432, 1)
(7524804992, 4)
(2433, 0)
(7527899073, 0)
(2437, 3)
(7540275397, 2)
(2438, 3)
(7543369478, 3)
(2442, 3)
(7555745802, 3)
(2443, 4)
(7558839883, 1)
(2447, 3)
(7571216207, 3)
(2448, 1)
(7574310288, 1)
(2452, 0)
(7586686612, 0)
(2453, 3)
(7589780693, 3)
(2457, 2)
(7602157017, 2)
(2458, 3)
(7605251098, 2)
(2462, 3)
(7617627422, 3)
(2463, 4)
(7620721503, 4)
(2467, 2)
(7633097827, 2)
(2468, 0)
(7636191908, 0)
(2472, 0)
(7648568232, 0)
(2473, 0)
(7651662313, 0)
(2477, 3)
(7664038637, 3)
(2478, 2)
(7667132718, 3)
(2482, 1)
(7679509042, 4)
(2483, 0)
(7682603123, 0)
(2487, 0)
(7694979447, 0)
(2488, 0)
(7698073528, 0)
(2492, 4)
(7710449852, 1)
(2493, 0)
(7713543933, 0)
(2497, 3)
(7725920257, 3)
(2498, 0)
(7729014338, 0)
(2502, 3)
(7741390662, 2)
(2503, 1)
(7744484743, 4)
(2507, 4)
(7756861067, 4)
(2508, 2)
(7759955148, 2)
(2512, 2)
(7772331472, 3)
(2513, 3)
(7775425553, 2)
(2517, 4)
(7787801877, 4)
(2518, 0)
(7790895958, 0)
(2522, 4)
(7803272282, 1)
(2523, 3)
(7806366363, 2)
(2527, 4)
(7818742687, 1)
(2528, 4)
(7821836768, 1)
(2532, 0)
(7834213092, 0)
(2533, 4)
(7837307173, 4)
(2537, 0)
(7849683497, 0)
(2538, 2)
(7852777578, 3)
(2542, 4)
(7865153902, 4)
(2543, 0)
(7868247983, 0)
(2547, 0)
(7880624307, 0)
(2548, 0)
(7883718388, 0)
(2552, 0)
(7896094712, 0)
(2553, 1)
(7899188793, 1)
(2557, 3)
(7911565117, 2)
(2558, 4)
(7914659198, 4)
(2562, 1)
(7927035522, 4)
(2563, 4)
(7930129603, 4)
(2567, 1)
(7942505927, 4)
(2568, 0)
(7945600008, 0)
(2572, 1)
(7957976332, 4)
(2573, 1)
(7961070413, 4)
(2577, 0)
(7973446737, 0)
(2578, 1)
(7976540818, 4)
(2582, 0)
(7988917142, 0)
(2583, 2)
(7992011223, 3)
(2587, 3)
(8004387547, 3)
(2588, 4)
(8007481628, 4)
(2592, 3)
(8019857952, 3)
(2593, 1)
(8022952033, 1)
(2597, 4)
(8035328357, 4)
(2598, 4)
(8038422438, 1)
(2602, 4)
(8050798762, 4)
(2603, 0)
(8053892843, 0)
(2607, 2)
(8066269167, 2)
(2608, 2)
(8069363248, 2)
(2612, 0)
(8081739572, 0)
(2613, 1)
(8084833653, 1)
(2617, 2)
(8097209977, 3)
(2618, 0)
(8100304058, 0)
(2622, 1)
(8112680382, 1)
(2623, 2)
(8115774463, 3)
(2627, 2)
(8128150787, 3)
(2628, 0)
(8131244868, 0)
(2632, 0)
(8143621192, 0)
(2633, 3)
(8146715273, 2)
(2637, 4)
(8159091597, 4)
(2638, 0)
(8162185678, 0)
(2642, 3)
(8174562002, 2)
(2643, 0)
(8177656083, 0)
(2647, 0)
(8190032407, 0)
(2648, 0)
(8193126488, 0)
(2652, 2)
(8205502812, 3)
(2653, 1)
(8208596893, 4)
(2657, 2)
(8220973217, 3)
(2658, 4)
(8224067298, 1)
(2662, 1)
(8236443622, 1)
(2663, 3)
(8239537703, 3)
(2667, 3)
(8251914027, 3)
(2668, 2)
(8255008108, 3)
(2672, 4)
(8267384432, 1)
(2673, 3)
(8270478513, 2)
(2677, 2)
(8282854837, 3)
(2678, 0)
(8285948918, 0)
(2682, 0)
(8298325242, 0)
(2683, 0)
(8301419323, 0)
(2687, 4)
(8313795647, 1)
(2688, 1)
(8316889728, 1)
(2692, 0)
(8329266052, 0)
(2693, 3)
(8332360133, 3)
(2697, 4)
(8344736457, 4)
(2698, 4)
(8347830538, 1)
(2702, 2)
(8360206862, 2)
(2703, 3)
(8363300943, 2)
(2707, 2)
(8375677267, 2)
(2708, 0)
(8378771348, 0)
(2712, 0)
(8391147672, 0)
(2713, 1)
(8394241753, 1)
(2717, 2)
(8406618077, 3)
(2718, 1)
(8409712158, 4)
(2722, 0)
(8422088482, 0)
(2723, 3)
(8425182563, 3)
(2727, 0)
(8437558887, 0)
(2728, 0)
(8440652968, 0)
(2732, 0)
(8453029292, 0)
(2733, 3)
(8456123373, 3)
(2737, 1)
(8468499697, 4)
(2738, 4)
(8471593778, 4)
(2742, 3)
(8483970102, 3)
(2743, 0)
(8487064183, 0)
(2747, 3)
(8499440507, 2)
(2748, 1)
(8502534588, 1)
(2752, 0)
(8514910912, 0)
(2753, 2)
(8518004993, 3)
(2757, 4)
(8530381317, 4)
(2758, 4)
(8533475398, 4)
(2762, 4)
(8545851722, 1)
(2763, 0)
(8548945803, 0)
(2767, 4)
(8561322127, 1)
(2768, 2)
(8564416208, 2)
(2772, 0)
(8576792532, 0)
(2773, 4)
(8579886613, 1)
(2777, 0)
(8592262937, 0)
(2778, 1)
(8595357018, 1)
(2782, 2)
(8607733342, 3)
(2783, 4)
(8610827423, 4)
(2787, 1)
(8623203747, 4)
(2788, 0)
(8626297828, 0)
(2792, 0)
(8638674152, 0)
(2793, 4)
(8641768233, 4)
(2797, 3)
(8654144557, 2)
(2798, 4)
(8657238638, 1)
(2802, 1)
(8669614962, 4)
(2803, 1)
(8672709043, 4)
(2807, 3)
(8685085367, 3)
(2808, 0)
(8688179448, 0)
(2812, 3)
(8700555772, 3)
(2813, 0)
(8703649853, 0)
(2817, 0)
(8716026177, 0)
(2818, 0)
(8719120258, 0)
(2822, 2)
(8731496582, 3)
(2823, 1)
(8734590663, 1)
(2827, 3)
(8746966987, 2)
(2828, 3)
(8750061068, 3)
(2832, 3)
(8762437392, 3)
(2833, 3)
(8765531473, 2)
(2837, 1)
(8777907797, 1)
(2838, 0)
(8781001878, 0)
(2842, 2)
(8793378202, 3)
(2843, 0)
(8796472283, 0)
(2847, 3)
(8808848607, 3)
(2848, 4)
(8811942688, 4)
(2852, 0)
(8824319012, 0)
(2853, 0)
(8827413093, 0)
(2857, 0)
(8839789417, 0)
(2858, 3)
(8842883498, 3)
(2862, 2)
(8855259822, 3)
(2863, 2)
(8858353903, 3)
(2867, 2)
(8870730227, 3)
(2868, 0)
(8873824308, 0)
(2872, 0)
(8886200632, 0)
(2873, 3)
(8889294713, 3)
(2877, 0)
(8901671037, 0)
(2878, 1)
(8904765118, 4)
(2882, 1)
(8917141442, 1)
(2883, 3)
(8920235523, 2)
(2887, 0)
(8932611847, 0)
(2888, 0)
(8935705928, 0)
(2892, 3)
(8948082252, 2)
(2893, 4)
(8951176333, 1)
(2897, 1)
(8963552657, 1)
(2898, 0)
(8966646738, 0)
(2902, 2)
(8979023062, 2)
(2903, 4)
(8982117143, 4)
(2907, 2)
(8994493467, 3)
(2908, 4)
(8997587548, 4)
(2912, 4)
(9009963872, 1)
(2913, 2)
(9013057953, 3)
(2917, 2)
(9025434277, 2)
(2918, 4)
(9028528358, 4)
(2922, 1)
(9040904682, 4)
(2923, 4)
(9043998763, 4)
(2927, 4)
(9056375087, 1)
(2928, 3)
(9059469168, 3)
(2932, 0)
(9071845492, 0)
(2933, 1)
(9074939573, 4)
(2937, 4)
(9087315897, 1)
(2938, 4)
(9090409978, 4)
(2942, 0)
(9102786302, 0)
(2943, 3)
(9105880383, 2)
(2947, 3)
(9118256707, 2)
(2948, 0)
(9121350788, 0)
(2952, 0)
(9133727112, 0)
(2953, 1)
(9136821193, 4)
(2957, 4)
(9149197517, 4)
(2958, 2)
(9152291598, 2)
(2962, 4)
(9164667922, 4)
(2963, 2)
(9167762003, 3)
(2967, 1)
(9180138327, 4)
(2968, 0)
(9183232408, 0)
(2972, 2)
(9195608732, 3)
(2973, 2)
(9198702813, 3)
(2977, 4)
(9211079137, 1)
(2978, 0)
(9214173218, 0)
(2982, 1)
(9226549542, 1)
(2983, 0)
(9229643623, 0)
(2987, 0)
(9242019947, 0)
(2988, 2)
(9245114028, 3)
(2992, 1)
(9257490352, 1)
(2993, 2)
(9260584433, 3)
(2997, 4)
(9272960757, 1)
(2998, 3)
(9276054838, 2)
(3002, 4)
(9288431162, 4)
(3003, 2)
(9291525243, 2)
(3007, 0)
(9303901567, 0)
(3008, 0)
(9306995648, 0)
(3012, 0)
(9319371972, 0)
(3013, 3)
(9322466053, 3)
(3017, 3)
(9334842377, 2)
(3018, 4)
(9337936458, 1)
(3022, 2)
(9350312782, 3)
(3023, 2)
(9353406863, 3)
(3027, 2)
(9365783187, 3)
(3028, 0)
(9368877268, 0)
(3032, 0)
(9381253592, 0)
(3033, 0)
(9384347673, 0)
(3037, 3)
(9396723997, 3)
(3038, 1)
(9399818078, 1)
(3042, 0)
(9412194402, 0)
(3043, 3)
(9415288483, 3)
(3047, 2)
(9427664807, 3)
(3048, 0)
(9430758888, 0)
(3052, 3)
(9443135212, 2)
(3053, 0)
(9446229293, 0)
(3057, 3)
(9458605617, 2)
(3058, 2)
(9461699698, 3)
(3062, 4)
(9474076022, 1)
(3063, 1)
(9477170103, 1)
(3067, 2)
(9489546427, 3)
(3068, 1)
(9492640508, 4)
(3072, 4)
(9505016832, 1)
(3073, 1)
(9508110913, 4)
(3077, 4)
(9520487237, 1)
(3078, 4)
(9523581318, 1)
(3082, 0)
(9535957642, 0)
(3083, 2)
(9539051723, 3)
(3087, 0)
(9551428047, 0)
(3088, 2)
(9554522128, 3)
(3092, 0)
(9566898452, 0)
(3093, 2)
(9569992533, 3)
(3097, 3)
(9582368857, 2)
(3098, 4)
(9585462938, 1)
(3102, 1)
(9597839262, 4)
(3103, 0)
(9600933343, 0)
(3107, 3)
(9613309667, 3)
(3108, 0)
(9616403748, 0)
(3112, 0)
(9628780072, 0)
(3113, 1)
(9631874153, 4)
(3117, 0)
(9644250477, 0)
(3118, 0)
(9647344558, 0)
(3122, 3)
(9659720882, 2)
(3123, 0)
(9662814963, 0)
(3127, 1)
(9675191287, 4)
(3128, 0)
(9678285368, 0)
(3132, 3)
(9690661692, 3)
(3133, 0)
(9693755773, 0)
(3137, 1)
(9706132097, 1)
(3138, 4)
(9709226178, 4)
(3142, 0)
(9721602502, 0)
(3143, 1)
(9724696583, 1)
(3147, 0)
(9737072907, 0)
(3148, 0)
(9740166988, 0)
(3152, 0)
(9752543312, 0)
(3153, 4)
(9755637393, 4)
(3157, 4)
(9768013717, 1)
(3158, 2)
(9771107798, 3)
(3162, 0)
(9783484122, 0)
(3163, 1)
(9786578203, 4)
(3167, 2)
(9798954527, 2)
(3168, 0)
(9802048608, 0)
(3172, 0)
(9814424932, 0)
(3173, 0)
(9817519013, 0)
(3177, 3)
(9829895337, 2)
(3178, 0)
(9832989418, 0)
(3182, 2)
(9845365742, 3)
(3183, 4)
(9848459823, 4)
(3187, 2)
(9860836147, 2)
(3188, 0)
(9863930228, 0)
(3192, 0)
(9876306552, 0)
(3193, 4)
(9879400633, 1)
(3197, 4)
(9891776957, 1)
(3198, 2)
(9894871038, 3)
(3202, 1)
(9907247362, 1)
(3203, 4)
(9910341443, 4)
(3207, 3)
(9922717767, 2)
(3208, 0)
(9925811848, 0)
(3212, 0)
(9938188172, 0)
(3213, 3)
(9941282253, 3)
(3217, 1)
(9953658577, 1)
(3218, 1)
(9956752658, 1)
(3222, 0)
(9969128982, 0)
(3223, 0)
(9972223063, 0)
(3227, 4)
(9984599387, 1)
(3228, 2)
(9987693468, 2)
(3232, 2)
(10000069792, 3)
(3233, 4)
(10003163873, 1)
(3237, 2)
(10015540197, 2)
(3238, 3)
(10018634278, 3)
(3242, 3)
(10031010602, 3)
(3243, 2)
(10034104683, 3)
(3247, 3)
(10046481007, 2)
(3248, 3)
(10049575088, 3)
(3252, 0)
(10061951412, 0)
(3253, 1)
(10065045493, 4)
(3257, 1)
(10077421817, 1)
(3258, 4)
(10080515898, 1)
(3262, 3)
(10092892222, 2)
(3263, 3)
(10095986303, 3)
(3267, 4)
(10108362627, 1)
(3268, 0)
(10111456708, 0)
(3272, 0)
(10123833032, 0)
(3273, 4)
(10126927113, 1)
(3277, 3)
(10139303437, 2)
(3278, 1)
(10142397518, 1)
(3282, 0)
(10154773842, 0)
(3283, 1)
(10157867923, 4)
(3287, 1)
(10170244247, 4)
(3288, 0)
(10173338328, 0)
(3292, 3)
(10185714652, 2)
(3293, 1)
(10188808733, 4)
(3297, 0)
(10201185057, 0)
(3298, 1)
(10204279138, 4)
(3302, 1)
(10216655462, 1)
(3303, 0)
(10219749543, 0)
(3307, 4)
(10232125867, 4)
(3308, 1)
(10235219948, 4)
(3312, 1)
(10247596272, 1)
(3313, 1)
(10250690353, 4)
(3317, 1)
(10263066677, 4)
(3318, 2)
(10266160758, 3)
(3322, 4)
(10278537082, 1)
(3323, 3)
(10281631163, 3)
(3327, 4)
(10294007487, 4)
(3328, 2)
(10297101568, 2)
(3332, 0)
(10309477892, 0)
(3333, 3)
(10312571973, 3)
(3337, 4)
(10324948297, 4)
(3338, 0)
(10328042378, 0)
(3342, 4)
(10340418702, 1)
(3343, 4)
(10343512783, 4)
(3347, 1)
(10355889107, 1)
(3348, 0)
(10358983188, 0)
(3352, 0)
(10371359512, 0)
(3353, 0)
(10374453593, 0)
(3357, 0)
(10386829917, 0)
(3358, 2)
(10389923998, 3)
(3362, 4)
(10402300322, 4)
(3363, 4)
(10405394403, 1)
(3367, 0)
(10417770727, 0)
(3368, 0)
(10420864808, 0)
(3372, 2)
(10433241132, 2)
(3373, 4)
(10436335213, 4)
(3377, 3)
(10448711537, 3)
(3378, 4)
(10451805618, 4)
(3382, 0)
(10464181942, 0)
(3383, 1)
(10467276023, 1)
(3387, 2)
(10479652347, 3)
(3388, 3)
(10482746428, 2)
(3392, 1)
(10495122752, 1)
(3393, 2)
(10498216833, 3)
(3397, 0)
(10510593157, 0)
(3398, 3)
(10513687238, 3)
(3402, 3)
(10526063562, 3)
(3403, 2)
(10529157643, 3)
(3407, 3)
(10541533967, 2)
(3408, 4)
(10544628048, 1)
(3412, 0)
(10557004372, 0)
(3413, 3)
(10560098453, 2)
(3417, 4)
(10572474777, 4)
(3418, 2)
(10575568858, 3)
(3422, 3)
(10587945182, 3)
(3423, 0)
(10591039263, 0)
(3427, 1)
(10603415587, 1)
(3428, 0)
(10606509668, 0)
(3432, 0)
(10618885992, 0)
(3433, 1)
(10621980073, 4)
(3437, 2)
(10634356397, 3)
(3438, 0)
(10637450478, 0)
(3442, 0)
(10649826802, 0)
(3443, 4)
(10652920883, 4)
(3447, 4)
(10665297207, 1)
(3448, 0)
(10668391288, 0)
(3452, 2)
(10680767612, 2)
(3453, 3)
(10683861693, 2)
(3457, 3)
(10696238017, 3)
(3458, 0)
(10699332098, 0)
(3462, 3)
(10711708422, 3)
(3463, 4)
(10714802503, 1)
(3467, 4)
(10727178827, 4)
(3468, 4)
(10730272908, 1)
(3472, 1)
(10742649232, 4)
(3473, 0)
(10745743313, 0)
(3477, 2)
(10758119637, 3)
(3478, 4)
(10761213718, 1)
(3482, 4)
(10773590042, 1)
(3483, 3)
(10776684123, 3)
(3487, 2)
(10789060447, 3)
(3488, 0)
(10792154528, 0)
(3492, 0)
(10804530852, 0)
(3493, 3)
(10807624933, 2)
(3497, 2)
(10820001257, 3)
(3498, 0)
(10823095338, 0)
(3502, 4)
(10835471662, 1)
(3503, 2)
(10838565743, 2)
(3507, 3)
(10850942067, 2)
(3508, 0)
(10854036148, 0)
(3512, 0)
(10866412472, 0)
(3513, 4)
(10869506553, 1)
(3517, 0)
(10881882877, 0)
(3518, 3)
(10884976958, 0)
(3522, 3)
(10897353282, 3)
(3523, 4)
(10900447363, 4)
(3527, 0)
(10912823687, 0)
(3528, 0)
(10915917768, 0)
(3532, 1)
(10928294092, 4)
(3533, 0)
(10931388173, 0)
(3537, 3)
(10943764497, 2)
(3538, 3)
(10946858578, 3)
(3542, 2)
(10959234902, 3)
(3543, 3)
(10962328983, 3)
(3547, 4)
(10974705307, 1)
(3548, 2)
(10977799388, 3)
(3552, 4)
(10990175712, 4)
(3553, 1)
(10993269793, 4)
(3557, 4)
(11005646117, 1)
(3558, 3)
(11008740198, 3)
(3562, 2)
(11021116522, 2)
(3563, 3)
(11024210603, 3)
(3567, 0)
(11036586927, 0)
(3568, 2)
(11039681008, 2)
