(2, 4)
(152041922, 4)
(3, 3)
(228062883, 2)
(7, 4)
(532146727, 1)
(8, 0)
(608167688, 0)
(12, 4)
(912251532, 1)
(13, 3)
(988272493, 3)
(17, 4)
(1292356337, 4)
(18, 3)
(1368377298, 3)
(22, 3)
(1672461142, 3)
(23, 3)
(1748482103, 2)
(27, 3)
(2052565947, 2)
(28, 3)
(2128586908, 2)
(32, 2)
(2432670752, 2)
(33, 1)
(2508691713, 4)
(37, 2)
(2812775557, 3)
(38, 1)
(2888796518, 4)
(42, 1)
(3192880362, 1)
(43, 4)
(3268901323, 4)
(47, 0)
(3572985167, 0)
(48, 4)
(3649006128, 1)
(52, 0)
(3953089972, 0)
(53, 4)
(4029110933, 1)
(57, 4)
(4333194777, 4)
(58, 2)
(4409215738, 3)
(62, 2)
(4713299582, 3)
(63, 0)
(4789320543, 0)
(67, 1)
(5093404387, 4)
(68, 0)
(5169425348, 0)
(72, 0)
(5473509192, 0)
(73, 1)
(5549530153, 1)
(77, 3)
(5853613997, 2)
(78, 4)
(5929634958, 1)
(82, 1)
(6233718802, 4)
(83, 2)
(6309739763, 3)
(87, 4)
(6613823607, 4)
(88, 0)
(6689844568, 0)
(92, 1)
(6993928412, 4)
(93, 1)
(7069949373, 1)
(97, 4)
(7374033217, 4)
(98, 4)
(7450054178, 4)
(102, 1)
(7754138022, 4)
(103, 0)
(7830158983, 0)
(107, 3)
(8134242827, 2)
(108, 4)
(8210263788, 1)
(112, 4)
(8514347632, 1)
(113, 2)
(8590368593, 2)
(117, 0)
(8894452437, 0)
(118, 1)
(8970473398, 4)
(122, 0)
(9274557242, 0)
(123, 3)
(9350578203, 3)
(127, 0)
(9654662047, 0)
(128, 4)
(9730683008, 4)
(132, 0)
(10034766852, 0)
(133, 1)
(10110787813, 1)
(137, 3)
(10414871657, 3)
(138, 3)
(10490892618, 3)
(142, 1)
(10794976462, 4)
(143, 0)
(10870997423, 0)
(147, 4)
(11175081267, 1)
(148, 0)
(11251102228, 0)
(152, 0)
(11555186072, 0)
(153, 3)
(11631207033, 3)
(157, 1)
(11935290877, 4)
(158, 3)
(12011311838, 3)
(162, 1)
(12315395682, 1)
(163, 4)
(12391416643, 4)
(167, 4)
(12695500487, 4)
(168, 0)
(12771521448, 0)
(172, 2)
(13075605292, 2)
(173, 1)
(13151626253, 4)
(177, 4)
(13455710097, 4)
(178, 3)
(13531731058, 2)
(182, 3)
(13835814902, 2)
(183, 3)
(13911835863, 2)
(187, 2)
(14215919707, 2)
(188, 0)
(14291940668, 0)
(192, 0)
(14596024512, 0)
(193, 1)
(14672045473, 4)
(197, 0)
(14976129317, 0)
(198, 0)
(15052150278, 0)
(202, 4)
(15356234122, 4)
(203, 1)
(15432255083, 1)
(207, 1)
(15736338927, 4)
(208, 1)
(15812359888, 1)
(212, 0)
(16116443732, 0)
(213, 2)
(16192464693, 2)
(217, 3)
(16496548537, 3)
(218, 0)
(16572569498, 0)
(222, 3)
(16876653342, 3)
(223, 2)
(16952674303, 2)
(227, 0)
(17256758147, 0)
(228, 0)
(17332779108, 0)
(232, 0)
(17636862952, 0)
(233, 3)
(17712883913, 3)
(237, 2)
(18016967757, 3)
(238, 3)
(18092988718, 2)
(242, 4)
(18397072562, 4)
(243, 4)
(18473093523, 1)
(247, 4)
(18777177367, 1)
(248, 0)
(18853198328, 0)
(252, 0)
(19157282172, 0)
(253, 1)
(19233303133, 4)
(257, 1)
(19537386977, 4)
(258, 3)
(19613407938, 2)
(262, 4)
(19917491782, 4)
(263, 3)
(19993512743, 3)
(267, 2)
(20297596587, 2)
(268, 3)
(20373617548, 2)
(272, 3)
(20677701392, 3)
(273, 2)
(20753722353, 2)
(277, 1)
(21057806197, 4)
(278, 4)
(21133827158, 4)
(282, 2)
(21437911002, 2)
(283, 2)
(21513931963, 2)
(287, 1)
(21818015807, 1)
(288, 4)
(21894036768, 4)
(292, 0)
(22198120612, 0)
(293, 2)
(22274141573, 2)
(297, 1)
(22578225417, 4)
(298, 1)
(22654246378, 4)
(302, 3)
(22958330222, 3)
(303, 0)
(23034351183, 0)
(307, 3)
(23338435027, 3)
(308, 0)
(23414455988, 0)
(312, 0)
(23718539832, 0)
(313, 2)
(23794560793, 3)
(317, 0)
(24098644637, 0)
(318, 2)
(24174665598, 2)
(322, 2)
(24478749442, 2)
(323, 1)
(24554770403, 4)
(327, 3)
(24858854247, 2)
(328, 0)
(24934875208, 0)
(332, 1)
(25238959052, 4)
(333, 0)
(25314980013, 0)
(337, 3)
(25619063857, 3)
(338, 0)
(25695084818, 0)
(342, 2)
(25999168662, 3)
(343, 3)
(26075189623, 2)
(347, 0)
(26379273467, 0)
(348, 3)
(26455294428, 3)
(352, 4)
(26759378272, 4)
(353, 4)
(26835399233, 1)
(357, 3)
(27139483077, 3)
(358, 1)
(27215504038, 1)
(362, 2)
(27519587882, 3)
(363, 4)
(27595608843, 1)
(367, 1)
(27899692687, 1)
(368, 3)
(27975713648, 2)
(372, 0)
(28279797492, 0)
(373, 0)
(28355818453, 0)
(377, 1)
(28659902297, 4)
(378, 1)
(28735923258, 1)
(382, 2)
(29040007102, 2)
(383, 2)
(29116028063, 3)
(387, 0)
(29420111907, 0)
(388, 0)
(29496132868, 0)
(392, 0)
(29800216712, 0)
(393, 3)
(29876237673, 2)
(397, 1)
(30180321517, 4)
(398, 0)
(30256342478, 0)
(402, 4)
(30560426322, 4)
(403, 3)
(30636447283, 2)
(407, 4)
(30940531127, 1)
(408, 0)
(31016552088, 0)
(412, 0)
(31320635932, 0)
(413, 0)
(31396656893, 0)
(417, 2)
(31700740737, 3)
(418, 3)
(31776761698, 2)
(422, 0)
(32080845542, 0)
(423, 0)
(32156866503, 0)
(427, 2)
(32460950347, 3)
(428, 4)
(32536971308, 1)
(432, 4)
(32841055152, 1)
(433, 3)
(32917076113, 3)
(437, 0)
(33221159957, 0)
(438, 3)
(33297180918, 2)
(442, 2)
(33601264762, 2)
(443, 0)
(33677285723, 0)
(447, 1)
(33981369567, 1)
(448, 2)
(34057390528, 3)
(452, 0)
(34361474372, 0)
(453, 3)
(34437495333, 2)
(457, 3)
(34741579177, 3)
(458, 1)
(34817600138, 1)
(462, 2)
(35121683982, 2)
(463, 2)
(35197704943, 2)
(467, 2)
(35501788787, 2)
(468, 0)
(35577809748, 0)
(472, 0)
(35881893592, 0)
(473, 3)
(35957914553, 3)
(477, 3)
(36261998397, 2)
(478, 3)
(36338019358, 3)
(482, 0)
(36642103202, 0)
(483, 1)
(36718124163, 4)
(487, 3)
(37022208007, 2)
(488, 0)
(37098228968, 0)
(492, 4)
(37402312812, 4)
(493, 3)
(37478333773, 2)
(497, 4)
(37782417617, 4)
(498, 3)
(37858438578, 3)
(502, 1)
(38162522422, 1)
(503, 1)
(38238543383, 4)
(507, 1)
(38542627227, 4)
(508, 0)
(38618648188, 0)
(512, 4)
(38922732032, 4)
(513, 4)
(38998752993, 4)
(517, 2)
(39302836837, 3)
(518, 1)
(39378857798, 1)
(522, 0)
(39682941642, 0)
(523, 0)
(39758962603, 0)
(527, 2)
(40063046447, 3)
(528, 2)
(40139067408, 3)
(532, 0)
(40443151252, 0)
(533, 3)
(40519172213, 2)
(537, 2)
(40823256057, 3)
(538, 0)
(40899277018, 0)
(542, 1)
(41203360862, 1)
(543, 2)
(41279381823, 2)
(547, 3)
(41583465667, 2)
(548, 0)
(41659486628, 0)
(552, 0)
(41963570472, 0)
(553, 2)
(42039591433, 3)
(557, 3)
(42343675277, 2)
(558, 4)
(42419696238, 1)
(562, 2)
(42723780082, 2)
(563, 1)
(42799801043, 1)
(567, 3)
(43103884887, 2)
(568, 0)
(43179905848, 0)
(572, 0)
(43483989692, 0)
(573, 4)
(43560010653, 1)
(577, 3)
(43864094497, 3)
(578, 2)
(43940115458, 2)
(582, 4)
(44244199302, 1)
(583, 3)
(44320220263, 2)
(587, 2)
(44624304107, 3)
(588, 2)
(44700325068, 3)
(592, 4)
(45004408912, 1)
(593, 1)
(45080429873, 4)
(597, 2)
(45384513717, 2)
(598, 3)
(45460534678, 2)
(602, 1)
(45764618522, 4)
(603, 0)
(45840639483, 0)
(607, 2)
(46144723327, 2)
(608, 3)
(46220744288, 2)
(612, 0)
(46524828132, 0)
(613, 0)
(46600849093, 0)
(617, 2)
(46904932937, 2)
(618, 2)
(46980953898, 3)
(622, 3)
(47285037742, 3)
(623, 2)
(47361058703, 2)
(627, 4)
(47665142547, 4)
(628, 0)
(47741163508, 0)
(632, 0)
(48045247352, 0)
(633, 0)
(48121268313, 0)
(637, 4)
(48425352157, 4)
(638, 0)
(48501373118, 0)
(642, 4)
(48805456962, 4)
(643, 2)
(48881477923, 3)
(647, 2)
(49185561767, 2)
(648, 0)
(49261582728, 0)
(652, 2)
(49565666572, 2)
(653, 1)
(49641687533, 1)
(657, 0)
(49945771377, 0)
(658, 3)
(50021792338, 3)
(662, 3)
(50325876182, 2)
(663, 1)
(50401897143, 4)
(667, 4)
(50705980987, 4)
(668, 3)
(50782001948, 3)
(672, 3)
(51086085792, 3)
(673, 3)
(51162106753, 2)
(677, 0)
(51466190597, 0)
(678, 0)
(51542211558, 0)
(682, 3)
(51846295402, 2)
(683, 0)
(51922316363, 0)
(687, 3)
(52226400207, 2)
(688, 2)
(52302421168, 2)
(692, 0)
(52606505012, 0)
(693, 1)
(52682525973, 4)
(697, 3)
(52986609817, 2)
(698, 1)
(53062630778, 4)
(702, 4)
(53366714622, 1)
(703, 4)
(53442735583, 4)
(707, 1)
(53746819427, 4)
(708, 0)
(53822840388, 0)
(712, 0)
(54126924232, 0)
(713, 1)
(54202945193, 1)
(717, 1)
(54507029037, 4)
(718, 2)
(54583049998, 2)
(722, 1)
(54887133842, 1)
(723, 1)
(54963154803, 1)
(727, 2)
(55267238647, 3)
(728, 0)
(55343259608, 0)
(732, 1)
(55647343452, 4)
(733, 1)
(55723364413, 1)
(737, 0)
(56027448257, 0)
(738, 0)
(56103469218, 0)
(742, 2)
(56407553062, 2)
(743, 1)
(56483574023, 4)
(747, 4)
(56787657867, 1)
(748, 1)
(56863678828, 1)
(752, 0)
(57167762672, 0)
(753, 3)
(57243783633, 2)
(757, 0)
(57547867477, 0)
(758, 2)
(57623888438, 2)
(762, 3)
(57927972282, 2)
(763, 1)
(58003993243, 4)
(767, 3)
(58308077087, 2)
(768, 2)
(58384098048, 3)
(772, 0)
(58688181892, 0)
(773, 4)
(58764202853, 4)
(777, 1)
(59068286697, 4)
(778, 4)
(59144307658, 1)
(782, 1)
(59448391502, 4)
(783, 4)
(59524412463, 4)
(787, 0)
(59828496307, 0)
(788, 0)
(59904517268, 0)
(792, 0)
(60208601112, 0)
(793, 2)
(60284622073, 2)
(797, 0)
(60588705917, 0)
(798, 1)
(60664726878, 4)
(802, 3)
(60968810722, 3)
(803, 0)
(61044831683, 0)
(807, 1)
(61348915527, 1)
(808, 0)
(61424936488, 0)
(812, 3)
(61729020332, 3)
(813, 3)
(61805041293, 2)
(817, 2)
(62109125137, 3)
(818, 3)
(62185146098, 2)
(822, 0)
(62489229942, 0)
(823, 4)
(62565250903, 4)
(827, 2)
(62869334747, 2)
(828, 2)
(62945355708, 3)
(832, 2)
(63249439552, 2)
(833, 2)
(63325460513, 2)
(837, 1)
(63629544357, 1)
(838, 4)
(63705565318, 4)
(842, 4)
(64009649162, 4)
(843, 4)
(64085670123, 1)
(847, 4)
(64389753967, 1)
(848, 3)
(64465774928, 2)
(852, 0)
(64769858772, 0)
(853, 0)
(64845879733, 0)
(857, 2)
(65149963577, 2)
(858, 1)
(65225984538, 4)
(862, 2)
(65530068382, 3)
(863, 1)
(65606089343, 1)
(867, 3)
(65910173187, 2)
(868, 0)
(65986194148, 0)
(872, 0)
(66290277992, 0)
(873, 0)
(66366298953, 0)
(877, 0)
(66670382797, 0)
(878, 0)
(66746403758, 0)
(882, 3)
(67050487602, 3)
(883, 2)
(67126508563, 2)
(887, 1)
(67430592407, 1)
(888, 0)
(67506613368, 0)
(892, 4)
(67810697212, 4)
(893, 2)
(67886718173, 2)
(897, 1)
(68190802017, 1)
(898, 2)
(68266822978, 3)
(902, 2)
(68570906822, 3)
(903, 1)
(68646927783, 1)
(907, 3)
(68951011627, 2)
(908, 0)
(69027032588, 0)
(912, 3)
(69331116432, 3)
(913, 3)
(69407137393, 2)
(917, 0)
(69711221237, 0)
(918, 1)
(69787242198, 4)
(922, 2)
(70091326042, 3)
(923, 0)
(70167347003, 0)
(927, 0)
(70471430847, 0)
(928, 1)
(70547451808, 4)
(932, 0)
(70851535652, 0)
(933, 4)
(70927556613, 1)
(937, 0)
(71231640457, 0)
(938, 1)
(71307661418, 1)
(942, 3)
(71611745262, 3)
(943, 1)
(71687766223, 1)
(947, 0)
(71991850067, 0)
(948, 0)
(72067871028, 0)
(952, 0)
(72371954872, 0)
(953, 3)
(72447975833, 3)
(957, 1)
(72752059677, 1)
(958, 1)
(72828080638, 4)
(962, 2)
(73132164482, 3)
(963, 1)
(73208185443, 4)
(967, 4)
(73512269287, 1)
(968, 0)
(73588290248, 0)
(972, 2)
(73892374092, 3)
(973, 3)
(73968395053, 2)
(977, 0)
(74272478897, 0)
(978, 4)
(74348499858, 1)
(982, 0)
(74652583702, 0)
(983, 2)
(74728604663, 2)
(987, 3)
(75032688507, 2)
(988, 3)
(75108709468, 2)
(992, 1)
(75412793312, 4)
(993, 3)
(75488814273, 3)
(997, 4)
(75792898117, 4)
(998, 1)
(75868919078, 1)
(1002, 4)
(76173002922, 1)
(1003, 1)
(76249023883, 4)
(1007, 0)
(76553107727, 0)
(1008, 0)
(76629128688, 0)
(1012, 0)
(76933212532, 0)
(1013, 4)
(77009233493, 1)
(1017, 4)
(77313317337, 4)
(1018, 3)
(77389338298, 3)
(1022, 3)
(77693422142, 2)
(1023, 1)
(77769443103, 1)
(1027, 4)
(78073526947, 4)
(1028, 0)
(78149547908, 0)
(1032, 0)
(78453631752, 0)
(1033, 3)
(78529652713, 3)
(1037, 0)
(78833736557, 0)
(1038, 2)
(78909757518, 2)
(1042, 3)
(79213841362, 3)
(1043, 2)
(79289862323, 2)
(1047, 4)
(79593946167, 4)
(1048, 0)
(79669967128, 0)
(1052, 1)
(79974050972, 1)
(1053, 1)
(80050071933, 1)
(1057, 1)
(80354155777, 4)
(1058, 0)
(80430176738, 0)
(1062, 0)
(80734260582, 0)
(1063, 4)
(80810281543, 1)
(1067, 2)
(81114365387, 2)
(1068, 1)
(81190386348, 1)
(1072, 3)
(81494470192, 2)
(1073, 1)
(81570491153, 1)
(1077, 4)
(81874574997, 1)
(1078, 3)
(81950595958, 3)
(1082, 3)
(82254679802, 3)
(1083, 2)
(82330700763, 3)
(1087, 1)
(82634784607, 1)
(1088, 1)
(82710805568, 1)
(1092, 0)
(83014889412, 0)
(1093, 0)
(83090910373, 0)
(1097, 1)
(83394994217, 1)
(1098, 0)
(83471015178, 0)
(1102, 0)
(83775099022, 0)
(1103, 3)
(83851119983, 3)
(1107, 3)
(84155203827, 3)
(1108, 0)
(84231224788, 0)
(1112, 0)
(84535308632, 0)
(1113, 4)
(84611329593, 1)
(1117, 4)
(84915413437, 4)
(1118, 1)
(84991434398, 1)
(1122, 4)
(85295518242, 1)
(1123, 0)
(85371539203, 0)
(1127, 3)
(85675623047, 2)
(1128, 0)
(85751644008, 0)
(1132, 1)
(86055727852, 1)
(1133, 2)
(86131748813, 2)
(1137, 0)
(86435832657, 0)
(1138, 2)
(86511853618, 3)
(1142, 2)
(86815937462, 3)
(1143, 0)
(86891958423, 0)
(1147, 1)
(87196042267, 1)
(1148, 2)
(87272063228, 2)
(1152, 3)
(87576147072, 3)
(1153, 4)
(87652168033, 4)
(1157, 3)
(87956251877, 2)
(1158, 4)
(88032272838, 4)
(1162, 3)
(88336356682, 3)
(1163, 3)
(88412377643, 3)
(1167, 3)
(88716461487, 3)
(1168, 2)
(88792482448, 2)
(1172, 0)
(89096566292, 0)
(1173, 1)
(89172587253, 1)
(1177, 2)
(89476671097, 3)
(1178, 1)
(89552692058, 1)
(1182, 0)
(89856775902, 0)
(1183, 0)
(89932796863, 0)
(1187, 4)
(90236880707, 1)
(1188, 0)
(90312901668, 0)
(1192, 0)
(90616985512, 0)
(1193, 4)
(90693006473, 1)
(1197, 0)
(90997090317, 0)
(1198, 2)
(91073111278, 3)
(1202, 1)
(91377195122, 1)
(1203, 4)
(91453216083, 1)
(1207, 2)
(91757299927, 3)
(1208, 0)
(91833320888, 0)
(1212, 0)
(92137404732, 0)
(1213, 0)
(92213425693, 0)
(1217, 2)
(92517509537, 2)
(1218, 4)
(92593530498, 1)
(1222, 3)
(92897614342, 2)
(1223, 0)
(92973635303, 0)
(1227, 4)
(93277719147, 4)
(1228, 4)
(93353740108, 4)
(1232, 1)
(93657823952, 4)
(1233, 1)
(93733844913, 1)
(1237, 4)
(94037928757, 1)
(1238, 2)
(94113949718, 3)
(1242, 3)
(94418033562, 3)
(1243, 1)
(94494054523, 1)
(1247, 4)
(94798138367, 1)
(1248, 2)
(94874159328, 3)
(1252, 0)
(95178243172, 0)
(1253, 3)
(95254264133, 2)
(1257, 0)
(95558347977, 0)
(1258, 2)
(95634368938, 3)
(1262, 4)
(95938452782, 4)
(1263, 0)
(96014473743, 0)
(1267, 1)
(96318557587, 1)
(1268, 0)
(96394578548, 0)
(1272, 0)
(96698662392, 0)
(1273, 0)
(96774683353, 0)
(1277, 4)
(97078767197, 1)
(1278, 0)
(97154788158, 0)
(1282, 3)
(97458872002, 3)
(1283, 4)
(97534892963, 1)
(1287, 0)
(97838976807, 0)
(1288, 0)
(97914997768, 0)
(1292, 3)
(98219081612, 2)
(1293, 1)
(98295102573, 1)
(1297, 2)
(98599186417, 3)
(1298, 2)
(98675207378, 3)
(1302, 4)
(98979291222, 1)
(1303, 1)
(99055312183, 4)
(1307, 1)
(99359396027, 4)
(1308, 1)
(99435416988, 4)
(1312, 3)
(99739500832, 2)
(1313, 1)
(99815521793, 1)
(1317, 0)
(100119605637, 0)
(1318, 0)
(100195626598, 0)
(1322, 3)
(100499710442, 3)
(1323, 4)
(100575731403, 1)
(1327, 0)
(100879815247, 0)
(1328, 1)
(100955836208, 4)
(1332, 0)
(101259920052, 0)
(1333, 0)
(101335941013, 0)
(1337, 4)
(101640024857, 1)
(1338, 0)
(101716045818, 0)
(1342, 0)
(102020129662, 0)
(1343, 4)
(102096150623, 4)
(1347, 1)
(102400234467, 1)
(1348, 0)
(102476255428, 0)
(1352, 0)
(102780339272, 0)
(1353, 4)
(102856360233, 4)
(1357, 1)
(103160444077, 1)
(1358, 4)
(103236465038, 1)
(1362, 1)
(103540548882, 4)
(1363, 4)
(103616569843, 4)
(1367, 0)
(103920653687, 0)
(1368, 0)
(103996674648, 0)
(1372, 1)
(104300758492, 4)
(1373, 2)
(104376779453, 3)
(1377, 1)
(104680863297, 1)
(1378, 0)
(104756884258, 0)
(1382, 2)
(105060968102, 3)
(1383, 3)
(105136989063, 3)
(1387, 4)
(105441072907, 1)
(1388, 0)
(105517093868, 0)
(1392, 4)
(105821177712, 4)
(1393, 4)
(105897198673, 4)
(1397, 4)
(106201282517, 4)
(1398, 0)
(106277303478, 0)
(1402, 1)
(106581387322, 1)
(1403, 1)
(106657408283, 4)
(1407, 1)
(106961492127, 4)
(1408, 3)
(107037513088, 3)
(1412, 0)
(107341596932, 0)
(1413, 0)
(107417617893, 0)
(1417, 1)
(107721701737, 1)
(1418, 4)
(107797722698, 4)
(1422, 1)
(108101806542, 1)
(1423, 4)
(108177827503, 1)
(1427, 0)
(108481911347, 0)
(1428, 0)
(108557932308, 0)
(1432, 0)
(108862016152, 0)
(1433, 4)
(108938037113, 4)
(1437, 4)
(109242120957, 4)
(1438, 1)
(109318141918, 4)
(1442, 1)
(109622225762, 4)
(1443, 2)
(109698246723, 2)
(1447, 2)
(110002330567, 3)
(1448, 0)
(110078351528, 0)
(1452, 2)
(110382435372, 3)
(1453, 1)
(110458456333, 1)
(1457, 4)
(110762540177, 4)
(1458, 2)
(110838561138, 2)
(1462, 4)
(111142644982, 4)
(1463, 2)
(111218665943, 2)
(1467, 0)
(111522749787, 0)
(1468, 2)
(111598770748, 2)
(1472, 4)
(111902854592, 1)
(1473, 2)
(111978875553, 2)
(1477, 1)
(112282959397, 4)
(1478, 0)
(112358980358, 0)
(1482, 1)
(112663064202, 1)
(1483, 3)
(112739085163, 2)
(1487, 3)
(113043169007, 2)
(1488, 2)
(113119189968, 2)
(1492, 0)
(113423273812, 0)
(1493, 3)
(113499294773, 2)
(1497, 0)
(113803378617, 0)
(1498, 1)
(113879399578, 1)
(1502, 1)
(114183483422, 4)
(1503, 3)
(114259504383, 3)
(1507, 4)
(114563588227, 4)
(1508, 0)
(114639609188, 0)
(1512, 0)
(114943693032, 0)
(1513, 4)
(115019713993, 1)
(1517, 3)
(115323797837, 3)
(1518, 4)
(115399818798, 4)
(1522, 0)
(115703902642, 0)
(1523, 3)
(115779923603, 2)
(1527, 1)
(116084007447, 4)
(1528, 0)
(116160028408, 0)
(1532, 4)
(116464112252, 1)
(1533, 1)
(116540133213, 1)
(1537, 1)
(116844217057, 1)
(1538, 4)
(116920238018, 1)
(1542, 0)
(117224321862, 0)
(1543, 4)
(117300342823, 1)
(1547, 2)
(117604426667, 3)
(1548, 0)
(117680447628, 0)
(1552, 3)
(117984531472, 3)
(1553, 0)
(118060552433, 0)
(1557, 2)
(118364636277, 3)
(1558, 2)
(118440657238, 2)
(1562, 2)
(118744741082, 3)
(1563, 4)
(118820762043, 1)
(1567, 0)
(119124845887, 0)
(1568, 2)
(119200866848, 2)
(1572, 0)
(119504950692, 0)
(1573, 3)
(119580971653, 3)
(1577, 3)
(119885055497, 3)
(1578, 1)
(119961076458, 4)
(1582, 4)
(120265160302, 1)
(1583, 3)
(120341181263, 2)
(1587, 0)
(120645265107, 0)
(1588, 0)
(120721286068, 0)
(1592, 0)
(121025369912, 0)
(1593, 4)
(121101390873, 4)
(1597, 4)
(121405474717, 1)
(1598, 2)
(121481495678, 3)
(1602, 0)
(121785579522, 0)
(1603, 4)
(121861600483, 1)
(1607, 3)
(122165684327, 3)
(1608, 0)
(122241705288, 0)
(1612, 4)
(122545789132, 1)
(1613, 3)
(122621810093, 3)
(1617, 3)
(122925893937, 2)
(1618, 2)
(123001914898, 2)
(1622, 0)
(123305998742, 0)
(1623, 3)
(123382019703, 2)
(1627, 2)
(123686103547, 3)
(1628, 3)
(123762124508, 2)
(1632, 3)
(124066208352, 2)
(1633, 4)
(124142229313, 4)
(1637, 3)
(124446313157, 2)
(1638, 1)
(124522334118, 4)
(1642, 1)
(124826417962, 4)
(1643, 0)
(124902438923, 0)
(1647, 3)
(125206522767, 2)
(1648, 0)
(125282543728, 0)
(1652, 0)
(125586627572, 0)
(1653, 4)
(125662648533, 1)
(1657, 1)
(125966732377, 4)
(1658, 2)
(126042753338, 2)
(1662, 0)
(126346837182, 0)
(1663, 2)
(126422858143, 3)
(1667, 3)
(126726941987, 3)
(1668, 0)
(126802962948, 0)
(1672, 0)
(127107046792, 0)
(1673, 3)
(127183067753, 2)
(1677, 1)
(127487151597, 4)
(1678, 0)
(127563172558, 0)
(1682, 4)
(127867256402, 4)
(1683, 0)
(127943277363, 0)
(1687, 2)
(128247361207, 2)
(1688, 0)
(128323382168, 0)
(1692, 0)
(128627466012, 0)
(1693, 3)
(128703486973, 2)
(1697, 3)
(129007570817, 2)
(1698, 1)
(129083591778, 4)
(1702, 0)
(129387675622, 0)
(1703, 3)
(129463696583, 3)
(1707, 0)
(129767780427, 0)
(1708, 1)
(129843801388, 4)
(1712, 4)
(130147885232, 1)
(1713, 4)
(130223906193, 4)
(1717, 1)
(130527990037, 1)
(1718, 1)
(130604010998, 1)
(1722, 1)
(130908094842, 4)
(1723, 0)
(130984115803, 0)
(1727, 4)
(131288199647, 1)
(1728, 0)
(131364220608, 0)
(1732, 0)
(131668304452, 0)
(1733, 1)
(131744325413, 1)
(1737, 0)
(132048409257, 0)
(1738, 1)
(132124430218, 1)
(1742, 1)
(132428514062, 4)
(1743, 4)
(132504535023, 1)
(1747, 0)
(132808618867, 0)
(1748, 0)
(132884639828, 0)
(1752, 0)
(133188723672, 0)
(1753, 0)
(133264744633, 0)
(1757, 3)
(133568828477, 2)
(1758, 0)
(133644849438, 0)
(1762, 1)
(133948933282, 4)
(1763, 3)
(134024954243, 2)
(1767, 3)
(134329038087, 2)
(1768, 0)
(134405059048, 0)
(1772, 0)
(134709142892, 0)
(1773, 0)
(134785163853, 0)
(1777, 4)
(135089247697, 1)
(1778, 0)
(135165268658, 0)
(1782, 1)
(135469352502, 1)
(1783, 2)
(135545373463, 2)
(1787, 2)
(135849457307, 3)
(1788, 2)
(135925478268, 2)
(1792, 1)
(136229562112, 4)
(1793, 4)
(136305583073, 4)
(1797, 4)
(136609666917, 4)
(1798, 0)
(136685687878, 0)
(1802, 3)
(136989771722, 2)
(1803, 2)
(137065792683, 3)
(1807, 3)
(137369876527, 3)
(1808, 4)
(137445897488, 4)
(1812, 0)
(137749981332, 0)
(1813, 2)
(137826002293, 3)
(1817, 0)
(138130086137, 0)
(1818, 0)
(138206107098, 0)
(1822, 4)
(138510190942, 1)
(1823, 0)
(138586211903, 0)
(1827, 2)
(138890295747, 2)
(1828, 0)
(138966316708, 0)
(1832, 0)
(139270400552, 0)
(1833, 1)
(139346421513, 1)
(1837, 4)
(139650505357, 4)
(1838, 3)
(139726526318, 3)
(1842, 4)
(140030610162, 1)
(1843, 4)
(140106631123, 1)
(1847, 2)
(140410714967, 3)
(1848, 0)
(140486735928, 0)
(1852, 4)
(140790819772, 4)
(1853, 4)
(140866840733, 4)
(1857, 0)
(141170924577, 0)
(1858, 0)
(141246945538, 0)
(1862, 3)
(141551029382, 2)
(1863, 2)
(141627050343, 3)
(1867, 0)
(141931134187, 0)
(1868, 1)
(142007155148, 1)
(1872, 0)
(142311238992, 0)
(1873, 3)
(142387259953, 2)
(1877, 4)
(142691343797, 1)
(1878, 4)
(142767364758, 4)
(1882, 2)
(143071448602, 3)
(1883, 1)
(143147469563, 1)
(1887, 0)
(143451553407, 0)
(1888, 3)
(143527574368, 2)
(1892, 0)
(143831658212, 0)
(1893, 0)
(143907679173, 0)
(1897, 1)
(144211763017, 4)
(1898, 3)
(144287783978, 3)
(1902, 4)
(144591867822, 1)
(1903, 2)
(144667888783, 3)
(1907, 3)
(144971972627, 2)
(1908, 0)
(145047993588, 0)
(1912, 0)
(145352077432, 0)
(1913, 4)
(145428098393, 1)
(1917, 2)
(145732182237, 2)
(1918, 1)
(145808203198, 4)
(1922, 2)
(146112287042, 2)
(1923, 0)
(146188308003, 0)
(1927, 2)
(146492391847, 2)
(1928, 0)
(146568412808, 0)
(1932, 3)
(146872496652, 2)
(1933, 2)
(146948517613, 2)
(1937, 3)
(147252601457, 2)
(1938, 2)
(147328622418, 2)
(1942, 3)
(147632706262, 3)
(1943, 2)
(147708727223, 2)
(1947, 3)
(148012811067, 3)
(1948, 1)
(148088832028, 4)
(1952, 0)
(148392915872, 0)
(1953, 0)
(148468936833, 0)
(1957, 1)
(148773020677, 4)
(1958, 2)
(148849041638, 3)
(1962, 0)
(149153125482, 0)
(1963, 4)
(149229146443, 4)
(1967, 4)
(149533230287, 1)
(1968, 4)
(149609251248, 4)
(1972, 0)
(149913335092, 0)
(1973, 3)
(149989356053, 2)
(1977, 1)
(150293439897, 4)
(1978, 2)
(150369460858, 3)
(1982, 1)
(150673544702, 1)
(1983, 1)
(150749565663, 4)
(1987, 2)
(151053649507, 3)
(1988, 0)
(151129670468, 0)
(1992, 0)
(151433754312, 0)
(1993, 1)
(151509775273, 1)
(1997, 2)
(151813859117, 3)
(1998, 3)
(151889880078, 3)
(2002, 4)
(152193963922, 1)
(2003, 1)
(152269984883, 1)
(2007, 0)
(152574068727, 0)
(2008, 0)
(152650089688, 0)
(2012, 2)
(152954173532, 3)
(2013, 4)
(153030194493, 1)
(2017, 2)
(153334278337, 2)
(2018, 3)
(153410299298, 2)
(2022, 1)
(153714383142, 4)
(2023, 4)
(153790404103, 1)
(2027, 1)
(154094487947, 1)
(2028, 3)
(154170508908, 2)
(2032, 0)
(154474592752, 0)
(2033, 2)
(154550613713, 2)
(2037, 4)
(154854697557, 4)
(2038, 3)
(154930718518, 3)
(2042, 0)
(155234802362, 0)
(2043, 0)
(155310823323, 0)
(2047, 2)
(155614907167, 2)
(2048, 0)
(155690928128, 0)
(2052, 0)
(155995011972, 0)
(2053, 2)
(156071032933, 2)
(2057, 4)
(156375116777, 4)
(2058, 2)
(156451137738, 2)
(2062, 3)
(156755221582, 2)
(2063, 0)
(156831242543, 0)
(2067, 3)
(157135326387, 3)
(2068, 0)
(157211347348, 0)
(2072, 0)
(157515431192, 0)
(2073, 0)
(157591452153, 0)
(2077, 1)
(157895535997, 1)
(2078, 0)
(157971556958, 0)
(2082, 1)
(158275640802, 1)
(2083, 3)
(158351661763, 2)
(2087, 0)
(158655745607, 0)
(2088, 0)
(158731766568, 0)
(2092, 0)
(159035850412, 0)
(2093, 0)
(159111871373, 0)
(2097, 1)
(159415955217, 1)
(2098, 4)
(159491976178, 4)
(2102, 4)
(159796060022, 1)
(2103, 4)
(159872080983, 1)
(2107, 4)
(160176164827, 4)
(2108, 4)
(160252185788, 1)
(2112, 4)
(160556269632, 1)
(2113, 4)
(160632290593, 1)
(2117, 1)
(160936374437, 4)
(2118, 0)
(161012395398, 0)
(2122, 2)
(161316479242, 3)
(2123, 1)
(161392500203, 4)
(2127, 2)
(161696584047, 3)
(2128, 2)
(161772605008, 2)
(2132, 0)
(162076688852, 0)
(2133, 2)
(162152709813, 3)
(2137, 1)
(162456793657, 1)
(2138, 2)
(162532814618, 3)
(2142, 0)
(162836898462, 0)
(2143, 3)
(162912919423, 3)
(2147, 4)
(163217003267, 1)
(2148, 0)
(163293024228, 0)
(2152, 0)
(163597108072, 0)
(2153, 3)
(163673129033, 3)
(2157, 4)
(163977212877, 4)
(2158, 0)
(164053233838, 0)
(2162, 4)
(164357317682, 4)
(2163, 2)
(164433338643, 2)
(2167, 2)
(164737422487, 2)
(2168, 0)
(164813443448, 0)
(2172, 4)
(165117527292, 4)
(2173, 0)
(165193548253, 0)
(2177, 0)
(165497632097, 0)
(2178, 3)
(165573653058, 3)
(2182, 3)
(165877736902, 3)
(2183, 2)
(165953757863, 2)
(2187, 0)
(166257841707, 0)
(2188, 4)
(166333862668, 1)
(2192, 1)
(166637946512, 1)
(2193, 1)
(166713967473, 4)
(2197, 3)
(167018051317, 3)
(2198, 1)
(167094072278, 1)
(2202, 0)
(167398156122, 0)
(2203, 0)
(167474177083, 0)
(2207, 1)
(167778260927, 1)
(2208, 4)
(167854281888, 4)
(2212, 0)
(168158365732, 0)
(2213, 3)
(168234386693, 3)
(2217, 3)
(168538470537, 2)
(2218, 1)
(168614491498, 1)
(2222, 3)
(168918575342, 3)
(2223, 0)
(168994596303, 0)
(2227, 1)
(169298680147, 1)
(2228, 0)
(169374701108, 0)
(2232, 0)
(169678784952, 0)
(2233, 4)
(169754805913, 4)
(2237, 0)
(170058889757, 0)
(2238, 3)
(170134910718, 3)
(2242, 4)
(170438994562, 4)
(2243, 0)
(170515015523, 0)
(2247, 0)
(170819099367, 0)
(2248, 0)
(170895120328, 0)
(2252, 3)
(171199204172, 3)
(2253, 4)
(171275225133, 4)
(2257, 4)
(171579308977, 1)
(2258, 3)
(171655329938, 2)
(2262, 1)
(171959413782, 1)
(2263, 2)
(172035434743, 3)
(2267, 1)
(172339518587, 4)
(2268, 1)
(172415539548, 4)
(2272, 3)
(172719623392, 2)
(2273, 2)
(172795644353, 3)
(2277, 0)
(173099728197, 0)
(2278, 4)
(173175749158, 1)
(2282, 0)
(173479833002, 0)
(2283, 4)
(173555853963, 4)
(2287, 1)
(173859937807, 4)
(2288, 0)
(173935958768, 0)
(2292, 0)
(174240042612, 0)
(2293, 1)
(174316063573, 4)
(2297, 0)
(174620147417, 0)
(2298, 2)
(174696168378, 2)
(2302, 4)
(175000252222, 1)
(2303, 0)
(175076273183, 0)
(2307, 3)
(175380357027, 3)
(2308, 0)
(175456377988, 0)
(2312, 0)
(175760461832, 0)
(2313, 2)
(175836482793, 3)
(2317, 4)
(176140566637, 4)
(2318, 1)
(176216587598, 4)
(2322, 3)
(176520671442, 2)
(2323, 2)
(176596692403, 3)
(2327, 2)
(176900776247, 2)
(2328, 0)
(176976797208, 0)
(2332, 1)
(177280881052, 4)
(2333, 1)
(177356902013, 1)
(2337, 2)
(177660985857, 3)
(2338, 4)
(177737006818, 1)
(2342, 3)
(178041090662, 2)
(2343, 2)
(178117111623, 2)
(2347, 0)
(178421195467, 0)
(2348, 1)
(178497216428, 4)
(2352, 2)
(178801300272, 3)
(2353, 4)
(178877321233, 1)
(2357, 2)
(179181405077, 2)
(2358, 0)
(179257426038, 0)
(2362, 4)
(179561509882, 4)
(2363, 0)
(179637530843, 0)
(2367, 1)
(179941614687, 1)
(2368, 3)
(180017635648, 2)
(2372, 0)
(180321719492, 0)
(2373, 1)
(180397740453, 1)
(2377, 1)
(180701824297, 4)
(2378, 0)
(180777845258, 0)
(2382, 2)
(181081929102, 2)
(2383, 4)
(181157950063, 1)
(2387, 2)
(181462033907, 2)
(2388, 0)
(181538054868, 0)
(2392, 0)
(181842138712, 0)
(2393, 0)
(181918159673, 0)
(2397, 2)
(182222243517, 2)
(2398, 0)
(182298264478, 0)
(2402, 0)
(182602348322, 0)
(2403, 2)
(182678369283, 2)
(2407, 0)
(182982453127, 0)
(2408, 0)
(183058474088, 0)
(2412, 0)
(183362557932, 0)
(2413, 1)
(183438578893, 4)
(2417, 1)
(183742662737, 1)
(2418, 4)
(183818683698, 4)
(2422, 0)
(184122767542, 0)
(2423, 3)
(184198788503, 2)
(2427, 4)
(184502872347, 1)
(2428, 4)
(184578893308, 4)
(2432, 1)
(184882977152, 4)
(2433, 0)
(184958998113, 0)
(2437, 3)
(185263081957, 3)
(2438, 3)
(185339102918, 3)
(2442, 3)
(185643186762, 3)
(2443, 4)
(185719207723, 4)
(2447, 3)
(186023291567, 2)
(2448, 1)
(186099312528, 1)
(2452, 0)
(186403396372, 0)
(2453, 3)
(186479417333, 3)
(2457, 2)
(186783501177, 2)
(2458, 3)
(186859522138, 2)
(2462, 3)
(187163605982, 2)
(2463, 4)
(187239626943, 4)
(2467, 2)
(187543710787, 2)
(2468, 0)
(187619731748, 0)
(2472, 0)
(187923815592, 0)
(2473, 0)
(187999836553, 0)
(2477, 3)
(188303920397, 3)
(2478, 2)
(188379941358, 3)
(2482, 1)
(188684025202, 1)
(2483, 0)
(188760046163, 0)
(2487, 0)
(189064130007, 0)
(2488, 0)
(189140150968, 0)
(2492, 4)
(189444234812, 4)
(2493, 0)
(189520255773, 0)
(2497, 3)
(189824339617, 3)
(2498, 0)
(189900360578, 0)
(2502, 3)
(190204444422, 3)
(2503, 1)
(190280465383, 1)
(2507, 4)
(190584549227, 1)
(2508, 2)
(190660570188, 2)
(2512, 2)
(190964654032, 3)
(2513, 3)
(191040674993, 2)
(2517, 4)
(191344758837, 4)
(2518, 0)
(191420779798, 0)
(2522, 4)
(191724863642, 4)
(2523, 3)
(191800884603, 2)
(2527, 4)
(192104968447, 1)
(2528, 4)
(192180989408, 4)
(2532, 0)
(192485073252, 0)
(2533, 4)
(192561094213, 1)
(2537, 0)
(192865178057, 0)
(2538, 2)
(192941199018, 2)
(2542, 4)
(193245282862, 4)
(2543, 0)
(193321303823, 0)
(2547, 0)
(193625387667, 0)
(2548, 0)
(193701408628, 0)
(2552, 0)
(194005492472, 0)
(2553, 1)
(194081513433, 4)
(2557, 3)
(194385597277, 3)
(2558, 4)
(194461618238, 1)
(2562, 1)
(194765702082, 1)
(2563, 4)
(194841723043, 4)
(2567, 1)
(195145806887, 1)
(2568, 0)
(195221827848, 0)
(2572, 1)
(195525911692, 4)
(2573, 1)
(195601932653, 1)
(2577, 0)
(195906016497, 0)
(2578, 1)
(195982037458, 1)
(2582, 0)
(196286121302, 0)
(2583, 2)
(196362142263, 2)
(2587, 3)
(196666226107, 2)
(2588, 4)
(196742247068, 4)
(2592, 3)
(197046330912, 3)
(2593, 1)
(197122351873, 4)
(2597, 4)
(197426435717, 1)
(2598, 4)
(197502456678, 1)
(2602, 4)
(197806540522, 1)
(2603, 0)
(197882561483, 0)
(2607, 2)
(198186645327, 3)
(2608, 2)
(198262666288, 2)
(2612, 0)
(198566750132, 0)
(2613, 1)
(198642771093, 1)
(2617, 2)
(198946854937, 2)
(2618, 0)
(199022875898, 0)
(2622, 1)
(199326959742, 4)
(2623, 2)
(199402980703, 2)
(2627, 2)
(199707064547, 2)
(2628, 0)
(199783085508, 0)
(2632, 0)
(200087169352, 0)
(2633, 3)
(200163190313, 2)
(2637, 4)
(200467274157, 4)
(2638, 0)
(200543295118, 0)
(2642, 3)
(200847378962, 3)
(2643, 0)
(200923399923, 0)
(2647, 0)
(201227483767, 0)
(2648, 0)
(201303504728, 0)
(2652, 2)
(201607588572, 3)
(2653, 1)
(201683609533, 4)
(2657, 2)
(201987693377, 2)
(2658, 4)
(202063714338, 1)
(2662, 1)
(202367798182, 1)
(2663, 3)
(202443819143, 3)
(2667, 3)
(202747902987, 3)
(2668, 2)
(202823923948, 2)
(2672, 4)
(203128007792, 4)
(2673, 3)
(203204028753, 2)
(2677, 2)
(203508112597, 2)
(2678, 0)
(203584133558, 0)
(2682, 0)
(203888217402, 0)
(2683, 0)
(203964238363, 0)
(2687, 4)
(204268322207, 4)
(2688, 1)
(204344343168, 1)
(2692, 0)
(204648427012, 0)
(2693, 3)
(204724447973, 3)
(2697, 4)
(205028531817, 1)
(2698, 4)
(205104552778, 4)
(2702, 2)
(205408636622, 2)
(2703, 3)
(205484657583, 3)
(2707, 2)
(205788741427, 3)
(2708, 0)
(205864762388, 0)
(2712, 0)
(206168846232, 0)
(2713, 1)
(206244867193, 4)
(2717, 2)
(206548951037, 3)
(2718, 1)
(206624971998, 1)
(2722, 0)
(206929055842, 0)
(2723, 3)
(207005076803, 3)
(2727, 0)
(207309160647, 0)
(2728, 0)
(207385181608, 0)
(2732, 0)
(207689265452, 0)
(2733, 3)
(207765286413, 3)
(2737, 1)
(208069370257, 1)
(2738, 4)
(208145391218, 4)
(2742, 3)
(208449475062, 2)
(2743, 0)
(208525496023, 0)
(2747, 3)
(208829579867, 3)
(2748, 1)
(208905600828, 4)
(2752, 0)
(209209684672, 0)
(2753, 2)
(209285705633, 3)
(2757, 4)
(209589789477, 1)
(2758, 4)
(209665810438, 1)
(2762, 4)
(209969894282, 4)
(2763, 0)
(210045915243, 0)
(2767, 4)
(210349999087, 1)
(2768, 2)
(210426020048, 3)
(2772, 0)
(210730103892, 0)
(2773, 4)
(210806124853, 4)
(2777, 0)
(211110208697, 0)
(2778, 1)
(211186229658, 4)
(2782, 2)
(211490313502, 3)
(2783, 4)
(211566334463, 1)
(2787, 1)
(211870418307, 1)
(2788, 0)
(211946439268, 0)
(2792, 0)
(212250523112, 0)
(2793, 4)
(212326544073, 4)
(2797, 3)
(212630627917, 2)
(2798, 4)
(212706648878, 4)
(2802, 1)
(213010732722, 4)
(2803, 1)
(213086753683, 4)
(2807, 3)
(213390837527, 2)
(2808, 0)
(213466858488, 0)
(2812, 3)
(213770942332, 3)
(2813, 0)
(213846963293, 0)
(2817, 0)
(214151047137, 0)
(2818, 0)
(214227068098, 0)
(2822, 2)
(214531151942, 3)
(2823, 1)
(214607172903, 1)
(2827, 3)
(214911256747, 2)
(2828, 3)
(214987277708, 2)
(2832, 3)
(215291361552, 3)
(2833, 3)
(215367382513, 3)
(2837, 1)
(215671466357, 1)
(2838, 0)
(215747487318, 0)
(2842, 2)
(216051571162, 3)
(2843, 0)
(216127592123, 0)
(2847, 3)
(216431675967, 2)
(2848, 4)
(216507696928, 1)
(2852, 0)
(216811780772, 0)
(2853, 0)
(216887801733, 0)
(2857, 0)
(217191885577, 0)
(2858, 3)
(217267906538, 2)
(2862, 2)
(217571990382, 2)
(2863, 2)
(217648011343, 2)
(2867, 2)
(217952095187, 3)
(2868, 0)
(218028116148, 0)
(2872, 0)
(218332199992, 0)
(2873, 3)
(218408220953, 3)
(2877, 0)
(218712304797, 0)
(2878, 1)
(218788325758, 1)
(2882, 1)
(219092409602, 1)
(2883, 3)
(219168430563, 2)
(2887, 0)
(219472514407, 0)
(2888, 0)
(219548535368, 0)
(2892, 3)
(219852619212, 3)
(2893, 4)
(219928640173, 4)
(2897, 1)
(220232724017, 4)
(2898, 0)
(220308744978, 0)
(2902, 2)
(220612828822, 2)
(2903, 4)
(220688849783, 4)
(2907, 2)
(220992933627, 3)
(2908, 4)
(221068954588, 1)
(2912, 4)
(221373038432, 1)
(2913, 2)
(221449059393, 3)
(2917, 2)
(221753143237, 3)
(2918, 4)
(221829164198, 4)
(2922, 1)
(222133248042, 1)
(2923, 4)
(222209269003, 1)
(2927, 4)
(222513352847, 4)
(2928, 3)
(222589373808, 2)
(2932, 0)
(222893457652, 0)
(2933, 1)
(222969478613, 4)
(2937, 4)
(223273562457, 4)
(2938, 4)
(223349583418, 4)
(2942, 0)
(223653667262, 0)
(2943, 3)
(223729688223, 2)
(2947, 3)
(224033772067, 2)
(2948, 0)
(224109793028, 0)
(2952, 0)
(224413876872, 0)
(2953, 1)
(224489897833, 1)
(2957, 4)
(224793981677, 4)
(2958, 2)
(224870002638, 2)
(2962, 4)
(225174086482, 1)
(2963, 2)
(225250107443, 3)
(2967, 1)
(225554191287, 1)
(2968, 0)
(225630212248, 0)
(2972, 2)
(225934296092, 3)
(2973, 2)
(226010317053, 3)
(2977, 4)
(226314400897, 4)
(2978, 0)
(226390421858, 0)
(2982, 1)
(226694505702, 4)
(2983, 0)
(226770526663, 0)
(2987, 0)
(227074610507, 0)
(2988, 2)
(227150631468, 3)
(2992, 1)
(227454715312, 1)
(2993, 2)
(227530736273, 3)
(2997, 4)
(227834820117, 1)
(2998, 3)
(227910841078, 2)
(3002, 4)
(228214924922, 1)
(3003, 2)
(228290945883, 2)
(3007, 0)
(228595029727, 0)
(3008, 0)
(228671050688, 0)
(3012, 0)
(228975134532, 0)
(3013, 3)
(229051155493, 2)
(3017, 3)
(229355239337, 3)
(3018, 4)
(229431260298, 4)
(3022, 2)
(229735344142, 2)
(3023, 2)
(229811365103, 2)
(3027, 2)
(230115448947, 2)
(3028, 0)
(230191469908, 0)
(3032, 0)
(230495553752, 0)
(3033, 0)
(230571574713, 0)
(3037, 3)
(230875658557, 2)
(3038, 1)
(230951679518, 4)
(3042, 0)
(231255763362, 0)
(3043, 3)
(231331784323, 3)
(3047, 2)
(231635868167, 3)
(3048, 0)
(231711889128, 0)
(3052, 3)
(232015972972, 2)
(3053, 0)
(232091993933, 0)
(3057, 3)
(232396077777, 2)
(3058, 2)
(232472098738, 2)
(3062, 4)
(232776182582, 1)
(3063, 1)
(232852203543, 1)
(3067, 2)
(233156287387, 2)
(3068, 1)
(233232308348, 4)
(3072, 4)
(233536392192, 1)
(3073, 1)
(233612413153, 4)
(3077, 4)
(233916496997, 1)
(3078, 4)
(233992517958, 1)
(3082, 0)
(234296601802, 0)
(3083, 2)
(234372622763, 2)
(3087, 0)
(234676706607, 0)
(3088, 2)
(234752727568, 3)
(3092, 0)
(235056811412, 0)
(3093, 2)
(235132832373, 2)
(3097, 3)
(235436916217, 2)
(3098, 4)
(235512937178, 4)
(3102, 1)
(235817021022, 1)
(3103, 0)
(235893041983, 0)
(3107, 3)
(236197125827, 3)
(3108, 0)
(236273146788, 0)
(3112, 0)
(236577230632, 0)
(3113, 1)
(236653251593, 1)
(3117, 0)
(236957335437, 0)
(3118, 0)
(237033356398, 0)
(3122, 3)
(237337440242, 2)
(3123, 0)
(237413461203, 0)
(3127, 1)
(237717545047, 1)
(3128, 0)
(237793566008, 0)
(3132, 3)
(238097649852, 3)
(3133, 0)
(238173670813, 0)
(3137, 1)
(238477754657, 1)
(3138, 4)
(238553775618, 1)
(3142, 0)
(238857859462, 0)
(3143, 1)
(238933880423, 1)
(3147, 0)
(239237964267, 0)
(3148, 0)
(239313985228, 0)
(3152, 0)
(239618069072, 0)
(3153, 4)
(239694090033, 4)
(3157, 4)
(239998173877, 4)
(3158, 2)
(240074194838, 3)
(3162, 0)
(240378278682, 0)
(3163, 1)
(240454299643, 1)
(3167, 2)
(240758383487, 2)
(3168, 0)
(240834404448, 0)
(3172, 0)
(241138488292, 0)
(3173, 0)
(241214509253, 0)
(3177, 3)
(241518593097, 2)
(3178, 0)
(241594614058, 0)
(3182, 2)
(241898697902, 3)
(3183, 4)
(241974718863, 4)
(3187, 2)
(242278802707, 3)
(3188, 0)
(242354823668, 0)
(3192, 0)
(242658907512, 0)
(3193, 4)
(242734928473, 1)
(3197, 4)
(243039012317, 1)
(3198, 2)
(243115033278, 2)
(3202, 1)
(243419117122, 4)
(3203, 4)
(243495138083, 4)
(3207, 3)
(243799221927, 3)
(3208, 0)
(243875242888, 0)
(3212, 0)
(244179326732, 0)
(3213, 3)
(244255347693, 3)
(3217, 1)
(244559431537, 4)
(3218, 1)
(244635452498, 4)
(3222, 0)
(244939536342, 0)
(3223, 0)
(245015557303, 0)
(3227, 4)
(245319641147, 4)
(3228, 2)
(245395662108, 2)
(3232, 2)
(245699745952, 2)
(3233, 4)
(245775766913, 1)
(3237, 2)
(246079850757, 2)
(3238, 3)
(246155871718, 3)
(3242, 3)
(246459955562, 2)
(3243, 2)
(246535976523, 3)
(3247, 3)
(246840060367, 3)
(3248, 3)
(246916081328, 3)
(3252, 0)
(247220165172, 0)
(3253, 1)
(247296186133, 4)
(3257, 1)
(247600269977, 4)
(3258, 4)
(247676290938, 1)
(3262, 3)
(247980374782, 2)
(3263, 3)
(248056395743, 3)
(3267, 4)
(248360479587, 1)
(3268, 0)
(248436500548, 0)
(3272, 0)
(248740584392, 0)
(3273, 4)
(248816605353, 1)
(3277, 3)
(249120689197, 2)
(3278, 1)
(249196710158, 4)
(3282, 0)
(249500794002, 0)
(3283, 1)
(249576814963, 4)
(3287, 1)
(249880898807, 1)
(3288, 0)
(249956919768, 0)
(3292, 3)
(250261003612, 3)
(3293, 1)
(250337024573, 1)
(3297, 0)
(250641108417, 0)
(3298, 1)
(250717129378, 1)
(3302, 1)
(251021213222, 1)
(3303, 0)
(251097234183, 0)
(3307, 4)
(251401318027, 1)
(3308, 1)
(251477338988, 1)
(3312, 1)
(251781422832, 4)
(3313, 1)
(251857443793, 4)
(3317, 1)
(252161527637, 1)
(3318, 2)
(252237548598, 2)
(3322, 4)
(252541632442, 4)
(3323, 3)
(252617653403, 2)
(3327, 4)
(252921737247, 1)
(3328, 2)
(252997758208, 2)
(3332, 0)
(253301842052, 0)
(3333, 3)
(253377863013, 2)
(3337, 4)
(253681946857, 4)
(3338, 0)
(253757967818, 0)
(3342, 4)
(254062051662, 4)
(3343, 4)
(254138072623, 1)
(3347, 1)
(254442156467, 4)
(3348, 0)
(254518177428, 0)
(3352, 0)
(254822261272, 0)
(3353, 0)
(254898282233, 0)
(3357, 0)
(255202366077, 0)
(3358, 2)
(255278387038, 3)
(3362, 4)
(255582470882, 4)
(3363, 4)
(255658491843, 1)
(3367, 0)
(255962575687, 0)
(3368, 0)
(256038596648, 0)
(3372, 2)
(256342680492, 3)
(3373, 4)
(256418701453, 4)
(3377, 3)
(256722785297, 3)
(3378, 4)
(256798806258, 1)
(3382, 0)
(257102890102, 0)
(3383, 1)
(257178911063, 4)
(3387, 2)
(257482994907, 2)
(3388, 3)
(257559015868, 2)
(3392, 1)
(257863099712, 4)
(3393, 2)
(257939120673, 3)
(3397, 0)
(258243204517, 0)
(3398, 3)
(258319225478, 3)
(3402, 3)
(258623309322, 3)
(3403, 2)
(258699330283, 2)
(3407, 3)
(259003414127, 3)
(3408, 4)
(259079435088, 4)
(3412, 0)
(259383518932, 0)
(3413, 3)
(259459539893, 3)
(3417, 4)
(259763623737, 4)
(3418, 2)
(259839644698, 3)
(3422, 3)
(260143728542, 3)
(3423, 0)
(260219749503, 0)
(3427, 1)
(260523833347, 1)
(3428, 0)
(260599854308, 0)
(3432, 0)
(260903938152, 0)
(3433, 1)
(260979959113, 4)
(3437, 2)
(261284042957, 2)
(3438, 0)
(261360063918, 0)
(3442, 0)
(261664147762, 0)
(3443, 4)
(261740168723, 1)
(3447, 4)
(262044252567, 1)
(3448, 0)
(262120273528, 0)
(3452, 2)
(262424357372, 2)
(3453, 3)
(262500378333, 3)
(3457, 3)
(262804462177, 2)
(3458, 0)
(262880483138, 0)
(3462, 3)
(263184566982, 2)
(3463, 4)
(263260587943, 1)
(3467, 4)
(263564671787, 1)
(3468, 4)
(263640692748, 1)
(3472, 1)
(263944776592, 1)
(3473, 0)
(264020797553, 0)
(3477, 2)
(264324881397, 2)
(3478, 4)
(264400902358, 4)
(3482, 4)
(264704986202, 4)
(3483, 3)
(264781007163, 3)
(3487, 2)
(265085091007, 2)
(3488, 0)
(265161111968, 0)
(3492, 0)
(265465195812, 0)
(3493, 3)
(265541216773, 2)
(3497, 2)
(265845300617, 3)
(3498, 0)
(265921321578, 0)
(3502, 4)
(266225405422, 4)
(3503, 2)
(266301426383, 3)
(3507, 3)
(266605510227, 3)
(3508, 0)
(266681531188, 0)
(3512, 0)
(266985615032, 0)
(3513, 4)
(267061635993, 4)
(3517, 0)
(267365719837, 0)
(3518, 3)
(267441740798, 2)
(3522, 3)
(267745824642, 3)
(3523, 4)
(267821845603, 4)
(3527, 0)
(268125929447, 0)
(3528, 0)
(268201950408, 0)
(3532, 1)
(268506034252, 1)
(3533, 0)
(268582055213, 0)
(3537, 3)
(268886139057, 2)
(3538, 3)
(268962160018, 2)
(3542, 2)
(269266243862, 2)
(3543, 3)
(269342264823, 2)
(3547, 4)
(269646348667, 1)
(3548, 2)
(269722369628, 2)
(3552, 4)
(270026453472, 4)
(3553, 1)
(270102474433, 4)
(3557, 4)
(270406558277, 1)
(3558, 3)
(270482579238, 3)
(3562, 2)
(270786663082, 2)
(3563, 3)
(270862684043, 2)
(3567, 0)
(271166767887, 0)
(3568, 2)
(271242788848, 2)
