(2, 4)
(12482, 4)
(3, 3)
(18723, 2)
(7, 4)
(43687, 1)
(8, 0)
(49928, 0)
(12, 4)
(74892, 1)
(13, 3)
(81133, 3)
(17, 4)
(106097, 1)
(18, 3)
(112338, 3)
(22, 3)
(137302, 3)
(23, 3)
(143543, 3)
(27, 3)
(168507, 2)
(28, 3)
(174748, 2)
(32, 2)
(199712, 2)
(33, 1)
(205953, 4)
(37, 2)
(230917, 3)
(38, 1)
(237158, 1)
(42, 1)
(262122, 1)
(43, 4)
(268363, 1)
(47, 0)
(293327, 0)
(48, 4)
(299568, 1)
(52, 0)
(324532, 0)
(53, 4)
(330773, 1)
(57, 4)
(355737, 1)
(58, 2)
(361978, 3)
(62, 2)
(386942, 2)
(63, 0)
(393183, 0)
(67, 1)
(418147, 1)
(68, 0)
(424388, 0)
(72, 0)
(449352, 0)
(73, 1)
(455593, 1)
(77, 3)
(480557, 2)
(78, 4)
(486798, 1)
(82, 1)
(511762, 4)
(83, 2)
(518003, 2)
(87, 4)
(542967, 4)
(88, 0)
(549208, 0)
(92, 1)
(574172, 1)
(93, 1)
(580413, 4)
(97, 4)
(605377, 4)
(98, 4)
(611618, 4)
(102, 1)
(636582, 1)
(103, 0)
(642823, 0)
(107, 3)
(667787, 2)
(108, 4)
(674028, 1)
(112, 4)
(698992, 1)
(113, 2)
(705233, 3)
(117, 0)
(730197, 0)
(118, 1)
(736438, 4)
(122, 0)
(761402, 0)
(123, 3)
(767643, 3)
(127, 0)
(792607, 0)
(128, 4)
(798848, 4)
(132, 0)
(823812, 0)
(133, 1)
(830053, 4)
(137, 3)
(855017, 2)
(138, 3)
(861258, 2)
(142, 1)
(886222, 4)
(143, 0)
(892463, 0)
(147, 4)
(917427, 1)
(148, 0)
(923668, 0)
(152, 0)
(948632, 0)
(153, 3)
(954873, 2)
(157, 1)
(979837, 4)
(158, 3)
(986078, 0)
(162, 1)
(1011042, 1)
(163, 4)
(1017283, 4)
(167, 4)
(1042247, 4)
(168, 0)
(1048488, 0)
(172, 2)
(1073452, 3)
(173, 1)
(1079693, 4)
(177, 4)
(1104657, 4)
(178, 3)
(1110898, 3)
(182, 3)
(1135862, 2)
(183, 3)
(1142103, 3)
(187, 2)
(1167067, 3)
(188, 0)
(1173308, 0)
(192, 0)
(1198272, 0)
(193, 1)
(1204513, 4)
(197, 0)
(1229477, 0)
(198, 0)
(1235718, 0)
(202, 4)
(1260682, 4)
(203, 1)
(1266923, 1)
(207, 1)
(1291887, 1)
(208, 1)
(1298128, 1)
(212, 0)
(1323092, 0)
(213, 2)
(1329333, 2)
(217, 3)
(1354297, 2)
(218, 0)
(1360538, 0)
(222, 3)
(1385502, 3)
(223, 2)
(1391743, 2)
(227, 0)
(1416707, 0)
(228, 0)
(1422948, 0)
(232, 0)
(1447912, 0)
(233, 3)
(1454153, 2)
(237, 2)
(1479117, 0)
(238, 3)
(1485358, 3)
(242, 4)
(1510322, 4)
(243, 4)
(1516563, 1)
(247, 4)
(1541527, 4)
(248, 0)
(1547768, 0)
(252, 0)
(1572732, 0)
(253, 1)
(1578973, 1)
(257, 1)
(1603937, 1)
(258, 3)
(1610178, 3)
(262, 4)
(1635142, 4)
(263, 3)
(1641383, 3)
(267, 2)
(1666347, 3)
(268, 3)
(1672588, 3)
(272, 3)
(1697552, 2)
(273, 2)
(1703793, 2)
(277, 1)
(1728757, 1)
(278, 4)
(1734998, 1)
(282, 2)
(1759962, 2)
(283, 2)
(1766203, 2)
(287, 1)
(1791167, 1)
(288, 4)
(1797408, 4)
(292, 0)
(1822372, 0)
(293, 2)
(1828613, 3)
(297, 1)
(1853577, 4)
(298, 1)
(1859818, 4)
(302, 3)
(1884782, 3)
(303, 0)
(1891023, 0)
(307, 3)
(1915987, 2)
(308, 0)
(1922228, 0)
(312, 0)
(1947192, 0)
(313, 2)
(1953433, 2)
(317, 0)
(1978397, 0)
(318, 2)
(1984638, 2)
(322, 2)
(2009602, 3)
(323, 1)
(2015843, 4)
(327, 3)
(2040807, 3)
(328, 0)
(2047048, 0)
(332, 1)
(2072012, 1)
(333, 0)
(2078253, 0)
(337, 3)
(2103217, 3)
(338, 0)
(2109458, 0)
(342, 2)
(2134422, 2)
(343, 3)
(2140663, 2)
(347, 0)
(2165627, 0)
(348, 3)
(2171868, 3)
(352, 4)
(2196832, 4)
(353, 4)
(2203073, 1)
(357, 3)
(2228037, 2)
(358, 1)
(2234278, 1)
(362, 2)
(2259242, 2)
(363, 4)
(2265483, 1)
(367, 1)
(2290447, 1)
(368, 3)
(2296688, 3)
(372, 0)
(2321652, 0)
(373, 0)
(2327893, 0)
(377, 1)
(2352857, 4)
(378, 1)
(2359098, 1)
(382, 2)
(2384062, 3)
(383, 2)
(2390303, 2)
(387, 0)
(2415267, 0)
(388, 0)
(2421508, 0)
(392, 0)
(2446472, 0)
(393, 3)
(2452713, 2)
(397, 1)
(2477677, 1)
(398, 0)
(2483918, 0)
(402, 4)
(2508882, 1)
(403, 3)
(2515123, 3)
(407, 4)
(2540087, 1)
(408, 0)
(2546328, 0)
(412, 0)
(2571292, 0)
(413, 0)
(2577533, 0)
(417, 2)
(2602497, 2)
(418, 3)
(2608738, 3)
(422, 0)
(2633702, 0)
(423, 0)
(2639943, 0)
(427, 2)
(2664907, 2)
(428, 4)
(2671148, 1)
(432, 4)
(2696112, 1)
(433, 3)
(2702353, 3)
(437, 0)
(2727317, 0)
(438, 3)
(2733558, 2)
(442, 2)
(2758522, 3)
(443, 0)
(2764763, 0)
(447, 1)
(2789727, 1)
(448, 2)
(2795968, 3)
(452, 0)
(2820932, 0)
(453, 3)
(2827173, 2)
(457, 3)
(2852137, 3)
(458, 1)
(2858378, 4)
(462, 2)
(2883342, 2)
(463, 2)
(2889583, 3)
(467, 2)
(2914547, 2)
(468, 0)
(2920788, 0)
(472, 0)
(2945752, 0)
(473, 3)
(2951993, 2)
(477, 3)
(2976957, 2)
(478, 3)
(2983198, 3)
(482, 0)
(3008162, 0)
(483, 1)
(3014403, 1)
(487, 3)
(3039367, 3)
(488, 0)
(3045608, 0)
(492, 4)
(3070572, 4)
(493, 3)
(3076813, 3)
(497, 4)
(3101777, 4)
(498, 3)
(3108018, 2)
(502, 1)
(3132982, 4)
(503, 1)
(3139223, 4)
(507, 1)
(3164187, 4)
(508, 0)
(3170428, 0)
(512, 4)
(3195392, 4)
(513, 4)
(3201633, 1)
(517, 2)
(3226597, 3)
(518, 1)
(3232838, 1)
(522, 0)
(3257802, 0)
(523, 0)
(3264043, 0)
(527, 2)
(3289007, 3)
(528, 2)
(3295248, 3)
(532, 0)
(3320212, 0)
(533, 3)
(3326453, 2)
(537, 2)
(3351417, 3)
(538, 0)
(3357658, 0)
(542, 1)
(3382622, 4)
(543, 2)
(3388863, 3)
(547, 3)
(3413827, 3)
(548, 0)
(3420068, 0)
(552, 0)
(3445032, 0)
(553, 2)
(3451273, 0)
(557, 3)
(3476237, 3)
(558, 4)
(3482478, 4)
(562, 2)
(3507442, 2)
(563, 1)
(3513683, 1)
(567, 3)
(3538647, 2)
(568, 0)
(3544888, 0)
(572, 0)
(3569852, 0)
(573, 4)
(3576093, 4)
(577, 3)
(3601057, 2)
(578, 2)
(3607298, 2)
(582, 4)
(3632262, 1)
(583, 3)
(3638503, 2)
(587, 2)
(3663467, 3)
(588, 2)
(3669708, 3)
(592, 4)
(3694672, 1)
(593, 1)
(3700913, 1)
(597, 2)
(3725877, 2)
(598, 3)
(3732118, 3)
(602, 1)
(3757082, 1)
(603, 0)
(3763323, 0)
(607, 2)
(3788287, 3)
(608, 3)
(3794528, 3)
(612, 0)
(3819492, 0)
(613, 0)
(3825733, 0)
(617, 2)
(3850697, 2)
(618, 2)
(3856938, 2)
(622, 3)
(3881902, 2)
(623, 2)
(3888143, 3)
(627, 4)
(3913107, 1)
(628, 0)
(3919348, 0)
(632, 0)
(3944312, 0)
(633, 0)
(3950553, 0)
(637, 4)
(3975517, 4)
(638, 0)
(3981758, 0)
(642, 4)
(4006722, 4)
(643, 2)
(4012963, 2)
(647, 2)
(4037927, 3)
(648, 0)
(4044168, 0)
(652, 2)
(4069132, 2)
(653, 1)
(4075373, 1)
(657, 0)
(4100337, 0)
(658, 3)
(4106578, 3)
(662, 3)
(4131542, 2)
(663, 1)
(4137783, 1)
(667, 4)
(4162747, 1)
(668, 3)
(4168988, 3)
(672, 3)
(4193952, 3)
(673, 3)
(4200193, 2)
(677, 0)
(4225157, 0)
(678, 0)
(4231398, 0)
(682, 3)
(4256362, 3)
(683, 0)
(4262603, 0)
(687, 3)
(4287567, 3)
(688, 2)
(4293808, 3)
(692, 0)
(4318772, 0)
(693, 1)
(4325013, 4)
(697, 3)
(4349977, 3)
(698, 1)
(4356218, 4)
(702, 4)
(4381182, 1)
(703, 4)
(4387423, 1)
(707, 1)
(4412387, 4)
(708, 0)
(4418628, 0)
(712, 0)
(4443592, 0)
(713, 1)
(4449833, 1)
(717, 1)
(4474797, 4)
(718, 2)
(4481038, 3)
(722, 1)
(4506002, 1)
(723, 1)
(4512243, 4)
(727, 2)
(4537207, 2)
(728, 0)
(4543448, 0)
(732, 1)
(4568412, 1)
(733, 1)
(4574653, 1)
(737, 0)
(4599617, 0)
(738, 0)
(4605858, 0)
(742, 2)
(4630822, 2)
(743, 1)
(4637063, 1)
(747, 4)
(4662027, 4)
(748, 1)
(4668268, 4)
(752, 0)
(4693232, 0)
(753, 3)
(4699473, 3)
(757, 0)
(4724437, 0)
(758, 2)
(4730678, 3)
(762, 3)
(4755642, 3)
(763, 1)
(4761883, 1)
(767, 3)
(4786847, 2)
(768, 2)
(4793088, 3)
(772, 0)
(4818052, 0)
(773, 4)
(4824293, 4)
(777, 1)
(4849257, 4)
(778, 4)
(4855498, 4)
(782, 1)
(4880462, 4)
(783, 4)
(4886703, 4)
(787, 0)
(4911667, 0)
(788, 0)
(4917908, 0)
(792, 0)
(4942872, 0)
(793, 2)
(4949113, 3)
(797, 0)
(4974077, 0)
(798, 1)
(4980318, 1)
(802, 3)
(5005282, 2)
(803, 0)
(5011523, 0)
(807, 1)
(5036487, 4)
(808, 0)
(5042728, 0)
(812, 3)
(5067692, 3)
(813, 3)
(5073933, 3)
(817, 2)
(5098897, 3)
(818, 3)
(5105138, 2)
(822, 0)
(5130102, 0)
(823, 4)
(5136343, 1)
(827, 2)
(5161307, 3)
(828, 2)
(5167548, 2)
(832, 2)
(5192512, 2)
(833, 2)
(5198753, 3)
(837, 1)
(5223717, 4)
(838, 4)
(5229958, 1)
(842, 4)
(5254922, 4)
(843, 4)
(5261163, 1)
(847, 4)
(5286127, 1)
(848, 3)
(5292368, 2)
(852, 0)
(5317332, 0)
(853, 0)
(5323573, 0)
(857, 2)
(5348537, 2)
(858, 1)
(5354778, 4)
(862, 2)
(5379742, 2)
(863, 1)
(5385983, 1)
(867, 3)
(5410947, 2)
(868, 0)
(5417188, 0)
(872, 0)
(5442152, 0)
(873, 0)
(5448393, 0)
(877, 0)
(5473357, 0)
(878, 0)
(5479598, 0)
(882, 3)
(5504562, 3)
(883, 2)
(5510803, 3)
(887, 1)
(5535767, 1)
(888, 0)
(5542008, 0)
(892, 4)
(5566972, 4)
(893, 2)
(5573213, 3)
(897, 1)
(5598177, 4)
(898, 2)
(5604418, 3)
(902, 2)
(5629382, 3)
(903, 1)
(5635623, 4)
(907, 3)
(5660587, 3)
(908, 0)
(5666828, 0)
(912, 3)
(5691792, 2)
(913, 3)
(5698033, 3)
(917, 0)
(5722997, 0)
(918, 1)
(5729238, 1)
(922, 2)
(5754202, 3)
(923, 0)
(5760443, 0)
(927, 0)
(5785407, 0)
(928, 1)
(5791648, 4)
(932, 0)
(5816612, 0)
(933, 4)
(5822853, 4)
(937, 0)
(5847817, 0)
(938, 1)
(5854058, 4)
(942, 3)
(5879022, 3)
(943, 1)
(5885263, 4)
(947, 0)
(5910227, 0)
(948, 0)
(5916468, 0)
(952, 0)
(5941432, 0)
(953, 3)
(5947673, 3)
(957, 1)
(5972637, 1)
(958, 1)
(5978878, 1)
(962, 2)
(6003842, 3)
(963, 1)
(6010083, 4)
(967, 4)
(6035047, 4)
(968, 0)
(6041288, 0)
(972, 2)
(6066252, 3)
(973, 3)
(6072493, 3)
(977, 0)
(6097457, 0)
(978, 4)
(6103698, 1)
(982, 0)
(6128662, 0)
(983, 2)
(6134903, 3)
(987, 3)
(6159867, 2)
(988, 3)
(6166108, 3)
(992, 1)
(6191072, 1)
(993, 3)
(6197313, 3)
(997, 4)
(6222277, 4)
(998, 1)
(6228518, 1)
(1002, 4)
(6253482, 1)
(1003, 1)
(6259723, 1)
(1007, 0)
(6284687, 0)
(1008, 0)
(6290928, 0)
(1012, 0)
(6315892, 0)
(1013, 4)
(6322133, 4)
(1017, 4)
(6347097, 1)
(1018, 3)
(6353338, 2)
(1022, 3)
(6378302, 2)
(1023, 1)
(6384543, 4)
(1027, 4)
(6409507, 0)
(1028, 0)
(6415748, 0)
(1032, 0)
(6440712, 0)
(1033, 3)
(6446953, 2)
(1037, 0)
(6471917, 0)
(1038, 2)
(6478158, 2)
(1042, 3)
(6503122, 2)
(1043, 2)
(6509363, 2)
(1047, 4)
(6534327, 4)
(1048, 0)
(6540568, 0)
(1052, 1)
(6565532, 1)
(1053, 1)
(6571773, 1)
(1057, 1)
(6596737, 4)
(1058, 0)
(6602978, 0)
(1062, 0)
(6627942, 0)
(1063, 4)
(6634183, 4)
(1067, 2)
(6659147, 2)
(1068, 1)
(6665388, 4)
(1072, 3)
(6690352, 3)
(1073, 1)
(6696593, 1)
(1077, 4)
(6721557, 4)
(1078, 3)
(6727798, 3)
(1082, 3)
(6752762, 3)
(1083, 2)
(6759003, 3)
(1087, 1)
(6783967, 4)
(1088, 1)
(6790208, 4)
(1092, 0)
(6815172, 0)
(1093, 0)
(6821413, 0)
(1097, 1)
(6846377, 4)
(1098, 0)
(6852618, 0)
(1102, 0)
(6877582, 0)
(1103, 3)
(6883823, 3)
(1107, 3)
(6908787, 3)
(1108, 0)
(6915028, 0)
(1112, 0)
(6939992, 0)
(1113, 4)
(6946233, 1)
(1117, 4)
(6971197, 4)
(1118, 1)
(6977438, 4)
(1122, 4)
(7002402, 4)
(1123, 0)
(7008643, 0)
(1127, 3)
(7033607, 3)
(1128, 0)
(7039848, 0)
(1132, 1)
(7064812, 1)
(1133, 2)
(7071053, 3)
(1137, 0)
(7096017, 0)
(1138, 2)
(7102258, 2)
(1142, 2)
(7127222, 2)
(1143, 0)
(7133463, 0)
(1147, 1)
(7158427, 4)
(1148, 2)
(7164668, 2)
(1152, 3)
(7189632, 3)
(1153, 4)
(7195873, 1)
(1157, 3)
(7220837, 3)
(1158, 4)
(7227078, 4)
(1162, 3)
(7252042, 2)
(1163, 3)
(7258283, 2)
(1167, 3)
(7283247, 2)
(1168, 2)
(7289488, 2)
(1172, 0)
(7314452, 0)
(1173, 1)
(7320693, 1)
(1177, 2)
(7345657, 3)
(1178, 1)
(7351898, 1)
(1182, 0)
(7376862, 0)
(1183, 0)
(7383103, 0)
(1187, 4)
(7408067, 4)
(1188, 0)
(7414308, 0)
(1192, 0)
(7439272, 0)
(1193, 4)
(7445513, 4)
(1197, 0)
(7470477, 0)
(1198, 2)
(7476718, 2)
(1202, 1)
(7501682, 4)
(1203, 4)
(7507923, 4)
(1207, 2)
(7532887, 2)
(1208, 0)
(7539128, 0)
(1212, 0)
(7564092, 0)
(1213, 0)
(7570333, 0)
(1217, 2)
(7595297, 2)
(1218, 4)
(7601538, 1)
(1222, 3)
(7626502, 2)
(1223, 0)
(7632743, 0)
(1227, 4)
(7657707, 4)
(1228, 4)
(7663948, 1)
(1232, 1)
(7688912, 4)
(1233, 1)
(7695153, 4)
(1237, 4)
(7720117, 4)
(1238, 2)
(7726358, 3)
(1242, 3)
(7751322, 2)
(1243, 1)
(7757563, 4)
(1247, 4)
(7782527, 4)
(1248, 2)
(7788768, 3)
(1252, 0)
(7813732, 0)
(1253, 3)
(7819973, 2)
(1257, 0)
(7844937, 0)
(1258, 2)
(7851178, 2)
(1262, 4)
(7876142, 1)
(1263, 0)
(7882383, 0)
(1267, 1)
(7907347, 4)
(1268, 0)
(7913588, 0)
(1272, 0)
(7938552, 0)
(1273, 0)
(7944793, 0)
(1277, 4)
(7969757, 4)
(1278, 0)
(7975998, 0)
(1282, 3)
(8000962, 3)
(1283, 4)
(8007203, 4)
(1287, 0)
(8032167, 0)
(1288, 0)
(8038408, 0)
(1292, 3)
(8063372, 2)
(1293, 1)
(8069613, 4)
(1297, 2)
(8094577, 3)
(1298, 2)
(8100818, 3)
(1302, 4)
(8125782, 4)
(1303, 1)
(8132023, 4)
(1307, 1)
(8156987, 4)
(1308, 1)
(8163228, 1)
(1312, 3)
(8188192, 2)
(1313, 1)
(8194433, 1)
(1317, 0)
(8219397, 0)
(1318, 0)
(8225638, 0)
(1322, 3)
(8250602, 2)
(1323, 4)
(8256843, 1)
(1327, 0)
(8281807, 0)
(1328, 1)
(8288048, 1)
(1332, 0)
(8313012, 0)
(1333, 0)
(8319253, 0)
(1337, 4)
(8344217, 4)
(1338, 0)
(8350458, 0)
(1342, 0)
(8375422, 0)
(1343, 4)
(8381663, 0)
(1347, 1)
(8406627, 1)
(1348, 0)
(8412868, 0)
(1352, 0)
(8437832, 0)
(1353, 4)
(8444073, 4)
(1357, 1)
(8469037, 4)
(1358, 4)
(8475278, 1)
(1362, 1)
(8500242, 1)
(1363, 4)
(8506483, 4)
(1367, 0)
(8531447, 0)
(1368, 0)
(8537688, 0)
(1372, 1)
(8562652, 4)
(1373, 2)
(8568893, 3)
(1377, 1)
(8593857, 4)
(1378, 0)
(8600098, 0)
(1382, 2)
(8625062, 3)
(1383, 3)
(8631303, 3)
(1387, 4)
(8656267, 4)
(1388, 0)
(8662508, 0)
(1392, 4)
(8687472, 4)
(1393, 4)
(8693713, 4)
(1397, 4)
(8718677, 1)
(1398, 0)
(8724918, 0)
(1402, 1)
(8749882, 4)
(1403, 1)
(8756123, 4)
(1407, 1)
(8781087, 1)
(1408, 3)
(8787328, 3)
(1412, 0)
(8812292, 0)
(1413, 0)
(8818533, 0)
(1417, 1)
(8843497, 4)
(1418, 4)
(8849738, 1)
(1422, 1)
(8874702, 0)
(1423, 4)
(8880943, 4)
(1427, 0)
(8905907, 0)
(1428, 0)
(8912148, 0)
(1432, 0)
(8937112, 0)
(1433, 4)
(8943353, 4)
(1437, 4)
(8968317, 1)
(1438, 1)
(8974558, 1)
(1442, 1)
(8999522, 1)
(1443, 2)
(9005763, 2)
(1447, 2)
(9030727, 2)
(1448, 0)
(9036968, 0)
(1452, 2)
(9061932, 3)
(1453, 1)
(9068173, 1)
(1457, 4)
(9093137, 1)
(1458, 2)
(9099378, 2)
(1462, 4)
(9124342, 4)
(1463, 2)
(9130583, 3)
(1467, 0)
(9155547, 0)
(1468, 2)
(9161788, 2)
(1472, 4)
(9186752, 4)
(1473, 2)
(9192993, 2)
(1477, 1)
(9217957, 1)
(1478, 0)
(9224198, 0)
(1482, 1)
(9249162, 4)
(1483, 3)
(9255403, 2)
(1487, 3)
(9280367, 3)
(1488, 2)
(9286608, 3)
(1492, 0)
(9311572, 0)
(1493, 3)
(9317813, 2)
(1497, 0)
(9342777, 0)
(1498, 1)
(9349018, 1)
(1502, 1)
(9373982, 1)
(1503, 3)
(9380223, 3)
(1507, 4)
(9405187, 1)
(1508, 0)
(9411428, 0)
(1512, 0)
(9436392, 0)
(1513, 4)
(9442633, 1)
(1517, 3)
(9467597, 3)
(1518, 4)
(9473838, 1)
(1522, 0)
(9498802, 0)
(1523, 3)
(9505043, 3)
(1527, 1)
(9530007, 1)
(1528, 0)
(9536248, 0)
(1532, 4)
(9561212, 4)
(1533, 1)
(9567453, 1)
(1537, 1)
(9592417, 1)
(1538, 4)
(9598658, 1)
(1542, 0)
(9623622, 0)
(1543, 4)
(9629863, 4)
(1547, 2)
(9654827, 2)
(1548, 0)
(9661068, 0)
(1552, 3)
(9686032, 3)
(1553, 0)
(9692273, 0)
(1557, 2)
(9717237, 3)
(1558, 2)
(9723478, 3)
(1562, 2)
(9748442, 3)
(1563, 4)
(9754683, 4)
(1567, 0)
(9779647, 0)
(1568, 2)
(9785888, 2)
(1572, 0)
(9810852, 0)
(1573, 3)
(9817093, 3)
(1577, 3)
(9842057, 3)
(1578, 1)
(9848298, 4)
(1582, 4)
(9873262, 4)
(1583, 3)
(9879503, 2)
(1587, 0)
(9904467, 0)
(1588, 0)
(9910708, 0)
(1592, 0)
(9935672, 0)
(1593, 4)
(9941913, 4)
(1597, 4)
(9966877, 1)
(1598, 2)
(9973118, 2)
(1602, 0)
(9998082, 0)
(1603, 4)
(10004323, 4)
(1607, 3)
(10029287, 2)
(1608, 0)
(10035528, 0)
(1612, 4)
(10060492, 4)
(1613, 3)
(10066733, 2)
(1617, 3)
(10091697, 2)
(1618, 2)
(10097938, 2)
(1622, 0)
(10122902, 0)
(1623, 3)
(10129143, 2)
(1627, 2)
(10154107, 3)
(1628, 3)
(10160348, 2)
(1632, 3)
(10185312, 3)
(1633, 4)
(10191553, 1)
(1637, 3)
(10216517, 2)
(1638, 1)
(10222758, 4)
(1642, 1)
(10247722, 1)
(1643, 0)
(10253963, 0)
(1647, 3)
(10278927, 3)
(1648, 0)
(10285168, 0)
(1652, 0)
(10310132, 0)
(1653, 4)
(10316373, 4)
(1657, 1)
(10341337, 4)
(1658, 2)
(10347578, 3)
(1662, 0)
(10372542, 0)
(1663, 2)
(10378783, 2)
(1667, 3)
(10403747, 3)
(1668, 0)
(10409988, 0)
(1672, 0)
(10434952, 0)
(1673, 3)
(10441193, 2)
(1677, 1)
(10466157, 1)
(1678, 0)
(10472398, 0)
(1682, 4)
(10497362, 4)
(1683, 0)
(10503603, 0)
(1687, 2)
(10528567, 3)
(1688, 0)
(10534808, 0)
(1692, 0)
(10559772, 0)
(1693, 3)
(10566013, 2)
(1697, 3)
(10590977, 3)
(1698, 1)
(10597218, 4)
(1702, 0)
(10622182, 0)
(1703, 3)
(10628423, 3)
(1707, 0)
(10653387, 0)
(1708, 1)
(10659628, 1)
(1712, 4)
(10684592, 1)
(1713, 4)
(10690833, 1)
(1717, 1)
(10715797, 4)
(1718, 1)
(10722038, 4)
(1722, 1)
(10747002, 4)
(1723, 0)
(10753243, 0)
(1727, 4)
(10778207, 1)
(1728, 0)
(10784448, 0)
(1732, 0)
(10809412, 0)
(1733, 1)
(10815653, 4)
(1737, 0)
(10840617, 0)
(1738, 1)
(10846858, 0)
(1742, 1)
(10871822, 1)
(1743, 4)
(10878063, 4)
(1747, 0)
(10903027, 0)
(1748, 0)
(10909268, 0)
(1752, 0)
(10934232, 0)
(1753, 0)
(10940473, 0)
(1757, 3)
(10965437, 3)
(1758, 0)
(10971678, 0)
(1762, 1)
(10996642, 4)
(1763, 3)
(11002883, 3)
(1767, 3)
(11027847, 2)
(1768, 0)
(11034088, 0)
(1772, 0)
(11059052, 0)
(1773, 0)
(11065293, 0)
(1777, 4)
(11090257, 1)
(1778, 0)
(11096498, 0)
(1782, 1)
(11121462, 1)
(1783, 2)
(11127703, 2)
(1787, 2)
(11152667, 2)
(1788, 2)
(11158908, 2)
(1792, 1)
(11183872, 4)
(1793, 4)
(11190113, 4)
(1797, 4)
(11215077, 1)
(1798, 0)
(11221318, 0)
(1802, 3)
(11246282, 3)
(1803, 2)
(11252523, 2)
(1807, 3)
(11277487, 2)
(1808, 4)
(11283728, 1)
(1812, 0)
(11308692, 0)
(1813, 2)
(11314933, 3)
(1817, 0)
(11339897, 0)
(1818, 0)
(11346138, 0)
(1822, 4)
(11371102, 4)
(1823, 0)
(11377343, 0)
(1827, 2)
(11402307, 2)
(1828, 0)
(11408548, 0)
(1832, 0)
(11433512, 0)
(1833, 1)
(11439753, 1)
(1837, 4)
(11464717, 4)
(1838, 3)
(11470958, 3)
(1842, 4)
(11495922, 4)
(1843, 4)
(11502163, 4)
(1847, 2)
(11527127, 3)
(1848, 0)
(11533368, 0)
(1852, 4)
(11558332, 1)
(1853, 4)
(11564573, 4)
(1857, 0)
(11589537, 0)
(1858, 0)
(11595778, 0)
(1862, 3)
(11620742, 3)
(1863, 2)
(11626983, 2)
(1867, 0)
(11651947, 0)
(1868, 1)
(11658188, 1)
(1872, 0)
(11683152, 0)
(1873, 3)
(11689393, 2)
(1877, 4)
(11714357, 1)
(1878, 4)
(11720598, 1)
(1882, 2)
(11745562, 2)
(1883, 1)
(11751803, 4)
(1887, 0)
(11776767, 0)
(1888, 3)
(11783008, 2)
(1892, 0)
(11807972, 0)
(1893, 0)
(11814213, 0)
(1897, 1)
(11839177, 1)
(1898, 3)
(11845418, 3)
(1902, 4)
(11870382, 1)
(1903, 2)
(11876623, 3)
(1907, 3)
(11901587, 3)
(1908, 0)
(11907828, 0)
(1912, 0)
(11932792, 0)
(1913, 4)
(11939033, 1)
(1917, 2)
(11963997, 2)
(1918, 1)
(11970238, 1)
(1922, 2)
(11995202, 2)
(1923, 0)
(12001443, 0)
(1927, 2)
(12026407, 2)
(1928, 0)
(12032648, 0)
(1932, 3)
(12057612, 3)
(1933, 2)
(12063853, 3)
(1937, 3)
(12088817, 2)
(1938, 2)
(12095058, 2)
(1942, 3)
(12120022, 3)
(1943, 2)
(12126263, 3)
(1947, 3)
(12151227, 3)
(1948, 1)
(12157468, 1)
(1952, 0)
(12182432, 0)
(1953, 0)
(12188673, 0)
(1957, 1)
(12213637, 4)
(1958, 2)
(12219878, 2)
(1962, 0)
(12244842, 0)
(1963, 4)
(12251083, 4)
(1967, 4)
(12276047, 1)
(1968, 4)
(12282288, 4)
(1972, 0)
(12307252, 0)
(1973, 3)
(12313493, 2)
(1977, 1)
(12338457, 1)
(1978, 2)
(12344698, 3)
(1982, 1)
(12369662, 4)
(1983, 1)
(12375903, 1)
(1987, 2)
(12400867, 3)
(1988, 0)
(12407108, 0)
(1992, 0)
(12432072, 0)
(1993, 1)
(12438313, 1)
(1997, 2)
(12463277, 2)
(1998, 3)
(12469518, 3)
(2002, 4)
(12494482, 1)
(2003, 1)
(12500723, 4)
(2007, 0)
(12525687, 0)
(2008, 0)
(12531928, 0)
(2012, 2)
(12556892, 3)
(2013, 4)
(12563133, 4)
(2017, 2)
(12588097, 2)
(2018, 3)
(12594338, 2)
(2022, 1)
(12619302, 4)
(2023, 4)
(12625543, 1)
(2027, 1)
(12650507, 1)
(2028, 3)
(12656748, 2)
(2032, 0)
(12681712, 0)
(2033, 2)
(12687953, 3)
(2037, 4)
(12712917, 4)
(2038, 3)
(12719158, 2)
(2042, 0)
(12744122, 0)
(2043, 0)
(12750363, 0)
(2047, 2)
(12775327, 2)
(2048, 0)
(12781568, 0)
(2052, 0)
(12806532, 0)
(2053, 2)
(12812773, 3)
(2057, 4)
(12837737, 1)
(2058, 2)
(12843978, 2)
(2062, 3)
(12868942, 3)
(2063, 0)
(12875183, 0)
(2067, 3)
(12900147, 3)
(2068, 0)
(12906388, 0)
(2072, 0)
(12931352, 0)
(2073, 0)
(12937593, 0)
(2077, 1)
(12962557, 1)
(2078, 0)
(12968798, 0)
(2082, 1)
(12993762, 4)
(2083, 3)
(13000003, 2)
(2087, 0)
(13024967, 0)
(2088, 0)
(13031208, 0)
(2092, 0)
(13056172, 0)
(2093, 0)
(13062413, 0)
(2097, 1)
(13087377, 4)
(2098, 4)
(13093618, 4)
(2102, 4)
(13118582, 1)
(2103, 4)
(13124823, 4)
(2107, 4)
(13149787, 1)
(2108, 4)
(13156028, 1)
(2112, 4)
(13180992, 1)
(2113, 4)
(13187233, 1)
(2117, 1)
(13212197, 4)
(2118, 0)
(13218438, 0)
(2122, 2)
(13243402, 3)
(2123, 1)
(13249643, 4)
(2127, 2)
(13274607, 2)
(2128, 2)
(13280848, 3)
(2132, 0)
(13305812, 0)
(2133, 2)
(13312053, 0)
(2137, 1)
(13337017, 1)
(2138, 2)
(13343258, 2)
(2142, 0)
(13368222, 0)
(2143, 3)
(13374463, 3)
(2147, 4)
(13399427, 1)
(2148, 0)
(13405668, 0)
(2152, 0)
(13430632, 0)
(2153, 3)
(13436873, 3)
(2157, 4)
(13461837, 1)
(2158, 0)
(13468078, 0)
(2162, 4)
(13493042, 1)
(2163, 2)
(13499283, 3)
(2167, 2)
(13524247, 3)
(2168, 0)
(13530488, 0)
(2172, 4)
(13555452, 1)
(2173, 0)
(13561693, 0)
(2177, 0)
(13586657, 0)
(2178, 3)
(13592898, 3)
(2182, 3)
(13617862, 3)
(2183, 2)
(13624103, 2)
(2187, 0)
(13649067, 0)
(2188, 4)
(13655308, 4)
(2192, 1)
(13680272, 4)
(2193, 1)
(13686513, 4)
(2197, 3)
(13711477, 3)
(2198, 1)
(13717718, 1)
(2202, 0)
(13742682, 0)
(2203, 0)
(13748923, 0)
(2207, 1)
(13773887, 4)
(2208, 4)
(13780128, 1)
(2212, 0)
(13805092, 0)
(2213, 3)
(13811333, 3)
(2217, 3)
(13836297, 3)
(2218, 1)
(13842538, 4)
(2222, 3)
(13867502, 3)
(2223, 0)
(13873743, 0)
(2227, 1)
(13898707, 4)
(2228, 0)
(13904948, 0)
(2232, 0)
(13929912, 0)
(2233, 4)
(13936153, 4)
(2237, 0)
(13961117, 0)
(2238, 3)
(13967358, 3)
(2242, 4)
(13992322, 1)
(2243, 0)
(13998563, 0)
(2247, 0)
(14023527, 0)
(2248, 0)
(14029768, 0)
(2252, 3)
(14054732, 3)
(2253, 4)
(14060973, 1)
(2257, 4)
(14085937, 4)
(2258, 3)
(14092178, 3)
(2262, 1)
(14117142, 1)
(2263, 2)
(14123383, 2)
(2267, 1)
(14148347, 1)
(2268, 1)
(14154588, 4)
(2272, 3)
(14179552, 2)
(2273, 2)
(14185793, 3)
(2277, 0)
(14210757, 0)
(2278, 4)
(14216998, 1)
(2282, 0)
(14241962, 0)
(2283, 4)
(14248203, 1)
(2287, 1)
(14273167, 4)
(2288, 0)
(14279408, 0)
(2292, 0)
(14304372, 0)
(2293, 1)
(14310613, 1)
(2297, 0)
(14335577, 0)
(2298, 2)
(14341818, 3)
(2302, 4)
(14366782, 4)
(2303, 0)
(14373023, 0)
(2307, 3)
(14397987, 3)
(2308, 0)
(14404228, 0)
(2312, 0)
(14429192, 0)
(2313, 2)
(14435433, 2)
(2317, 4)
(14460397, 4)
(2318, 1)
(14466638, 4)
(2322, 3)
(14491602, 3)
(2323, 2)
(14497843, 2)
(2327, 2)
(14522807, 2)
(2328, 0)
(14529048, 0)
(2332, 1)
(14554012, 4)
(2333, 1)
(14560253, 1)
(2337, 2)
(14585217, 2)
(2338, 4)
(14591458, 1)
(2342, 3)
(14616422, 3)
(2343, 2)
(14622663, 2)
(2347, 0)
(14647627, 0)
(2348, 1)
(14653868, 4)
(2352, 2)
(14678832, 3)
(2353, 4)
(14685073, 4)
(2357, 2)
(14710037, 3)
(2358, 0)
(14716278, 0)
(2362, 4)
(14741242, 1)
(2363, 0)
(14747483, 0)
(2367, 1)
(14772447, 1)
(2368, 3)
(14778688, 2)
(2372, 0)
(14803652, 0)
(2373, 1)
(14809893, 4)
(2377, 1)
(14834857, 4)
(2378, 0)
(14841098, 0)
(2382, 2)
(14866062, 3)
(2383, 4)
(14872303, 4)
(2387, 2)
(14897267, 3)
(2388, 0)
(14903508, 0)
(2392, 0)
(14928472, 0)
(2393, 0)
(14934713, 0)
(2397, 2)
(14959677, 3)
(2398, 0)
(14965918, 0)
(2402, 0)
(14990882, 0)
(2403, 2)
(14997123, 3)
(2407, 0)
(15022087, 0)
(2408, 0)
(15028328, 0)
(2412, 0)
(15053292, 0)
(2413, 1)
(15059533, 4)
(2417, 1)
(15084497, 4)
(2418, 4)
(15090738, 1)
(2422, 0)
(15115702, 0)
(2423, 3)
(15121943, 2)
(2427, 4)
(15146907, 1)
(2428, 4)
(15153148, 1)
(2432, 1)
(15178112, 1)
(2433, 0)
(15184353, 0)
(2437, 3)
(15209317, 3)
(2438, 3)
(15215558, 2)
(2442, 3)
(15240522, 3)
(2443, 4)
(15246763, 4)
(2447, 3)
(15271727, 2)
(2448, 1)
(15277968, 4)
(2452, 0)
(15302932, 0)
(2453, 3)
(15309173, 3)
(2457, 2)
(15334137, 2)
(2458, 3)
(15340378, 3)
(2462, 3)
(15365342, 3)
(2463, 4)
(15371583, 1)
(2467, 2)
(15396547, 2)
(2468, 0)
(15402788, 0)
(2472, 0)
(15427752, 0)
(2473, 0)
(15433993, 0)
(2477, 3)
(15458957, 2)
(2478, 2)
(15465198, 3)
(2482, 1)
(15490162, 4)
(2483, 0)
(15496403, 0)
(2487, 0)
(15521367, 0)
(2488, 0)
(15527608, 0)
(2492, 4)
(15552572, 1)
(2493, 0)
(15558813, 0)
(2497, 3)
(15583777, 2)
(2498, 0)
(15590018, 0)
(2502, 3)
(15614982, 2)
(2503, 1)
(15621223, 4)
(2507, 4)
(15646187, 1)
(2508, 2)
(15652428, 3)
(2512, 2)
(15677392, 3)
(2513, 3)
(15683633, 3)
(2517, 4)
(15708597, 1)
(2518, 0)
(15714838, 0)
(2522, 4)
(15739802, 4)
(2523, 3)
(15746043, 2)
(2527, 4)
(15771007, 1)
(2528, 4)
(15777248, 0)
(2532, 0)
(15802212, 0)
(2533, 4)
(15808453, 4)
(2537, 0)
(15833417, 0)
(2538, 2)
(15839658, 2)
(2542, 4)
(15864622, 1)
(2543, 0)
(15870863, 0)
(2547, 0)
(15895827, 0)
(2548, 0)
(15902068, 0)
(2552, 0)
(15927032, 0)
(2553, 1)
(15933273, 1)
(2557, 3)
(15958237, 2)
(2558, 4)
(15964478, 1)
(2562, 1)
(15989442, 4)
(2563, 4)
(15995683, 1)
(2567, 1)
(16020647, 4)
(2568, 0)
(16026888, 0)
(2572, 1)
(16051852, 1)
(2573, 1)
(16058093, 1)
(2577, 0)
(16083057, 0)
(2578, 1)
(16089298, 1)
(2582, 0)
(16114262, 0)
(2583, 2)
(16120503, 2)
(2587, 3)
(16145467, 2)
(2588, 4)
(16151708, 1)
(2592, 3)
(16176672, 3)
(2593, 1)
(16182913, 1)
(2597, 4)
(16207877, 1)
(2598, 4)
(16214118, 1)
(2602, 4)
(16239082, 1)
(2603, 0)
(16245323, 0)
(2607, 2)
(16270287, 0)
(2608, 2)
(16276528, 2)
(2612, 0)
(16301492, 0)
(2613, 1)
(16307733, 4)
(2617, 2)
(16332697, 2)
(2618, 0)
(16338938, 0)
(2622, 1)
(16363902, 4)
(2623, 2)
(16370143, 2)
(2627, 2)
(16395107, 2)
(2628, 0)
(16401348, 0)
(2632, 0)
(16426312, 0)
(2633, 3)
(16432553, 3)
(2637, 4)
(16457517, 1)
(2638, 0)
(16463758, 0)
(2642, 3)
(16488722, 2)
(2643, 0)
(16494963, 0)
(2647, 0)
(16519927, 0)
(2648, 0)
(16526168, 0)
(2652, 2)
(16551132, 2)
(2653, 1)
(16557373, 1)
(2657, 2)
(16582337, 2)
(2658, 4)
(16588578, 4)
(2662, 1)
(16613542, 1)
(2663, 3)
(16619783, 2)
(2667, 3)
(16644747, 2)
(2668, 2)
(16650988, 3)
(2672, 4)
(16675952, 4)
(2673, 3)
(16682193, 2)
(2677, 2)
(16707157, 3)
(2678, 0)
(16713398, 0)
(2682, 0)
(16738362, 0)
(2683, 0)
(16744603, 0)
(2687, 4)
(16769567, 4)
(2688, 1)
(16775808, 1)
(2692, 0)
(16800772, 0)
(2693, 3)
(16807013, 2)
(2697, 4)
(16831977, 4)
(2698, 4)
(16838218, 1)
(2702, 2)
(16863182, 2)
(2703, 3)
(16869423, 2)
(2707, 2)
(16894387, 2)
(2708, 0)
(16900628, 0)
(2712, 0)
(16925592, 0)
(2713, 1)
(16931833, 4)
(2717, 2)
(16956797, 2)
(2718, 1)
(16963038, 1)
(2722, 0)
(16988002, 0)
(2723, 3)
(16994243, 2)
(2727, 0)
(17019207, 0)
(2728, 0)
(17025448, 0)
(2732, 0)
(17050412, 0)
(2733, 3)
(17056653, 2)
(2737, 1)
(17081617, 1)
(2738, 4)
(17087858, 4)
(2742, 3)
(17112822, 2)
(2743, 0)
(17119063, 0)
(2747, 3)
(17144027, 2)
(2748, 1)
(17150268, 1)
(2752, 0)
(17175232, 0)
(2753, 2)
(17181473, 2)
(2757, 4)
(17206437, 1)
(2758, 4)
(17212678, 4)
(2762, 4)
(17237642, 4)
(2763, 0)
(17243883, 0)
(2767, 4)
(17268847, 4)
(2768, 2)
(17275088, 3)
(2772, 0)
(17300052, 0)
(2773, 4)
(17306293, 4)
(2777, 0)
(17331257, 0)
(2778, 1)
(17337498, 1)
(2782, 2)
(17362462, 3)
(2783, 4)
(17368703, 4)
(2787, 1)
(17393667, 1)
(2788, 0)
(17399908, 0)
(2792, 0)
(17424872, 0)
(2793, 4)
(17431113, 1)
(2797, 3)
(17456077, 3)
(2798, 4)
(17462318, 1)
(2802, 1)
(17487282, 4)
(2803, 1)
(17493523, 1)
(2807, 3)
(17518487, 3)
(2808, 0)
(17524728, 0)
(2812, 3)
(17549692, 2)
(2813, 0)
(17555933, 0)
(2817, 0)
(17580897, 0)
(2818, 0)
(17587138, 0)
(2822, 2)
(17612102, 3)
(2823, 1)
(17618343, 4)
(2827, 3)
(17643307, 3)
(2828, 3)
(17649548, 2)
(2832, 3)
(17674512, 3)
(2833, 3)
(17680753, 2)
(2837, 1)
(17705717, 1)
(2838, 0)
(17711958, 0)
(2842, 2)
(17736922, 3)
(2843, 0)
(17743163, 0)
(2847, 3)
(17768127, 2)
(2848, 4)
(17774368, 4)
(2852, 0)
(17799332, 0)
(2853, 0)
(17805573, 0)
(2857, 0)
(17830537, 0)
(2858, 3)
(17836778, 2)
(2862, 2)
(17861742, 2)
(2863, 2)
(17867983, 2)
(2867, 2)
(17892947, 2)
(2868, 0)
(17899188, 0)
(2872, 0)
(17924152, 0)
(2873, 3)
(17930393, 2)
(2877, 0)
(17955357, 0)
(2878, 1)
(17961598, 4)
(2882, 1)
(17986562, 1)
(2883, 3)
(17992803, 2)
(2887, 0)
(18017767, 0)
(2888, 0)
(18024008, 0)
(2892, 3)
(18048972, 2)
(2893, 4)
(18055213, 4)
(2897, 1)
(18080177, 4)
(2898, 0)
(18086418, 0)
(2902, 2)
(18111382, 3)
(2903, 4)
(18117623, 1)
(2907, 2)
(18142587, 3)
(2908, 4)
(18148828, 4)
(2912, 4)
(18173792, 1)
(2913, 2)
(18180033, 3)
(2917, 2)
(18204997, 2)
(2918, 4)
(18211238, 1)
(2922, 1)
(18236202, 4)
(2923, 4)
(18242443, 0)
(2927, 4)
(18267407, 4)
(2928, 3)
(18273648, 3)
(2932, 0)
(18298612, 0)
(2933, 1)
(18304853, 1)
(2937, 4)
(18329817, 1)
(2938, 4)
(18336058, 1)
(2942, 0)
(18361022, 0)
(2943, 3)
(18367263, 3)
(2947, 3)
(18392227, 2)
(2948, 0)
(18398468, 0)
(2952, 0)
(18423432, 0)
(2953, 1)
(18429673, 4)
(2957, 4)
(18454637, 1)
(2958, 2)
(18460878, 3)
(2962, 4)
(18485842, 1)
(2963, 2)
(18492083, 2)
(2967, 1)
(18517047, 1)
(2968, 0)
(18523288, 0)
(2972, 2)
(18548252, 2)
(2973, 2)
(18554493, 2)
(2977, 4)
(18579457, 1)
(2978, 0)
(18585698, 0)
(2982, 1)
(18610662, 4)
(2983, 0)
(18616903, 0)
(2987, 0)
(18641867, 0)
(2988, 2)
(18648108, 2)
(2992, 1)
(18673072, 4)
(2993, 2)
(18679313, 3)
(2997, 4)
(18704277, 1)
(2998, 3)
(18710518, 2)
(3002, 4)
(18735482, 0)
(3003, 2)
(18741723, 2)
(3007, 0)
(18766687, 0)
(3008, 0)
(18772928, 0)
(3012, 0)
(18797892, 0)
(3013, 3)
(18804133, 3)
(3017, 3)
(18829097, 2)
(3018, 4)
(18835338, 4)
(3022, 2)
(18860302, 2)
(3023, 2)
(18866543, 2)
(3027, 2)
(18891507, 2)
(3028, 0)
(18897748, 0)
(3032, 0)
(18922712, 0)
(3033, 0)
(18928953, 0)
(3037, 3)
(18953917, 2)
(3038, 1)
(18960158, 1)
(3042, 0)
(18985122, 0)
(3043, 3)
(18991363, 2)
(3047, 2)
(19016327, 2)
(3048, 0)
(19022568, 0)
(3052, 3)
(19047532, 3)
(3053, 0)
(19053773, 0)
(3057, 3)
(19078737, 3)
(3058, 2)
(19084978, 3)
(3062, 4)
(19109942, 1)
(3063, 1)
(19116183, 4)
(3067, 2)
(19141147, 2)
(3068, 1)
(19147388, 4)
(3072, 4)
(19172352, 1)
(3073, 1)
(19178593, 4)
(3077, 4)
(19203557, 1)
(3078, 4)
(19209798, 4)
(3082, 0)
(19234762, 0)
(3083, 2)
(19241003, 2)
(3087, 0)
(19265967, 0)
(3088, 2)
(19272208, 3)
(3092, 0)
(19297172, 0)
(3093, 2)
(19303413, 3)
(3097, 3)
(19328377, 3)
(3098, 4)
(19334618, 1)
(3102, 1)
(19359582, 1)
(3103, 0)
(19365823, 0)
(3107, 3)
(19390787, 3)
(3108, 0)
(19397028, 0)
(3112, 0)
(19421992, 0)
(3113, 1)
(19428233, 1)
(3117, 0)
(19453197, 0)
(3118, 0)
(19459438, 0)
(3122, 3)
(19484402, 2)
(3123, 0)
(19490643, 0)
(3127, 1)
(19515607, 1)
(3128, 0)
(19521848, 0)
(3132, 3)
(19546812, 3)
(3133, 0)
(19553053, 0)
(3137, 1)
(19578017, 4)
(3138, 4)
(19584258, 1)
(3142, 0)
(19609222, 0)
(3143, 1)
(19615463, 1)
(3147, 0)
(19640427, 0)
(3148, 0)
(19646668, 0)
(3152, 0)
(19671632, 0)
(3153, 4)
(19677873, 4)
(3157, 4)
(19702837, 4)
(3158, 2)
(19709078, 3)
(3162, 0)
(19734042, 0)
(3163, 1)
(19740283, 4)
(3167, 2)
(19765247, 3)
(3168, 0)
(19771488, 0)
(3172, 0)
(19796452, 0)
(3173, 0)
(19802693, 0)
(3177, 3)
(19827657, 2)
(3178, 0)
(19833898, 0)
(3182, 2)
(19858862, 2)
(3183, 4)
(19865103, 4)
(3187, 2)
(19890067, 3)
(3188, 0)
(19896308, 0)
(3192, 0)
(19921272, 0)
(3193, 4)
(19927513, 1)
(3197, 4)
(19952477, 1)
(3198, 2)
(19958718, 2)
(3202, 1)
(19983682, 1)
(3203, 4)
(19989923, 1)
(3207, 3)
(20014887, 2)
(3208, 0)
(20021128, 0)
(3212, 0)
(20046092, 0)
(3213, 3)
(20052333, 2)
(3217, 1)
(20077297, 4)
(3218, 1)
(20083538, 4)
(3222, 0)
(20108502, 0)
(3223, 0)
(20114743, 0)
(3227, 4)
(20139707, 4)
(3228, 2)
(20145948, 3)
(3232, 2)
(20170912, 2)
(3233, 4)
(20177153, 4)
(3237, 2)
(20202117, 3)
(3238, 3)
(20208358, 2)
(3242, 3)
(20233322, 2)
(3243, 2)
(20239563, 2)
(3247, 3)
(20264527, 3)
(3248, 3)
(20270768, 3)
(3252, 0)
(20295732, 0)
(3253, 1)
(20301973, 4)
(3257, 1)
(20326937, 1)
(3258, 4)
(20333178, 4)
(3262, 3)
(20358142, 3)
(3263, 3)
(20364383, 2)
(3267, 4)
(20389347, 1)
(3268, 0)
(20395588, 0)
(3272, 0)
(20420552, 0)
(3273, 4)
(20426793, 1)
(3277, 3)
(20451757, 3)
(3278, 1)
(20457998, 4)
(3282, 0)
(20482962, 0)
(3283, 1)
(20489203, 1)
(3287, 1)
(20514167, 4)
(3288, 0)
(20520408, 0)
(3292, 3)
(20545372, 2)
(3293, 1)
(20551613, 4)
(3297, 0)
(20576577, 0)
(3298, 1)
(20582818, 4)
(3302, 1)
(20607782, 4)
(3303, 0)
(20614023, 0)
(3307, 4)
(20638987, 1)
(3308, 1)
(20645228, 4)
(3312, 1)
(20670192, 1)
(3313, 1)
(20676433, 4)
(3317, 1)
(20701397, 4)
(3318, 2)
(20707638, 0)
(3322, 4)
(20732602, 4)
(3323, 3)
(20738843, 3)
(3327, 4)
(20763807, 4)
(3328, 2)
(20770048, 2)
(3332, 0)
(20795012, 0)
(3333, 3)
(20801253, 2)
(3337, 4)
(20826217, 4)
(3338, 0)
(20832458, 0)
(3342, 4)
(20857422, 1)
(3343, 4)
(20863663, 4)
(3347, 1)
(20888627, 4)
(3348, 0)
(20894868, 0)
(3352, 0)
(20919832, 0)
(3353, 0)
(20926073, 0)
(3357, 0)
(20951037, 0)
(3358, 2)
(20957278, 2)
(3362, 4)
(20982242, 4)
(3363, 4)
(20988483, 4)
(3367, 0)
(21013447, 0)
(3368, 0)
(21019688, 0)
(3372, 2)
(21044652, 3)
(3373, 4)
(21050893, 4)
(3377, 3)
(21075857, 2)
(3378, 4)
(21082098, 1)
(3382, 0)
(21107062, 0)
(3383, 1)
(21113303, 1)
(3387, 2)
(21138267, 3)
(3388, 3)
(21144508, 2)
(3392, 1)
(21169472, 4)
(3393, 2)
(21175713, 3)
(3397, 0)
(21200677, 0)
(3398, 3)
(21206918, 3)
(3402, 3)
(21231882, 3)
(3403, 2)
(21238123, 3)
(3407, 3)
(21263087, 3)
(3408, 4)
(21269328, 4)
(3412, 0)
(21294292, 0)
(3413, 3)
(21300533, 3)
(3417, 4)
(21325497, 4)
(3418, 2)
(21331738, 2)
(3422, 3)
(21356702, 3)
(3423, 0)
(21362943, 0)
(3427, 1)
(21387907, 4)
(3428, 0)
(21394148, 0)
(3432, 0)
(21419112, 0)
(3433, 1)
(21425353, 1)
(3437, 2)
(21450317, 2)
(3438, 0)
(21456558, 0)
(3442, 0)
(21481522, 0)
(3443, 4)
(21487763, 4)
(3447, 4)
(21512727, 4)
(3448, 0)
(21518968, 0)
(3452, 2)
(21543932, 2)
(3453, 3)
(21550173, 2)
(3457, 3)
(21575137, 2)
(3458, 0)
(21581378, 0)
(3462, 3)
(21606342, 3)
(3463, 4)
(21612583, 1)
(3467, 4)
(21637547, 1)
(3468, 4)
(21643788, 1)
(3472, 1)
(21668752, 4)
(3473, 0)
(21674993, 0)
(3477, 2)
(21699957, 2)
(3478, 4)
(21706198, 4)
(3482, 4)
(21731162, 1)
(3483, 3)
(21737403, 2)
(3487, 2)
(21762367, 2)
(3488, 0)
(21768608, 0)
(3492, 0)
(21793572, 0)
(3493, 3)
(21799813, 2)
(3497, 2)
(21824777, 2)
(3498, 0)
(21831018, 0)
(3502, 4)
(21855982, 4)
(3503, 2)
(21862223, 3)
(3507, 3)
(21887187, 3)
(3508, 0)
(21893428, 0)
(3512, 0)
(21918392, 0)
(3513, 4)
(21924633, 1)
(3517, 0)
(21949597, 0)
(3518, 3)
(21955838, 3)
(3522, 3)
(21980802, 3)
(3523, 4)
(21987043, 1)
(3527, 0)
(22012007, 0)
(3528, 0)
(22018248, 0)
(3532, 1)
(22043212, 4)
(3533, 0)
(22049453, 0)
(3537, 3)
(22074417, 2)
(3538, 3)
(22080658, 3)
(3542, 2)
(22105622, 3)
(3543, 3)
(22111863, 3)
(3547, 4)
(22136827, 1)
(3548, 2)
(22143068, 2)
(3552, 4)
(22168032, 4)
(3553, 1)
(22174273, 4)
(3557, 4)
(22199237, 4)
(3558, 3)
(22205478, 2)
(3562, 2)
(22230442, 3)
(3563, 3)
(22236683, 3)
(3567, 0)
(22261647, 0)
(3568, 2)
(22267888, 2)
