(2, 4)
(1033922, 4)
(3, 3)
(1550883, 3)
(7, 4)
(3618727, 4)
(8, 0)
(4135688, 0)
(12, 4)
(6203532, 4)
(13, 3)
(6720493, 3)
(17, 4)
(8788337, 1)
(18, 3)
(9305298, 3)
(22, 3)
(11373142, 2)
(23, 3)
(11890103, 2)
(27, 3)
(13957947, 3)
(28, 3)
(14474908, 3)
(32, 2)
(16542752, 2)
(33, 1)
(17059713, 4)
(37, 2)
(19127557, 2)
(38, 1)
(19644518, 4)
(42, 1)
(21712362, 1)
(43, 4)
(22229323, 1)
(47, 0)
(24297167, 0)
(48, 4)
(24814128, 4)
(52, 0)
(26881972, 0)
(53, 4)
(27398933, 1)
(57, 4)
(29466777, 1)
(58, 2)
(29983738, 2)
(62, 2)
(32051582, 2)
(63, 0)
(32568543, 0)
(67, 1)
(34636387, 4)
(68, 0)
(35153348, 0)
(72, 0)
(37221192, 0)
(73, 1)
(37738153, 4)
(77, 3)
(39805997, 2)
(78, 4)
(40322958, 4)
(82, 1)
(42390802, 4)
(83, 2)
(42907763, 2)
(87, 4)
(44975607, 4)
(88, 0)
(45492568, 0)
(92, 1)
(47560412, 4)
(93, 1)
(48077373, 1)
(97, 4)
(50145217, 1)
(98, 4)
(50662178, 4)
(102, 1)
(52730022, 4)
(103, 0)
(53246983, 0)
(107, 3)
(55314827, 3)
(108, 4)
(55831788, 4)
(112, 4)
(57899632, 4)
(113, 2)
(58416593, 2)
(117, 0)
(60484437, 0)
(118, 1)
(61001398, 1)
(122, 0)
(63069242, 0)
(123, 3)
(63586203, 2)
(127, 0)
(65654047, 0)
(128, 4)
(66171008, 4)
(132, 0)
(68238852, 0)
(133, 1)
(68755813, 4)
(137, 3)
(70823657, 3)
(138, 3)
(71340618, 2)
(142, 1)
(73408462, 4)
(143, 0)
(73925423, 0)
(147, 4)
(75993267, 4)
(148, 0)
(76510228, 0)
(152, 0)
(78578072, 0)
(153, 3)
(79095033, 2)
(157, 1)
(81162877, 4)
(158, 3)
(81679838, 2)
(162, 1)
(83747682, 1)
(163, 4)
(84264643, 4)
(167, 4)
(86332487, 4)
(168, 0)
(86849448, 0)
(172, 2)
(88917292, 3)
(173, 1)
(89434253, 4)
(177, 4)
(91502097, 4)
(178, 3)
(92019058, 2)
(182, 3)
(94086902, 3)
(183, 3)
(94603863, 3)
(187, 2)
(96671707, 2)
(188, 0)
(97188668, 0)
(192, 0)
(99256512, 0)
(193, 1)
(99773473, 4)
(197, 0)
(101841317, 0)
(198, 0)
(102358278, 0)
(202, 4)
(104426122, 1)
(203, 1)
(104943083, 1)
(207, 1)
(107010927, 4)
(208, 1)
(107527888, 1)
(212, 0)
(109595732, 0)
(213, 2)
(110112693, 3)
(217, 3)
(112180537, 3)
(218, 0)
(112697498, 0)
(222, 3)
(114765342, 3)
(223, 2)
(115282303, 3)
(227, 0)
(117350147, 0)
(228, 0)
(117867108, 0)
(232, 0)
(119934952, 0)
(233, 3)
(120451913, 2)
(237, 2)
(122519757, 3)
(238, 3)
(123036718, 2)
(242, 4)
(125104562, 4)
(243, 4)
(125621523, 4)
(247, 4)
(127689367, 1)
(248, 0)
(128206328, 0)
(252, 0)
(130274172, 0)
(253, 1)
(130791133, 1)
(257, 1)
(132858977, 1)
(258, 3)
(133375938, 2)
(262, 4)
(135443782, 1)
(263, 3)
(135960743, 3)
(267, 2)
(138028587, 3)
(268, 3)
(138545548, 2)
(272, 3)
(140613392, 2)
(273, 2)
(141130353, 2)
(277, 1)
(143198197, 1)
(278, 4)
(143715158, 1)
(282, 2)
(145783002, 3)
(283, 2)
(146299963, 2)
(287, 1)
(148367807, 4)
(288, 4)
(148884768, 4)
(292, 0)
(150952612, 0)
(293, 2)
(151469573, 2)
(297, 1)
(153537417, 4)
(298, 1)
(154054378, 1)
(302, 3)
(156122222, 3)
(303, 0)
(156639183, 0)
(307, 3)
(158707027, 2)
(308, 0)
(159223988, 0)
(312, 0)
(161291832, 0)
(313, 2)
(161808793, 3)
(317, 0)
(163876637, 0)
(318, 2)
(164393598, 3)
(322, 2)
(166461442, 3)
(323, 1)
(166978403, 1)
(327, 3)
(169046247, 2)
(328, 0)
(169563208, 0)
(332, 1)
(171631052, 1)
(333, 0)
(172148013, 0)
(337, 3)
(174215857, 2)
(338, 0)
(174732818, 0)
(342, 2)
(176800662, 3)
(343, 3)
(177317623, 3)
(347, 0)
(179385467, 0)
(348, 3)
(179902428, 3)
(352, 4)
(181970272, 1)
(353, 4)
(182487233, 1)
(357, 3)
(184555077, 2)
(358, 1)
(185072038, 4)
(362, 2)
(187139882, 2)
(363, 4)
(187656843, 4)
(367, 1)
(189724687, 1)
(368, 3)
(190241648, 2)
(372, 0)
(192309492, 0)
(373, 0)
(192826453, 0)
(377, 1)
(194894297, 1)
(378, 1)
(195411258, 1)
(382, 2)
(197479102, 2)
(383, 2)
(197996063, 3)
(387, 0)
(200063907, 0)
(388, 0)
(200580868, 0)
(392, 0)
(202648712, 0)
(393, 3)
(203165673, 2)
(397, 1)
(205233517, 1)
(398, 0)
(205750478, 0)
(402, 4)
(207818322, 1)
(403, 3)
(208335283, 3)
(407, 4)
(210403127, 1)
(408, 0)
(210920088, 0)
(412, 0)
(212987932, 0)
(413, 0)
(213504893, 0)
(417, 2)
(215572737, 3)
(418, 3)
(216089698, 3)
(422, 0)
(218157542, 0)
(423, 0)
(218674503, 0)
(427, 2)
(220742347, 2)
(428, 4)
(221259308, 4)
(432, 4)
(223327152, 4)
(433, 3)
(223844113, 3)
(437, 0)
(225911957, 0)
(438, 3)
(226428918, 2)
(442, 2)
(228496762, 3)
(443, 0)
(229013723, 0)
(447, 1)
(231081567, 1)
(448, 2)
(231598528, 2)
(452, 0)
(233666372, 0)
(453, 3)
(234183333, 3)
(457, 3)
(236251177, 3)
(458, 1)
(236768138, 4)
(462, 2)
(238835982, 3)
(463, 2)
(239352943, 3)
(467, 2)
(241420787, 3)
(468, 0)
(241937748, 0)
(472, 0)
(244005592, 0)
(473, 3)
(244522553, 3)
(477, 3)
(246590397, 2)
(478, 3)
(247107358, 2)
(482, 0)
(249175202, 0)
(483, 1)
(249692163, 4)
(487, 3)
(251760007, 2)
(488, 0)
(252276968, 0)
(492, 4)
(254344812, 1)
(493, 3)
(254861773, 2)
(497, 4)
(256929617, 1)
(498, 3)
(257446578, 3)
(502, 1)
(259514422, 4)
(503, 1)
(260031383, 4)
(507, 1)
(262099227, 1)
(508, 0)
(262616188, 0)
(512, 4)
(264684032, 4)
(513, 4)
(265200993, 1)
(517, 2)
(267268837, 2)
(518, 1)
(267785798, 1)
(522, 0)
(269853642, 0)
(523, 0)
(270370603, 0)
(527, 2)
(272438447, 3)
(528, 2)
(272955408, 3)
(532, 0)
(275023252, 0)
(533, 3)
(275540213, 2)
(537, 2)
(277608057, 3)
(538, 0)
(278125018, 0)
(542, 1)
(280192862, 4)
(543, 2)
(280709823, 2)
(547, 3)
(282777667, 3)
(548, 0)
(283294628, 0)
(552, 0)
(285362472, 0)
(553, 2)
(285879433, 3)
(557, 3)
(287947277, 2)
(558, 4)
(288464238, 4)
(562, 2)
(290532082, 2)
(563, 1)
(291049043, 4)
(567, 3)
(293116887, 3)
(568, 0)
(293633848, 0)
(572, 0)
(295701692, 0)
(573, 4)
(296218653, 4)
(577, 3)
(298286497, 3)
(578, 2)
(298803458, 2)
(582, 4)
(300871302, 1)
(583, 3)
(301388263, 3)
(587, 2)
(303456107, 2)
(588, 2)
(303973068, 2)
(592, 4)
(306040912, 4)
(593, 1)
(306557873, 4)
(597, 2)
(308625717, 3)
(598, 3)
(309142678, 2)
(602, 1)
(311210522, 4)
(603, 0)
(311727483, 0)
(607, 2)
(313795327, 3)
(608, 3)
(314312288, 2)
(612, 0)
(316380132, 0)
(613, 0)
(316897093, 0)
(617, 2)
(318964937, 2)
(618, 2)
(319481898, 2)
(622, 3)
(321549742, 3)
(623, 2)
(322066703, 3)
(627, 4)
(324134547, 4)
(628, 0)
(324651508, 0)
(632, 0)
(326719352, 0)
(633, 0)
(327236313, 0)
(637, 4)
(329304157, 4)
(638, 0)
(329821118, 0)
(642, 4)
(331888962, 4)
(643, 2)
(332405923, 2)
(647, 2)
(334473767, 3)
(648, 0)
(334990728, 0)
(652, 2)
(337058572, 2)
(653, 1)
(337575533, 1)
(657, 0)
(339643377, 0)
(658, 3)
(340160338, 2)
(662, 3)
(342228182, 3)
(663, 1)
(342745143, 4)
(667, 4)
(344812987, 1)
(668, 3)
(345329948, 3)
(672, 3)
(347397792, 3)
(673, 3)
(347914753, 3)
(677, 0)
(349982597, 0)
(678, 0)
(350499558, 0)
(682, 3)
(352567402, 2)
(683, 0)
(353084363, 0)
(687, 3)
(355152207, 2)
(688, 2)
(355669168, 3)
(692, 0)
(357737012, 0)
(693, 1)
(358253973, 4)
(697, 3)
(360321817, 3)
(698, 1)
(360838778, 4)
(702, 4)
(362906622, 4)
(703, 4)
(363423583, 1)
(707, 1)
(365491427, 4)
(708, 0)
(366008388, 0)
(712, 0)
(368076232, 0)
(713, 1)
(368593193, 4)
(717, 1)
(370661037, 4)
(718, 2)
(371177998, 3)
(722, 1)
(373245842, 1)
(723, 1)
(373762803, 1)
(727, 2)
(375830647, 2)
(728, 0)
(376347608, 0)
(732, 1)
(378415452, 1)
(733, 1)
(378932413, 1)
(737, 0)
(381000257, 0)
(738, 0)
(381517218, 0)
(742, 2)
(383585062, 3)
(743, 1)
(384102023, 1)
(747, 4)
(386169867, 4)
(748, 1)
(386686828, 1)
(752, 0)
(388754672, 0)
(753, 3)
(389271633, 2)
(757, 0)
(391339477, 0)
(758, 2)
(391856438, 2)
(762, 3)
(393924282, 2)
(763, 1)
(394441243, 4)
(767, 3)
(396509087, 3)
(768, 2)
(397026048, 2)
(772, 0)
(399093892, 0)
(773, 4)
(399610853, 4)
(777, 1)
(401678697, 1)
(778, 4)
(402195658, 4)
(782, 1)
(404263502, 1)
(783, 4)
(404780463, 4)
(787, 0)
(406848307, 0)
(788, 0)
(407365268, 0)
(792, 0)
(409433112, 0)
(793, 2)
(409950073, 2)
(797, 0)
(412017917, 0)
(798, 1)
(412534878, 4)
(802, 3)
(414602722, 3)
(803, 0)
(415119683, 0)
(807, 1)
(417187527, 4)
(808, 0)
(417704488, 0)
(812, 3)
(419772332, 3)
(813, 3)
(420289293, 2)
(817, 2)
(422357137, 2)
(818, 3)
(422874098, 2)
(822, 0)
(424941942, 0)
(823, 4)
(425458903, 4)
(827, 2)
(427526747, 2)
(828, 2)
(428043708, 3)
(832, 2)
(430111552, 2)
(833, 2)
(430628513, 3)
(837, 1)
(432696357, 1)
(838, 4)
(433213318, 1)
(842, 4)
(435281162, 1)
(843, 4)
(435798123, 4)
(847, 4)
(437865967, 4)
(848, 3)
(438382928, 2)
(852, 0)
(440450772, 0)
(853, 0)
(440967733, 0)
(857, 2)
(443035577, 3)
(858, 1)
(443552538, 4)
(862, 2)
(445620382, 3)
(863, 1)
(446137343, 1)
(867, 3)
(448205187, 3)
(868, 0)
(448722148, 0)
(872, 0)
(450789992, 0)
(873, 0)
(451306953, 0)
(877, 0)
(453374797, 0)
(878, 0)
(453891758, 0)
(882, 3)
(455959602, 3)
(883, 2)
(456476563, 3)
(887, 1)
(458544407, 1)
(888, 0)
(459061368, 0)
(892, 4)
(461129212, 1)
(893, 2)
(461646173, 2)
(897, 1)
(463714017, 4)
(898, 2)
(464230978, 3)
(902, 2)
(466298822, 2)
(903, 1)
(466815783, 4)
(907, 3)
(468883627, 2)
(908, 0)
(469400588, 0)
(912, 3)
(471468432, 2)
(913, 3)
(471985393, 2)
(917, 0)
(474053237, 0)
(918, 1)
(474570198, 4)
(922, 2)
(476638042, 2)
(923, 0)
(477155003, 0)
(927, 0)
(479222847, 0)
(928, 1)
(479739808, 1)
(932, 0)
(481807652, 0)
(933, 4)
(482324613, 4)
(937, 0)
(484392457, 0)
(938, 1)
(484909418, 4)
(942, 3)
(486977262, 2)
(943, 1)
(487494223, 1)
(947, 0)
(489562067, 0)
(948, 0)
(490079028, 0)
(952, 0)
(492146872, 0)
(953, 3)
(492663833, 3)
(957, 1)
(494731677, 4)
(958, 1)
(495248638, 4)
(962, 2)
(497316482, 2)
(963, 1)
(497833443, 1)
(967, 4)
(499901287, 4)
(968, 0)
(500418248, 0)
(972, 2)
(502486092, 2)
(973, 3)
(503003053, 2)
(977, 0)
(505070897, 0)
(978, 4)
(505587858, 4)
(982, 0)
(507655702, 0)
(983, 2)
(508172663, 3)
(987, 3)
(510240507, 2)
(988, 3)
(510757468, 2)
(992, 1)
(512825312, 1)
(993, 3)
(513342273, 3)
(997, 4)
(515410117, 1)
(998, 1)
(515927078, 1)
(1002, 4)
(517994922, 4)
(1003, 1)
(518511883, 4)
(1007, 0)
(520579727, 0)
(1008, 0)
(521096688, 0)
(1012, 0)
(523164532, 0)
(1013, 4)
(523681493, 4)
(1017, 4)
(525749337, 4)
(1018, 3)
(526266298, 2)
(1022, 3)
(528334142, 2)
(1023, 1)
(528851103, 4)
(1027, 4)
(530918947, 1)
(1028, 0)
(531435908, 0)
(1032, 0)
(533503752, 0)
(1033, 3)
(534020713, 2)
(1037, 0)
(536088557, 0)
(1038, 2)
(536605518, 3)
(1042, 3)
(538673362, 3)
(1043, 2)
(539190323, 2)
(1047, 4)
(541258167, 1)
(1048, 0)
(541775128, 0)
(1052, 1)
(543842972, 1)
(1053, 1)
(544359933, 1)
(1057, 1)
(546427777, 1)
(1058, 0)
(546944738, 0)
(1062, 0)
(549012582, 0)
(1063, 4)
(549529543, 1)
(1067, 2)
(551597387, 2)
(1068, 1)
(552114348, 4)
(1072, 3)
(554182192, 2)
(1073, 1)
(554699153, 1)
(1077, 4)
(556766997, 1)
(1078, 3)
(557283958, 2)
(1082, 3)
(559351802, 3)
(1083, 2)
(559868763, 2)
(1087, 1)
(561936607, 4)
(1088, 1)
(562453568, 4)
(1092, 0)
(564521412, 0)
(1093, 0)
(565038373, 0)
(1097, 1)
(567106217, 1)
(1098, 0)
(567623178, 0)
(1102, 0)
(569691022, 0)
(1103, 3)
(570207983, 3)
(1107, 3)
(572275827, 2)
(1108, 0)
(572792788, 0)
(1112, 0)
(574860632, 0)
(1113, 4)
(575377593, 1)
(1117, 4)
(577445437, 1)
(1118, 1)
(577962398, 4)
(1122, 4)
(580030242, 4)
(1123, 0)
(580547203, 0)
(1127, 3)
(582615047, 2)
(1128, 0)
(583132008, 0)
(1132, 1)
(585199852, 1)
(1133, 2)
(585716813, 3)
(1137, 0)
(587784657, 0)
(1138, 2)
(588301618, 3)
(1142, 2)
(590369462, 3)
(1143, 0)
(590886423, 0)
(1147, 1)
(592954267, 1)
(1148, 2)
(593471228, 3)
(1152, 3)
(595539072, 3)
(1153, 4)
(596056033, 4)
(1157, 3)
(598123877, 2)
(1158, 4)
(598640838, 1)
(1162, 3)
(600708682, 3)
(1163, 3)
(601225643, 3)
(1167, 3)
(603293487, 3)
(1168, 2)
(603810448, 3)
(1172, 0)
(605878292, 0)
(1173, 1)
(606395253, 1)
(1177, 2)
(608463097, 3)
(1178, 1)
(608980058, 4)
(1182, 0)
(611047902, 0)
(1183, 0)
(611564863, 0)
(1187, 4)
(613632707, 4)
(1188, 0)
(614149668, 0)
(1192, 0)
(616217512, 0)
(1193, 4)
(616734473, 1)
(1197, 0)
(618802317, 0)
(1198, 2)
(619319278, 3)
(1202, 1)
(621387122, 4)
(1203, 4)
(621904083, 4)
(1207, 2)
(623971927, 2)
(1208, 0)
(624488888, 0)
(1212, 0)
(626556732, 0)
(1213, 0)
(627073693, 0)
(1217, 2)
(629141537, 2)
(1218, 4)
(629658498, 4)
(1222, 3)
(631726342, 2)
(1223, 0)
(632243303, 0)
(1227, 4)
(634311147, 1)
(1228, 4)
(634828108, 1)
(1232, 1)
(636895952, 4)
(1233, 1)
(637412913, 1)
(1237, 4)
(639480757, 4)
(1238, 2)
(639997718, 3)
(1242, 3)
(642065562, 2)
(1243, 1)
(642582523, 4)
(1247, 4)
(644650367, 1)
(1248, 2)
(645167328, 2)
(1252, 0)
(647235172, 0)
(1253, 3)
(647752133, 2)
(1257, 0)
(649819977, 0)
(1258, 2)
(650336938, 3)
(1262, 4)
(652404782, 4)
(1263, 0)
(652921743, 0)
(1267, 1)
(654989587, 1)
(1268, 0)
(655506548, 0)
(1272, 0)
(657574392, 0)
(1273, 0)
(658091353, 0)
(1277, 4)
(660159197, 4)
(1278, 0)
(660676158, 0)
(1282, 3)
(662744002, 2)
(1283, 4)
(663260963, 1)
(1287, 0)
(665328807, 0)
(1288, 0)
(665845768, 0)
(1292, 3)
(667913612, 3)
(1293, 1)
(668430573, 4)
(1297, 2)
(670498417, 2)
(1298, 2)
(671015378, 3)
(1302, 4)
(673083222, 4)
(1303, 1)
(673600183, 4)
(1307, 1)
(675668027, 1)
(1308, 1)
(676184988, 4)
(1312, 3)
(678252832, 2)
(1313, 1)
(678769793, 4)
(1317, 0)
(680837637, 0)
(1318, 0)
(681354598, 0)
(1322, 3)
(683422442, 2)
(1323, 4)
(683939403, 4)
(1327, 0)
(686007247, 0)
(1328, 1)
(686524208, 1)
(1332, 0)
(688592052, 0)
(1333, 0)
(689109013, 0)
(1337, 4)
(691176857, 4)
(1338, 0)
(691693818, 0)
(1342, 0)
(693761662, 0)
(1343, 4)
(694278623, 4)
(1347, 1)
(696346467, 4)
(1348, 0)
(696863428, 0)
(1352, 0)
(698931272, 0)
(1353, 4)
(699448233, 4)
(1357, 1)
(701516077, 4)
(1358, 4)
(702033038, 1)
(1362, 1)
(704100882, 1)
(1363, 4)
(704617843, 1)
(1367, 0)
(706685687, 0)
(1368, 0)
(707202648, 0)
(1372, 1)
(709270492, 1)
(1373, 2)
(709787453, 3)
(1377, 1)
(711855297, 4)
(1378, 0)
(712372258, 0)
(1382, 2)
(714440102, 3)
(1383, 3)
(714957063, 3)
(1387, 4)
(717024907, 4)
(1388, 0)
(717541868, 0)
(1392, 4)
(719609712, 4)
(1393, 4)
(720126673, 1)
(1397, 4)
(722194517, 4)
(1398, 0)
(722711478, 0)
(1402, 1)
(724779322, 4)
(1403, 1)
(725296283, 4)
(1407, 1)
(727364127, 4)
(1408, 3)
(727881088, 2)
(1412, 0)
(729948932, 0)
(1413, 0)
(730465893, 0)
(1417, 1)
(732533737, 4)
(1418, 4)
(733050698, 1)
(1422, 1)
(735118542, 4)
(1423, 4)
(735635503, 1)
(1427, 0)
(737703347, 0)
(1428, 0)
(738220308, 0)
(1432, 0)
(740288152, 0)
(1433, 4)
(740805113, 1)
(1437, 4)
(742872957, 1)
(1438, 1)
(743389918, 0)
(1442, 1)
(745457762, 1)
(1443, 2)
(745974723, 2)
(1447, 2)
(748042567, 2)
(1448, 0)
(748559528, 0)
(1452, 2)
(750627372, 2)
(1453, 1)
(751144333, 1)
(1457, 4)
(753212177, 1)
(1458, 2)
(753729138, 2)
(1462, 4)
(755796982, 4)
(1463, 2)
(756313943, 2)
(1467, 0)
(758381787, 0)
(1468, 2)
(758898748, 2)
(1472, 4)
(760966592, 1)
(1473, 2)
(761483553, 2)
(1477, 1)
(763551397, 1)
(1478, 0)
(764068358, 0)
(1482, 1)
(766136202, 4)
(1483, 3)
(766653163, 3)
(1487, 3)
(768721007, 3)
(1488, 2)
(769237968, 2)
(1492, 0)
(771305812, 0)
(1493, 3)
(771822773, 2)
(1497, 0)
(773890617, 0)
(1498, 1)
(774407578, 1)
(1502, 1)
(776475422, 1)
(1503, 3)
(776992383, 3)
(1507, 4)
(779060227, 1)
(1508, 0)
(779577188, 0)
(1512, 0)
(781645032, 0)
(1513, 4)
(782161993, 4)
(1517, 3)
(784229837, 2)
(1518, 4)
(784746798, 4)
(1522, 0)
(786814642, 0)
(1523, 3)
(787331603, 2)
(1527, 1)
(789399447, 4)
(1528, 0)
(789916408, 0)
(1532, 4)
(791984252, 1)
(1533, 1)
(792501213, 4)
(1537, 1)
(794569057, 4)
(1538, 4)
(795086018, 4)
(1542, 0)
(797153862, 0)
(1543, 4)
(797670823, 4)
(1547, 2)
(799738667, 3)
(1548, 0)
(800255628, 0)
(1552, 3)
(802323472, 2)
(1553, 0)
(802840433, 0)
(1557, 2)
(804908277, 3)
(1558, 2)
(805425238, 2)
(1562, 2)
(807493082, 2)
(1563, 4)
(808010043, 4)
(1567, 0)
(810077887, 0)
(1568, 2)
(810594848, 2)
(1572, 0)
(812662692, 0)
(1573, 3)
(813179653, 3)
(1577, 3)
(815247497, 2)
(1578, 1)
(815764458, 1)
(1582, 4)
(817832302, 4)
(1583, 3)
(818349263, 3)
(1587, 0)
(820417107, 0)
(1588, 0)
(820934068, 0)
(1592, 0)
(823001912, 0)
(1593, 4)
(823518873, 4)
(1597, 4)
(825586717, 1)
(1598, 2)
(826103678, 2)
(1602, 0)
(828171522, 0)
(1603, 4)
(828688483, 1)
(1607, 3)
(830756327, 3)
(1608, 0)
(831273288, 0)
(1612, 4)
(833341132, 4)
(1613, 3)
(833858093, 3)
(1617, 3)
(835925937, 2)
(1618, 2)
(836442898, 2)
(1622, 0)
(838510742, 0)
(1623, 3)
(839027703, 3)
(1627, 2)
(841095547, 2)
(1628, 3)
(841612508, 2)
(1632, 3)
(843680352, 2)
(1633, 4)
(844197313, 4)
(1637, 3)
(846265157, 2)
(1638, 1)
(846782118, 1)
(1642, 1)
(848849962, 4)
(1643, 0)
(849366923, 0)
(1647, 3)
(851434767, 3)
(1648, 0)
(851951728, 0)
(1652, 0)
(854019572, 0)
(1653, 4)
(854536533, 1)
(1657, 1)
(856604377, 4)
(1658, 2)
(857121338, 3)
(1662, 0)
(859189182, 0)
(1663, 2)
(859706143, 2)
(1667, 3)
(861773987, 2)
(1668, 0)
(862290948, 0)
(1672, 0)
(864358792, 0)
(1673, 3)
(864875753, 2)
(1677, 1)
(866943597, 4)
(1678, 0)
(867460558, 0)
(1682, 4)
(869528402, 4)
(1683, 0)
(870045363, 0)
(1687, 2)
(872113207, 2)
(1688, 0)
(872630168, 0)
(1692, 0)
(874698012, 0)
(1693, 3)
(875214973, 2)
(1697, 3)
(877282817, 3)
(1698, 1)
(877799778, 1)
(1702, 0)
(879867622, 0)
(1703, 3)
(880384583, 2)
(1707, 0)
(882452427, 0)
(1708, 1)
(882969388, 1)
(1712, 4)
(885037232, 4)
(1713, 4)
(885554193, 1)
(1717, 1)
(887622037, 1)
(1718, 1)
(888138998, 1)
(1722, 1)
(890206842, 4)
(1723, 0)
(890723803, 0)
(1727, 4)
(892791647, 4)
(1728, 0)
(893308608, 0)
(1732, 0)
(895376452, 0)
(1733, 1)
(895893413, 1)
(1737, 0)
(897961257, 0)
(1738, 1)
(898478218, 1)
(1742, 1)
(900546062, 4)
(1743, 4)
(901063023, 4)
(1747, 0)
(903130867, 0)
(1748, 0)
(903647828, 0)
(1752, 0)
(905715672, 0)
(1753, 0)
(906232633, 0)
(1757, 3)
(908300477, 2)
(1758, 0)
(908817438, 0)
(1762, 1)
(910885282, 1)
(1763, 3)
(911402243, 3)
(1767, 3)
(913470087, 2)
(1768, 0)
(913987048, 0)
(1772, 0)
(916054892, 0)
(1773, 0)
(916571853, 0)
(1777, 4)
(918639697, 4)
(1778, 0)
(919156658, 0)
(1782, 1)
(921224502, 4)
(1783, 2)
(921741463, 3)
(1787, 2)
(923809307, 3)
(1788, 2)
(924326268, 2)
(1792, 1)
(926394112, 1)
(1793, 4)
(926911073, 1)
(1797, 4)
(928978917, 1)
(1798, 0)
(929495878, 0)
(1802, 3)
(931563722, 3)
(1803, 2)
(932080683, 3)
(1807, 3)
(934148527, 2)
(1808, 4)
(934665488, 4)
(1812, 0)
(936733332, 0)
(1813, 2)
(937250293, 2)
(1817, 0)
(939318137, 0)
(1818, 0)
(939835098, 0)
(1822, 4)
(941902942, 4)
(1823, 0)
(942419903, 0)
(1827, 2)
(944487747, 2)
(1828, 0)
(945004708, 0)
(1832, 0)
(947072552, 0)
(1833, 1)
(947589513, 4)
(1837, 4)
(949657357, 1)
(1838, 3)
(950174318, 3)
(1842, 4)
(952242162, 1)
(1843, 4)
(952759123, 4)
(1847, 2)
(954826967, 3)
(1848, 0)
(955343928, 0)
(1852, 4)
(957411772, 1)
(1853, 4)
(957928733, 4)
(1857, 0)
(959996577, 0)
(1858, 0)
(960513538, 0)
(1862, 3)
(962581382, 2)
(1863, 2)
(963098343, 3)
(1867, 0)
(965166187, 0)
(1868, 1)
(965683148, 4)
(1872, 0)
(967750992, 0)
(1873, 3)
(968267953, 3)
(1877, 4)
(970335797, 1)
(1878, 4)
(970852758, 1)
(1882, 2)
(972920602, 2)
(1883, 1)
(973437563, 4)
(1887, 0)
(975505407, 0)
(1888, 3)
(976022368, 3)
(1892, 0)
(978090212, 0)
(1893, 0)
(978607173, 0)
(1897, 1)
(980675017, 4)
(1898, 3)
(981191978, 2)
(1902, 4)
(983259822, 4)
(1903, 2)
(983776783, 2)
(1907, 3)
(985844627, 2)
(1908, 0)
(986361588, 0)
(1912, 0)
(988429432, 0)
(1913, 4)
(988946393, 1)
(1917, 2)
(991014237, 3)
(1918, 1)
(991531198, 1)
(1922, 2)
(993599042, 2)
(1923, 0)
(994116003, 0)
(1927, 2)
(996183847, 2)
(1928, 0)
(996700808, 0)
(1932, 3)
(998768652, 2)
(1933, 2)
(999285613, 3)
(1937, 3)
(1001353457, 3)
(1938, 2)
(1001870418, 2)
(1942, 3)
(1003938262, 3)
(1943, 2)
(1004455223, 3)
(1947, 3)
(1006523067, 2)
(1948, 1)
(1007040028, 4)
(1952, 0)
(1009107872, 0)
(1953, 0)
(1009624833, 0)
(1957, 1)
(1011692677, 4)
(1958, 2)
(1012209638, 2)
(1962, 0)
(1014277482, 0)
(1963, 4)
(1014794443, 4)
(1967, 4)
(1016862287, 4)
(1968, 4)
(1017379248, 1)
(1972, 0)
(1019447092, 0)
(1973, 3)
(1019964053, 3)
(1977, 1)
(1022031897, 4)
(1978, 2)
(1022548858, 2)
(1982, 1)
(1024616702, 4)
(1983, 1)
(1025133663, 4)
(1987, 2)
(1027201507, 2)
(1988, 0)
(1027718468, 0)
(1992, 0)
(1029786312, 0)
(1993, 1)
(1030303273, 1)
(1997, 2)
(1032371117, 3)
(1998, 3)
(1032888078, 3)
(2002, 4)
(1034955922, 1)
(2003, 1)
(1035472883, 1)
(2007, 0)
(1037540727, 0)
(2008, 0)
(1038057688, 0)
(2012, 2)
(1040125532, 3)
(2013, 4)
(1040642493, 1)
(2017, 2)
(1042710337, 3)
(2018, 3)
(1043227298, 3)
(2022, 1)
(1045295142, 4)
(2023, 4)
(1045812103, 4)
(2027, 1)
(1047879947, 4)
(2028, 3)
(1048396908, 3)
(2032, 0)
(1050464752, 0)
(2033, 2)
(1050981713, 3)
(2037, 4)
(1053049557, 1)
(2038, 3)
(1053566518, 3)
(2042, 0)
(1055634362, 0)
(2043, 0)
(1056151323, 0)
(2047, 2)
(1058219167, 2)
(2048, 0)
(1058736128, 0)
(2052, 0)
(1060803972, 0)
(2053, 2)
(1061320933, 3)
(2057, 4)
(1063388777, 1)
(2058, 2)
(1063905738, 2)
(2062, 3)
(1065973582, 3)
(2063, 0)
(1066490543, 0)
(2067, 3)
(1068558387, 2)
(2068, 0)
(1069075348, 0)
(2072, 0)
(1071143192, 0)
(2073, 0)
(1071660153, 0)
(2077, 1)
(1073727997, 4)
(2078, 0)
(1074244958, 0)
(2082, 1)
(1076312802, 4)
(2083, 3)
(1076829763, 2)
(2087, 0)
(1078897607, 0)
(2088, 0)
(1079414568, 0)
(2092, 0)
(1081482412, 0)
(2093, 0)
(1081999373, 0)
(2097, 1)
(1084067217, 4)
(2098, 4)
(1084584178, 1)
(2102, 4)
(1086652022, 4)
(2103, 4)
(1087168983, 1)
(2107, 4)
(1089236827, 1)
(2108, 4)
(1089753788, 1)
(2112, 4)
(1091821632, 1)
(2113, 4)
(1092338593, 4)
(2117, 1)
(1094406437, 4)
(2118, 0)
(1094923398, 0)
(2122, 2)
(1096991242, 3)
(2123, 1)
(1097508203, 1)
(2127, 2)
(1099576047, 3)
(2128, 2)
(1100093008, 3)
(2132, 0)
(1102160852, 0)
(2133, 2)
(1102677813, 3)
(2137, 1)
(1104745657, 4)
(2138, 2)
(1105262618, 2)
(2142, 0)
(1107330462, 0)
(2143, 3)
(1107847423, 2)
(2147, 4)
(1109915267, 1)
(2148, 0)
(1110432228, 0)
(2152, 0)
(1112500072, 0)
(2153, 3)
(1113017033, 2)
(2157, 4)
(1115084877, 0)
(2158, 0)
(1115601838, 0)
(2162, 4)
(1117669682, 4)
(2163, 2)
(1118186643, 2)
(2167, 2)
(1120254487, 2)
(2168, 0)
(1120771448, 0)
(2172, 4)
(1122839292, 4)
(2173, 0)
(1123356253, 0)
(2177, 0)
(1125424097, 0)
(2178, 3)
(1125941058, 3)
(2182, 3)
(1128008902, 3)
(2183, 2)
(1128525863, 2)
(2187, 0)
(1130593707, 0)
(2188, 4)
(1131110668, 4)
(2192, 1)
(1133178512, 1)
(2193, 1)
(1133695473, 1)
(2197, 3)
(1135763317, 3)
(2198, 1)
(1136280278, 4)
(2202, 0)
(1138348122, 0)
(2203, 0)
(1138865083, 0)
(2207, 1)
(1140932927, 1)
(2208, 4)
(1141449888, 1)
(2212, 0)
(1143517732, 0)
(2213, 3)
(1144034693, 3)
(2217, 3)
(1146102537, 3)
(2218, 1)
(1146619498, 1)
(2222, 3)
(1148687342, 3)
(2223, 0)
(1149204303, 0)
(2227, 1)
(1151272147, 1)
(2228, 0)
(1151789108, 0)
(2232, 0)
(1153856952, 0)
(2233, 4)
(1154373913, 1)
(2237, 0)
(1156441757, 0)
(2238, 3)
(1156958718, 3)
(2242, 4)
(1159026562, 1)
(2243, 0)
(1159543523, 0)
(2247, 0)
(1161611367, 0)
(2248, 0)
(1162128328, 0)
(2252, 3)
(1164196172, 2)
(2253, 4)
(1164713133, 4)
(2257, 4)
(1166780977, 4)
(2258, 3)
(1167297938, 2)
(2262, 1)
(1169365782, 1)
(2263, 2)
(1169882743, 3)
(2267, 1)
(1171950587, 4)
(2268, 1)
(1172467548, 1)
(2272, 3)
(1174535392, 2)
(2273, 2)
(1175052353, 2)
(2277, 0)
(1177120197, 0)
(2278, 4)
(1177637158, 4)
(2282, 0)
(1179705002, 0)
(2283, 4)
(1180221963, 4)
(2287, 1)
(1182289807, 1)
(2288, 0)
(1182806768, 0)
(2292, 0)
(1184874612, 0)
(2293, 1)
(1185391573, 4)
(2297, 0)
(1187459417, 0)
(2298, 2)
(1187976378, 3)
(2302, 4)
(1190044222, 4)
(2303, 0)
(1190561183, 0)
(2307, 3)
(1192629027, 3)
(2308, 0)
(1193145988, 0)
(2312, 0)
(1195213832, 0)
(2313, 2)
(1195730793, 2)
(2317, 4)
(1197798637, 4)
(2318, 1)
(1198315598, 4)
(2322, 3)
(1200383442, 2)
(2323, 2)
(1200900403, 2)
(2327, 2)
(1202968247, 3)
(2328, 0)
(1203485208, 0)
(2332, 1)
(1205553052, 1)
(2333, 1)
(1206070013, 4)
(2337, 2)
(1208137857, 2)
(2338, 4)
(1208654818, 4)
(2342, 3)
(1210722662, 3)
(2343, 2)
(1211239623, 2)
(2347, 0)
(1213307467, 0)
(2348, 1)
(1213824428, 1)
(2352, 2)
(1215892272, 2)
(2353, 4)
(1216409233, 4)
(2357, 2)
(1218477077, 2)
(2358, 0)
(1218994038, 0)
(2362, 4)
(1221061882, 1)
(2363, 0)
(1221578843, 0)
(2367, 1)
(1223646687, 1)
(2368, 3)
(1224163648, 3)
(2372, 0)
(1226231492, 0)
(2373, 1)
(1226748453, 1)
(2377, 1)
(1228816297, 4)
(2378, 0)
(1229333258, 0)
(2382, 2)
(1231401102, 2)
(2383, 4)
(1231918063, 4)
(2387, 2)
(1233985907, 3)
(2388, 0)
(1234502868, 0)
(2392, 0)
(1236570712, 0)
(2393, 0)
(1237087673, 0)
(2397, 2)
(1239155517, 2)
(2398, 0)
(1239672478, 0)
(2402, 0)
(1241740322, 0)
(2403, 2)
(1242257283, 3)
(2407, 0)
(1244325127, 0)
(2408, 0)
(1244842088, 0)
(2412, 0)
(1246909932, 0)
(2413, 1)
(1247426893, 1)
(2417, 1)
(1249494737, 1)
(2418, 4)
(1250011698, 4)
(2422, 0)
(1252079542, 0)
(2423, 3)
(1252596503, 2)
(2427, 4)
(1254664347, 4)
(2428, 4)
(1255181308, 1)
(2432, 1)
(1257249152, 4)
(2433, 0)
(1257766113, 0)
(2437, 3)
(1259833957, 3)
(2438, 3)
(1260350918, 3)
(2442, 3)
(1262418762, 2)
(2443, 4)
(1262935723, 1)
(2447, 3)
(1265003567, 3)
(2448, 1)
(1265520528, 4)
(2452, 0)
(1267588372, 0)
(2453, 3)
(1268105333, 3)
(2457, 2)
(1270173177, 2)
(2458, 3)
(1270690138, 2)
(2462, 3)
(1272757982, 3)
(2463, 4)
(1273274943, 1)
(2467, 2)
(1275342787, 2)
(2468, 0)
(1275859748, 0)
(2472, 0)
(1277927592, 0)
(2473, 0)
(1278444553, 0)
(2477, 3)
(1280512397, 3)
(2478, 2)
(1281029358, 2)
(2482, 1)
(1283097202, 1)
(2483, 0)
(1283614163, 0)
(2487, 0)
(1285682007, 0)
(2488, 0)
(1286198968, 0)
(2492, 4)
(1288266812, 1)
(2493, 0)
(1288783773, 0)
(2497, 3)
(1290851617, 2)
(2498, 0)
(1291368578, 0)
(2502, 3)
(1293436422, 2)
(2503, 1)
(1293953383, 4)
(2507, 4)
(1296021227, 4)
(2508, 2)
(1296538188, 2)
(2512, 2)
(1298606032, 3)
(2513, 3)
(1299122993, 2)
(2517, 4)
(1301190837, 4)
(2518, 0)
(1301707798, 0)
(2522, 4)
(1303775642, 1)
(2523, 3)
(1304292603, 3)
(2527, 4)
(1306360447, 4)
(2528, 4)
(1306877408, 1)
(2532, 0)
(1308945252, 0)
(2533, 4)
(1309462213, 1)
(2537, 0)
(1311530057, 0)
(2538, 2)
(1312047018, 3)
(2542, 4)
(1314114862, 1)
(2543, 0)
(1314631823, 0)
(2547, 0)
(1316699667, 0)
(2548, 0)
(1317216628, 0)
(2552, 0)
(1319284472, 0)
(2553, 1)
(1319801433, 4)
(2557, 3)
(1321869277, 3)
(2558, 4)
(1322386238, 4)
(2562, 1)
(1324454082, 1)
(2563, 4)
(1324971043, 4)
(2567, 1)
(1327038887, 4)
(2568, 0)
(1327555848, 0)
(2572, 1)
(1329623692, 1)
(2573, 1)
(1330140653, 1)
(2577, 0)
(1332208497, 0)
(2578, 1)
(1332725458, 4)
(2582, 0)
(1334793302, 0)
(2583, 2)
(1335310263, 3)
(2587, 3)
(1337378107, 2)
(2588, 4)
(1337895068, 1)
(2592, 3)
(1339962912, 3)
(2593, 1)
(1340479873, 4)
(2597, 4)
(1342547717, 1)
(2598, 4)
(1343064678, 4)
(2602, 4)
(1345132522, 1)
(2603, 0)
(1345649483, 0)
(2607, 2)
(1347717327, 2)
(2608, 2)
(1348234288, 2)
(2612, 0)
(1350302132, 0)
(2613, 1)
(1350819093, 4)
(2617, 2)
(1352886937, 3)
(2618, 0)
(1353403898, 0)
(2622, 1)
(1355471742, 1)
(2623, 2)
(1355988703, 3)
(2627, 2)
(1358056547, 3)
(2628, 0)
(1358573508, 0)
(2632, 0)
(1360641352, 0)
(2633, 3)
(1361158313, 2)
(2637, 4)
(1363226157, 4)
(2638, 0)
(1363743118, 0)
(2642, 3)
(1365810962, 2)
(2643, 0)
(1366327923, 0)
(2647, 0)
(1368395767, 0)
(2648, 0)
(1368912728, 0)
(2652, 2)
(1370980572, 3)
(2653, 1)
(1371497533, 1)
(2657, 2)
(1373565377, 2)
(2658, 4)
(1374082338, 4)
(2662, 1)
(1376150182, 4)
(2663, 3)
(1376667143, 3)
(2667, 3)
(1378734987, 2)
(2668, 2)
(1379251948, 3)
(2672, 4)
(1381319792, 4)
(2673, 3)
(1381836753, 2)
(2677, 2)
(1383904597, 2)
(2678, 0)
(1384421558, 0)
(2682, 0)
(1386489402, 0)
(2683, 0)
(1387006363, 0)
(2687, 4)
(1389074207, 1)
(2688, 1)
(1389591168, 1)
(2692, 0)
(1391659012, 0)
(2693, 3)
(1392175973, 2)
(2697, 4)
(1394243817, 4)
(2698, 4)
(1394760778, 4)
(2702, 2)
(1396828622, 3)
(2703, 3)
(1397345583, 3)
(2707, 2)
(1399413427, 3)
(2708, 0)
(1399930388, 0)
(2712, 0)
(1401998232, 0)
(2713, 1)
(1402515193, 4)
(2717, 2)
(1404583037, 2)
(2718, 1)
(1405099998, 1)
(2722, 0)
(1407167842, 0)
(2723, 3)
(1407684803, 3)
(2727, 0)
(1409752647, 0)
(2728, 0)
(1410269608, 0)
(2732, 0)
(1412337452, 0)
(2733, 3)
(1412854413, 3)
(2737, 1)
(1414922257, 1)
(2738, 4)
(1415439218, 4)
(2742, 3)
(1417507062, 3)
(2743, 0)
(1418024023, 0)
(2747, 3)
(1420091867, 3)
(2748, 1)
(1420608828, 4)
(2752, 0)
(1422676672, 0)
(2753, 2)
(1423193633, 2)
(2757, 4)
(1425261477, 4)
(2758, 4)
(1425778438, 1)
(2762, 4)
(1427846282, 4)
(2763, 0)
(1428363243, 0)
(2767, 4)
(1430431087, 4)
(2768, 2)
(1430948048, 3)
(2772, 0)
(1433015892, 0)
(2773, 4)
(1433532853, 1)
(2777, 0)
(1435600697, 0)
(2778, 1)
(1436117658, 4)
(2782, 2)
(1438185502, 2)
(2783, 4)
(1438702463, 1)
(2787, 1)
(1440770307, 1)
(2788, 0)
(1441287268, 0)
(2792, 0)
(1443355112, 0)
(2793, 4)
(1443872073, 1)
(2797, 3)
(1445939917, 3)
(2798, 4)
(1446456878, 1)
(2802, 1)
(1448524722, 4)
(2803, 1)
(1449041683, 1)
(2807, 3)
(1451109527, 3)
(2808, 0)
(1451626488, 0)
(2812, 3)
(1453694332, 2)
(2813, 0)
(1454211293, 0)
(2817, 0)
(1456279137, 0)
(2818, 0)
(1456796098, 0)
(2822, 2)
(1458863942, 3)
(2823, 1)
(1459380903, 1)
(2827, 3)
(1461448747, 2)
(2828, 3)
(1461965708, 2)
(2832, 3)
(1464033552, 3)
(2833, 3)
(1464550513, 3)
(2837, 1)
(1466618357, 4)
(2838, 0)
(1467135318, 0)
(2842, 2)
(1469203162, 2)
(2843, 0)
(1469720123, 0)
(2847, 3)
(1471787967, 2)
(2848, 4)
(1472304928, 1)
(2852, 0)
(1474372772, 0)
(2853, 0)
(1474889733, 0)
(2857, 0)
(1476957577, 0)
(2858, 3)
(1477474538, 2)
(2862, 2)
(1479542382, 3)
(2863, 2)
(1480059343, 3)
(2867, 2)
(1482127187, 3)
(2868, 0)
(1482644148, 0)
(2872, 0)
(1484711992, 0)
(2873, 3)
(1485228953, 2)
(2877, 0)
(1487296797, 0)
(2878, 1)
(1487813758, 1)
(2882, 1)
(1489881602, 1)
(2883, 3)
(1490398563, 3)
(2887, 0)
(1492466407, 0)
(2888, 0)
(1492983368, 0)
(2892, 3)
(1495051212, 3)
(2893, 4)
(1495568173, 1)
(2897, 1)
(1497636017, 1)
(2898, 0)
(1498152978, 0)
(2902, 2)
(1500220822, 2)
(2903, 4)
(1500737783, 4)
(2907, 2)
(1502805627, 2)
(2908, 4)
(1503322588, 4)
(2912, 4)
(1505390432, 4)
(2913, 2)
(1505907393, 2)
(2917, 2)
(1507975237, 3)
(2918, 4)
(1508492198, 4)
(2922, 1)
(1510560042, 4)
(2923, 4)
(1511077003, 1)
(2927, 4)
(1513144847, 1)
(2928, 3)
(1513661808, 3)
(2932, 0)
(1515729652, 0)
(2933, 1)
(1516246613, 4)
(2937, 4)
(1518314457, 4)
(2938, 4)
(1518831418, 4)
(2942, 0)
(1520899262, 0)
(2943, 3)
(1521416223, 2)
(2947, 3)
(1523484067, 2)
(2948, 0)
(1524001028, 0)
(2952, 0)
(1526068872, 0)
(2953, 1)
(1526585833, 4)
(2957, 4)
(1528653677, 4)
(2958, 2)
(1529170638, 3)
(2962, 4)
(1531238482, 1)
(2963, 2)
(1531755443, 2)
(2967, 1)
(1533823287, 1)
(2968, 0)
(1534340248, 0)
(2972, 2)
(1536408092, 2)
(2973, 2)
(1536925053, 3)
(2977, 4)
(1538992897, 1)
(2978, 0)
(1539509858, 0)
(2982, 1)
(1541577702, 4)
(2983, 0)
(1542094663, 0)
(2987, 0)
(1544162507, 0)
(2988, 2)
(1544679468, 2)
(2992, 1)
(1546747312, 1)
(2993, 2)
(1547264273, 2)
(2997, 4)
(1549332117, 4)
(2998, 3)
(1549849078, 3)
(3002, 4)
(1551916922, 4)
(3003, 2)
(1552433883, 3)
(3007, 0)
(1554501727, 0)
(3008, 0)
(1555018688, 0)
(3012, 0)
(1557086532, 0)
(3013, 3)
(1557603493, 3)
(3017, 3)
(1559671337, 2)
(3018, 4)
(1560188298, 1)
(3022, 2)
(1562256142, 3)
(3023, 2)
(1562773103, 2)
(3027, 2)
(1564840947, 2)
(3028, 0)
(1565357908, 0)
(3032, 0)
(1567425752, 0)
(3033, 0)
(1567942713, 0)
(3037, 3)
(1570010557, 2)
(3038, 1)
(1570527518, 1)
(3042, 0)
(1572595362, 0)
(3043, 3)
(1573112323, 3)
(3047, 2)
(1575180167, 3)
(3048, 0)
(1575697128, 0)
(3052, 3)
(1577764972, 2)
(3053, 0)
(1578281933, 0)
(3057, 3)
(1580349777, 3)
(3058, 2)
(1580866738, 2)
(3062, 4)
(1582934582, 4)
(3063, 1)
(1583451543, 1)
(3067, 2)
(1585519387, 2)
(3068, 1)
(1586036348, 1)
(3072, 4)
(1588104192, 4)
(3073, 1)
(1588621153, 4)
(3077, 4)
(1590688997, 1)
(3078, 4)
(1591205958, 1)
(3082, 0)
(1593273802, 0)
(3083, 2)
(1593790763, 3)
(3087, 0)
(1595858607, 0)
(3088, 2)
(1596375568, 3)
(3092, 0)
(1598443412, 0)
(3093, 2)
(1598960373, 2)
(3097, 3)
(1601028217, 2)
(3098, 4)
(1601545178, 4)
(3102, 1)
(1603613022, 1)
(3103, 0)
(1604129983, 0)
(3107, 3)
(1606197827, 2)
(3108, 0)
(1606714788, 0)
(3112, 0)
(1608782632, 0)
(3113, 1)
(1609299593, 4)
(3117, 0)
(1611367437, 0)
(3118, 0)
(1611884398, 0)
(3122, 3)
(1613952242, 2)
(3123, 0)
(1614469203, 0)
(3127, 1)
(1616537047, 4)
(3128, 0)
(1617054008, 0)
(3132, 3)
(1619121852, 3)
(3133, 0)
(1619638813, 0)
(3137, 1)
(1621706657, 1)
(3138, 4)
(1622223618, 1)
(3142, 0)
(1624291462, 0)
(3143, 1)
(1624808423, 4)
(3147, 0)
(1626876267, 0)
(3148, 0)
(1627393228, 0)
(3152, 0)
(1629461072, 0)
(3153, 4)
(1629978033, 4)
(3157, 4)
(1632045877, 4)
(3158, 2)
(1632562838, 3)
(3162, 0)
(1634630682, 0)
(3163, 1)
(1635147643, 4)
(3167, 2)
(1637215487, 3)
(3168, 0)
(1637732448, 0)
(3172, 0)
(1639800292, 0)
(3173, 0)
(1640317253, 0)
(3177, 3)
(1642385097, 2)
(3178, 0)
(1642902058, 0)
(3182, 2)
(1644969902, 3)
(3183, 4)
(1645486863, 1)
(3187, 2)
(1647554707, 2)
(3188, 0)
(1648071668, 0)
(3192, 0)
(1650139512, 0)
(3193, 4)
(1650656473, 4)
(3197, 4)
(1652724317, 4)
(3198, 2)
(1653241278, 3)
(3202, 1)
(1655309122, 1)
(3203, 4)
(1655826083, 1)
(3207, 3)
(1657893927, 3)
(3208, 0)
(1658410888, 0)
(3212, 0)
(1660478732, 0)
(3213, 3)
(1660995693, 2)
(3217, 1)
(1663063537, 4)
(3218, 1)
(1663580498, 4)
(3222, 0)
(1665648342, 0)
(3223, 0)
(1666165303, 0)
(3227, 4)
(1668233147, 4)
(3228, 2)
(1668750108, 3)
(3232, 2)
(1670817952, 3)
(3233, 4)
(1671334913, 1)
(3237, 2)
(1673402757, 2)
(3238, 3)
(1673919718, 3)
(3242, 3)
(1675987562, 3)
(3243, 2)
(1676504523, 2)
(3247, 3)
(1678572367, 2)
(3248, 3)
(1679089328, 3)
(3252, 0)
(1681157172, 0)
(3253, 1)
(1681674133, 1)
(3257, 1)
(1683741977, 4)
(3258, 4)
(1684258938, 4)
(3262, 3)
(1686326782, 2)
(3263, 3)
(1686843743, 2)
(3267, 4)
(1688911587, 4)
(3268, 0)
(1689428548, 0)
(3272, 0)
(1691496392, 0)
(3273, 4)
(1692013353, 4)
(3277, 3)
(1694081197, 3)
(3278, 1)
(1694598158, 4)
(3282, 0)
(1696666002, 0)
(3283, 1)
(1697182963, 4)
(3287, 1)
(1699250807, 1)
(3288, 0)
(1699767768, 0)
(3292, 3)
(1701835612, 3)
(3293, 1)
(1702352573, 4)
(3297, 0)
(1704420417, 0)
(3298, 1)
(1704937378, 1)
(3302, 1)
(1707005222, 4)
(3303, 0)
(1707522183, 0)
(3307, 4)
(1709590027, 1)
(3308, 1)
(1710106988, 1)
(3312, 1)
(1712174832, 4)
(3313, 1)
(1712691793, 1)
(3317, 1)
(1714759637, 1)
(3318, 2)
(1715276598, 3)
(3322, 4)
(1717344442, 1)
(3323, 3)
(1717861403, 3)
(3327, 4)
(1719929247, 4)
(3328, 2)
(1720446208, 2)
(3332, 0)
(1722514052, 0)
(3333, 3)
(1723031013, 3)
(3337, 4)
(1725098857, 4)
(3338, 0)
(1725615818, 0)
(3342, 4)
(1727683662, 1)
(3343, 4)
(1728200623, 1)
(3347, 1)
(1730268467, 4)
(3348, 0)
(1730785428, 0)
(3352, 0)
(1732853272, 0)
(3353, 0)
(1733370233, 0)
(3357, 0)
(1735438077, 0)
(3358, 2)
(1735955038, 2)
(3362, 4)
(1738022882, 4)
(3363, 4)
(1738539843, 1)
(3367, 0)
(1740607687, 0)
(3368, 0)
(1741124648, 0)
(3372, 2)
(1743192492, 2)
(3373, 4)
(1743709453, 1)
(3377, 3)
(1745777297, 3)
(3378, 4)
(1746294258, 1)
(3382, 0)
(1748362102, 0)
(3383, 1)
(1748879063, 1)
(3387, 2)
(1750946907, 3)
(3388, 3)
(1751463868, 3)
(3392, 1)
(1753531712, 4)
(3393, 2)
(1754048673, 2)
(3397, 0)
(1756116517, 0)
(3398, 3)
(1756633478, 3)
(3402, 3)
(1758701322, 3)
(3403, 2)
(1759218283, 3)
(3407, 3)
(1761286127, 3)
(3408, 4)
(1761803088, 1)
(3412, 0)
(1763870932, 0)
(3413, 3)
(1764387893, 2)
(3417, 4)
(1766455737, 4)
(3418, 2)
(1766972698, 3)
(3422, 3)
(1769040542, 3)
(3423, 0)
(1769557503, 0)
(3427, 1)
(1771625347, 4)
(3428, 0)
(1772142308, 0)
(3432, 0)
(1774210152, 0)
(3433, 1)
(1774727113, 4)
(3437, 2)
(1776794957, 2)
(3438, 0)
(1777311918, 0)
(3442, 0)
(1779379762, 0)
(3443, 4)
(1779896723, 4)
(3447, 4)
(1781964567, 1)
(3448, 0)
(1782481528, 0)
(3452, 2)
(1784549372, 2)
(3453, 3)
(1785066333, 3)
(3457, 3)
(1787134177, 3)
(3458, 0)
(1787651138, 0)
(3462, 3)
(1789718982, 3)
(3463, 4)
(1790235943, 4)
(3467, 4)
(1792303787, 1)
(3468, 4)
(1792820748, 4)
(3472, 1)
(1794888592, 1)
(3473, 0)
(1795405553, 0)
(3477, 2)
(1797473397, 3)
(3478, 4)
(1797990358, 1)
(3482, 4)
(1800058202, 1)
(3483, 3)
(1800575163, 2)
(3487, 2)
(1802643007, 3)
(3488, 0)
(1803159968, 0)
(3492, 0)
(1805227812, 0)
(3493, 3)
(1805744773, 3)
(3497, 2)
(1807812617, 3)
(3498, 0)
(1808329578, 0)
(3502, 4)
(1810397422, 1)
(3503, 2)
(1810914383, 2)
(3507, 3)
(1812982227, 3)
(3508, 0)
(1813499188, 0)
(3512, 0)
(1815567032, 0)
(3513, 4)
(1816083993, 4)
(3517, 0)
(1818151837, 0)
(3518, 3)
(1818668798, 3)
(3522, 3)
(1820736642, 3)
(3523, 4)
(1821253603, 1)
(3527, 0)
(1823321447, 0)
(3528, 0)
(1823838408, 0)
(3532, 1)
(1825906252, 4)
(3533, 0)
(1826423213, 0)
(3537, 3)
(1828491057, 2)
(3538, 3)
(1829008018, 3)
(3542, 2)
(1831075862, 2)
(3543, 3)
(1831592823, 2)
(3547, 4)
(1833660667, 1)
(3548, 2)
(1834177628, 2)
(3552, 4)
(1836245472, 4)
(3553, 1)
(1836762433, 4)
(3557, 4)
(1838830277, 4)
(3558, 3)
(1839347238, 2)
(3562, 2)
(1841415082, 2)
(3563, 3)
(1841932043, 2)
(3567, 0)
(1843999887, 0)
(3568, 2)
(1844516848, 3)
