(2, 4)
(99095042, 4)
(3, 3)
(148642563, 2)
(7, 4)
(346832647, 1)
(8, 0)
(396380168, 0)
(12, 4)
(594570252, 1)
(13, 3)
(644117773, 2)
(17, 4)
(842307857, 4)
(18, 3)
(891855378, 3)
(22, 3)
(1090045462, 3)
(23, 3)
(1139592983, 2)
(27, 3)
(1337783067, 2)
(28, 3)
(1387330588, 2)
(32, 2)
(1585520672, 2)
(33, 1)
(1635068193, 4)
(37, 2)
(1833258277, 2)
(38, 1)
(1882805798, 4)
(42, 1)
(2080995882, 1)
(43, 4)
(2130543403, 4)
(47, 0)
(2328733487, 0)
(48, 4)
(2378281008, 1)
(52, 0)
(2576471092, 0)
(53, 4)
(2626018613, 4)
(57, 4)
(2824208697, 4)
(58, 2)
(2873756218, 3)
(62, 2)
(3071946302, 3)
(63, 0)
(3121493823, 0)
(67, 1)
(3319683907, 4)
(68, 0)
(3369231428, 0)
(72, 0)
(3567421512, 0)
(73, 1)
(3616969033, 4)
(77, 3)
(3815159117, 2)
(78, 4)
(3864706638, 4)
(82, 1)
(4062896722, 4)
(83, 2)
(4112444243, 2)
(87, 4)
(4310634327, 4)
(88, 0)
(4360181848, 0)
(92, 1)
(4558371932, 4)
(93, 1)
(4607919453, 1)
(97, 4)
(4806109537, 1)
(98, 4)
(4855657058, 4)
(102, 1)
(5053847142, 4)
(103, 0)
(5103394663, 0)
(107, 3)
(5301584747, 3)
(108, 4)
(5351132268, 1)
(112, 4)
(5549322352, 1)
(113, 2)
(5598869873, 3)
(117, 0)
(5797059957, 0)
(118, 1)
(5846607478, 1)
(122, 0)
(6044797562, 0)
(123, 3)
(6094345083, 3)
(127, 0)
(6292535167, 0)
(128, 4)
(6342082688, 4)
(132, 0)
(6540272772, 0)
(133, 1)
(6589820293, 1)
(137, 3)
(6788010377, 2)
(138, 3)
(6837557898, 3)
(142, 1)
(7035747982, 4)
(143, 0)
(7085295503, 0)
(147, 4)
(7283485587, 1)
(148, 0)
(7333033108, 0)
(152, 0)
(7531223192, 0)
(153, 3)
(7580770713, 3)
(157, 1)
(7778960797, 4)
(158, 3)
(7828508318, 2)
(162, 1)
(8026698402, 1)
(163, 4)
(8076245923, 4)
(167, 4)
(8274436007, 1)
(168, 0)
(8323983528, 0)
(172, 2)
(8522173612, 2)
(173, 1)
(8571721133, 1)
(177, 4)
(8769911217, 1)
(178, 3)
(8819458738, 3)
(182, 3)
(9017648822, 3)
(183, 3)
(9067196343, 3)
(187, 2)
(9265386427, 2)
(188, 0)
(9314933948, 0)
(192, 0)
(9513124032, 0)
(193, 1)
(9562671553, 4)
(197, 0)
(9760861637, 0)
(198, 0)
(9810409158, 0)
(202, 4)
(10008599242, 4)
(203, 1)
(10058146763, 1)
(207, 1)
(10256336847, 4)
(208, 1)
(10305884368, 4)
(212, 0)
(10504074452, 0)
(213, 2)
(10553621973, 2)
(217, 3)
(10751812057, 3)
(218, 0)
(10801359578, 0)
(222, 3)
(10999549662, 2)
(223, 2)
(11049097183, 3)
(227, 0)
(11247287267, 0)
(228, 0)
(11296834788, 0)
(232, 0)
(11495024872, 0)
(233, 3)
(11544572393, 3)
(237, 2)
(11742762477, 2)
(238, 3)
(11792309998, 2)
(242, 4)
(11990500082, 4)
(243, 4)
(12040047603, 1)
(247, 4)
(12238237687, 4)
(248, 0)
(12287785208, 0)
(252, 0)
(12485975292, 0)
(253, 1)
(12535522813, 4)
(257, 1)
(12733712897, 1)
(258, 3)
(12783260418, 2)
(262, 4)
(12981450502, 4)
(263, 3)
(13030998023, 3)
(267, 2)
(13229188107, 3)
(268, 3)
(13278735628, 2)
(272, 3)
(13476925712, 3)
(273, 2)
(13526473233, 3)
(277, 1)
(13724663317, 4)
(278, 4)
(13774210838, 1)
(282, 2)
(13972400922, 2)
(283, 2)
(14021948443, 2)
(287, 1)
(14220138527, 1)
(288, 4)
(14269686048, 4)
(292, 0)
(14467876132, 0)
(293, 2)
(14517423653, 3)
(297, 1)
(14715613737, 4)
(298, 1)
(14765161258, 1)
(302, 3)
(14963351342, 3)
(303, 0)
(15012898863, 0)
(307, 3)
(15211088947, 2)
(308, 0)
(15260636468, 0)
(312, 0)
(15458826552, 0)
(313, 2)
(15508374073, 3)
(317, 0)
(15706564157, 0)
(318, 2)
(15756111678, 3)
(322, 2)
(15954301762, 2)
(323, 1)
(16003849283, 4)
(327, 3)
(16202039367, 2)
(328, 0)
(16251586888, 0)
(332, 1)
(16449776972, 1)
(333, 0)
(16499324493, 0)
(337, 3)
(16697514577, 2)
(338, 0)
(16747062098, 0)
(342, 2)
(16945252182, 3)
(343, 3)
(16994799703, 2)
(347, 0)
(17192989787, 0)
(348, 3)
(17242537308, 3)
(352, 4)
(17440727392, 4)
(353, 4)
(17490274913, 4)
(357, 3)
(17688464997, 3)
(358, 1)
(17738012518, 1)
(362, 2)
(17936202602, 2)
(363, 4)
(17985750123, 1)
(367, 1)
(18183940207, 4)
(368, 3)
(18233487728, 2)
(372, 0)
(18431677812, 0)
(373, 0)
(18481225333, 0)
(377, 1)
(18679415417, 1)
(378, 1)
(18728962938, 1)
(382, 2)
(18927153022, 3)
(383, 2)
(18976700543, 2)
(387, 0)
(19174890627, 0)
(388, 0)
(19224438148, 0)
(392, 0)
(19422628232, 0)
(393, 3)
(19472175753, 2)
(397, 1)
(19670365837, 1)
(398, 0)
(19719913358, 0)
(402, 4)
(19918103442, 4)
(403, 3)
(19967650963, 3)
(407, 4)
(20165841047, 4)
(408, 0)
(20215388568, 0)
(412, 0)
(20413578652, 0)
(413, 0)
(20463126173, 0)
(417, 2)
(20661316257, 2)
(418, 3)
(20710863778, 2)
(422, 0)
(20909053862, 0)
(423, 0)
(20958601383, 0)
(427, 2)
(21156791467, 2)
(428, 4)
(21206338988, 4)
(432, 4)
(21404529072, 1)
(433, 3)
(21454076593, 3)
(437, 0)
(21652266677, 0)
(438, 3)
(21701814198, 3)
(442, 2)
(21900004282, 3)
(443, 0)
(21949551803, 0)
(447, 1)
(22147741887, 4)
(448, 2)
(22197289408, 3)
(452, 0)
(22395479492, 0)
(453, 3)
(22445027013, 2)
(457, 3)
(22643217097, 2)
(458, 1)
(22692764618, 1)
(462, 2)
(22890954702, 2)
(463, 2)
(22940502223, 3)
(467, 2)
(23138692307, 2)
(468, 0)
(23188239828, 0)
(472, 0)
(23386429912, 0)
(473, 3)
(23435977433, 3)
(477, 3)
(23634167517, 3)
(478, 3)
(23683715038, 2)
(482, 0)
(23881905122, 0)
(483, 1)
(23931452643, 4)
(487, 3)
(24129642727, 2)
(488, 0)
(24179190248, 0)
(492, 4)
(24377380332, 4)
(493, 3)
(24426927853, 2)
(497, 4)
(24625117937, 4)
(498, 3)
(24674665458, 2)
(502, 1)
(24872855542, 1)
(503, 1)
(24922403063, 1)
(507, 1)
(25120593147, 4)
(508, 0)
(25170140668, 0)
(512, 4)
(25368330752, 4)
(513, 4)
(25417878273, 4)
(517, 2)
(25616068357, 3)
(518, 1)
(25665615878, 4)
(522, 0)
(25863805962, 0)
(523, 0)
(25913353483, 0)
(527, 2)
(26111543567, 3)
(528, 2)
(26161091088, 3)
(532, 0)
(26359281172, 0)
(533, 3)
(26408828693, 3)
(537, 2)
(26607018777, 3)
(538, 0)
(26656566298, 0)
(542, 1)
(26854756382, 1)
(543, 2)
(26904303903, 3)
(547, 3)
(27102493987, 2)
(548, 0)
(27152041508, 0)
(552, 0)
(27350231592, 0)
(553, 2)
(27399779113, 2)
(557, 3)
(27597969197, 2)
(558, 4)
(27647516718, 1)
(562, 2)
(27845706802, 2)
(563, 1)
(27895254323, 1)
(567, 3)
(28093444407, 2)
(568, 0)
(28142991928, 0)
(572, 0)
(28341182012, 0)
(573, 4)
(28390729533, 4)
(577, 3)
(28588919617, 2)
(578, 2)
(28638467138, 2)
(582, 4)
(28836657222, 4)
(583, 3)
(28886204743, 3)
(587, 2)
(29084394827, 3)
(588, 2)
(29133942348, 3)
(592, 4)
(29332132432, 4)
(593, 1)
(29381679953, 1)
(597, 2)
(29579870037, 3)
(598, 3)
(29629417558, 3)
(602, 1)
(29827607642, 4)
(603, 0)
(29877155163, 0)
(607, 2)
(30075345247, 3)
(608, 3)
(30124892768, 2)
(612, 0)
(30323082852, 0)
(613, 0)
(30372630373, 0)
(617, 2)
(30570820457, 2)
(618, 2)
(30620367978, 3)
(622, 3)
(30818558062, 2)
(623, 2)
(30868105583, 3)
(627, 4)
(31066295667, 4)
(628, 0)
(31115843188, 0)
(632, 0)
(31314033272, 0)
(633, 0)
(31363580793, 0)
(637, 4)
(31561770877, 1)
(638, 0)
(31611318398, 0)
(642, 4)
(31809508482, 1)
(643, 2)
(31859056003, 2)
(647, 2)
(32057246087, 2)
(648, 0)
(32106793608, 0)
(652, 2)
(32304983692, 2)
(653, 1)
(32354531213, 1)
(657, 0)
(32552721297, 0)
(658, 3)
(32602268818, 3)
(662, 3)
(32800458902, 2)
(663, 1)
(32850006423, 1)
(667, 4)
(33048196507, 4)
(668, 3)
(33097744028, 2)
(672, 3)
(33295934112, 3)
(673, 3)
(33345481633, 3)
(677, 0)
(33543671717, 0)
(678, 0)
(33593219238, 0)
(682, 3)
(33791409322, 2)
(683, 0)
(33840956843, 0)
(687, 3)
(34039146927, 2)
(688, 2)
(34088694448, 2)
(692, 0)
(34286884532, 0)
(693, 1)
(34336432053, 4)
(697, 3)
(34534622137, 2)
(698, 1)
(34584169658, 4)
(702, 4)
(34782359742, 4)
(703, 4)
(34831907263, 1)
(707, 1)
(35030097347, 4)
(708, 0)
(35079644868, 0)
(712, 0)
(35277834952, 0)
(713, 1)
(35327382473, 1)
(717, 1)
(35525572557, 1)
(718, 2)
(35575120078, 2)
(722, 1)
(35773310162, 1)
(723, 1)
(35822857683, 4)
(727, 2)
(36021047767, 2)
(728, 0)
(36070595288, 0)
(732, 1)
(36268785372, 1)
(733, 1)
(36318332893, 1)
(737, 0)
(36516522977, 0)
(738, 0)
(36566070498, 0)
(742, 2)
(36764260582, 3)
(743, 1)
(36813808103, 4)
(747, 4)
(37011998187, 4)
(748, 1)
(37061545708, 1)
(752, 0)
(37259735792, 0)
(753, 3)
(37309283313, 2)
(757, 0)
(37507473397, 0)
(758, 2)
(37557020918, 3)
(762, 3)
(37755211002, 2)
(763, 1)
(37804758523, 4)
(767, 3)
(38002948607, 2)
(768, 2)
(38052496128, 3)
(772, 0)
(38250686212, 0)
(773, 4)
(38300233733, 4)
(777, 1)
(38498423817, 1)
(778, 4)
(38547971338, 1)
(782, 1)
(38746161422, 4)
(783, 4)
(38795708943, 4)
(787, 0)
(38993899027, 0)
(788, 0)
(39043446548, 0)
(792, 0)
(39241636632, 0)
(793, 2)
(39291184153, 2)
(797, 0)
(39489374237, 0)
(798, 1)
(39538921758, 4)
(802, 3)
(39737111842, 3)
(803, 0)
(39786659363, 0)
(807, 1)
(39984849447, 4)
(808, 0)
(40034396968, 0)
(812, 3)
(40232587052, 3)
(813, 3)
(40282134573, 2)
(817, 2)
(40480324657, 3)
(818, 3)
(40529872178, 2)
(822, 0)
(40728062262, 0)
(823, 4)
(40777609783, 1)
(827, 2)
(40975799867, 2)
(828, 2)
(41025347388, 3)
(832, 2)
(41223537472, 3)
(833, 2)
(41273084993, 2)
(837, 1)
(41471275077, 1)
(838, 4)
(41520822598, 4)
(842, 4)
(41719012682, 4)
(843, 4)
(41768560203, 1)
(847, 4)
(41966750287, 1)
(848, 3)
(42016297808, 3)
(852, 0)
(42214487892, 0)
(853, 0)
(42264035413, 0)
(857, 2)
(42462225497, 3)
(858, 1)
(42511773018, 1)
(862, 2)
(42709963102, 2)
(863, 1)
(42759510623, 1)
(867, 3)
(42957700707, 2)
(868, 0)
(43007248228, 0)
(872, 0)
(43205438312, 0)
(873, 0)
(43254985833, 0)
(877, 0)
(43453175917, 0)
(878, 0)
(43502723438, 0)
(882, 3)
(43700913522, 3)
(883, 2)
(43750461043, 2)
(887, 1)
(43948651127, 1)
(888, 0)
(43998198648, 0)
(892, 4)
(44196388732, 1)
(893, 2)
(44245936253, 2)
(897, 1)
(44444126337, 4)
(898, 2)
(44493673858, 3)
(902, 2)
(44691863942, 3)
(903, 1)
(44741411463, 1)
(907, 3)
(44939601547, 3)
(908, 0)
(44989149068, 0)
(912, 3)
(45187339152, 3)
(913, 3)
(45236886673, 3)
(917, 0)
(45435076757, 0)
(918, 1)
(45484624278, 4)
(922, 2)
(45682814362, 3)
(923, 0)
(45732361883, 0)
(927, 0)
(45930551967, 0)
(928, 1)
(45980099488, 4)
(932, 0)
(46178289572, 0)
(933, 4)
(46227837093, 4)
(937, 0)
(46426027177, 0)
(938, 1)
(46475574698, 1)
(942, 3)
(46673764782, 3)
(943, 1)
(46723312303, 1)
(947, 0)
(46921502387, 0)
(948, 0)
(46971049908, 0)
(952, 0)
(47169239992, 0)
(953, 3)
(47218787513, 2)
(957, 1)
(47416977597, 1)
(958, 1)
(47466525118, 1)
(962, 2)
(47664715202, 3)
(963, 1)
(47714262723, 1)
(967, 4)
(47912452807, 1)
(968, 0)
(47962000328, 0)
(972, 2)
(48160190412, 3)
(973, 3)
(48209737933, 3)
(977, 0)
(48407928017, 0)
(978, 4)
(48457475538, 1)
(982, 0)
(48655665622, 0)
(983, 2)
(48705213143, 3)
(987, 3)
(48903403227, 2)
(988, 3)
(48952950748, 3)
(992, 1)
(49151140832, 4)
(993, 3)
(49200688353, 3)
(997, 4)
(49398878437, 1)
(998, 1)
(49448425958, 1)
(1002, 4)
(49646616042, 4)
(1003, 1)
(49696163563, 1)
(1007, 0)
(49894353647, 0)
(1008, 0)
(49943901168, 0)
(1012, 0)
(50142091252, 0)
(1013, 4)
(50191638773, 4)
(1017, 4)
(50389828857, 1)
(1018, 3)
(50439376378, 2)
(1022, 3)
(50637566462, 3)
(1023, 1)
(50687113983, 1)
(1027, 4)
(50885304067, 4)
(1028, 0)
(50934851588, 0)
(1032, 0)
(51133041672, 0)
(1033, 3)
(51182589193, 3)
(1037, 0)
(51380779277, 0)
(1038, 2)
(51430326798, 3)
(1042, 3)
(51628516882, 3)
(1043, 2)
(51678064403, 3)
(1047, 4)
(51876254487, 4)
(1048, 0)
(51925802008, 0)
(1052, 1)
(52123992092, 1)
(1053, 1)
(52173539613, 4)
(1057, 1)
(52371729697, 4)
(1058, 0)
(52421277218, 0)
(1062, 0)
(52619467302, 0)
(1063, 4)
(52669014823, 1)
(1067, 2)
(52867204907, 3)
(1068, 1)
(52916752428, 4)
(1072, 3)
(53114942512, 2)
(1073, 1)
(53164490033, 4)
(1077, 4)
(53362680117, 1)
(1078, 3)
(53412227638, 3)
(1082, 3)
(53610417722, 2)
(1083, 2)
(53659965243, 3)
(1087, 1)
(53858155327, 4)
(1088, 1)
(53907702848, 1)
(1092, 0)
(54105892932, 0)
(1093, 0)
(54155440453, 0)
(1097, 1)
(54353630537, 4)
(1098, 0)
(54403178058, 0)
(1102, 0)
(54601368142, 0)
(1103, 3)
(54650915663, 3)
(1107, 3)
(54849105747, 3)
(1108, 0)
(54898653268, 0)
(1112, 0)
(55096843352, 0)
(1113, 4)
(55146390873, 4)
(1117, 4)
(55344580957, 1)
(1118, 1)
(55394128478, 4)
(1122, 4)
(55592318562, 1)
(1123, 0)
(55641866083, 0)
(1127, 3)
(55840056167, 2)
(1128, 0)
(55889603688, 0)
(1132, 1)
(56087793772, 1)
(1133, 2)
(56137341293, 2)
(1137, 0)
(56335531377, 0)
(1138, 2)
(56385078898, 3)
(1142, 2)
(56583268982, 2)
(1143, 0)
(56632816503, 0)
(1147, 1)
(56831006587, 4)
(1148, 2)
(56880554108, 2)
(1152, 3)
(57078744192, 3)
(1153, 4)
(57128291713, 4)
(1157, 3)
(57326481797, 2)
(1158, 4)
(57376029318, 4)
(1162, 3)
(57574219402, 2)
(1163, 3)
(57623766923, 2)
(1167, 3)
(57821957007, 3)
(1168, 2)
(57871504528, 3)
(1172, 0)
(58069694612, 0)
(1173, 1)
(58119242133, 1)
(1177, 2)
(58317432217, 2)
(1178, 1)
(58366979738, 1)
(1182, 0)
(58565169822, 0)
(1183, 0)
(58614717343, 0)
(1187, 4)
(58812907427, 1)
(1188, 0)
(58862454948, 0)
(1192, 0)
(59060645032, 0)
(1193, 4)
(59110192553, 4)
(1197, 0)
(59308382637, 0)
(1198, 2)
(59357930158, 3)
(1202, 1)
(59556120242, 4)
(1203, 4)
(59605667763, 1)
(1207, 2)
(59803857847, 3)
(1208, 0)
(59853405368, 0)
(1212, 0)
(60051595452, 0)
(1213, 0)
(60101142973, 0)
(1217, 2)
(60299333057, 3)
(1218, 4)
(60348880578, 1)
(1222, 3)
(60547070662, 3)
(1223, 0)
(60596618183, 0)
(1227, 4)
(60794808267, 4)
(1228, 4)
(60844355788, 1)
(1232, 1)
(61042545872, 4)
(1233, 1)
(61092093393, 4)
(1237, 4)
(61290283477, 1)
(1238, 2)
(61339830998, 2)
(1242, 3)
(61538021082, 3)
(1243, 1)
(61587568603, 4)
(1247, 4)
(61785758687, 1)
(1248, 2)
(61835306208, 2)
(1252, 0)
(62033496292, 0)
(1253, 3)
(62083043813, 2)
(1257, 0)
(62281233897, 0)
(1258, 2)
(62330781418, 2)
(1262, 4)
(62528971502, 1)
(1263, 0)
(62578519023, 0)
(1267, 1)
(62776709107, 4)
(1268, 0)
(62826256628, 0)
(1272, 0)
(63024446712, 0)
(1273, 0)
(63073994233, 0)
(1277, 4)
(63272184317, 4)
(1278, 0)
(63321731838, 0)
(1282, 3)
(63519921922, 2)
(1283, 4)
(63569469443, 1)
(1287, 0)
(63767659527, 0)
(1288, 0)
(63817207048, 0)
(1292, 3)
(64015397132, 2)
(1293, 1)
(64064944653, 4)
(1297, 2)
(64263134737, 2)
(1298, 2)
(64312682258, 2)
(1302, 4)
(64510872342, 1)
(1303, 1)
(64560419863, 4)
(1307, 1)
(64758609947, 1)
(1308, 1)
(64808157468, 4)
(1312, 3)
(65006347552, 2)
(1313, 1)
(65055895073, 4)
(1317, 0)
(65254085157, 0)
(1318, 0)
(65303632678, 0)
(1322, 3)
(65501822762, 2)
(1323, 4)
(65551370283, 1)
(1327, 0)
(65749560367, 0)
(1328, 1)
(65799107888, 1)
(1332, 0)
(65997297972, 0)
(1333, 0)
(66046845493, 0)
(1337, 4)
(66245035577, 4)
(1338, 0)
(66294583098, 0)
(1342, 0)
(66492773182, 0)
(1343, 4)
(66542320703, 1)
(1347, 1)
(66740510787, 1)
(1348, 0)
(66790058308, 0)
(1352, 0)
(66988248392, 0)
(1353, 4)
(67037795913, 4)
(1357, 1)
(67235985997, 4)
(1358, 4)
(67285533518, 4)
(1362, 1)
(67483723602, 4)
(1363, 4)
(67533271123, 4)
(1367, 0)
(67731461207, 0)
(1368, 0)
(67781008728, 0)
(1372, 1)
(67979198812, 4)
(1373, 2)
(68028746333, 3)
(1377, 1)
(68226936417, 1)
(1378, 0)
(68276483938, 0)
(1382, 2)
(68474674022, 2)
(1383, 3)
(68524221543, 3)
(1387, 4)
(68722411627, 4)
(1388, 0)
(68771959148, 0)
(1392, 4)
(68970149232, 4)
(1393, 4)
(69019696753, 1)
(1397, 4)
(69217886837, 4)
(1398, 0)
(69267434358, 0)
(1402, 1)
(69465624442, 1)
(1403, 1)
(69515171963, 1)
(1407, 1)
(69713362047, 4)
(1408, 3)
(69762909568, 3)
(1412, 0)
(69961099652, 0)
(1413, 0)
(70010647173, 0)
(1417, 1)
(70208837257, 4)
(1418, 4)
(70258384778, 1)
(1422, 1)
(70456574862, 4)
(1423, 4)
(70506122383, 1)
(1427, 0)
(70704312467, 0)
(1428, 0)
(70753859988, 0)
(1432, 0)
(70952050072, 0)
(1433, 4)
(71001597593, 1)
(1437, 4)
(71199787677, 1)
(1438, 1)
(71249335198, 1)
(1442, 1)
(71447525282, 4)
(1443, 2)
(71497072803, 2)
(1447, 2)
(71695262887, 2)
(1448, 0)
(71744810408, 0)
(1452, 2)
(71943000492, 3)
(1453, 1)
(71992548013, 4)
(1457, 4)
(72190738097, 4)
(1458, 2)
(72240285618, 2)
(1462, 4)
(72438475702, 4)
(1463, 2)
(72488023223, 2)
(1467, 0)
(72686213307, 0)
(1468, 2)
(72735760828, 3)
(1472, 4)
(72933950912, 1)
(1473, 2)
(72983498433, 2)
(1477, 1)
(73181688517, 1)
(1478, 0)
(73231236038, 0)
(1482, 1)
(73429426122, 4)
(1483, 3)
(73478973643, 2)
(1487, 3)
(73677163727, 3)
(1488, 2)
(73726711248, 2)
(1492, 0)
(73924901332, 0)
(1493, 3)
(73974448853, 3)
(1497, 0)
(74172638937, 0)
(1498, 1)
(74222186458, 4)
(1502, 1)
(74420376542, 1)
(1503, 3)
(74469924063, 2)
(1507, 4)
(74668114147, 1)
(1508, 0)
(74717661668, 0)
(1512, 0)
(74915851752, 0)
(1513, 4)
(74965399273, 4)
(1517, 3)
(75163589357, 2)
(1518, 4)
(75213136878, 4)
(1522, 0)
(75411326962, 0)
(1523, 3)
(75460874483, 3)
(1527, 1)
(75659064567, 1)
(1528, 0)
(75708612088, 0)
(1532, 4)
(75906802172, 4)
(1533, 1)
(75956349693, 4)
(1537, 1)
(76154539777, 4)
(1538, 4)
(76204087298, 1)
(1542, 0)
(76402277382, 0)
(1543, 4)
(76451824903, 4)
(1547, 2)
(76650014987, 2)
(1548, 0)
(76699562508, 0)
(1552, 3)
(76897752592, 2)
(1553, 0)
(76947300113, 0)
(1557, 2)
(77145490197, 2)
(1558, 2)
(77195037718, 2)
(1562, 2)
(77393227802, 3)
(1563, 4)
(77442775323, 1)
(1567, 0)
(77640965407, 0)
(1568, 2)
(77690512928, 2)
(1572, 0)
(77888703012, 0)
(1573, 3)
(77938250533, 2)
(1577, 3)
(78136440617, 2)
(1578, 1)
(78185988138, 4)
(1582, 4)
(78384178222, 4)
(1583, 3)
(78433725743, 3)
(1587, 0)
(78631915827, 0)
(1588, 0)
(78681463348, 0)
(1592, 0)
(78879653432, 0)
(1593, 4)
(78929200953, 1)
(1597, 4)
(79127391037, 4)
(1598, 2)
(79176938558, 3)
(1602, 0)
(79375128642, 0)
(1603, 4)
(79424676163, 1)
(1607, 3)
(79622866247, 2)
(1608, 0)
(79672413768, 0)
(1612, 4)
(79870603852, 4)
(1613, 3)
(79920151373, 3)
(1617, 3)
(80118341457, 2)
(1618, 2)
(80167888978, 2)
(1622, 0)
(80366079062, 0)
(1623, 3)
(80415626583, 3)
(1627, 2)
(80613816667, 3)
(1628, 3)
(80663364188, 3)
(1632, 3)
(80861554272, 2)
(1633, 4)
(80911101793, 4)
(1637, 3)
(81109291877, 3)
(1638, 1)
(81158839398, 1)
(1642, 1)
(81357029482, 4)
(1643, 0)
(81406577003, 0)
(1647, 3)
(81604767087, 3)
(1648, 0)
(81654314608, 0)
(1652, 0)
(81852504692, 0)
(1653, 4)
(81902052213, 1)
(1657, 1)
(82100242297, 4)
(1658, 2)
(82149789818, 3)
(1662, 0)
(82347979902, 0)
(1663, 2)
(82397527423, 3)
(1667, 3)
(82595717507, 3)
(1668, 0)
(82645265028, 0)
(1672, 0)
(82843455112, 0)
(1673, 3)
(82893002633, 3)
(1677, 1)
(83091192717, 1)
(1678, 0)
(83140740238, 0)
(1682, 4)
(83338930322, 4)
(1683, 0)
(83388477843, 0)
(1687, 2)
(83586667927, 3)
(1688, 0)
(83636215448, 0)
(1692, 0)
(83834405532, 0)
(1693, 3)
(83883953053, 3)
(1697, 3)
(84082143137, 2)
(1698, 1)
(84131690658, 4)
(1702, 0)
(84329880742, 0)
(1703, 3)
(84379428263, 2)
(1707, 0)
(84577618347, 0)
(1708, 1)
(84627165868, 1)
(1712, 4)
(84825355952, 4)
(1713, 4)
(84874903473, 1)
(1717, 1)
(85073093557, 1)
(1718, 1)
(85122641078, 1)
(1722, 1)
(85320831162, 4)
(1723, 0)
(85370378683, 0)
(1727, 4)
(85568568767, 1)
(1728, 0)
(85618116288, 0)
(1732, 0)
(85816306372, 0)
(1733, 1)
(85865853893, 4)
(1737, 0)
(86064043977, 0)
(1738, 1)
(86113591498, 4)
(1742, 1)
(86311781582, 1)
(1743, 4)
(86361329103, 4)
(1747, 0)
(86559519187, 0)
(1748, 0)
(86609066708, 0)
(1752, 0)
(86807256792, 0)
(1753, 0)
(86856804313, 0)
(1757, 3)
(87054994397, 2)
(1758, 0)
(87104541918, 0)
(1762, 1)
(87302732002, 1)
(1763, 3)
(87352279523, 2)
(1767, 3)
(87550469607, 2)
(1768, 0)
(87600017128, 0)
(1772, 0)
(87798207212, 0)
(1773, 0)
(87847754733, 0)
(1777, 4)
(88045944817, 4)
(1778, 0)
(88095492338, 0)
(1782, 1)
(88293682422, 1)
(1783, 2)
(88343229943, 2)
(1787, 2)
(88541420027, 2)
(1788, 2)
(88590967548, 3)
(1792, 1)
(88789157632, 4)
(1793, 4)
(88838705153, 4)
(1797, 4)
(89036895237, 4)
(1798, 0)
(89086442758, 0)
(1802, 3)
(89284632842, 3)
(1803, 2)
(89334180363, 2)
(1807, 3)
(89532370447, 3)
(1808, 4)
(89581917968, 1)
(1812, 0)
(89780108052, 0)
(1813, 2)
(89829655573, 2)
(1817, 0)
(90027845657, 0)
(1818, 0)
(90077393178, 0)
(1822, 4)
(90275583262, 1)
(1823, 0)
(90325130783, 0)
(1827, 2)
(90523320867, 2)
(1828, 0)
(90572868388, 0)
(1832, 0)
(90771058472, 0)
(1833, 1)
(90820605993, 4)
(1837, 4)
(91018796077, 1)
(1838, 3)
(91068343598, 2)
(1842, 4)
(91266533682, 4)
(1843, 4)
(91316081203, 4)
(1847, 2)
(91514271287, 3)
(1848, 0)
(91563818808, 0)
(1852, 4)
(91762008892, 1)
(1853, 4)
(91811556413, 4)
(1857, 0)
(92009746497, 0)
(1858, 0)
(92059294018, 0)
(1862, 3)
(92257484102, 2)
(1863, 2)
(92307031623, 3)
(1867, 0)
(92505221707, 0)
(1868, 1)
(92554769228, 1)
(1872, 0)
(92752959312, 0)
(1873, 3)
(92802506833, 2)
(1877, 4)
(93000696917, 4)
(1878, 4)
(93050244438, 4)
(1882, 2)
(93248434522, 3)
(1883, 1)
(93297982043, 4)
(1887, 0)
(93496172127, 0)
(1888, 3)
(93545719648, 3)
(1892, 0)
(93743909732, 0)
(1893, 0)
(93793457253, 0)
(1897, 1)
(93991647337, 4)
(1898, 3)
(94041194858, 3)
(1902, 4)
(94239384942, 1)
(1903, 2)
(94288932463, 2)
(1907, 3)
(94487122547, 3)
(1908, 0)
(94536670068, 0)
(1912, 0)
(94734860152, 0)
(1913, 4)
(94784407673, 1)
(1917, 2)
(94982597757, 2)
(1918, 1)
(95032145278, 1)
(1922, 2)
(95230335362, 2)
(1923, 0)
(95279882883, 0)
(1927, 2)
(95478072967, 2)
(1928, 0)
(95527620488, 0)
(1932, 3)
(95725810572, 2)
(1933, 2)
(95775358093, 3)
(1937, 3)
(95973548177, 2)
(1938, 2)
(96023095698, 2)
(1942, 3)
(96221285782, 3)
(1943, 2)
(96270833303, 2)
(1947, 3)
(96469023387, 2)
(1948, 1)
(96518570908, 4)
(1952, 0)
(96716760992, 0)
(1953, 0)
(96766308513, 0)
(1957, 1)
(96964498597, 4)
(1958, 2)
(97014046118, 2)
(1962, 0)
(97212236202, 0)
(1963, 4)
(97261783723, 1)
(1967, 4)
(97459973807, 1)
(1968, 4)
(97509521328, 4)
(1972, 0)
(97707711412, 0)
(1973, 3)
(97757258933, 2)
(1977, 1)
(97955449017, 4)
(1978, 2)
(98004996538, 3)
(1982, 1)
(98203186622, 4)
(1983, 1)
(98252734143, 1)
(1987, 2)
(98450924227, 2)
(1988, 0)
(98500471748, 0)
(1992, 0)
(98698661832, 0)
(1993, 1)
(98748209353, 1)
(1997, 2)
(98946399437, 2)
(1998, 3)
(98995946958, 2)
(2002, 4)
(99194137042, 4)
(2003, 1)
(99243684563, 1)
(2007, 0)
(99441874647, 0)
(2008, 0)
(99491422168, 0)
(2012, 2)
(99689612252, 2)
(2013, 4)
(99739159773, 4)
(2017, 2)
(99937349857, 2)
(2018, 3)
(99986897378, 3)
(2022, 1)
(100185087462, 1)
(2023, 4)
(100234634983, 1)
(2027, 1)
(100432825067, 1)
(2028, 3)
(100482372588, 2)
(2032, 0)
(100680562672, 0)
(2033, 2)
(100730110193, 3)
(2037, 4)
(100928300277, 1)
(2038, 3)
(100977847798, 3)
(2042, 0)
(101176037882, 0)
(2043, 0)
(101225585403, 0)
(2047, 2)
(101423775487, 3)
(2048, 0)
(101473323008, 0)
(2052, 0)
(101671513092, 0)
(2053, 2)
(101721060613, 2)
(2057, 4)
(101919250697, 4)
(2058, 2)
(101968798218, 2)
(2062, 3)
(102166988302, 2)
(2063, 0)
(102216535823, 0)
(2067, 3)
(102414725907, 3)
(2068, 0)
(102464273428, 0)
(2072, 0)
(102662463512, 0)
(2073, 0)
(102712011033, 0)
(2077, 1)
(102910201117, 1)
(2078, 0)
(102959748638, 0)
(2082, 1)
(103157938722, 1)
(2083, 3)
(103207486243, 2)
(2087, 0)
(103405676327, 0)
(2088, 0)
(103455223848, 0)
(2092, 0)
(103653413932, 0)
(2093, 0)
(103702961453, 0)
(2097, 1)
(103901151537, 1)
(2098, 4)
(103950699058, 4)
(2102, 4)
(104148889142, 4)
(2103, 4)
(104198436663, 1)
(2107, 4)
(104396626747, 4)
(2108, 4)
(104446174268, 1)
(2112, 4)
(104644364352, 1)
(2113, 4)
(104693911873, 1)
(2117, 1)
(104892101957, 1)
(2118, 0)
(104941649478, 0)
(2122, 2)
(105139839562, 2)
(2123, 1)
(105189387083, 4)
(2127, 2)
(105387577167, 2)
(2128, 2)
(105437124688, 2)
(2132, 0)
(105635314772, 0)
(2133, 2)
(105684862293, 2)
(2137, 1)
(105883052377, 4)
(2138, 2)
(105932599898, 2)
(2142, 0)
(106130789982, 0)
(2143, 3)
(106180337503, 2)
(2147, 4)
(106378527587, 4)
(2148, 0)
(106428075108, 0)
(2152, 0)
(106626265192, 0)
(2153, 3)
(106675812713, 2)
(2157, 4)
(106874002797, 1)
(2158, 0)
(106923550318, 0)
(2162, 4)
(107121740402, 4)
(2163, 2)
(107171287923, 2)
(2167, 2)
(107369478007, 2)
(2168, 0)
(107419025528, 0)
(2172, 4)
(107617215612, 1)
(2173, 0)
(107666763133, 0)
(2177, 0)
(107864953217, 0)
(2178, 3)
(107914500738, 3)
(2182, 3)
(108112690822, 2)
(2183, 2)
(108162238343, 2)
(2187, 0)
(108360428427, 0)
(2188, 4)
(108409975948, 1)
(2192, 1)
(108608166032, 4)
(2193, 1)
(108657713553, 4)
(2197, 3)
(108855903637, 2)
(2198, 1)
(108905451158, 1)
(2202, 0)
(109103641242, 0)
(2203, 0)
(109153188763, 0)
(2207, 1)
(109351378847, 4)
(2208, 4)
(109400926368, 4)
(2212, 0)
(109599116452, 0)
(2213, 3)
(109648663973, 3)
(2217, 3)
(109846854057, 2)
(2218, 1)
(109896401578, 4)
(2222, 3)
(110094591662, 3)
(2223, 0)
(110144139183, 0)
(2227, 1)
(110342329267, 1)
(2228, 0)
(110391876788, 0)
(2232, 0)
(110590066872, 0)
(2233, 4)
(110639614393, 4)
(2237, 0)
(110837804477, 0)
(2238, 3)
(110887351998, 2)
(2242, 4)
(111085542082, 1)
(2243, 0)
(111135089603, 0)
(2247, 0)
(111333279687, 0)
(2248, 0)
(111382827208, 0)
(2252, 3)
(111581017292, 3)
(2253, 4)
(111630564813, 1)
(2257, 4)
(111828754897, 1)
(2258, 3)
(111878302418, 3)
(2262, 1)
(112076492502, 4)
(2263, 2)
(112126040023, 2)
(2267, 1)
(112324230107, 4)
(2268, 1)
(112373777628, 4)
(2272, 3)
(112571967712, 2)
(2273, 2)
(112621515233, 2)
(2277, 0)
(112819705317, 0)
(2278, 4)
(112869252838, 1)
(2282, 0)
(113067442922, 0)
(2283, 4)
(113116990443, 1)
(2287, 1)
(113315180527, 1)
(2288, 0)
(113364728048, 0)
(2292, 0)
(113562918132, 0)
(2293, 1)
(113612465653, 1)
(2297, 0)
(113810655737, 0)
(2298, 2)
(113860203258, 3)
(2302, 4)
(114058393342, 4)
(2303, 0)
(114107940863, 0)
(2307, 3)
(114306130947, 3)
(2308, 0)
(114355678468, 0)
(2312, 0)
(114553868552, 0)
(2313, 2)
(114603416073, 2)
(2317, 4)
(114801606157, 4)
(2318, 1)
(114851153678, 1)
(2322, 3)
(115049343762, 2)
(2323, 2)
(115098891283, 3)
(2327, 2)
(115297081367, 3)
(2328, 0)
(115346628888, 0)
(2332, 1)
(115544818972, 1)
(2333, 1)
(115594366493, 1)
(2337, 2)
(115792556577, 3)
(2338, 4)
(115842104098, 4)
(2342, 3)
(116040294182, 2)
(2343, 2)
(116089841703, 2)
(2347, 0)
(116288031787, 0)
(2348, 1)
(116337579308, 4)
(2352, 2)
(116535769392, 3)
(2353, 4)
(116585316913, 1)
(2357, 2)
(116783506997, 3)
(2358, 0)
(116833054518, 0)
(2362, 4)
(117031244602, 4)
(2363, 0)
(117080792123, 0)
(2367, 1)
(117278982207, 1)
(2368, 3)
(117328529728, 3)
(2372, 0)
(117526719812, 0)
(2373, 1)
(117576267333, 4)
(2377, 1)
(117774457417, 1)
(2378, 0)
(117824004938, 0)
(2382, 2)
(118022195022, 3)
(2383, 4)
(118071742543, 1)
(2387, 2)
(118269932627, 2)
(2388, 0)
(118319480148, 0)
(2392, 0)
(118517670232, 0)
(2393, 0)
(118567217753, 0)
(2397, 2)
(118765407837, 2)
(2398, 0)
(118814955358, 0)
(2402, 0)
(119013145442, 0)
(2403, 2)
(119062692963, 3)
(2407, 0)
(119260883047, 0)
(2408, 0)
(119310430568, 0)
(2412, 0)
(119508620652, 0)
(2413, 1)
(119558168173, 4)
(2417, 1)
(119756358257, 4)
(2418, 4)
(119805905778, 1)
(2422, 0)
(120004095862, 0)
(2423, 3)
(120053643383, 3)
(2427, 4)
(120251833467, 1)
(2428, 4)
(120301380988, 1)
(2432, 1)
(120499571072, 4)
(2433, 0)
(120549118593, 0)
(2437, 3)
(120747308677, 2)
(2438, 3)
(120796856198, 2)
(2442, 3)
(120995046282, 2)
(2443, 4)
(121044593803, 4)
(2447, 3)
(121242783887, 2)
(2448, 1)
(121292331408, 1)
(2452, 0)
(121490521492, 0)
(2453, 3)
(121540069013, 2)
(2457, 2)
(121738259097, 3)
(2458, 3)
(121787806618, 3)
(2462, 3)
(121985996702, 3)
(2463, 4)
(122035544223, 4)
(2467, 2)
(122233734307, 3)
(2468, 0)
(122283281828, 0)
(2472, 0)
(122481471912, 0)
(2473, 0)
(122531019433, 0)
(2477, 3)
(122729209517, 2)
(2478, 2)
(122778757038, 2)
(2482, 1)
(122976947122, 4)
(2483, 0)
(123026494643, 0)
(2487, 0)
(123224684727, 0)
(2488, 0)
(123274232248, 0)
(2492, 4)
(123472422332, 1)
(2493, 0)
(123521969853, 0)
(2497, 3)
(123720159937, 3)
(2498, 0)
(123769707458, 0)
(2502, 3)
(123967897542, 2)
(2503, 1)
(124017445063, 1)
(2507, 4)
(124215635147, 1)
(2508, 2)
(124265182668, 2)
(2512, 2)
(124463372752, 3)
(2513, 3)
(124512920273, 2)
(2517, 4)
(124711110357, 1)
(2518, 0)
(124760657878, 0)
(2522, 4)
(124958847962, 4)
(2523, 3)
(125008395483, 2)
(2527, 4)
(125206585567, 1)
(2528, 4)
(125256133088, 1)
(2532, 0)
(125454323172, 0)
(2533, 4)
(125503870693, 4)
(2537, 0)
(125702060777, 0)
(2538, 2)
(125751608298, 2)
(2542, 4)
(125949798382, 4)
(2543, 0)
(125999345903, 0)
(2547, 0)
(126197535987, 0)
(2548, 0)
(126247083508, 0)
(2552, 0)
(126445273592, 0)
(2553, 1)
(126494821113, 1)
(2557, 3)
(126693011197, 3)
(2558, 4)
(126742558718, 1)
(2562, 1)
(126940748802, 4)
(2563, 4)
(126990296323, 4)
(2567, 1)
(127188486407, 1)
(2568, 0)
(127238033928, 0)
(2572, 1)
(127436224012, 1)
(2573, 1)
(127485771533, 4)
(2577, 0)
(127683961617, 0)
(2578, 1)
(127733509138, 1)
(2582, 0)
(127931699222, 0)
(2583, 2)
(127981246743, 2)
(2587, 3)
(128179436827, 2)
(2588, 4)
(128228984348, 4)
(2592, 3)
(128427174432, 3)
(2593, 1)
(128476721953, 4)
(2597, 4)
(128674912037, 4)
(2598, 4)
(128724459558, 1)
(2602, 4)
(128922649642, 4)
(2603, 0)
(128972197163, 0)
(2607, 2)
(129170387247, 2)
(2608, 2)
(129219934768, 2)
(2612, 0)
(129418124852, 0)
(2613, 1)
(129467672373, 4)
(2617, 2)
(129665862457, 3)
(2618, 0)
(129715409978, 0)
(2622, 1)
(129913600062, 4)
(2623, 2)
(129963147583, 3)
(2627, 2)
(130161337667, 3)
(2628, 0)
(130210885188, 0)
(2632, 0)
(130409075272, 0)
(2633, 3)
(130458622793, 2)
(2637, 4)
(130656812877, 1)
(2638, 0)
(130706360398, 0)
(2642, 3)
(130904550482, 2)
(2643, 0)
(130954098003, 0)
(2647, 0)
(131152288087, 0)
(2648, 0)
(131201835608, 0)
(2652, 2)
(131400025692, 2)
(2653, 1)
(131449573213, 1)
(2657, 2)
(131647763297, 3)
(2658, 4)
(131697310818, 1)
(2662, 1)
(131895500902, 1)
(2663, 3)
(131945048423, 3)
(2667, 3)
(132143238507, 3)
(2668, 2)
(132192786028, 2)
(2672, 4)
(132390976112, 1)
(2673, 3)
(132440523633, 2)
(2677, 2)
(132638713717, 2)
(2678, 0)
(132688261238, 0)
(2682, 0)
(132886451322, 0)
(2683, 0)
(132935998843, 0)
(2687, 4)
(133134188927, 1)
(2688, 1)
(133183736448, 1)
(2692, 0)
(133381926532, 0)
(2693, 3)
(133431474053, 3)
(2697, 4)
(133629664137, 1)
(2698, 4)
(133679211658, 4)
(2702, 2)
(133877401742, 2)
(2703, 3)
(133926949263, 2)
(2707, 2)
(134125139347, 2)
(2708, 0)
(134174686868, 0)
(2712, 0)
(134372876952, 0)
(2713, 1)
(134422424473, 4)
(2717, 2)
(134620614557, 2)
(2718, 1)
(134670162078, 1)
(2722, 0)
(134868352162, 0)
(2723, 3)
(134917899683, 3)
(2727, 0)
(135116089767, 0)
(2728, 0)
(135165637288, 0)
(2732, 0)
(135363827372, 0)
(2733, 3)
(135413374893, 3)
(2737, 1)
(135611564977, 1)
(2738, 4)
(135661112498, 4)
(2742, 3)
(135859302582, 3)
(2743, 0)
(135908850103, 0)
(2747, 3)
(136107040187, 3)
(2748, 1)
(136156587708, 4)
(2752, 0)
(136354777792, 0)
(2753, 2)
(136404325313, 2)
(2757, 4)
(136602515397, 4)
(2758, 4)
(136652062918, 1)
(2762, 4)
(136850253002, 4)
(2763, 0)
(136899800523, 0)
(2767, 4)
(137097990607, 4)
(2768, 2)
(137147538128, 2)
(2772, 0)
(137345728212, 0)
(2773, 4)
(137395275733, 1)
(2777, 0)
(137593465817, 0)
(2778, 1)
(137643013338, 1)
(2782, 2)
(137841203422, 3)
(2783, 4)
(137890750943, 1)
(2787, 1)
(138088941027, 1)
(2788, 0)
(138138488548, 0)
(2792, 0)
(138336678632, 0)
(2793, 4)
(138386226153, 4)
(2797, 3)
(138584416237, 2)
(2798, 4)
(138633963758, 1)
(2802, 1)
(138832153842, 4)
(2803, 1)
(138881701363, 1)
(2807, 3)
(139079891447, 2)
(2808, 0)
(139129438968, 0)
(2812, 3)
(139327629052, 2)
(2813, 0)
(139377176573, 0)
(2817, 0)
(139575366657, 0)
(2818, 0)
(139624914178, 0)
(2822, 2)
(139823104262, 2)
(2823, 1)
(139872651783, 1)
(2827, 3)
(140070841867, 3)
(2828, 3)
(140120389388, 2)
(2832, 3)
(140318579472, 2)
(2833, 3)
(140368126993, 3)
(2837, 1)
(140566317077, 1)
(2838, 0)
(140615864598, 0)
(2842, 2)
(140814054682, 3)
(2843, 0)
(140863602203, 0)
(2847, 3)
(141061792287, 2)
(2848, 4)
(141111339808, 4)
(2852, 0)
(141309529892, 0)
(2853, 0)
(141359077413, 0)
(2857, 0)
(141557267497, 0)
(2858, 3)
(141606815018, 3)
(2862, 2)
(141805005102, 3)
(2863, 2)
(141854552623, 2)
(2867, 2)
(142052742707, 2)
(2868, 0)
(142102290228, 0)
(2872, 0)
(142300480312, 0)
(2873, 3)
(142350027833, 3)
(2877, 0)
(142548217917, 0)
(2878, 1)
(142597765438, 1)
(2882, 1)
(142795955522, 1)
(2883, 3)
(142845503043, 2)
(2887, 0)
(143043693127, 0)
(2888, 0)
(143093240648, 0)
(2892, 3)
(143291430732, 2)
(2893, 4)
(143340978253, 4)
(2897, 1)
(143539168337, 1)
(2898, 0)
(143588715858, 0)
(2902, 2)
(143786905942, 3)
(2903, 4)
(143836453463, 4)
(2907, 2)
(144034643547, 3)
(2908, 4)
(144084191068, 4)
(2912, 4)
(144282381152, 4)
(2913, 2)
(144331928673, 3)
(2917, 2)
(144530118757, 3)
(2918, 4)
(144579666278, 4)
(2922, 1)
(144777856362, 1)
(2923, 4)
(144827403883, 1)
(2927, 4)
(145025593967, 1)
(2928, 3)
(145075141488, 3)
(2932, 0)
(145273331572, 0)
(2933, 1)
(145322879093, 4)
(2937, 4)
(145521069177, 1)
(2938, 4)
(145570616698, 4)
(2942, 0)
(145768806782, 0)
(2943, 3)
(145818354303, 2)
(2947, 3)
(146016544387, 2)
(2948, 0)
(146066091908, 0)
(2952, 0)
(146264281992, 0)
(2953, 1)
(146313829513, 4)
(2957, 4)
(146512019597, 1)
(2958, 2)
(146561567118, 2)
(2962, 4)
(146759757202, 4)
(2963, 2)
(146809304723, 3)
(2967, 1)
(147007494807, 1)
(2968, 0)
(147057042328, 0)
(2972, 2)
(147255232412, 3)
(2973, 2)
(147304779933, 2)
(2977, 4)
(147502970017, 1)
(2978, 0)
(147552517538, 0)
(2982, 1)
(147750707622, 4)
(2983, 0)
(147800255143, 0)
(2987, 0)
(147998445227, 0)
(2988, 2)
(148047992748, 2)
(2992, 1)
(148246182832, 1)
(2993, 2)
(148295730353, 2)
(2997, 4)
(148493920437, 4)
(2998, 3)
(148543467958, 3)
(3002, 4)
(148741658042, 4)
(3003, 2)
(148791205563, 3)
(3007, 0)
(148989395647, 0)
(3008, 0)
(149038943168, 0)
(3012, 0)
(149237133252, 0)
(3013, 3)
(149286680773, 2)
(3017, 3)
(149484870857, 2)
(3018, 4)
(149534418378, 1)
(3022, 2)
(149732608462, 3)
(3023, 2)
(149782155983, 3)
(3027, 2)
(149980346067, 3)
(3028, 0)
(150029893588, 0)
(3032, 0)
(150228083672, 0)
(3033, 0)
(150277631193, 0)
(3037, 3)
(150475821277, 3)
(3038, 1)
(150525368798, 4)
(3042, 0)
(150723558882, 0)
(3043, 3)
(150773106403, 3)
(3047, 2)
(150971296487, 3)
(3048, 0)
(151020844008, 0)
(3052, 3)
(151219034092, 2)
(3053, 0)
(151268581613, 0)
(3057, 3)
(151466771697, 2)
(3058, 2)
(151516319218, 3)
(3062, 4)
(151714509302, 1)
(3063, 1)
(151764056823, 4)
(3067, 2)
(151962246907, 3)
(3068, 1)
(152011794428, 4)
(3072, 4)
(152209984512, 1)
(3073, 1)
(152259532033, 4)
(3077, 4)
(152457722117, 4)
(3078, 4)
(152507269638, 1)
(3082, 0)
(152705459722, 0)
(3083, 2)
(152755007243, 2)
(3087, 0)
(152953197327, 0)
(3088, 2)
(153002744848, 3)
(3092, 0)
(153200934932, 0)
(3093, 2)
(153250482453, 2)
(3097, 3)
(153448672537, 2)
(3098, 4)
(153498220058, 4)
(3102, 1)
(153696410142, 1)
(3103, 0)
(153745957663, 0)
(3107, 3)
(153944147747, 3)
(3108, 0)
(153993695268, 0)
(3112, 0)
(154191885352, 0)
(3113, 1)
(154241432873, 1)
(3117, 0)
(154439622957, 0)
(3118, 0)
(154489170478, 0)
(3122, 3)
(154687360562, 3)
(3123, 0)
(154736908083, 0)
(3127, 1)
(154935098167, 1)
(3128, 0)
(154984645688, 0)
(3132, 3)
(155182835772, 3)
(3133, 0)
(155232383293, 0)
(3137, 1)
(155430573377, 4)
(3138, 4)
(155480120898, 4)
(3142, 0)
(155678310982, 0)
(3143, 1)
(155727858503, 1)
(3147, 0)
(155926048587, 0)
(3148, 0)
(155975596108, 0)
(3152, 0)
(156173786192, 0)
(3153, 4)
(156223333713, 1)
(3157, 4)
(156421523797, 4)
(3158, 2)
(156471071318, 2)
(3162, 0)
(156669261402, 0)
(3163, 1)
(156718808923, 4)
(3167, 2)
(156916999007, 3)
(3168, 0)
(156966546528, 0)
(3172, 0)
(157164736612, 0)
(3173, 0)
(157214284133, 0)
(3177, 3)
(157412474217, 3)
(3178, 0)
(157462021738, 0)
(3182, 2)
(157660211822, 2)
(3183, 4)
(157709759343, 1)
(3187, 2)
(157907949427, 3)
(3188, 0)
(157957496948, 0)
(3192, 0)
(158155687032, 0)
(3193, 4)
(158205234553, 1)
(3197, 4)
(158403424637, 4)
(3198, 2)
(158452972158, 3)
(3202, 1)
(158651162242, 4)
(3203, 4)
(158700709763, 1)
(3207, 3)
(158898899847, 2)
(3208, 0)
(158948447368, 0)
(3212, 0)
(159146637452, 0)
(3213, 3)
(159196184973, 3)
(3217, 1)
(159394375057, 4)
(3218, 1)
(159443922578, 1)
(3222, 0)
(159642112662, 0)
(3223, 0)
(159691660183, 0)
(3227, 4)
(159889850267, 4)
(3228, 2)
(159939397788, 3)
(3232, 2)
(160137587872, 2)
(3233, 4)
(160187135393, 1)
(3237, 2)
(160385325477, 2)
(3238, 3)
(160434872998, 2)
(3242, 3)
(160633063082, 3)
(3243, 2)
(160682610603, 3)
(3247, 3)
(160880800687, 2)
(3248, 3)
(160930348208, 3)
(3252, 0)
(161128538292, 0)
(3253, 1)
(161178085813, 4)
(3257, 1)
(161376275897, 4)
(3258, 4)
(161425823418, 4)
(3262, 3)
(161624013502, 2)
(3263, 3)
(161673561023, 2)
(3267, 4)
(161871751107, 1)
(3268, 0)
(161921298628, 0)
(3272, 0)
(162119488712, 0)
(3273, 4)
(162169036233, 4)
(3277, 3)
(162367226317, 3)
(3278, 1)
(162416773838, 1)
(3282, 0)
(162614963922, 0)
(3283, 1)
(162664511443, 4)
(3287, 1)
(162862701527, 4)
(3288, 0)
(162912249048, 0)
(3292, 3)
(163110439132, 2)
(3293, 1)
(163159986653, 1)
(3297, 0)
(163358176737, 0)
(3298, 1)
(163407724258, 4)
(3302, 1)
(163605914342, 4)
(3303, 0)
(163655461863, 0)
(3307, 4)
(163853651947, 1)
(3308, 1)
(163903199468, 1)
(3312, 1)
(164101389552, 4)
(3313, 1)
(164150937073, 1)
(3317, 1)
(164349127157, 4)
(3318, 2)
(164398674678, 3)
(3322, 4)
(164596864762, 4)
(3323, 3)
(164646412283, 3)
(3327, 4)
(164844602367, 4)
(3328, 2)
(164894149888, 3)
(3332, 0)
(165092339972, 0)
(3333, 3)
(165141887493, 2)
(3337, 4)
(165340077577, 4)
(3338, 0)
(165389625098, 0)
(3342, 4)
(165587815182, 4)
(3343, 4)
(165637362703, 1)
(3347, 1)
(165835552787, 4)
(3348, 0)
(165885100308, 0)
(3352, 0)
(166083290392, 0)
(3353, 0)
(166132837913, 0)
(3357, 0)
(166331027997, 0)
(3358, 2)
(166380575518, 2)
(3362, 4)
(166578765602, 4)
(3363, 4)
(166628313123, 4)
(3367, 0)
(166826503207, 0)
(3368, 0)
(166876050728, 0)
(3372, 2)
(167074240812, 3)
(3373, 4)
(167123788333, 4)
(3377, 3)
(167321978417, 2)
(3378, 4)
(167371525938, 1)
(3382, 0)
(167569716022, 0)
(3383, 1)
(167619263543, 1)
(3387, 2)
(167817453627, 3)
(3388, 3)
(167867001148, 2)
(3392, 1)
(168065191232, 1)
(3393, 2)
(168114738753, 2)
(3397, 0)
(168312928837, 0)
(3398, 3)
(168362476358, 3)
(3402, 3)
(168560666442, 3)
(3403, 2)
(168610213963, 3)
(3407, 3)
(168808404047, 2)
(3408, 4)
(168857951568, 4)
(3412, 0)
(169056141652, 0)
(3413, 3)
(169105689173, 2)
(3417, 4)
(169303879257, 4)
(3418, 2)
(169353426778, 3)
(3422, 3)
(169551616862, 2)
(3423, 0)
(169601164383, 0)
(3427, 1)
(169799354467, 4)
(3428, 0)
(169848901988, 0)
(3432, 0)
(170047092072, 0)
(3433, 1)
(170096639593, 4)
(3437, 2)
(170294829677, 2)
(3438, 0)
(170344377198, 0)
(3442, 0)
(170542567282, 0)
(3443, 4)
(170592114803, 1)
(3447, 4)
(170790304887, 4)
(3448, 0)
(170839852408, 0)
(3452, 2)
(171038042492, 2)
(3453, 3)
(171087590013, 2)
(3457, 3)
(171285780097, 2)
(3458, 0)
(171335327618, 0)
(3462, 3)
(171533517702, 3)
(3463, 4)
(171583065223, 4)
(3467, 4)
(171781255307, 1)
(3468, 4)
(171830802828, 1)
(3472, 1)
(172028992912, 1)
(3473, 0)
(172078540433, 0)
(3477, 2)
(172276730517, 3)
(3478, 4)
(172326278038, 1)
(3482, 4)
(172524468122, 4)
(3483, 3)
(172574015643, 3)
(3487, 2)
(172772205727, 2)
(3488, 0)
(172821753248, 0)
(3492, 0)
(173019943332, 0)
(3493, 3)
(173069490853, 2)
(3497, 2)
(173267680937, 3)
(3498, 0)
(173317228458, 0)
(3502, 4)
(173515418542, 4)
(3503, 2)
(173564966063, 2)
(3507, 3)
(173763156147, 2)
(3508, 0)
(173812703668, 0)
(3512, 0)
(174010893752, 0)
(3513, 4)
(174060441273, 4)
(3517, 0)
(174258631357, 0)
(3518, 3)
(174308178878, 3)
(3522, 3)
(174506368962, 3)
(3523, 4)
(174555916483, 1)
(3527, 0)
(174754106567, 0)
(3528, 0)
(174803654088, 0)
(3532, 1)
(175001844172, 1)
(3533, 0)
(175051391693, 0)
(3537, 3)
(175249581777, 2)
(3538, 3)
(175299129298, 3)
(3542, 2)
(175497319382, 2)
(3543, 3)
(175546866903, 2)
(3547, 4)
(175745056987, 4)
(3548, 2)
(175794604508, 2)
(3552, 4)
(175992794592, 1)
(3553, 1)
(176042342113, 4)
(3557, 4)
(176240532197, 1)
(3558, 3)
(176290079718, 2)
(3562, 2)
(176488269802, 2)
(3563, 3)
(176537817323, 3)
(3567, 0)
(176736007407, 0)
(3568, 2)
(176785554928, 3)
