(2, 4)
(2159042, 4)
(3, 3)
(3238563, 2)
(7, 4)
(7556647, 4)
(8, 0)
(8636168, 0)
(12, 4)
(12954252, 1)
(13, 3)
(14033773, 3)
(17, 4)
(18351857, 4)
(18, 3)
(19431378, 3)
(22, 3)
(23749462, 2)
(23, 3)
(24828983, 2)
(27, 3)
(29147067, 2)
(28, 3)
(30226588, 3)
(32, 2)
(34544672, 2)
(33, 1)
(35624193, 1)
(37, 2)
(39942277, 2)
(38, 1)
(41021798, 1)
(42, 1)
(45339882, 4)
(43, 4)
(46419403, 4)
(47, 0)
(50737487, 0)
(48, 4)
(51817008, 1)
(52, 0)
(56135092, 0)
(53, 4)
(57214613, 1)
(57, 4)
(61532697, 1)
(58, 2)
(62612218, 2)
(62, 2)
(66930302, 3)
(63, 0)
(68009823, 0)
(67, 1)
(72327907, 1)
(68, 0)
(73407428, 0)
(72, 0)
(77725512, 0)
(73, 1)
(78805033, 4)
(77, 3)
(83123117, 2)
(78, 4)
(84202638, 1)
(82, 1)
(88520722, 4)
(83, 2)
(89600243, 2)
(87, 4)
(93918327, 1)
(88, 0)
(94997848, 0)
(92, 1)
(99315932, 4)
(93, 1)
(100395453, 1)
(97, 4)
(104713537, 1)
(98, 4)
(105793058, 4)
(102, 1)
(110111142, 4)
(103, 0)
(111190663, 0)
(107, 3)
(115508747, 2)
(108, 4)
(116588268, 1)
(112, 4)
(120906352, 4)
(113, 2)
(121985873, 2)
(117, 0)
(126303957, 0)
(118, 1)
(127383478, 4)
(122, 0)
(131701562, 0)
(123, 3)
(132781083, 3)
(127, 0)
(137099167, 0)
(128, 4)
(138178688, 4)
(132, 0)
(142496772, 0)
(133, 1)
(143576293, 1)
(137, 3)
(147894377, 2)
(138, 3)
(148973898, 3)
(142, 1)
(153291982, 4)
(143, 0)
(154371503, 0)
(147, 4)
(158689587, 1)
(148, 0)
(159769108, 0)
(152, 0)
(164087192, 0)
(153, 3)
(165166713, 3)
(157, 1)
(169484797, 4)
(158, 3)
(170564318, 3)
(162, 1)
(174882402, 1)
(163, 4)
(175961923, 1)
(167, 4)
(180280007, 4)
(168, 0)
(181359528, 0)
(172, 2)
(185677612, 2)
(173, 1)
(186757133, 1)
(177, 4)
(191075217, 4)
(178, 3)
(192154738, 2)
(182, 3)
(196472822, 3)
(183, 3)
(197552343, 3)
(187, 2)
(201870427, 3)
(188, 0)
(202949948, 0)
(192, 0)
(207268032, 0)
(193, 1)
(208347553, 4)
(197, 0)
(212665637, 0)
(198, 0)
(213745158, 0)
(202, 4)
(218063242, 1)
(203, 1)
(219142763, 1)
(207, 1)
(223460847, 4)
(208, 1)
(224540368, 1)
(212, 0)
(228858452, 0)
(213, 2)
(229937973, 2)
(217, 3)
(234256057, 2)
(218, 0)
(235335578, 0)
(222, 3)
(239653662, 2)
(223, 2)
(240733183, 2)
(227, 0)
(245051267, 0)
(228, 0)
(246130788, 0)
(232, 0)
(250448872, 0)
(233, 3)
(251528393, 3)
(237, 2)
(255846477, 3)
(238, 3)
(256925998, 3)
(242, 4)
(261244082, 4)
(243, 4)
(262323603, 1)
(247, 4)
(266641687, 4)
(248, 0)
(267721208, 0)
(252, 0)
(272039292, 0)
(253, 1)
(273118813, 1)
(257, 1)
(277436897, 1)
(258, 3)
(278516418, 2)
(262, 4)
(282834502, 4)
(263, 3)
(283914023, 3)
(267, 2)
(288232107, 2)
(268, 3)
(289311628, 3)
(272, 3)
(293629712, 3)
(273, 2)
(294709233, 3)
(277, 1)
(299027317, 1)
(278, 4)
(300106838, 1)
(282, 2)
(304424922, 3)
(283, 2)
(305504443, 2)
(287, 1)
(309822527, 4)
(288, 4)
(310902048, 4)
(292, 0)
(315220132, 0)
(293, 2)
(316299653, 2)
(297, 1)
(320617737, 1)
(298, 1)
(321697258, 1)
(302, 3)
(326015342, 3)
(303, 0)
(327094863, 0)
(307, 3)
(331412947, 2)
(308, 0)
(332492468, 0)
(312, 0)
(336810552, 0)
(313, 2)
(337890073, 2)
(317, 0)
(342208157, 0)
(318, 2)
(343287678, 2)
(322, 2)
(347605762, 3)
(323, 1)
(348685283, 1)
(327, 3)
(353003367, 3)
(328, 0)
(354082888, 0)
(332, 1)
(358400972, 1)
(333, 0)
(359480493, 0)
(337, 3)
(363798577, 3)
(338, 0)
(364878098, 0)
(342, 2)
(369196182, 2)
(343, 3)
(370275703, 3)
(347, 0)
(374593787, 0)
(348, 3)
(375673308, 2)
(352, 4)
(379991392, 1)
(353, 4)
(381070913, 1)
(357, 3)
(385388997, 2)
(358, 1)
(386468518, 4)
(362, 2)
(390786602, 3)
(363, 4)
(391866123, 1)
(367, 1)
(396184207, 1)
(368, 3)
(397263728, 2)
(372, 0)
(401581812, 0)
(373, 0)
(402661333, 0)
(377, 1)
(406979417, 1)
(378, 1)
(408058938, 4)
(382, 2)
(412377022, 2)
(383, 2)
(413456543, 2)
(387, 0)
(417774627, 0)
(388, 0)
(418854148, 0)
(392, 0)
(423172232, 0)
(393, 3)
(424251753, 2)
(397, 1)
(428569837, 4)
(398, 0)
(429649358, 0)
(402, 4)
(433967442, 1)
(403, 3)
(435046963, 2)
(407, 4)
(439365047, 1)
(408, 0)
(440444568, 0)
(412, 0)
(444762652, 0)
(413, 0)
(445842173, 0)
(417, 2)
(450160257, 2)
(418, 3)
(451239778, 2)
(422, 0)
(455557862, 0)
(423, 0)
(456637383, 0)
(427, 2)
(460955467, 3)
(428, 4)
(462034988, 1)
(432, 4)
(466353072, 1)
(433, 3)
(467432593, 2)
(437, 0)
(471750677, 0)
(438, 3)
(472830198, 3)
(442, 2)
(477148282, 2)
(443, 0)
(478227803, 0)
(447, 1)
(482545887, 4)
(448, 2)
(483625408, 2)
(452, 0)
(487943492, 0)
(453, 3)
(489023013, 2)
(457, 3)
(493341097, 2)
(458, 1)
(494420618, 4)
(462, 2)
(498738702, 2)
(463, 2)
(499818223, 3)
(467, 2)
(504136307, 2)
(468, 0)
(505215828, 0)
(472, 0)
(509533912, 0)
(473, 3)
(510613433, 2)
(477, 3)
(514931517, 2)
(478, 3)
(516011038, 2)
(482, 0)
(520329122, 0)
(483, 1)
(521408643, 1)
(487, 3)
(525726727, 2)
(488, 0)
(526806248, 0)
(492, 4)
(531124332, 4)
(493, 3)
(532203853, 3)
(497, 4)
(536521937, 1)
(498, 3)
(537601458, 2)
(502, 1)
(541919542, 4)
(503, 1)
(542999063, 4)
(507, 1)
(547317147, 4)
(508, 0)
(548396668, 0)
(512, 4)
(552714752, 4)
(513, 4)
(553794273, 1)
(517, 2)
(558112357, 3)
(518, 1)
(559191878, 1)
(522, 0)
(563509962, 0)
(523, 0)
(564589483, 0)
(527, 2)
(568907567, 3)
(528, 2)
(569987088, 2)
(532, 0)
(574305172, 0)
(533, 3)
(575384693, 2)
(537, 2)
(579702777, 2)
(538, 0)
(580782298, 0)
(542, 1)
(585100382, 1)
(543, 2)
(586179903, 2)
(547, 3)
(590497987, 2)
(548, 0)
(591577508, 0)
(552, 0)
(595895592, 0)
(553, 2)
(596975113, 2)
(557, 3)
(601293197, 2)
(558, 4)
(602372718, 1)
(562, 2)
(606690802, 2)
(563, 1)
(607770323, 4)
(567, 3)
(612088407, 3)
(568, 0)
(613167928, 0)
(572, 0)
(617486012, 0)
(573, 4)
(618565533, 1)
(577, 3)
(622883617, 2)
(578, 2)
(623963138, 2)
(582, 4)
(628281222, 4)
(583, 3)
(629360743, 3)
(587, 2)
(633678827, 3)
(588, 2)
(634758348, 3)
(592, 4)
(639076432, 4)
(593, 1)
(640155953, 4)
(597, 2)
(644474037, 3)
(598, 3)
(645553558, 2)
(602, 1)
(649871642, 1)
(603, 0)
(650951163, 0)
(607, 2)
(655269247, 2)
(608, 3)
(656348768, 3)
(612, 0)
(660666852, 0)
(613, 0)
(661746373, 0)
(617, 2)
(666064457, 3)
(618, 2)
(667143978, 2)
(622, 3)
(671462062, 2)
(623, 2)
(672541583, 3)
(627, 4)
(676859667, 4)
(628, 0)
(677939188, 0)
(632, 0)
(682257272, 0)
(633, 0)
(683336793, 0)
(637, 4)
(687654877, 4)
(638, 0)
(688734398, 0)
(642, 4)
(693052482, 4)
(643, 2)
(694132003, 2)
(647, 2)
(698450087, 3)
(648, 0)
(699529608, 0)
(652, 2)
(703847692, 3)
(653, 1)
(704927213, 1)
(657, 0)
(709245297, 0)
(658, 3)
(710324818, 3)
(662, 3)
(714642902, 2)
(663, 1)
(715722423, 4)
(667, 4)
(720040507, 1)
(668, 3)
(721120028, 3)
(672, 3)
(725438112, 2)
(673, 3)
(726517633, 2)
(677, 0)
(730835717, 0)
(678, 0)
(731915238, 0)
(682, 3)
(736233322, 3)
(683, 0)
(737312843, 0)
(687, 3)
(741630927, 3)
(688, 2)
(742710448, 2)
(692, 0)
(747028532, 0)
(693, 1)
(748108053, 4)
(697, 3)
(752426137, 2)
(698, 1)
(753505658, 4)
(702, 4)
(757823742, 1)
(703, 4)
(758903263, 4)
(707, 1)
(763221347, 4)
(708, 0)
(764300868, 0)
(712, 0)
(768618952, 0)
(713, 1)
(769698473, 1)
(717, 1)
(774016557, 1)
(718, 2)
(775096078, 3)
(722, 1)
(779414162, 1)
(723, 1)
(780493683, 4)
(727, 2)
(784811767, 2)
(728, 0)
(785891288, 0)
(732, 1)
(790209372, 1)
(733, 1)
(791288893, 4)
(737, 0)
(795606977, 0)
(738, 0)
(796686498, 0)
(742, 2)
(801004582, 3)
(743, 1)
(802084103, 4)
(747, 4)
(806402187, 4)
(748, 1)
(807481708, 4)
(752, 0)
(811799792, 0)
(753, 3)
(812879313, 3)
(757, 0)
(817197397, 0)
(758, 2)
(818276918, 3)
(762, 3)
(822595002, 2)
(763, 1)
(823674523, 4)
(767, 3)
(827992607, 2)
(768, 2)
(829072128, 3)
(772, 0)
(833390212, 0)
(773, 4)
(834469733, 1)
(777, 1)
(838787817, 4)
(778, 4)
(839867338, 1)
(782, 1)
(844185422, 4)
(783, 4)
(845264943, 1)
(787, 0)
(849583027, 0)
(788, 0)
(850662548, 0)
(792, 0)
(854980632, 0)
(793, 2)
(856060153, 3)
(797, 0)
(860378237, 0)
(798, 1)
(861457758, 4)
(802, 3)
(865775842, 3)
(803, 0)
(866855363, 0)
(807, 1)
(871173447, 4)
(808, 0)
(872252968, 0)
(812, 3)
(876571052, 3)
(813, 3)
(877650573, 2)
(817, 2)
(881968657, 2)
(818, 3)
(883048178, 2)
(822, 0)
(887366262, 0)
(823, 4)
(888445783, 4)
(827, 2)
(892763867, 2)
(828, 2)
(893843388, 3)
(832, 2)
(898161472, 2)
(833, 2)
(899240993, 2)
(837, 1)
(903559077, 1)
(838, 4)
(904638598, 4)
(842, 4)
(908956682, 1)
(843, 4)
(910036203, 1)
(847, 4)
(914354287, 4)
(848, 3)
(915433808, 2)
(852, 0)
(919751892, 0)
(853, 0)
(920831413, 0)
(857, 2)
(925149497, 3)
(858, 1)
(926229018, 1)
(862, 2)
(930547102, 3)
(863, 1)
(931626623, 1)
(867, 3)
(935944707, 2)
(868, 0)
(937024228, 0)
(872, 0)
(941342312, 0)
(873, 0)
(942421833, 0)
(877, 0)
(946739917, 0)
(878, 0)
(947819438, 0)
(882, 3)
(952137522, 3)
(883, 2)
(953217043, 2)
(887, 1)
(957535127, 4)
(888, 0)
(958614648, 0)
(892, 4)
(962932732, 4)
(893, 2)
(964012253, 2)
(897, 1)
(968330337, 1)
(898, 2)
(969409858, 2)
(902, 2)
(973727942, 2)
(903, 1)
(974807463, 4)
(907, 3)
(979125547, 2)
(908, 0)
(980205068, 0)
(912, 3)
(984523152, 2)
(913, 3)
(985602673, 2)
(917, 0)
(989920757, 0)
(918, 1)
(991000278, 4)
(922, 2)
(995318362, 3)
(923, 0)
(996397883, 0)
(927, 0)
(1000715967, 0)
(928, 1)
(1001795488, 1)
(932, 0)
(1006113572, 0)
(933, 4)
(1007193093, 4)
(937, 0)
(1011511177, 0)
(938, 1)
(1012590698, 1)
(942, 3)
(1016908782, 3)
(943, 1)
(1017988303, 1)
(947, 0)
(1022306387, 0)
(948, 0)
(1023385908, 0)
(952, 0)
(1027703992, 0)
(953, 3)
(1028783513, 2)
(957, 1)
(1033101597, 1)
(958, 1)
(1034181118, 4)
(962, 2)
(1038499202, 2)
(963, 1)
(1039578723, 4)
(967, 4)
(1043896807, 1)
(968, 0)
(1044976328, 0)
(972, 2)
(1049294412, 3)
(973, 3)
(1050373933, 2)
(977, 0)
(1054692017, 0)
(978, 4)
(1055771538, 4)
(982, 0)
(1060089622, 0)
(983, 2)
(1061169143, 3)
(987, 3)
(1065487227, 2)
(988, 3)
(1066566748, 3)
(992, 1)
(1070884832, 4)
(993, 3)
(1071964353, 3)
(997, 4)
(1076282437, 4)
(998, 1)
(1077361958, 1)
(1002, 4)
(1081680042, 1)
(1003, 1)
(1082759563, 4)
(1007, 0)
(1087077647, 0)
(1008, 0)
(1088157168, 0)
(1012, 0)
(1092475252, 0)
(1013, 4)
(1093554773, 1)
(1017, 4)
(1097872857, 4)
(1018, 3)
(1098952378, 3)
(1022, 3)
(1103270462, 2)
(1023, 1)
(1104349983, 4)
(1027, 4)
(1108668067, 4)
(1028, 0)
(1109747588, 0)
(1032, 0)
(1114065672, 0)
(1033, 3)
(1115145193, 3)
(1037, 0)
(1119463277, 0)
(1038, 2)
(1120542798, 3)
(1042, 3)
(1124860882, 2)
(1043, 2)
(1125940403, 2)
(1047, 4)
(1130258487, 4)
(1048, 0)
(1131338008, 0)
(1052, 1)
(1135656092, 1)
(1053, 1)
(1136735613, 1)
(1057, 1)
(1141053697, 1)
(1058, 0)
(1142133218, 0)
(1062, 0)
(1146451302, 0)
(1063, 4)
(1147530823, 1)
(1067, 2)
(1151848907, 2)
(1068, 1)
(1152928428, 1)
(1072, 3)
(1157246512, 3)
(1073, 1)
(1158326033, 1)
(1077, 4)
(1162644117, 4)
(1078, 3)
(1163723638, 2)
(1082, 3)
(1168041722, 3)
(1083, 2)
(1169121243, 3)
(1087, 1)
(1173439327, 4)
(1088, 1)
(1174518848, 1)
(1092, 0)
(1178836932, 0)
(1093, 0)
(1179916453, 0)
(1097, 1)
(1184234537, 1)
(1098, 0)
(1185314058, 0)
(1102, 0)
(1189632142, 0)
(1103, 3)
(1190711663, 3)
(1107, 3)
(1195029747, 3)
(1108, 0)
(1196109268, 0)
(1112, 0)
(1200427352, 0)
(1113, 4)
(1201506873, 4)
(1117, 4)
(1205824957, 1)
(1118, 1)
(1206904478, 1)
(1122, 4)
(1211222562, 4)
(1123, 0)
(1212302083, 0)
(1127, 3)
(1216620167, 2)
(1128, 0)
(1217699688, 0)
(1132, 1)
(1222017772, 1)
(1133, 2)
(1223097293, 2)
(1137, 0)
(1227415377, 0)
(1138, 2)
(1228494898, 3)
(1142, 2)
(1232812982, 3)
(1143, 0)
(1233892503, 0)
(1147, 1)
(1238210587, 4)
(1148, 2)
(1239290108, 3)
(1152, 3)
(1243608192, 3)
(1153, 4)
(1244687713, 1)
(1157, 3)
(1249005797, 2)
(1158, 4)
(1250085318, 4)
(1162, 3)
(1254403402, 3)
(1163, 3)
(1255482923, 2)
(1167, 3)
(1259801007, 3)
(1168, 2)
(1260880528, 3)
(1172, 0)
(1265198612, 0)
(1173, 1)
(1266278133, 1)
(1177, 2)
(1270596217, 2)
(1178, 1)
(1271675738, 4)
(1182, 0)
(1275993822, 0)
(1183, 0)
(1277073343, 0)
(1187, 4)
(1281391427, 4)
(1188, 0)
(1282470948, 0)
(1192, 0)
(1286789032, 0)
(1193, 4)
(1287868553, 1)
(1197, 0)
(1292186637, 0)
(1198, 2)
(1293266158, 2)
(1202, 1)
(1297584242, 4)
(1203, 4)
(1298663763, 1)
(1207, 2)
(1302981847, 3)
(1208, 0)
(1304061368, 0)
(1212, 0)
(1308379452, 0)
(1213, 0)
(1309458973, 0)
(1217, 2)
(1313777057, 3)
(1218, 4)
(1314856578, 1)
(1222, 3)
(1319174662, 3)
(1223, 0)
(1320254183, 0)
(1227, 4)
(1324572267, 4)
(1228, 4)
(1325651788, 1)
(1232, 1)
(1329969872, 4)
(1233, 1)
(1331049393, 4)
(1237, 4)
(1335367477, 1)
(1238, 2)
(1336446998, 2)
(1242, 3)
(1340765082, 3)
(1243, 1)
(1341844603, 4)
(1247, 4)
(1346162687, 4)
(1248, 2)
(1347242208, 3)
(1252, 0)
(1351560292, 0)
(1253, 3)
(1352639813, 2)
(1257, 0)
(1356957897, 0)
(1258, 2)
(1358037418, 2)
(1262, 4)
(1362355502, 4)
(1263, 0)
(1363435023, 0)
(1267, 1)
(1367753107, 4)
(1268, 0)
(1368832628, 0)
(1272, 0)
(1373150712, 0)
(1273, 0)
(1374230233, 0)
(1277, 4)
(1378548317, 4)
(1278, 0)
(1379627838, 0)
(1282, 3)
(1383945922, 2)
(1283, 4)
(1385025443, 1)
(1287, 0)
(1389343527, 0)
(1288, 0)
(1390423048, 0)
(1292, 3)
(1394741132, 3)
(1293, 1)
(1395820653, 1)
(1297, 2)
(1400138737, 3)
(1298, 2)
(1401218258, 2)
(1302, 4)
(1405536342, 4)
(1303, 1)
(1406615863, 1)
(1307, 1)
(1410933947, 1)
(1308, 1)
(1412013468, 1)
(1312, 3)
(1416331552, 2)
(1313, 1)
(1417411073, 4)
(1317, 0)
(1421729157, 0)
(1318, 0)
(1422808678, 0)
(1322, 3)
(1427126762, 3)
(1323, 4)
(1428206283, 1)
(1327, 0)
(1432524367, 0)
(1328, 1)
(1433603888, 1)
(1332, 0)
(1437921972, 0)
(1333, 0)
(1439001493, 0)
(1337, 4)
(1443319577, 4)
(1338, 0)
(1444399098, 0)
(1342, 0)
(1448717182, 0)
(1343, 4)
(1449796703, 4)
(1347, 1)
(1454114787, 4)
(1348, 0)
(1455194308, 0)
(1352, 0)
(1459512392, 0)
(1353, 4)
(1460591913, 1)
(1357, 1)
(1464909997, 1)
(1358, 4)
(1465989518, 1)
(1362, 1)
(1470307602, 1)
(1363, 4)
(1471387123, 4)
(1367, 0)
(1475705207, 0)
(1368, 0)
(1476784728, 0)
(1372, 1)
(1481102812, 1)
(1373, 2)
(1482182333, 2)
(1377, 1)
(1486500417, 1)
(1378, 0)
(1487579938, 0)
(1382, 2)
(1491898022, 2)
(1383, 3)
(1492977543, 3)
(1387, 4)
(1497295627, 1)
(1388, 0)
(1498375148, 0)
(1392, 4)
(1502693232, 1)
(1393, 4)
(1503772753, 4)
(1397, 4)
(1508090837, 1)
(1398, 0)
(1509170358, 0)
(1402, 1)
(1513488442, 4)
(1403, 1)
(1514567963, 1)
(1407, 1)
(1518886047, 4)
(1408, 3)
(1519965568, 2)
(1412, 0)
(1524283652, 0)
(1413, 0)
(1525363173, 0)
(1417, 1)
(1529681257, 4)
(1418, 4)
(1530760778, 1)
(1422, 1)
(1535078862, 1)
(1423, 4)
(1536158383, 1)
(1427, 0)
(1540476467, 0)
(1428, 0)
(1541555988, 0)
(1432, 0)
(1545874072, 0)
(1433, 4)
(1546953593, 4)
(1437, 4)
(1551271677, 4)
(1438, 1)
(1552351198, 4)
(1442, 1)
(1556669282, 4)
(1443, 2)
(1557748803, 3)
(1447, 2)
(1562066887, 3)
(1448, 0)
(1563146408, 0)
(1452, 2)
(1567464492, 3)
(1453, 1)
(1568544013, 4)
(1457, 4)
(1572862097, 1)
(1458, 2)
(1573941618, 2)
(1462, 4)
(1578259702, 4)
(1463, 2)
(1579339223, 3)
(1467, 0)
(1583657307, 0)
(1468, 2)
(1584736828, 2)
(1472, 4)
(1589054912, 1)
(1473, 2)
(1590134433, 3)
(1477, 1)
(1594452517, 1)
(1478, 0)
(1595532038, 0)
(1482, 1)
(1599850122, 4)
(1483, 3)
(1600929643, 2)
(1487, 3)
(1605247727, 3)
(1488, 2)
(1606327248, 2)
(1492, 0)
(1610645332, 0)
(1493, 3)
(1611724853, 2)
(1497, 0)
(1616042937, 0)
(1498, 1)
(1617122458, 4)
(1502, 1)
(1621440542, 4)
(1503, 3)
(1622520063, 3)
(1507, 4)
(1626838147, 4)
(1508, 0)
(1627917668, 0)
(1512, 0)
(1632235752, 0)
(1513, 4)
(1633315273, 1)
(1517, 3)
(1637633357, 2)
(1518, 4)
(1638712878, 1)
(1522, 0)
(1643030962, 0)
(1523, 3)
(1644110483, 3)
(1527, 1)
(1648428567, 4)
(1528, 0)
(1649508088, 0)
(1532, 4)
(1653826172, 4)
(1533, 1)
(1654905693, 1)
(1537, 1)
(1659223777, 4)
(1538, 4)
(1660303298, 4)
(1542, 0)
(1664621382, 0)
(1543, 4)
(1665700903, 4)
(1547, 2)
(1670018987, 2)
(1548, 0)
(1671098508, 0)
(1552, 3)
(1675416592, 2)
(1553, 0)
(1676496113, 0)
(1557, 2)
(1680814197, 2)
(1558, 2)
(1681893718, 3)
(1562, 2)
(1686211802, 2)
(1563, 4)
(1687291323, 4)
(1567, 0)
(1691609407, 0)
(1568, 2)
(1692688928, 2)
(1572, 0)
(1697007012, 0)
(1573, 3)
(1698086533, 3)
(1577, 3)
(1702404617, 3)
(1578, 1)
(1703484138, 4)
(1582, 4)
(1707802222, 4)
(1583, 3)
(1708881743, 3)
(1587, 0)
(1713199827, 0)
(1588, 0)
(1714279348, 0)
(1592, 0)
(1718597432, 0)
(1593, 4)
(1719676953, 4)
(1597, 4)
(1723995037, 1)
(1598, 2)
(1725074558, 2)
(1602, 0)
(1729392642, 0)
(1603, 4)
(1730472163, 1)
(1607, 3)
(1734790247, 2)
(1608, 0)
(1735869768, 0)
(1612, 4)
(1740187852, 1)
(1613, 3)
(1741267373, 2)
(1617, 3)
(1745585457, 3)
(1618, 2)
(1746664978, 2)
(1622, 0)
(1750983062, 0)
(1623, 3)
(1752062583, 2)
(1627, 2)
(1756380667, 3)
(1628, 3)
(1757460188, 2)
(1632, 3)
(1761778272, 2)
(1633, 4)
(1762857793, 4)
(1637, 3)
(1767175877, 2)
(1638, 1)
(1768255398, 1)
(1642, 1)
(1772573482, 1)
(1643, 0)
(1773653003, 0)
(1647, 3)
(1777971087, 3)
(1648, 0)
(1779050608, 0)
(1652, 0)
(1783368692, 0)
(1653, 4)
(1784448213, 1)
(1657, 1)
(1788766297, 1)
(1658, 2)
(1789845818, 2)
(1662, 0)
(1794163902, 0)
(1663, 2)
(1795243423, 3)
(1667, 3)
(1799561507, 2)
(1668, 0)
(1800641028, 0)
(1672, 0)
(1804959112, 0)
(1673, 3)
(1806038633, 2)
(1677, 1)
(1810356717, 4)
(1678, 0)
(1811436238, 0)
(1682, 4)
(1815754322, 4)
(1683, 0)
(1816833843, 0)
(1687, 2)
(1821151927, 2)
(1688, 0)
(1822231448, 0)
(1692, 0)
(1826549532, 0)
(1693, 3)
(1827629053, 3)
(1697, 3)
(1831947137, 3)
(1698, 1)
(1833026658, 4)
(1702, 0)
(1837344742, 0)
(1703, 3)
(1838424263, 3)
(1707, 0)
(1842742347, 0)
(1708, 1)
(1843821868, 4)
(1712, 4)
(1848139952, 1)
(1713, 4)
(1849219473, 4)
(1717, 1)
(1853537557, 4)
(1718, 1)
(1854617078, 4)
(1722, 1)
(1858935162, 1)
(1723, 0)
(1860014683, 0)
(1727, 4)
(1864332767, 4)
(1728, 0)
(1865412288, 0)
(1732, 0)
(1869730372, 0)
(1733, 1)
(1870809893, 4)
(1737, 0)
(1875127977, 0)
(1738, 1)
(1876207498, 4)
(1742, 1)
(1880525582, 1)
(1743, 4)
(1881605103, 1)
(1747, 0)
(1885923187, 0)
(1748, 0)
(1887002708, 0)
(1752, 0)
(1891320792, 0)
(1753, 0)
(1892400313, 0)
(1757, 3)
(1896718397, 2)
(1758, 0)
(1897797918, 0)
(1762, 1)
(1902116002, 4)
(1763, 3)
(1903195523, 2)
(1767, 3)
(1907513607, 3)
(1768, 0)
(1908593128, 0)
(1772, 0)
(1912911212, 0)
(1773, 0)
(1913990733, 0)
(1777, 4)
(1918308817, 1)
(1778, 0)
(1919388338, 0)
(1782, 1)
(1923706422, 4)
(1783, 2)
(1924785943, 2)
(1787, 2)
(1929104027, 3)
(1788, 2)
(1930183548, 3)
(1792, 1)
(1934501632, 1)
(1793, 4)
(1935581153, 4)
(1797, 4)
(1939899237, 1)
(1798, 0)
(1940978758, 0)
(1802, 3)
(1945296842, 2)
(1803, 2)
(1946376363, 2)
(1807, 3)
(1950694447, 2)
(1808, 4)
(1951773968, 4)
(1812, 0)
(1956092052, 0)
(1813, 2)
(1957171573, 2)
(1817, 0)
(1961489657, 0)
(1818, 0)
(1962569178, 0)
(1822, 4)
(1966887262, 1)
(1823, 0)
(1967966783, 0)
(1827, 2)
(1972284867, 2)
(1828, 0)
(1973364388, 0)
(1832, 0)
(1977682472, 0)
(1833, 1)
(1978761993, 4)
(1837, 4)
(1983080077, 1)
(1838, 3)
(1984159598, 3)
(1842, 4)
(1988477682, 4)
(1843, 4)
(1989557203, 1)
(1847, 2)
(1993875287, 3)
(1848, 0)
(1994954808, 0)
(1852, 4)
(1999272892, 1)
(1853, 4)
(2000352413, 1)
(1857, 0)
(2004670497, 0)
(1858, 0)
(2005750018, 0)
(1862, 3)
(2010068102, 3)
(1863, 2)
(2011147623, 3)
(1867, 0)
(2015465707, 0)
(1868, 1)
(2016545228, 1)
(1872, 0)
(2020863312, 0)
(1873, 3)
(2021942833, 3)
(1877, 4)
(2026260917, 4)
(1878, 4)
(2027340438, 1)
(1882, 2)
(2031658522, 3)
(1883, 1)
(2032738043, 1)
(1887, 0)
(2037056127, 0)
(1888, 3)
(2038135648, 2)
(1892, 0)
(2042453732, 0)
(1893, 0)
(2043533253, 0)
(1897, 1)
(2047851337, 1)
(1898, 3)
(2048930858, 2)
(1902, 4)
(2053248942, 4)
(1903, 2)
(2054328463, 3)
(1907, 3)
(2058646547, 2)
(1908, 0)
(2059726068, 0)
(1912, 0)
(2064044152, 0)
(1913, 4)
(2065123673, 1)
(1917, 2)
(2069441757, 2)
(1918, 1)
(2070521278, 4)
(1922, 2)
(2074839362, 2)
(1923, 0)
(2075918883, 0)
(1927, 2)
(2080236967, 3)
(1928, 0)
(2081316488, 0)
(1932, 3)
(2085634572, 3)
(1933, 2)
(2086714093, 3)
(1937, 3)
(2091032177, 3)
(1938, 2)
(2092111698, 3)
(1942, 3)
(2096429782, 2)
(1943, 2)
(2097509303, 2)
(1947, 3)
(2101827387, 2)
(1948, 1)
(2102906908, 4)
(1952, 0)
(2107224992, 0)
(1953, 0)
(2108304513, 0)
(1957, 1)
(2112622597, 4)
(1958, 2)
(2113702118, 2)
(1962, 0)
(2118020202, 0)
(1963, 4)
(2119099723, 4)
(1967, 4)
(2123417807, 4)
(1968, 4)
(2124497328, 4)
(1972, 0)
(2128815412, 0)
(1973, 3)
(2129894933, 3)
(1977, 1)
(2134213017, 1)
(1978, 2)
(2135292538, 3)
(1982, 1)
(2139610622, 1)
(1983, 1)
(2140690143, 4)
(1987, 2)
(2145008227, 3)
(1988, 0)
(2146087748, 0)
(1992, 0)
(2150405832, 0)
(1993, 1)
(2151485353, 4)
(1997, 2)
(2155803437, 3)
(1998, 3)
(2156882958, 2)
(2002, 4)
(2161201042, 1)
(2003, 1)
(2162280563, 1)
(2007, 0)
(2166598647, 0)
(2008, 0)
(2167678168, 0)
(2012, 2)
(2171996252, 3)
(2013, 4)
(2173075773, 1)
(2017, 2)
(2177393857, 2)
(2018, 3)
(2178473378, 3)
(2022, 1)
(2182791462, 4)
(2023, 4)
(2183870983, 4)
(2027, 1)
(2188189067, 1)
(2028, 3)
(2189268588, 2)
(2032, 0)
(2193586672, 0)
(2033, 2)
(2194666193, 3)
(2037, 4)
(2198984277, 4)
(2038, 3)
(2200063798, 2)
(2042, 0)
(2204381882, 0)
(2043, 0)
(2205461403, 0)
(2047, 2)
(2209779487, 2)
(2048, 0)
(2210859008, 0)
(2052, 0)
(2215177092, 0)
(2053, 2)
(2216256613, 3)
(2057, 4)
(2220574697, 4)
(2058, 2)
(2221654218, 3)
(2062, 3)
(2225972302, 2)
(2063, 0)
(2227051823, 0)
(2067, 3)
(2231369907, 3)
(2068, 0)
(2232449428, 0)
(2072, 0)
(2236767512, 0)
(2073, 0)
(2237847033, 0)
(2077, 1)
(2242165117, 4)
(2078, 0)
(2243244638, 0)
(2082, 1)
(2247562722, 1)
(2083, 3)
(2248642243, 3)
(2087, 0)
(2252960327, 0)
(2088, 0)
(2254039848, 0)
(2092, 0)
(2258357932, 0)
(2093, 0)
(2259437453, 0)
(2097, 1)
(2263755537, 1)
(2098, 4)
(2264835058, 4)
(2102, 4)
(2269153142, 1)
(2103, 4)
(2270232663, 4)
(2107, 4)
(2274550747, 4)
(2108, 4)
(2275630268, 1)
(2112, 4)
(2279948352, 4)
(2113, 4)
(2281027873, 4)
(2117, 1)
(2285345957, 4)
(2118, 0)
(2286425478, 0)
(2122, 2)
(2290743562, 3)
(2123, 1)
(2291823083, 1)
(2127, 2)
(2296141167, 2)
(2128, 2)
(2297220688, 2)
(2132, 0)
(2301538772, 0)
(2133, 2)
(2302618293, 3)
(2137, 1)
(2306936377, 4)
(2138, 2)
(2308015898, 3)
(2142, 0)
(2312333982, 0)
(2143, 3)
(2313413503, 3)
(2147, 4)
(2317731587, 4)
(2148, 0)
(2318811108, 0)
(2152, 0)
(2323129192, 0)
(2153, 3)
(2324208713, 2)
(2157, 4)
(2328526797, 4)
(2158, 0)
(2329606318, 0)
(2162, 4)
(2333924402, 1)
(2163, 2)
(2335003923, 2)
(2167, 2)
(2339322007, 3)
(2168, 0)
(2340401528, 0)
(2172, 4)
(2344719612, 4)
(2173, 0)
(2345799133, 0)
(2177, 0)
(2350117217, 0)
(2178, 3)
(2351196738, 3)
(2182, 3)
(2355514822, 3)
(2183, 2)
(2356594343, 3)
(2187, 0)
(2360912427, 0)
(2188, 4)
(2361991948, 1)
(2192, 1)
(2366310032, 4)
(2193, 1)
(2367389553, 4)
(2197, 3)
(2371707637, 3)
(2198, 1)
(2372787158, 4)
(2202, 0)
(2377105242, 0)
(2203, 0)
(2378184763, 0)
(2207, 1)
(2382502847, 4)
(2208, 4)
(2383582368, 4)
(2212, 0)
(2387900452, 0)
(2213, 3)
(2388979973, 2)
(2217, 3)
(2393298057, 2)
(2218, 1)
(2394377578, 1)
(2222, 3)
(2398695662, 3)
(2223, 0)
(2399775183, 0)
(2227, 1)
(2404093267, 1)
(2228, 0)
(2405172788, 0)
(2232, 0)
(2409490872, 0)
(2233, 4)
(2410570393, 1)
(2237, 0)
(2414888477, 0)
(2238, 3)
(2415967998, 3)
(2242, 4)
(2420286082, 1)
(2243, 0)
(2421365603, 0)
(2247, 0)
(2425683687, 0)
(2248, 0)
(2426763208, 0)
(2252, 3)
(2431081292, 2)
(2253, 4)
(2432160813, 4)
(2257, 4)
(2436478897, 1)
(2258, 3)
(2437558418, 3)
(2262, 1)
(2441876502, 4)
(2263, 2)
(2442956023, 2)
(2267, 1)
(2447274107, 4)
(2268, 1)
(2448353628, 1)
(2272, 3)
(2452671712, 2)
(2273, 2)
(2453751233, 3)
(2277, 0)
(2458069317, 0)
(2278, 4)
(2459148838, 4)
(2282, 0)
(2463466922, 0)
(2283, 4)
(2464546443, 1)
(2287, 1)
(2468864527, 4)
(2288, 0)
(2469944048, 0)
(2292, 0)
(2474262132, 0)
(2293, 1)
(2475341653, 1)
(2297, 0)
(2479659737, 0)
(2298, 2)
(2480739258, 3)
(2302, 4)
(2485057342, 4)
(2303, 0)
(2486136863, 0)
(2307, 3)
(2490454947, 2)
(2308, 0)
(2491534468, 0)
(2312, 0)
(2495852552, 0)
(2313, 2)
(2496932073, 2)
(2317, 4)
(2501250157, 1)
(2318, 1)
(2502329678, 4)
(2322, 3)
(2506647762, 2)
(2323, 2)
(2507727283, 2)
(2327, 2)
(2512045367, 3)
(2328, 0)
(2513124888, 0)
(2332, 1)
(2517442972, 1)
(2333, 1)
(2518522493, 4)
(2337, 2)
(2522840577, 2)
(2338, 4)
(2523920098, 4)
(2342, 3)
(2528238182, 3)
(2343, 2)
(2529317703, 3)
(2347, 0)
(2533635787, 0)
(2348, 1)
(2534715308, 4)
(2352, 2)
(2539033392, 3)
(2353, 4)
(2540112913, 1)
(2357, 2)
(2544430997, 3)
(2358, 0)
(2545510518, 0)
(2362, 4)
(2549828602, 1)
(2363, 0)
(2550908123, 0)
(2367, 1)
(2555226207, 1)
(2368, 3)
(2556305728, 3)
(2372, 0)
(2560623812, 0)
(2373, 1)
(2561703333, 4)
(2377, 1)
(2566021417, 4)
(2378, 0)
(2567100938, 0)
(2382, 2)
(2571419022, 2)
(2383, 4)
(2572498543, 1)
(2387, 2)
(2576816627, 2)
(2388, 0)
(2577896148, 0)
(2392, 0)
(2582214232, 0)
(2393, 0)
(2583293753, 0)
(2397, 2)
(2587611837, 3)
(2398, 0)
(2588691358, 0)
(2402, 0)
(2593009442, 0)
(2403, 2)
(2594088963, 2)
(2407, 0)
(2598407047, 0)
(2408, 0)
(2599486568, 0)
(2412, 0)
(2603804652, 0)
(2413, 1)
(2604884173, 1)
(2417, 1)
(2609202257, 4)
(2418, 4)
(2610281778, 4)
(2422, 0)
(2614599862, 0)
(2423, 3)
(2615679383, 3)
(2427, 4)
(2619997467, 1)
(2428, 4)
(2621076988, 4)
(2432, 1)
(2625395072, 1)
(2433, 0)
(2626474593, 0)
(2437, 3)
(2630792677, 2)
(2438, 3)
(2631872198, 3)
(2442, 3)
(2636190282, 3)
(2443, 4)
(2637269803, 1)
(2447, 3)
(2641587887, 2)
(2448, 1)
(2642667408, 1)
(2452, 0)
(2646985492, 0)
(2453, 3)
(2648065013, 2)
(2457, 2)
(2652383097, 3)
(2458, 3)
(2653462618, 3)
(2462, 3)
(2657780702, 2)
(2463, 4)
(2658860223, 1)
(2467, 2)
(2663178307, 3)
(2468, 0)
(2664257828, 0)
(2472, 0)
(2668575912, 0)
(2473, 0)
(2669655433, 0)
(2477, 3)
(2673973517, 2)
(2478, 2)
(2675053038, 2)
(2482, 1)
(2679371122, 4)
(2483, 0)
(2680450643, 0)
(2487, 0)
(2684768727, 0)
(2488, 0)
(2685848248, 0)
(2492, 4)
(2690166332, 1)
(2493, 0)
(2691245853, 0)
(2497, 3)
(2695563937, 3)
(2498, 0)
(2696643458, 0)
(2502, 3)
(2700961542, 2)
(2503, 1)
(2702041063, 1)
(2507, 4)
(2706359147, 4)
(2508, 2)
(2707438668, 2)
(2512, 2)
(2711756752, 3)
(2513, 3)
(2712836273, 2)
(2517, 4)
(2717154357, 4)
(2518, 0)
(2718233878, 0)
(2522, 4)
(2722551962, 1)
(2523, 3)
(2723631483, 2)
(2527, 4)
(2727949567, 4)
(2528, 4)
(2729029088, 4)
(2532, 0)
(2733347172, 0)
(2533, 4)
(2734426693, 4)
(2537, 0)
(2738744777, 0)
(2538, 2)
(2739824298, 3)
(2542, 4)
(2744142382, 4)
(2543, 0)
(2745221903, 0)
(2547, 0)
(2749539987, 0)
(2548, 0)
(2750619508, 0)
(2552, 0)
(2754937592, 0)
(2553, 1)
(2756017113, 1)
(2557, 3)
(2760335197, 2)
(2558, 4)
(2761414718, 1)
(2562, 1)
(2765732802, 1)
(2563, 4)
(2766812323, 1)
(2567, 1)
(2771130407, 1)
(2568, 0)
(2772209928, 0)
(2572, 1)
(2776528012, 1)
(2573, 1)
(2777607533, 4)
(2577, 0)
(2781925617, 0)
(2578, 1)
(2783005138, 1)
(2582, 0)
(2787323222, 0)
(2583, 2)
(2788402743, 3)
(2587, 3)
(2792720827, 3)
(2588, 4)
(2793800348, 1)
(2592, 3)
(2798118432, 3)
(2593, 1)
(2799197953, 4)
(2597, 4)
(2803516037, 1)
(2598, 4)
(2804595558, 4)
(2602, 4)
(2808913642, 4)
(2603, 0)
(2809993163, 0)
(2607, 2)
(2814311247, 2)
(2608, 2)
(2815390768, 3)
(2612, 0)
(2819708852, 0)
(2613, 1)
(2820788373, 4)
(2617, 2)
(2825106457, 3)
(2618, 0)
(2826185978, 0)
(2622, 1)
(2830504062, 1)
(2623, 2)
(2831583583, 3)
(2627, 2)
(2835901667, 3)
(2628, 0)
(2836981188, 0)
(2632, 0)
(2841299272, 0)
(2633, 3)
(2842378793, 2)
(2637, 4)
(2846696877, 4)
(2638, 0)
(2847776398, 0)
(2642, 3)
(2852094482, 2)
(2643, 0)
(2853174003, 0)
(2647, 0)
(2857492087, 0)
(2648, 0)
(2858571608, 0)
(2652, 2)
(2862889692, 3)
(2653, 1)
(2863969213, 4)
(2657, 2)
(2868287297, 2)
(2658, 4)
(2869366818, 4)
(2662, 1)
(2873684902, 4)
(2663, 3)
(2874764423, 3)
(2667, 3)
(2879082507, 2)
(2668, 2)
(2880162028, 3)
(2672, 4)
(2884480112, 4)
(2673, 3)
(2885559633, 3)
(2677, 2)
(2889877717, 2)
(2678, 0)
(2890957238, 0)
(2682, 0)
(2895275322, 0)
(2683, 0)
(2896354843, 0)
(2687, 4)
(2900672927, 1)
(2688, 1)
(2901752448, 4)
(2692, 0)
(2906070532, 0)
(2693, 3)
(2907150053, 3)
(2697, 4)
(2911468137, 4)
(2698, 4)
(2912547658, 1)
(2702, 2)
(2916865742, 3)
(2703, 3)
(2917945263, 3)
(2707, 2)
(2922263347, 2)
(2708, 0)
(2923342868, 0)
(2712, 0)
(2927660952, 0)
(2713, 1)
(2928740473, 1)
(2717, 2)
(2933058557, 3)
(2718, 1)
(2934138078, 1)
(2722, 0)
(2938456162, 0)
(2723, 3)
(2939535683, 2)
(2727, 0)
(2943853767, 0)
(2728, 0)
(2944933288, 0)
(2732, 0)
(2949251372, 0)
(2733, 3)
(2950330893, 3)
(2737, 1)
(2954648977, 4)
(2738, 4)
(2955728498, 4)
(2742, 3)
(2960046582, 3)
(2743, 0)
(2961126103, 0)
(2747, 3)
(2965444187, 2)
(2748, 1)
(2966523708, 1)
(2752, 0)
(2970841792, 0)
(2753, 2)
(2971921313, 3)
(2757, 4)
(2976239397, 1)
(2758, 4)
(2977318918, 4)
(2762, 4)
(2981637002, 4)
(2763, 0)
(2982716523, 0)
(2767, 4)
(2987034607, 1)
(2768, 2)
(2988114128, 2)
(2772, 0)
(2992432212, 0)
(2773, 4)
(2993511733, 1)
(2777, 0)
(2997829817, 0)
(2778, 1)
(2998909338, 1)
(2782, 2)
(3003227422, 3)
(2783, 4)
(3004306943, 1)
(2787, 1)
(3008625027, 4)
(2788, 0)
(3009704548, 0)
(2792, 0)
(3014022632, 0)
(2793, 4)
(3015102153, 1)
(2797, 3)
(3019420237, 2)
(2798, 4)
(3020499758, 4)
(2802, 1)
(3024817842, 4)
(2803, 1)
(3025897363, 1)
(2807, 3)
(3030215447, 3)
(2808, 0)
(3031294968, 0)
(2812, 3)
(3035613052, 3)
(2813, 0)
(3036692573, 0)
(2817, 0)
(3041010657, 0)
(2818, 0)
(3042090178, 0)
(2822, 2)
(3046408262, 2)
(2823, 1)
(3047487783, 1)
(2827, 3)
(3051805867, 2)
(2828, 3)
(3052885388, 2)
(2832, 3)
(3057203472, 3)
(2833, 3)
(3058282993, 3)
(2837, 1)
(3062601077, 4)
(2838, 0)
(3063680598, 0)
(2842, 2)
(3067998682, 2)
(2843, 0)
(3069078203, 0)
(2847, 3)
(3073396287, 3)
(2848, 4)
(3074475808, 1)
(2852, 0)
(3078793892, 0)
(2853, 0)
(3079873413, 0)
(2857, 0)
(3084191497, 0)
(2858, 3)
(3085271018, 2)
(2862, 2)
(3089589102, 2)
(2863, 2)
(3090668623, 3)
(2867, 2)
(3094986707, 3)
(2868, 0)
(3096066228, 0)
(2872, 0)
(3100384312, 0)
(2873, 3)
(3101463833, 3)
(2877, 0)
(3105781917, 0)
(2878, 1)
(3106861438, 1)
(2882, 1)
(3111179522, 4)
(2883, 3)
(3112259043, 2)
(2887, 0)
(3116577127, 0)
(2888, 0)
(3117656648, 0)
(2892, 3)
(3121974732, 2)
(2893, 4)
(3123054253, 1)
(2897, 1)
(3127372337, 1)
(2898, 0)
(3128451858, 0)
(2902, 2)
(3132769942, 3)
(2903, 4)
(3133849463, 4)
(2907, 2)
(3138167547, 2)
(2908, 4)
(3139247068, 4)
(2912, 4)
(3143565152, 4)
(2913, 2)
(3144644673, 2)
(2917, 2)
(3148962757, 3)
(2918, 4)
(3150042278, 1)
(2922, 1)
(3154360362, 1)
(2923, 4)
(3155439883, 4)
(2927, 4)
(3159757967, 1)
(2928, 3)
(3160837488, 3)
(2932, 0)
(3165155572, 0)
(2933, 1)
(3166235093, 1)
(2937, 4)
(3170553177, 1)
(2938, 4)
(3171632698, 4)
(2942, 0)
(3175950782, 0)
(2943, 3)
(3177030303, 3)
(2947, 3)
(3181348387, 2)
(2948, 0)
(3182427908, 0)
(2952, 0)
(3186745992, 0)
(2953, 1)
(3187825513, 1)
(2957, 4)
(3192143597, 1)
(2958, 2)
(3193223118, 3)
(2962, 4)
(3197541202, 4)
(2963, 2)
(3198620723, 2)
(2967, 1)
(3202938807, 1)
(2968, 0)
(3204018328, 0)
(2972, 2)
(3208336412, 3)
(2973, 2)
(3209415933, 3)
(2977, 4)
(3213734017, 1)
(2978, 0)
(3214813538, 0)
(2982, 1)
(3219131622, 1)
(2983, 0)
(3220211143, 0)
(2987, 0)
(3224529227, 0)
(2988, 2)
(3225608748, 2)
(2992, 1)
(3229926832, 4)
(2993, 2)
(3231006353, 2)
(2997, 4)
(3235324437, 4)
(2998, 3)
(3236403958, 2)
(3002, 4)
(3240722042, 4)
(3003, 2)
(3241801563, 2)
(3007, 0)
(3246119647, 0)
(3008, 0)
(3247199168, 0)
(3012, 0)
(3251517252, 0)
(3013, 3)
(3252596773, 2)
(3017, 3)
(3256914857, 2)
(3018, 4)
(3257994378, 4)
(3022, 2)
(3262312462, 3)
(3023, 2)
(3263391983, 3)
(3027, 2)
(3267710067, 3)
(3028, 0)
(3268789588, 0)
(3032, 0)
(3273107672, 0)
(3033, 0)
(3274187193, 0)
(3037, 3)
(3278505277, 2)
(3038, 1)
(3279584798, 4)
(3042, 0)
(3283902882, 0)
(3043, 3)
(3284982403, 2)
(3047, 2)
(3289300487, 3)
(3048, 0)
(3290380008, 0)
(3052, 3)
(3294698092, 2)
(3053, 0)
(3295777613, 0)
(3057, 3)
(3300095697, 3)
(3058, 2)
(3301175218, 2)
(3062, 4)
(3305493302, 4)
(3063, 1)
(3306572823, 1)
(3067, 2)
(3310890907, 3)
(3068, 1)
(3311970428, 4)
(3072, 4)
(3316288512, 1)
(3073, 1)
(3317368033, 1)
(3077, 4)
(3321686117, 1)
(3078, 4)
(3322765638, 4)
(3082, 0)
(3327083722, 0)
(3083, 2)
(3328163243, 3)
(3087, 0)
(3332481327, 0)
(3088, 2)
(3333560848, 3)
(3092, 0)
(3337878932, 0)
(3093, 2)
(3338958453, 2)
(3097, 3)
(3343276537, 2)
(3098, 4)
(3344356058, 1)
(3102, 1)
(3348674142, 1)
(3103, 0)
(3349753663, 0)
(3107, 3)
(3354071747, 2)
(3108, 0)
(3355151268, 0)
(3112, 0)
(3359469352, 0)
(3113, 1)
(3360548873, 4)
(3117, 0)
(3364866957, 0)
(3118, 0)
(3365946478, 0)
(3122, 3)
(3370264562, 3)
(3123, 0)
(3371344083, 0)
(3127, 1)
(3375662167, 1)
(3128, 0)
(3376741688, 0)
(3132, 3)
(3381059772, 2)
(3133, 0)
(3382139293, 0)
(3137, 1)
(3386457377, 1)
(3138, 4)
(3387536898, 1)
(3142, 0)
(3391854982, 0)
(3143, 1)
(3392934503, 1)
(3147, 0)
(3397252587, 0)
(3148, 0)
(3398332108, 0)
(3152, 0)
(3402650192, 0)
(3153, 4)
(3403729713, 4)
(3157, 4)
(3408047797, 4)
(3158, 2)
(3409127318, 3)
(3162, 0)
(3413445402, 0)
(3163, 1)
(3414524923, 4)
(3167, 2)
(3418843007, 2)
(3168, 0)
(3419922528, 0)
(3172, 0)
(3424240612, 0)
(3173, 0)
(3425320133, 0)
(3177, 3)
(3429638217, 2)
(3178, 0)
(3430717738, 0)
(3182, 2)
(3435035822, 2)
(3183, 4)
(3436115343, 4)
(3187, 2)
(3440433427, 2)
(3188, 0)
(3441512948, 0)
(3192, 0)
(3445831032, 0)
(3193, 4)
(3446910553, 4)
(3197, 4)
(3451228637, 4)
(3198, 2)
(3452308158, 2)
(3202, 1)
(3456626242, 1)
(3203, 4)
(3457705763, 4)
(3207, 3)
(3462023847, 3)
(3208, 0)
(3463103368, 0)
(3212, 0)
(3467421452, 0)
(3213, 3)
(3468500973, 2)
(3217, 1)
(3472819057, 1)
(3218, 1)
(3473898578, 4)
(3222, 0)
(3478216662, 0)
(3223, 0)
(3479296183, 0)
(3227, 4)
(3483614267, 1)
(3228, 2)
(3484693788, 3)
(3232, 2)
(3489011872, 3)
(3233, 4)
(3490091393, 4)
(3237, 2)
(3494409477, 3)
(3238, 3)
(3495488998, 3)
(3242, 3)
(3499807082, 3)
(3243, 2)
(3500886603, 2)
(3247, 3)
(3505204687, 3)
(3248, 3)
(3506284208, 3)
(3252, 0)
(3510602292, 0)
(3253, 1)
(3511681813, 1)
(3257, 1)
(3515999897, 1)
(3258, 4)
(3517079418, 1)
(3262, 3)
(3521397502, 3)
(3263, 3)
(3522477023, 2)
(3267, 4)
(3526795107, 1)
(3268, 0)
(3527874628, 0)
(3272, 0)
(3532192712, 0)
(3273, 4)
(3533272233, 1)
(3277, 3)
(3537590317, 3)
(3278, 1)
(3538669838, 4)
(3282, 0)
(3542987922, 0)
(3283, 1)
(3544067443, 1)
(3287, 1)
(3548385527, 1)
(3288, 0)
(3549465048, 0)
(3292, 3)
(3553783132, 3)
(3293, 1)
(3554862653, 4)
(3297, 0)
(3559180737, 0)
(3298, 1)
(3560260258, 4)
(3302, 1)
(3564578342, 1)
(3303, 0)
(3565657863, 0)
(3307, 4)
(3569975947, 4)
(3308, 1)
(3571055468, 1)
(3312, 1)
(3575373552, 4)
(3313, 1)
(3576453073, 1)
(3317, 1)
(3580771157, 1)
(3318, 2)
(3581850678, 3)
(3322, 4)
(3586168762, 1)
(3323, 3)
(3587248283, 2)
(3327, 4)
(3591566367, 1)
(3328, 2)
(3592645888, 2)
(3332, 0)
(3596963972, 0)
(3333, 3)
(3598043493, 2)
(3337, 4)
(3602361577, 1)
(3338, 0)
(3603441098, 0)
(3342, 4)
(3607759182, 4)
(3343, 4)
(3608838703, 4)
(3347, 1)
(3613156787, 4)
(3348, 0)
(3614236308, 0)
(3352, 0)
(3618554392, 0)
(3353, 0)
(3619633913, 0)
(3357, 0)
(3623951997, 0)
(3358, 2)
(3625031518, 2)
(3362, 4)
(3629349602, 4)
(3363, 4)
(3630429123, 4)
(3367, 0)
(3634747207, 0)
(3368, 0)
(3635826728, 0)
(3372, 2)
(3640144812, 3)
(3373, 4)
(3641224333, 4)
(3377, 3)
(3645542417, 3)
(3378, 4)
(3646621938, 4)
(3382, 0)
(3650940022, 0)
(3383, 1)
(3652019543, 1)
(3387, 2)
(3656337627, 3)
(3388, 3)
(3657417148, 3)
(3392, 1)
(3661735232, 4)
(3393, 2)
(3662814753, 2)
(3397, 0)
(3667132837, 0)
(3398, 3)
(3668212358, 3)
(3402, 3)
(3672530442, 2)
(3403, 2)
(3673609963, 3)
(3407, 3)
(3677928047, 3)
(3408, 4)
(3679007568, 4)
(3412, 0)
(3683325652, 0)
(3413, 3)
(3684405173, 3)
(3417, 4)
(3688723257, 1)
(3418, 2)
(3689802778, 2)
(3422, 3)
(3694120862, 2)
(3423, 0)
(3695200383, 0)
(3427, 1)
(3699518467, 4)
(3428, 0)
(3700597988, 0)
(3432, 0)
(3704916072, 0)
(3433, 1)
(3705995593, 1)
(3437, 2)
(3710313677, 2)
(3438, 0)
(3711393198, 0)
(3442, 0)
(3715711282, 0)
(3443, 4)
(3716790803, 1)
(3447, 4)
(3721108887, 4)
(3448, 0)
(3722188408, 0)
(3452, 2)
(3726506492, 2)
(3453, 3)
(3727586013, 2)
(3457, 3)
(3731904097, 3)
(3458, 0)
(3732983618, 0)
(3462, 3)
(3737301702, 3)
(3463, 4)
(3738381223, 4)
(3467, 4)
(3742699307, 4)
(3468, 4)
(3743778828, 1)
(3472, 1)
(3748096912, 4)
(3473, 0)
(3749176433, 0)
(3477, 2)
(3753494517, 2)
(3478, 4)
(3754574038, 4)
(3482, 4)
(3758892122, 1)
(3483, 3)
(3759971643, 3)
(3487, 2)
(3764289727, 2)
(3488, 0)
(3765369248, 0)
(3492, 0)
(3769687332, 0)
(3493, 3)
(3770766853, 3)
(3497, 2)
(3775084937, 2)
(3498, 0)
(3776164458, 0)
(3502, 4)
(3780482542, 1)
(3503, 2)
(3781562063, 3)
(3507, 3)
(3785880147, 2)
(3508, 0)
(3786959668, 0)
(3512, 0)
(3791277752, 0)
(3513, 4)
(3792357273, 1)
(3517, 0)
(3796675357, 0)
(3518, 3)
(3797754878, 3)
(3522, 3)
(3802072962, 3)
(3523, 4)
(3803152483, 4)
(3527, 0)
(3807470567, 0)
(3528, 0)
(3808550088, 0)
(3532, 1)
(3812868172, 1)
(3533, 0)
(3813947693, 0)
(3537, 3)
(3818265777, 2)
(3538, 3)
(3819345298, 2)
(3542, 2)
(3823663382, 2)
(3543, 3)
(3824742903, 3)
(3547, 4)
(3829060987, 4)
(3548, 2)
(3830140508, 3)
(3552, 4)
(3834458592, 1)
(3553, 1)
(3835538113, 4)
(3557, 4)
(3839856197, 1)
(3558, 3)
(3840935718, 3)
(3562, 2)
(3845253802, 3)
(3563, 3)
(3846333323, 3)
(3567, 0)
(3850651407, 0)
(3568, 2)
(3851730928, 2)
