(2, 4)
(34594562, 4)
(3, 3)
(51891843, 2)
(7, 4)
(121080967, 1)
(8, 0)
(138378248, 0)
(12, 4)
(207567372, 1)
(13, 3)
(224864653, 3)
(17, 4)
(294053777, 1)
(18, 3)
(311351058, 3)
(22, 3)
(380540182, 2)
(23, 3)
(397837463, 3)
(27, 3)
(467026587, 2)
(28, 3)
(484323868, 2)
(32, 2)
(553512992, 2)
(33, 1)
(570810273, 1)
(37, 2)
(639999397, 3)
(38, 1)
(657296678, 4)
(42, 1)
(726485802, 1)
(43, 4)
(743783083, 1)
(47, 0)
(812972207, 0)
(48, 4)
(830269488, 1)
(52, 0)
(899458612, 0)
(53, 4)
(916755893, 4)
(57, 4)
(985945017, 4)
(58, 2)
(1003242298, 3)
(62, 2)
(1072431422, 3)
(63, 0)
(1089728703, 0)
(67, 1)
(1158917827, 1)
(68, 0)
(1176215108, 0)
(72, 0)
(1245404232, 0)
(73, 1)
(1262701513, 1)
(77, 3)
(1331890637, 3)
(78, 4)
(1349187918, 1)
(82, 1)
(1418377042, 1)
(83, 2)
(1435674323, 3)
(87, 4)
(1504863447, 4)
(88, 0)
(1522160728, 0)
(92, 1)
(1591349852, 1)
(93, 1)
(1608647133, 1)
(97, 4)
(1677836257, 4)
(98, 4)
(1695133538, 4)
(102, 1)
(1764322662, 1)
(103, 0)
(1781619943, 0)
(107, 3)
(1850809067, 3)
(108, 4)
(1868106348, 1)
(112, 4)
(1937295472, 1)
(113, 2)
(1954592753, 2)
(117, 0)
(2023781877, 0)
(118, 1)
(2041079158, 4)
(122, 0)
(2110268282, 0)
(123, 3)
(2127565563, 2)
(127, 0)
(2196754687, 0)
(128, 4)
(2214051968, 4)
(132, 0)
(2283241092, 0)
(133, 1)
(2300538373, 1)
(137, 3)
(2369727497, 3)
(138, 3)
(2387024778, 2)
(142, 1)
(2456213902, 1)
(143, 0)
(2473511183, 0)
(147, 4)
(2542700307, 1)
(148, 0)
(2559997588, 0)
(152, 0)
(2629186712, 0)
(153, 3)
(2646483993, 2)
(157, 1)
(2715673117, 4)
(158, 3)
(2732970398, 2)
(162, 1)
(2802159522, 1)
(163, 4)
(2819456803, 1)
(167, 4)
(2888645927, 4)
(168, 0)
(2905943208, 0)
(172, 2)
(2975132332, 3)
(173, 1)
(2992429613, 4)
(177, 4)
(3061618737, 4)
(178, 3)
(3078916018, 2)
(182, 3)
(3148105142, 2)
(183, 3)
(3165402423, 3)
(187, 2)
(3234591547, 2)
(188, 0)
(3251888828, 0)
(192, 0)
(3321077952, 0)
(193, 1)
(3338375233, 4)
(197, 0)
(3407564357, 0)
(198, 0)
(3424861638, 0)
(202, 4)
(3494050762, 1)
(203, 1)
(3511348043, 1)
(207, 1)
(3580537167, 1)
(208, 1)
(3597834448, 1)
(212, 0)
(3667023572, 0)
(213, 2)
(3684320853, 3)
(217, 3)
(3753509977, 3)
(218, 0)
(3770807258, 0)
(222, 3)
(3839996382, 3)
(223, 2)
(3857293663, 2)
(227, 0)
(3926482787, 0)
(228, 0)
(3943780068, 0)
(232, 0)
(4012969192, 0)
(233, 3)
(4030266473, 2)
(237, 2)
(4099455597, 2)
(238, 3)
(4116752878, 3)
(242, 4)
(4185942002, 4)
(243, 4)
(4203239283, 1)
(247, 4)
(4272428407, 1)
(248, 0)
(4289725688, 0)
(252, 0)
(4358914812, 0)
(253, 1)
(4376212093, 4)
(257, 1)
(4445401217, 4)
(258, 3)
(4462698498, 3)
(262, 4)
(4531887622, 4)
(263, 3)
(4549184903, 3)
(267, 2)
(4618374027, 2)
(268, 3)
(4635671308, 3)
(272, 3)
(4704860432, 2)
(273, 2)
(4722157713, 2)
(277, 1)
(4791346837, 1)
(278, 4)
(4808644118, 4)
(282, 2)
(4877833242, 3)
(283, 2)
(4895130523, 2)
(287, 1)
(4964319647, 4)
(288, 4)
(4981616928, 4)
(292, 0)
(5050806052, 0)
(293, 2)
(5068103333, 2)
(297, 1)
(5137292457, 1)
(298, 1)
(5154589738, 4)
(302, 3)
(5223778862, 3)
(303, 0)
(5241076143, 0)
(307, 3)
(5310265267, 2)
(308, 0)
(5327562548, 0)
(312, 0)
(5396751672, 0)
(313, 2)
(5414048953, 3)
(317, 0)
(5483238077, 0)
(318, 2)
(5500535358, 3)
(322, 2)
(5569724482, 3)
(323, 1)
(5587021763, 1)
(327, 3)
(5656210887, 3)
(328, 0)
(5673508168, 0)
(332, 1)
(5742697292, 4)
(333, 0)
(5759994573, 0)
(337, 3)
(5829183697, 3)
(338, 0)
(5846480978, 0)
(342, 2)
(5915670102, 3)
(343, 3)
(5932967383, 2)
(347, 0)
(6002156507, 0)
(348, 3)
(6019453788, 3)
(352, 4)
(6088642912, 1)
(353, 4)
(6105940193, 1)
(357, 3)
(6175129317, 2)
(358, 1)
(6192426598, 4)
(362, 2)
(6261615722, 2)
(363, 4)
(6278913003, 1)
(367, 1)
(6348102127, 4)
(368, 3)
(6365399408, 3)
(372, 0)
(6434588532, 0)
(373, 0)
(6451885813, 0)
(377, 1)
(6521074937, 4)
(378, 1)
(6538372218, 1)
(382, 2)
(6607561342, 2)
(383, 2)
(6624858623, 2)
(387, 0)
(6694047747, 0)
(388, 0)
(6711345028, 0)
(392, 0)
(6780534152, 0)
(393, 3)
(6797831433, 2)
(397, 1)
(6867020557, 4)
(398, 0)
(6884317838, 0)
(402, 4)
(6953506962, 1)
(403, 3)
(6970804243, 2)
(407, 4)
(7039993367, 4)
(408, 0)
(7057290648, 0)
(412, 0)
(7126479772, 0)
(413, 0)
(7143777053, 0)
(417, 2)
(7212966177, 3)
(418, 3)
(7230263458, 3)
(422, 0)
(7299452582, 0)
(423, 0)
(7316749863, 0)
(427, 2)
(7385938987, 2)
(428, 4)
(7403236268, 4)
(432, 4)
(7472425392, 1)
(433, 3)
(7489722673, 2)
(437, 0)
(7558911797, 0)
(438, 3)
(7576209078, 2)
(442, 2)
(7645398202, 3)
(443, 0)
(7662695483, 0)
(447, 1)
(7731884607, 1)
(448, 2)
(7749181888, 3)
(452, 0)
(7818371012, 0)
(453, 3)
(7835668293, 2)
(457, 3)
(7904857417, 2)
(458, 1)
(7922154698, 1)
(462, 2)
(7991343822, 3)
(463, 2)
(8008641103, 2)
(467, 2)
(8077830227, 3)
(468, 0)
(8095127508, 0)
(472, 0)
(8164316632, 0)
(473, 3)
(8181613913, 3)
(477, 3)
(8250803037, 3)
(478, 3)
(8268100318, 2)
(482, 0)
(8337289442, 0)
(483, 1)
(8354586723, 1)
(487, 3)
(8423775847, 2)
(488, 0)
(8441073128, 0)
(492, 4)
(8510262252, 1)
(493, 3)
(8527559533, 3)
(497, 4)
(8596748657, 1)
(498, 3)
(8614045938, 3)
(502, 1)
(8683235062, 1)
(503, 1)
(8700532343, 1)
(507, 1)
(8769721467, 4)
(508, 0)
(8787018748, 0)
(512, 4)
(8856207872, 4)
(513, 4)
(8873505153, 4)
(517, 2)
(8942694277, 3)
(518, 1)
(8959991558, 1)
(522, 0)
(9029180682, 0)
(523, 0)
(9046477963, 0)
(527, 2)
(9115667087, 2)
(528, 2)
(9132964368, 2)
(532, 0)
(9202153492, 0)
(533, 3)
(9219450773, 3)
(537, 2)
(9288639897, 2)
(538, 0)
(9305937178, 0)
(542, 1)
(9375126302, 1)
(543, 2)
(9392423583, 3)
(547, 3)
(9461612707, 3)
(548, 0)
(9478909988, 0)
(552, 0)
(9548099112, 0)
(553, 2)
(9565396393, 2)
(557, 3)
(9634585517, 3)
(558, 4)
(9651882798, 1)
(562, 2)
(9721071922, 2)
(563, 1)
(9738369203, 4)
(567, 3)
(9807558327, 2)
(568, 0)
(9824855608, 0)
(572, 0)
(9894044732, 0)
(573, 4)
(9911342013, 1)
(577, 3)
(9980531137, 2)
(578, 2)
(9997828418, 2)
(582, 4)
(10067017542, 1)
(583, 3)
(10084314823, 2)
(587, 2)
(10153503947, 2)
(588, 2)
(10170801228, 3)
(592, 4)
(10239990352, 1)
(593, 1)
(10257287633, 1)
(597, 2)
(10326476757, 3)
(598, 3)
(10343774038, 3)
(602, 1)
(10412963162, 1)
(603, 0)
(10430260443, 0)
(607, 2)
(10499449567, 3)
(608, 3)
(10516746848, 2)
(612, 0)
(10585935972, 0)
(613, 0)
(10603233253, 0)
(617, 2)
(10672422377, 3)
(618, 2)
(10689719658, 3)
(622, 3)
(10758908782, 3)
(623, 2)
(10776206063, 2)
(627, 4)
(10845395187, 1)
(628, 0)
(10862692468, 0)
(632, 0)
(10931881592, 0)
(633, 0)
(10949178873, 0)
(637, 4)
(11018367997, 4)
(638, 0)
(11035665278, 0)
(642, 4)
(11104854402, 1)
(643, 2)
(11122151683, 2)
(647, 2)
(11191340807, 2)
(648, 0)
(11208638088, 0)
(652, 2)
(11277827212, 3)
(653, 1)
(11295124493, 4)
(657, 0)
(11364313617, 0)
(658, 3)
(11381610898, 2)
(662, 3)
(11450800022, 3)
(663, 1)
(11468097303, 1)
(667, 4)
(11537286427, 1)
(668, 3)
(11554583708, 3)
(672, 3)
(11623772832, 3)
(673, 3)
(11641070113, 3)
(677, 0)
(11710259237, 0)
(678, 0)
(11727556518, 0)
(682, 3)
(11796745642, 3)
(683, 0)
(11814042923, 0)
(687, 3)
(11883232047, 2)
(688, 2)
(11900529328, 3)
(692, 0)
(11969718452, 0)
(693, 1)
(11987015733, 1)
(697, 3)
(12056204857, 2)
(698, 1)
(12073502138, 1)
(702, 4)
(12142691262, 1)
(703, 4)
(12159988543, 4)
(707, 1)
(12229177667, 1)
(708, 0)
(12246474948, 0)
(712, 0)
(12315664072, 0)
(713, 1)
(12332961353, 4)
(717, 1)
(12402150477, 1)
(718, 2)
(12419447758, 2)
(722, 1)
(12488636882, 1)
(723, 1)
(12505934163, 1)
(727, 2)
(12575123287, 3)
(728, 0)
(12592420568, 0)
(732, 1)
(12661609692, 1)
(733, 1)
(12678906973, 1)
(737, 0)
(12748096097, 0)
(738, 0)
(12765393378, 0)
(742, 2)
(12834582502, 3)
(743, 1)
(12851879783, 4)
(747, 4)
(12921068907, 1)
(748, 1)
(12938366188, 1)
(752, 0)
(13007555312, 0)
(753, 3)
(13024852593, 2)
(757, 0)
(13094041717, 0)
(758, 2)
(13111338998, 3)
(762, 3)
(13180528122, 2)
(763, 1)
(13197825403, 1)
(767, 3)
(13267014527, 2)
(768, 2)
(13284311808, 3)
(772, 0)
(13353500932, 0)
(773, 4)
(13370798213, 4)
(777, 1)
(13439987337, 4)
(778, 4)
(13457284618, 4)
(782, 1)
(13526473742, 4)
(783, 4)
(13543771023, 4)
(787, 0)
(13612960147, 0)
(788, 0)
(13630257428, 0)
(792, 0)
(13699446552, 0)
(793, 2)
(13716743833, 3)
(797, 0)
(13785932957, 0)
(798, 1)
(13803230238, 4)
(802, 3)
(13872419362, 3)
(803, 0)
(13889716643, 0)
(807, 1)
(13958905767, 1)
(808, 0)
(13976203048, 0)
(812, 3)
(14045392172, 3)
(813, 3)
(14062689453, 2)
(817, 2)
(14131878577, 2)
(818, 3)
(14149175858, 3)
(822, 0)
(14218364982, 0)
(823, 4)
(14235662263, 4)
(827, 2)
(14304851387, 2)
(828, 2)
(14322148668, 2)
(832, 2)
(14391337792, 2)
(833, 2)
(14408635073, 3)
(837, 1)
(14477824197, 1)
(838, 4)
(14495121478, 1)
(842, 4)
(14564310602, 4)
(843, 4)
(14581607883, 1)
(847, 4)
(14650797007, 1)
(848, 3)
(14668094288, 3)
(852, 0)
(14737283412, 0)
(853, 0)
(14754580693, 0)
(857, 2)
(14823769817, 3)
(858, 1)
(14841067098, 1)
(862, 2)
(14910256222, 2)
(863, 1)
(14927553503, 4)
(867, 3)
(14996742627, 2)
(868, 0)
(15014039908, 0)
(872, 0)
(15083229032, 0)
(873, 0)
(15100526313, 0)
(877, 0)
(15169715437, 0)
(878, 0)
(15187012718, 0)
(882, 3)
(15256201842, 3)
(883, 2)
(15273499123, 2)
(887, 1)
(15342688247, 4)
(888, 0)
(15359985528, 0)
(892, 4)
(15429174652, 4)
(893, 2)
(15446471933, 3)
(897, 1)
(15515661057, 4)
(898, 2)
(15532958338, 2)
(902, 2)
(15602147462, 3)
(903, 1)
(15619444743, 4)
(907, 3)
(15688633867, 3)
(908, 0)
(15705931148, 0)
(912, 3)
(15775120272, 3)
(913, 3)
(15792417553, 3)
(917, 0)
(15861606677, 0)
(918, 1)
(15878903958, 1)
(922, 2)
(15948093082, 3)
(923, 0)
(15965390363, 0)
(927, 0)
(16034579487, 0)
(928, 1)
(16051876768, 4)
(932, 0)
(16121065892, 0)
(933, 4)
(16138363173, 1)
(937, 0)
(16207552297, 0)
(938, 1)
(16224849578, 4)
(942, 3)
(16294038702, 3)
(943, 1)
(16311335983, 1)
(947, 0)
(16380525107, 0)
(948, 0)
(16397822388, 0)
(952, 0)
(16467011512, 0)
(953, 3)
(16484308793, 3)
(957, 1)
(16553497917, 4)
(958, 1)
(16570795198, 4)
(962, 2)
(16639984322, 3)
(963, 1)
(16657281603, 1)
(967, 4)
(16726470727, 4)
(968, 0)
(16743768008, 0)
(972, 2)
(16812957132, 3)
(973, 3)
(16830254413, 2)
(977, 0)
(16899443537, 0)
(978, 4)
(16916740818, 4)
(982, 0)
(16985929942, 0)
(983, 2)
(17003227223, 2)
(987, 3)
(17072416347, 3)
(988, 3)
(17089713628, 2)
(992, 1)
(17158902752, 4)
(993, 3)
(17176200033, 2)
(997, 4)
(17245389157, 4)
(998, 1)
(17262686438, 4)
(1002, 4)
(17331875562, 1)
(1003, 1)
(17349172843, 1)
(1007, 0)
(17418361967, 0)
(1008, 0)
(17435659248, 0)
(1012, 0)
(17504848372, 0)
(1013, 4)
(17522145653, 1)
(1017, 4)
(17591334777, 4)
(1018, 3)
(17608632058, 2)
(1022, 3)
(17677821182, 2)
(1023, 1)
(17695118463, 4)
(1027, 4)
(17764307587, 1)
(1028, 0)
(17781604868, 0)
(1032, 0)
(17850793992, 0)
(1033, 3)
(17868091273, 3)
(1037, 0)
(17937280397, 0)
(1038, 2)
(17954577678, 2)
(1042, 3)
(18023766802, 3)
(1043, 2)
(18041064083, 2)
(1047, 4)
(18110253207, 1)
(1048, 0)
(18127550488, 0)
(1052, 1)
(18196739612, 1)
(1053, 1)
(18214036893, 1)
(1057, 1)
(18283226017, 4)
(1058, 0)
(18300523298, 0)
(1062, 0)
(18369712422, 0)
(1063, 4)
(18387009703, 4)
(1067, 2)
(18456198827, 3)
(1068, 1)
(18473496108, 1)
(1072, 3)
(18542685232, 3)
(1073, 1)
(18559982513, 1)
(1077, 4)
(18629171637, 1)
(1078, 3)
(18646468918, 2)
(1082, 3)
(18715658042, 3)
(1083, 2)
(18732955323, 3)
(1087, 1)
(18802144447, 1)
(1088, 1)
(18819441728, 4)
(1092, 0)
(18888630852, 0)
(1093, 0)
(18905928133, 0)
(1097, 1)
(18975117257, 1)
(1098, 0)
(18992414538, 0)
(1102, 0)
(19061603662, 0)
(1103, 3)
(19078900943, 2)
(1107, 3)
(19148090067, 2)
(1108, 0)
(19165387348, 0)
(1112, 0)
(19234576472, 0)
(1113, 4)
(19251873753, 4)
(1117, 4)
(19321062877, 1)
(1118, 1)
(19338360158, 4)
(1122, 4)
(19407549282, 1)
(1123, 0)
(19424846563, 0)
(1127, 3)
(19494035687, 3)
(1128, 0)
(19511332968, 0)
(1132, 1)
(19580522092, 1)
(1133, 2)
(19597819373, 3)
(1137, 0)
(19667008497, 0)
(1138, 2)
(19684305778, 3)
(1142, 2)
(19753494902, 2)
(1143, 0)
(19770792183, 0)
(1147, 1)
(19839981307, 1)
(1148, 2)
(19857278588, 3)
(1152, 3)
(19926467712, 3)
(1153, 4)
(19943764993, 1)
(1157, 3)
(20012954117, 2)
(1158, 4)
(20030251398, 4)
(1162, 3)
(20099440522, 3)
(1163, 3)
(20116737803, 3)
(1167, 3)
(20185926927, 2)
(1168, 2)
(20203224208, 2)
(1172, 0)
(20272413332, 0)
(1173, 1)
(20289710613, 1)
(1177, 2)
(20358899737, 3)
(1178, 1)
(20376197018, 1)
(1182, 0)
(20445386142, 0)
(1183, 0)
(20462683423, 0)
(1187, 4)
(20531872547, 4)
(1188, 0)
(20549169828, 0)
(1192, 0)
(20618358952, 0)
(1193, 4)
(20635656233, 1)
(1197, 0)
(20704845357, 0)
(1198, 2)
(20722142638, 2)
(1202, 1)
(20791331762, 1)
(1203, 4)
(20808629043, 1)
(1207, 2)
(20877818167, 3)
(1208, 0)
(20895115448, 0)
(1212, 0)
(20964304572, 0)
(1213, 0)
(20981601853, 0)
(1217, 2)
(21050790977, 2)
(1218, 4)
(21068088258, 1)
(1222, 3)
(21137277382, 3)
(1223, 0)
(21154574663, 0)
(1227, 4)
(21223763787, 1)
(1228, 4)
(21241061068, 1)
(1232, 1)
(21310250192, 1)
(1233, 1)
(21327547473, 1)
(1237, 4)
(21396736597, 1)
(1238, 2)
(21414033878, 3)
(1242, 3)
(21483223002, 2)
(1243, 1)
(21500520283, 4)
(1247, 4)
(21569709407, 4)
(1248, 2)
(21587006688, 3)
(1252, 0)
(21656195812, 0)
(1253, 3)
(21673493093, 3)
(1257, 0)
(21742682217, 0)
(1258, 2)
(21759979498, 2)
(1262, 4)
(21829168622, 1)
(1263, 0)
(21846465903, 0)
(1267, 1)
(21915655027, 4)
(1268, 0)
(21932952308, 0)
(1272, 0)
(22002141432, 0)
(1273, 0)
(22019438713, 0)
(1277, 4)
(22088627837, 4)
(1278, 0)
(22105925118, 0)
(1282, 3)
(22175114242, 2)
(1283, 4)
(22192411523, 1)
(1287, 0)
(22261600647, 0)
(1288, 0)
(22278897928, 0)
(1292, 3)
(22348087052, 3)
(1293, 1)
(22365384333, 4)
(1297, 2)
(22434573457, 2)
(1298, 2)
(22451870738, 2)
(1302, 4)
(22521059862, 1)
(1303, 1)
(22538357143, 1)
(1307, 1)
(22607546267, 1)
(1308, 1)
(22624843548, 1)
(1312, 3)
(22694032672, 3)
(1313, 1)
(22711329953, 4)
(1317, 0)
(22780519077, 0)
(1318, 0)
(22797816358, 0)
(1322, 3)
(22867005482, 2)
(1323, 4)
(22884302763, 1)
(1327, 0)
(22953491887, 0)
(1328, 1)
(22970789168, 4)
(1332, 0)
(23039978292, 0)
(1333, 0)
(23057275573, 0)
(1337, 4)
(23126464697, 1)
(1338, 0)
(23143761978, 0)
(1342, 0)
(23212951102, 0)
(1343, 4)
(23230248383, 4)
(1347, 1)
(23299437507, 4)
(1348, 0)
(23316734788, 0)
(1352, 0)
(23385923912, 0)
(1353, 4)
(23403221193, 4)
(1357, 1)
(23472410317, 4)
(1358, 4)
(23489707598, 1)
(1362, 1)
(23558896722, 1)
(1363, 4)
(23576194003, 1)
(1367, 0)
(23645383127, 0)
(1368, 0)
(23662680408, 0)
(1372, 1)
(23731869532, 4)
(1373, 2)
(23749166813, 2)
(1377, 1)
(23818355937, 4)
(1378, 0)
(23835653218, 0)
(1382, 2)
(23904842342, 2)
(1383, 3)
(23922139623, 3)
(1387, 4)
(23991328747, 1)
(1388, 0)
(24008626028, 0)
(1392, 4)
(24077815152, 4)
(1393, 4)
(24095112433, 1)
(1397, 4)
(24164301557, 1)
(1398, 0)
(24181598838, 0)
(1402, 1)
(24250787962, 4)
(1403, 1)
(24268085243, 4)
(1407, 1)
(24337274367, 1)
(1408, 3)
(24354571648, 2)
(1412, 0)
(24423760772, 0)
(1413, 0)
(24441058053, 0)
(1417, 1)
(24510247177, 4)
(1418, 4)
(24527544458, 4)
(1422, 1)
(24596733582, 4)
(1423, 4)
(24614030863, 4)
(1427, 0)
(24683219987, 0)
(1428, 0)
(24700517268, 0)
(1432, 0)
(24769706392, 0)
(1433, 4)
(24787003673, 4)
(1437, 4)
(24856192797, 4)
(1438, 1)
(24873490078, 1)
(1442, 1)
(24942679202, 4)
(1443, 2)
(24959976483, 2)
(1447, 2)
(25029165607, 2)
(1448, 0)
(25046462888, 0)
(1452, 2)
(25115652012, 3)
(1453, 1)
(25132949293, 4)
(1457, 4)
(25202138417, 1)
(1458, 2)
(25219435698, 2)
(1462, 4)
(25288624822, 4)
(1463, 2)
(25305922103, 3)
(1467, 0)
(25375111227, 0)
(1468, 2)
(25392408508, 3)
(1472, 4)
(25461597632, 4)
(1473, 2)
(25478894913, 3)
(1477, 1)
(25548084037, 1)
(1478, 0)
(25565381318, 0)
(1482, 1)
(25634570442, 1)
(1483, 3)
(25651867723, 3)
(1487, 3)
(25721056847, 2)
(1488, 2)
(25738354128, 2)
(1492, 0)
(25807543252, 0)
(1493, 3)
(25824840533, 2)
(1497, 0)
(25894029657, 0)
(1498, 1)
(25911326938, 4)
(1502, 1)
(25980516062, 1)
(1503, 3)
(25997813343, 3)
(1507, 4)
(26067002467, 1)
(1508, 0)
(26084299748, 0)
(1512, 0)
(26153488872, 0)
(1513, 4)
(26170786153, 4)
(1517, 3)
(26239975277, 2)
(1518, 4)
(26257272558, 4)
(1522, 0)
(26326461682, 0)
(1523, 3)
(26343758963, 2)
(1527, 1)
(26412948087, 1)
(1528, 0)
(26430245368, 0)
(1532, 4)
(26499434492, 4)
(1533, 1)
(26516731773, 1)
(1537, 1)
(26585920897, 4)
(1538, 4)
(26603218178, 4)
(1542, 0)
(26672407302, 0)
(1543, 4)
(26689704583, 1)
(1547, 2)
(26758893707, 2)
(1548, 0)
(26776190988, 0)
(1552, 3)
(26845380112, 3)
(1553, 0)
(26862677393, 0)
(1557, 2)
(26931866517, 3)
(1558, 2)
(26949163798, 3)
(1562, 2)
(27018352922, 3)
(1563, 4)
(27035650203, 1)
(1567, 0)
(27104839327, 0)
(1568, 2)
(27122136608, 2)
(1572, 0)
(27191325732, 0)
(1573, 3)
(27208623013, 3)
(1577, 3)
(27277812137, 3)
(1578, 1)
(27295109418, 4)
(1582, 4)
(27364298542, 1)
(1583, 3)
(27381595823, 3)
(1587, 0)
(27450784947, 0)
(1588, 0)
(27468082228, 0)
(1592, 0)
(27537271352, 0)
(1593, 4)
(27554568633, 4)
(1597, 4)
(27623757757, 4)
(1598, 2)
(27641055038, 3)
(1602, 0)
(27710244162, 0)
(1603, 4)
(27727541443, 1)
(1607, 3)
(27796730567, 2)
(1608, 0)
(27814027848, 0)
(1612, 4)
(27883216972, 1)
(1613, 3)
(27900514253, 3)
(1617, 3)
(27969703377, 3)
(1618, 2)
(27987000658, 3)
(1622, 0)
(28056189782, 0)
(1623, 3)
(28073487063, 2)
(1627, 2)
(28142676187, 3)
(1628, 3)
(28159973468, 3)
(1632, 3)
(28229162592, 3)
(1633, 4)
(28246459873, 4)
(1637, 3)
(28315648997, 2)
(1638, 1)
(28332946278, 4)
(1642, 1)
(28402135402, 1)
(1643, 0)
(28419432683, 0)
(1647, 3)
(28488621807, 3)
(1648, 0)
(28505919088, 0)
(1652, 0)
(28575108212, 0)
(1653, 4)
(28592405493, 1)
(1657, 1)
(28661594617, 4)
(1658, 2)
(28678891898, 2)
(1662, 0)
(28748081022, 0)
(1663, 2)
(28765378303, 2)
(1667, 3)
(28834567427, 2)
(1668, 0)
(28851864708, 0)
(1672, 0)
(28921053832, 0)
(1673, 3)
(28938351113, 3)
(1677, 1)
(29007540237, 1)
(1678, 0)
(29024837518, 0)
(1682, 4)
(29094026642, 4)
(1683, 0)
(29111323923, 0)
(1687, 2)
(29180513047, 2)
(1688, 0)
(29197810328, 0)
(1692, 0)
(29266999452, 0)
(1693, 3)
(29284296733, 2)
(1697, 3)
(29353485857, 3)
(1698, 1)
(29370783138, 4)
(1702, 0)
(29439972262, 0)
(1703, 3)
(29457269543, 3)
(1707, 0)
(29526458667, 0)
(1708, 1)
(29543755948, 1)
(1712, 4)
(29612945072, 4)
(1713, 4)
(29630242353, 1)
(1717, 1)
(29699431477, 1)
(1718, 1)
(29716728758, 4)
(1722, 1)
(29785917882, 1)
(1723, 0)
(29803215163, 0)
(1727, 4)
(29872404287, 4)
(1728, 0)
(29889701568, 0)
(1732, 0)
(29958890692, 0)
(1733, 1)
(29976187973, 4)
(1737, 0)
(30045377097, 0)
(1738, 1)
(30062674378, 1)
(1742, 1)
(30131863502, 1)
(1743, 4)
(30149160783, 1)
(1747, 0)
(30218349907, 0)
(1748, 0)
(30235647188, 0)
(1752, 0)
(30304836312, 0)
(1753, 0)
(30322133593, 0)
(1757, 3)
(30391322717, 2)
(1758, 0)
(30408619998, 0)
(1762, 1)
(30477809122, 4)
(1763, 3)
(30495106403, 2)
(1767, 3)
(30564295527, 2)
(1768, 0)
(30581592808, 0)
(1772, 0)
(30650781932, 0)
(1773, 0)
(30668079213, 0)
(1777, 4)
(30737268337, 1)
(1778, 0)
(30754565618, 0)
(1782, 1)
(30823754742, 4)
(1783, 2)
(30841052023, 3)
(1787, 2)
(30910241147, 3)
(1788, 2)
(30927538428, 2)
(1792, 1)
(30996727552, 4)
(1793, 4)
(31014024833, 4)
(1797, 4)
(31083213957, 1)
(1798, 0)
(31100511238, 0)
(1802, 3)
(31169700362, 2)
(1803, 2)
(31186997643, 3)
(1807, 3)
(31256186767, 3)
(1808, 4)
(31273484048, 4)
(1812, 0)
(31342673172, 0)
(1813, 2)
(31359970453, 3)
(1817, 0)
(31429159577, 0)
(1818, 0)
(31446456858, 0)
(1822, 4)
(31515645982, 1)
(1823, 0)
(31532943263, 0)
(1827, 2)
(31602132387, 2)
(1828, 0)
(31619429668, 0)
(1832, 0)
(31688618792, 0)
(1833, 1)
(31705916073, 4)
(1837, 4)
(31775105197, 1)
(1838, 3)
(31792402478, 2)
(1842, 4)
(31861591602, 4)
(1843, 4)
(31878888883, 1)
(1847, 2)
(31948078007, 3)
(1848, 0)
(31965375288, 0)
(1852, 4)
(32034564412, 4)
(1853, 4)
(32051861693, 4)
(1857, 0)
(32121050817, 0)
(1858, 0)
(32138348098, 0)
(1862, 3)
(32207537222, 2)
(1863, 2)
(32224834503, 2)
(1867, 0)
(32294023627, 0)
(1868, 1)
(32311320908, 4)
(1872, 0)
(32380510032, 0)
(1873, 3)
(32397807313, 2)
(1877, 4)
(32466996437, 1)
(1878, 4)
(32484293718, 4)
(1882, 2)
(32553482842, 2)
(1883, 1)
(32570780123, 1)
(1887, 0)
(32639969247, 0)
(1888, 3)
(32657266528, 2)
(1892, 0)
(32726455652, 0)
(1893, 0)
(32743752933, 0)
(1897, 1)
(32812942057, 4)
(1898, 3)
(32830239338, 3)
(1902, 4)
(32899428462, 1)
(1903, 2)
(32916725743, 2)
(1907, 3)
(32985914867, 3)
(1908, 0)
(33003212148, 0)
(1912, 0)
(33072401272, 0)
(1913, 4)
(33089698553, 4)
(1917, 2)
(33158887677, 3)
(1918, 1)
(33176184958, 4)
(1922, 2)
(33245374082, 2)
(1923, 0)
(33262671363, 0)
(1927, 2)
(33331860487, 2)
(1928, 0)
(33349157768, 0)
(1932, 3)
(33418346892, 3)
(1933, 2)
(33435644173, 3)
(1937, 3)
(33504833297, 2)
(1938, 2)
(33522130578, 3)
(1942, 3)
(33591319702, 3)
(1943, 2)
(33608616983, 3)
(1947, 3)
(33677806107, 2)
(1948, 1)
(33695103388, 4)
(1952, 0)
(33764292512, 0)
(1953, 0)
(33781589793, 0)
(1957, 1)
(33850778917, 4)
(1958, 2)
(33868076198, 2)
(1962, 0)
(33937265322, 0)
(1963, 4)
(33954562603, 4)
(1967, 4)
(34023751727, 1)
(1968, 4)
(34041049008, 1)
(1972, 0)
(34110238132, 0)
(1973, 3)
(34127535413, 3)
(1977, 1)
(34196724537, 4)
(1978, 2)
(34214021818, 3)
(1982, 1)
(34283210942, 1)
(1983, 1)
(34300508223, 1)
(1987, 2)
(34369697347, 2)
(1988, 0)
(34386994628, 0)
(1992, 0)
(34456183752, 0)
(1993, 1)
(34473481033, 1)
(1997, 2)
(34542670157, 3)
(1998, 3)
(34559967438, 3)
(2002, 4)
(34629156562, 4)
(2003, 1)
(34646453843, 1)
(2007, 0)
(34715642967, 0)
(2008, 0)
(34732940248, 0)
(2012, 2)
(34802129372, 2)
(2013, 4)
(34819426653, 1)
(2017, 2)
(34888615777, 3)
(2018, 3)
(34905913058, 3)
(2022, 1)
(34975102182, 4)
(2023, 4)
(34992399463, 1)
(2027, 1)
(35061588587, 4)
(2028, 3)
(35078885868, 2)
(2032, 0)
(35148074992, 0)
(2033, 2)
(35165372273, 3)
(2037, 4)
(35234561397, 4)
(2038, 3)
(35251858678, 3)
(2042, 0)
(35321047802, 0)
(2043, 0)
(35338345083, 0)
(2047, 2)
(35407534207, 3)
(2048, 0)
(35424831488, 0)
(2052, 0)
(35494020612, 0)
(2053, 2)
(35511317893, 3)
(2057, 4)
(35580507017, 1)
(2058, 2)
(35597804298, 2)
(2062, 3)
(35666993422, 3)
(2063, 0)
(35684290703, 0)
(2067, 3)
(35753479827, 2)
(2068, 0)
(35770777108, 0)
(2072, 0)
(35839966232, 0)
(2073, 0)
(35857263513, 0)
(2077, 1)
(35926452637, 4)
(2078, 0)
(35943749918, 0)
(2082, 1)
(36012939042, 1)
(2083, 3)
(36030236323, 2)
(2087, 0)
(36099425447, 0)
(2088, 0)
(36116722728, 0)
(2092, 0)
(36185911852, 0)
(2093, 0)
(36203209133, 0)
(2097, 1)
(36272398257, 4)
(2098, 4)
(36289695538, 1)
(2102, 4)
(36358884662, 4)
(2103, 4)
(36376181943, 4)
(2107, 4)
(36445371067, 1)
(2108, 4)
(36462668348, 4)
(2112, 4)
(36531857472, 4)
(2113, 4)
(36549154753, 4)
(2117, 1)
(36618343877, 4)
(2118, 0)
(36635641158, 0)
(2122, 2)
(36704830282, 3)
(2123, 1)
(36722127563, 1)
(2127, 2)
(36791316687, 3)
(2128, 2)
(36808613968, 2)
(2132, 0)
(36877803092, 0)
(2133, 2)
(36895100373, 2)
(2137, 1)
(36964289497, 1)
(2138, 2)
(36981586778, 2)
(2142, 0)
(37050775902, 0)
(2143, 3)
(37068073183, 3)
(2147, 4)
(37137262307, 1)
(2148, 0)
(37154559588, 0)
(2152, 0)
(37223748712, 0)
(2153, 3)
(37241045993, 2)
(2157, 4)
(37310235117, 1)
(2158, 0)
(37327532398, 0)
(2162, 4)
(37396721522, 4)
(2163, 2)
(37414018803, 2)
(2167, 2)
(37483207927, 3)
(2168, 0)
(37500505208, 0)
(2172, 4)
(37569694332, 1)
(2173, 0)
(37586991613, 0)
(2177, 0)
(37656180737, 0)
(2178, 3)
(37673478018, 3)
(2182, 3)
(37742667142, 3)
(2183, 2)
(37759964423, 2)
(2187, 0)
(37829153547, 0)
(2188, 4)
(37846450828, 4)
(2192, 1)
(37915639952, 1)
(2193, 1)
(37932937233, 4)
(2197, 3)
(38002126357, 3)
(2198, 1)
(38019423638, 1)
(2202, 0)
(38088612762, 0)
(2203, 0)
(38105910043, 0)
(2207, 1)
(38175099167, 1)
(2208, 4)
(38192396448, 1)
(2212, 0)
(38261585572, 0)
(2213, 3)
(38278882853, 3)
(2217, 3)
(38348071977, 2)
(2218, 1)
(38365369258, 1)
(2222, 3)
(38434558382, 3)
(2223, 0)
(38451855663, 0)
(2227, 1)
(38521044787, 4)
(2228, 0)
(38538342068, 0)
(2232, 0)
(38607531192, 0)
(2233, 4)
(38624828473, 1)
(2237, 0)
(38694017597, 0)
(2238, 3)
(38711314878, 3)
(2242, 4)
(38780504002, 4)
(2243, 0)
(38797801283, 0)
(2247, 0)
(38866990407, 0)
(2248, 0)
(38884287688, 0)
(2252, 3)
(38953476812, 2)
(2253, 4)
(38970774093, 1)
(2257, 4)
(39039963217, 4)
(2258, 3)
(39057260498, 2)
(2262, 1)
(39126449622, 1)
(2263, 2)
(39143746903, 3)
(2267, 1)
(39212936027, 4)
(2268, 1)
(39230233308, 4)
(2272, 3)
(39299422432, 3)
(2273, 2)
(39316719713, 3)
(2277, 0)
(39385908837, 0)
(2278, 4)
(39403206118, 1)
(2282, 0)
(39472395242, 0)
(2283, 4)
(39489692523, 4)
(2287, 1)
(39558881647, 4)
(2288, 0)
(39576178928, 0)
(2292, 0)
(39645368052, 0)
(2293, 1)
(39662665333, 1)
(2297, 0)
(39731854457, 0)
(2298, 2)
(39749151738, 3)
(2302, 4)
(39818340862, 1)
(2303, 0)
(39835638143, 0)
(2307, 3)
(39904827267, 2)
(2308, 0)
(39922124548, 0)
(2312, 0)
(39991313672, 0)
(2313, 2)
(40008610953, 3)
(2317, 4)
(40077800077, 1)
(2318, 1)
(40095097358, 1)
(2322, 3)
(40164286482, 3)
(2323, 2)
(40181583763, 3)
(2327, 2)
(40250772887, 3)
(2328, 0)
(40268070168, 0)
(2332, 1)
(40337259292, 4)
(2333, 1)
(40354556573, 4)
(2337, 2)
(40423745697, 2)
(2338, 4)
(40441042978, 1)
(2342, 3)
(40510232102, 3)
(2343, 2)
(40527529383, 2)
(2347, 0)
(40596718507, 0)
(2348, 1)
(40614015788, 1)
(2352, 2)
(40683204912, 3)
(2353, 4)
(40700502193, 4)
(2357, 2)
(40769691317, 2)
(2358, 0)
(40786988598, 0)
(2362, 4)
(40856177722, 4)
(2363, 0)
(40873475003, 0)
(2367, 1)
(40942664127, 1)
(2368, 3)
(40959961408, 2)
(2372, 0)
(41029150532, 0)
(2373, 1)
(41046447813, 1)
(2377, 1)
(41115636937, 1)
(2378, 0)
(41132934218, 0)
(2382, 2)
(41202123342, 2)
(2383, 4)
(41219420623, 1)
(2387, 2)
(41288609747, 3)
(2388, 0)
(41305907028, 0)
(2392, 0)
(41375096152, 0)
(2393, 0)
(41392393433, 0)
(2397, 2)
(41461582557, 2)
(2398, 0)
(41478879838, 0)
(2402, 0)
(41548068962, 0)
(2403, 2)
(41565366243, 2)
(2407, 0)
(41634555367, 0)
(2408, 0)
(41651852648, 0)
(2412, 0)
(41721041772, 0)
(2413, 1)
(41738339053, 4)
(2417, 1)
(41807528177, 4)
(2418, 4)
(41824825458, 4)
(2422, 0)
(41894014582, 0)
(2423, 3)
(41911311863, 2)
(2427, 4)
(41980500987, 4)
(2428, 4)
(41997798268, 1)
(2432, 1)
(42066987392, 4)
(2433, 0)
(42084284673, 0)
(2437, 3)
(42153473797, 2)
(2438, 3)
(42170771078, 3)
(2442, 3)
(42239960202, 2)
(2443, 4)
(42257257483, 1)
(2447, 3)
(42326446607, 2)
(2448, 1)
(42343743888, 4)
(2452, 0)
(42412933012, 0)
(2453, 3)
(42430230293, 2)
(2457, 2)
(42499419417, 2)
(2458, 3)
(42516716698, 2)
(2462, 3)
(42585905822, 2)
(2463, 4)
(42603203103, 1)
(2467, 2)
(42672392227, 3)
(2468, 0)
(42689689508, 0)
(2472, 0)
(42758878632, 0)
(2473, 0)
(42776175913, 0)
(2477, 3)
(42845365037, 2)
(2478, 2)
(42862662318, 3)
(2482, 1)
(42931851442, 4)
(2483, 0)
(42949148723, 0)
(2487, 0)
(43018337847, 0)
(2488, 0)
(43035635128, 0)
(2492, 4)
(43104824252, 4)
(2493, 0)
(43122121533, 0)
(2497, 3)
(43191310657, 3)
(2498, 0)
(43208607938, 0)
(2502, 3)
(43277797062, 3)
(2503, 1)
(43295094343, 4)
(2507, 4)
(43364283467, 1)
(2508, 2)
(43381580748, 3)
(2512, 2)
(43450769872, 3)
(2513, 3)
(43468067153, 2)
(2517, 4)
(43537256277, 1)
(2518, 0)
(43554553558, 0)
(2522, 4)
(43623742682, 4)
(2523, 3)
(43641039963, 2)
(2527, 4)
(43710229087, 1)
(2528, 4)
(43727526368, 1)
(2532, 0)
(43796715492, 0)
(2533, 4)
(43814012773, 4)
(2537, 0)
(43883201897, 0)
(2538, 2)
(43900499178, 3)
(2542, 4)
(43969688302, 1)
(2543, 0)
(43986985583, 0)
(2547, 0)
(44056174707, 0)
(2548, 0)
(44073471988, 0)
(2552, 0)
(44142661112, 0)
(2553, 1)
(44159958393, 1)
(2557, 3)
(44229147517, 3)
(2558, 4)
(44246444798, 1)
(2562, 1)
(44315633922, 4)
(2563, 4)
(44332931203, 4)
(2567, 1)
(44402120327, 4)
(2568, 0)
(44419417608, 0)
(2572, 1)
(44488606732, 1)
(2573, 1)
(44505904013, 1)
(2577, 0)
(44575093137, 0)
(2578, 1)
(44592390418, 1)
(2582, 0)
(44661579542, 0)
(2583, 2)
(44678876823, 3)
(2587, 3)
(44748065947, 3)
(2588, 4)
(44765363228, 4)
(2592, 3)
(44834552352, 3)
(2593, 1)
(44851849633, 4)
(2597, 4)
(44921038757, 4)
(2598, 4)
(44938336038, 4)
(2602, 4)
(45007525162, 4)
(2603, 0)
(45024822443, 0)
(2607, 2)
(45094011567, 3)
(2608, 2)
(45111308848, 3)
(2612, 0)
(45180497972, 0)
(2613, 1)
(45197795253, 4)
(2617, 2)
(45266984377, 3)
(2618, 0)
(45284281658, 0)
(2622, 1)
(45353470782, 1)
(2623, 2)
(45370768063, 2)
(2627, 2)
(45439957187, 3)
(2628, 0)
(45457254468, 0)
(2632, 0)
(45526443592, 0)
(2633, 3)
(45543740873, 2)
(2637, 4)
(45612929997, 4)
(2638, 0)
(45630227278, 0)
(2642, 3)
(45699416402, 3)
(2643, 0)
(45716713683, 0)
(2647, 0)
(45785902807, 0)
(2648, 0)
(45803200088, 0)
(2652, 2)
(45872389212, 2)
(2653, 1)
(45889686493, 1)
(2657, 2)
(45958875617, 3)
(2658, 4)
(45976172898, 1)
(2662, 1)
(46045362022, 4)
(2663, 3)
(46062659303, 2)
(2667, 3)
(46131848427, 3)
(2668, 2)
(46149145708, 3)
(2672, 4)
(46218334832, 4)
(2673, 3)
(46235632113, 3)
(2677, 2)
(46304821237, 3)
(2678, 0)
(46322118518, 0)
(2682, 0)
(46391307642, 0)
(2683, 0)
(46408604923, 0)
(2687, 4)
(46477794047, 1)
(2688, 1)
(46495091328, 1)
(2692, 0)
(46564280452, 0)
(2693, 3)
(46581577733, 2)
(2697, 4)
(46650766857, 1)
(2698, 4)
(46668064138, 1)
(2702, 2)
(46737253262, 2)
(2703, 3)
(46754550543, 3)
(2707, 2)
(46823739667, 2)
(2708, 0)
(46841036948, 0)
(2712, 0)
(46910226072, 0)
(2713, 1)
(46927523353, 4)
(2717, 2)
(46996712477, 2)
(2718, 1)
(47014009758, 1)
(2722, 0)
(47083198882, 0)
(2723, 3)
(47100496163, 2)
(2727, 0)
(47169685287, 0)
(2728, 0)
(47186982568, 0)
(2732, 0)
(47256171692, 0)
(2733, 3)
(47273468973, 3)
(2737, 1)
(47342658097, 1)
(2738, 4)
(47359955378, 4)
(2742, 3)
(47429144502, 3)
(2743, 0)
(47446441783, 0)
(2747, 3)
(47515630907, 3)
(2748, 1)
(47532928188, 4)
(2752, 0)
(47602117312, 0)
(2753, 2)
(47619414593, 3)
(2757, 4)
(47688603717, 4)
(2758, 4)
(47705900998, 1)
(2762, 4)
(47775090122, 4)
(2763, 0)
(47792387403, 0)
(2767, 4)
(47861576527, 1)
(2768, 2)
(47878873808, 3)
(2772, 0)
(47948062932, 0)
(2773, 4)
(47965360213, 1)
(2777, 0)
(48034549337, 0)
(2778, 1)
(48051846618, 4)
(2782, 2)
(48121035742, 2)
(2783, 4)
(48138333023, 4)
(2787, 1)
(48207522147, 1)
(2788, 0)
(48224819428, 0)
(2792, 0)
(48294008552, 0)
(2793, 4)
(48311305833, 4)
(2797, 3)
(48380494957, 2)
(2798, 4)
(48397792238, 4)
(2802, 1)
(48466981362, 1)
(2803, 1)
(48484278643, 1)
(2807, 3)
(48553467767, 2)
(2808, 0)
(48570765048, 0)
(2812, 3)
(48639954172, 3)
(2813, 0)
(48657251453, 0)
(2817, 0)
(48726440577, 0)
(2818, 0)
(48743737858, 0)
(2822, 2)
(48812926982, 2)
(2823, 1)
(48830224263, 4)
(2827, 3)
(48899413387, 3)
(2828, 3)
(48916710668, 3)
(2832, 3)
(48985899792, 3)
(2833, 3)
(49003197073, 2)
(2837, 1)
(49072386197, 1)
(2838, 0)
(49089683478, 0)
(2842, 2)
(49158872602, 3)
(2843, 0)
(49176169883, 0)
(2847, 3)
(49245359007, 2)
(2848, 4)
(49262656288, 1)
(2852, 0)
(49331845412, 0)
(2853, 0)
(49349142693, 0)
(2857, 0)
(49418331817, 0)
(2858, 3)
(49435629098, 2)
(2862, 2)
(49504818222, 3)
(2863, 2)
(49522115503, 3)
(2867, 2)
(49591304627, 3)
(2868, 0)
(49608601908, 0)
(2872, 0)
(49677791032, 0)
(2873, 3)
(49695088313, 2)
(2877, 0)
(49764277437, 0)
(2878, 1)
(49781574718, 1)
(2882, 1)
(49850763842, 4)
(2883, 3)
(49868061123, 2)
(2887, 0)
(49937250247, 0)
(2888, 0)
(49954547528, 0)
(2892, 3)
(50023736652, 3)
(2893, 4)
(50041033933, 1)
(2897, 1)
(50110223057, 1)
(2898, 0)
(50127520338, 0)
(2902, 2)
(50196709462, 3)
(2903, 4)
(50214006743, 4)
(2907, 2)
(50283195867, 2)
(2908, 4)
(50300493148, 1)
(2912, 4)
(50369682272, 1)
(2913, 2)
(50386979553, 3)
(2917, 2)
(50456168677, 2)
(2918, 4)
(50473465958, 4)
(2922, 1)
(50542655082, 1)
(2923, 4)
(50559952363, 4)
(2927, 4)
(50629141487, 1)
(2928, 3)
(50646438768, 3)
(2932, 0)
(50715627892, 0)
(2933, 1)
(50732925173, 1)
(2937, 4)
(50802114297, 1)
(2938, 4)
(50819411578, 4)
(2942, 0)
(50888600702, 0)
(2943, 3)
(50905897983, 3)
(2947, 3)
(50975087107, 2)
(2948, 0)
(50992384388, 0)
(2952, 0)
(51061573512, 0)
(2953, 1)
(51078870793, 4)
(2957, 4)
(51148059917, 1)
(2958, 2)
(51165357198, 3)
(2962, 4)
(51234546322, 1)
(2963, 2)
(51251843603, 3)
(2967, 1)
(51321032727, 1)
(2968, 0)
(51338330008, 0)
(2972, 2)
(51407519132, 3)
(2973, 2)
(51424816413, 3)
(2977, 4)
(51494005537, 4)
(2978, 0)
(51511302818, 0)
(2982, 1)
(51580491942, 1)
(2983, 0)
(51597789223, 0)
(2987, 0)
(51666978347, 0)
(2988, 2)
(51684275628, 3)
(2992, 1)
(51753464752, 1)
(2993, 2)
(51770762033, 2)
(2997, 4)
(51839951157, 1)
(2998, 3)
(51857248438, 2)
(3002, 4)
(51926437562, 4)
(3003, 2)
(51943734843, 3)
(3007, 0)
(52012923967, 0)
(3008, 0)
(52030221248, 0)
(3012, 0)
(52099410372, 0)
(3013, 3)
(52116707653, 3)
(3017, 3)
(52185896777, 2)
(3018, 4)
(52203194058, 1)
(3022, 2)
(52272383182, 3)
(3023, 2)
(52289680463, 3)
(3027, 2)
(52358869587, 3)
(3028, 0)
(52376166868, 0)
(3032, 0)
(52445355992, 0)
(3033, 0)
(52462653273, 0)
(3037, 3)
(52531842397, 3)
(3038, 1)
(52549139678, 4)
(3042, 0)
(52618328802, 0)
(3043, 3)
(52635626083, 3)
(3047, 2)
(52704815207, 3)
(3048, 0)
(52722112488, 0)
(3052, 3)
(52791301612, 3)
(3053, 0)
(52808598893, 0)
(3057, 3)
(52877788017, 2)
(3058, 2)
(52895085298, 3)
(3062, 4)
(52964274422, 1)
(3063, 1)
(52981571703, 4)
(3067, 2)
(53050760827, 3)
(3068, 1)
(53068058108, 4)
(3072, 4)
(53137247232, 1)
(3073, 1)
(53154544513, 1)
(3077, 4)
(53223733637, 1)
(3078, 4)
(53241030918, 1)
(3082, 0)
(53310220042, 0)
(3083, 2)
(53327517323, 2)
(3087, 0)
(53396706447, 0)
(3088, 2)
(53414003728, 3)
(3092, 0)
(53483192852, 0)
(3093, 2)
(53500490133, 3)
(3097, 3)
(53569679257, 3)
(3098, 4)
(53586976538, 4)
(3102, 1)
(53656165662, 1)
(3103, 0)
(53673462943, 0)
(3107, 3)
(53742652067, 2)
(3108, 0)
(53759949348, 0)
(3112, 0)
(53829138472, 0)
(3113, 1)
(53846435753, 4)
(3117, 0)
(53915624877, 0)
(3118, 0)
(53932922158, 0)
(3122, 3)
(54002111282, 2)
(3123, 0)
(54019408563, 0)
(3127, 1)
(54088597687, 4)
(3128, 0)
(54105894968, 0)
(3132, 3)
(54175084092, 3)
(3133, 0)
(54192381373, 0)
(3137, 1)
(54261570497, 1)
(3138, 4)
(54278867778, 1)
(3142, 0)
(54348056902, 0)
(3143, 1)
(54365354183, 4)
(3147, 0)
(54434543307, 0)
(3148, 0)
(54451840588, 0)
(3152, 0)
(54521029712, 0)
(3153, 4)
(54538326993, 1)
(3157, 4)
(54607516117, 4)
(3158, 2)
(54624813398, 3)
(3162, 0)
(54694002522, 0)
(3163, 1)
(54711299803, 4)
(3167, 2)
(54780488927, 2)
(3168, 0)
(54797786208, 0)
(3172, 0)
(54866975332, 0)
(3173, 0)
(54884272613, 0)
(3177, 3)
(54953461737, 2)
(3178, 0)
(54970759018, 0)
(3182, 2)
(55039948142, 2)
(3183, 4)
(55057245423, 4)
(3187, 2)
(55126434547, 2)
(3188, 0)
(55143731828, 0)
(3192, 0)
(55212920952, 0)
(3193, 4)
(55230218233, 1)
(3197, 4)
(55299407357, 4)
(3198, 2)
(55316704638, 3)
(3202, 1)
(55385893762, 1)
(3203, 4)
(55403191043, 4)
(3207, 3)
(55472380167, 2)
(3208, 0)
(55489677448, 0)
(3212, 0)
(55558866572, 0)
(3213, 3)
(55576163853, 2)
(3217, 1)
(55645352977, 4)
(3218, 1)
(55662650258, 4)
(3222, 0)
(55731839382, 0)
(3223, 0)
(55749136663, 0)
(3227, 4)
(55818325787, 4)
(3228, 2)
(55835623068, 2)
(3232, 2)
(55904812192, 3)
(3233, 4)
(55922109473, 1)
(3237, 2)
(55991298597, 2)
(3238, 3)
(56008595878, 2)
(3242, 3)
(56077785002, 3)
(3243, 2)
(56095082283, 3)
(3247, 3)
(56164271407, 2)
(3248, 3)
(56181568688, 3)
(3252, 0)
(56250757812, 0)
(3253, 1)
(56268055093, 1)
(3257, 1)
(56337244217, 1)
(3258, 4)
(56354541498, 4)
(3262, 3)
(56423730622, 3)
(3263, 3)
(56441027903, 3)
(3267, 4)
(56510217027, 1)
(3268, 0)
(56527514308, 0)
(3272, 0)
(56596703432, 0)
(3273, 4)
(56614000713, 1)
(3277, 3)
(56683189837, 2)
(3278, 1)
(56700487118, 1)
(3282, 0)
(56769676242, 0)
(3283, 1)
(56786973523, 1)
(3287, 1)
(56856162647, 1)
(3288, 0)
(56873459928, 0)
(3292, 3)
(56942649052, 3)
(3293, 1)
(56959946333, 1)
(3297, 0)
(57029135457, 0)
(3298, 1)
(57046432738, 4)
(3302, 1)
(57115621862, 1)
(3303, 0)
(57132919143, 0)
(3307, 4)
(57202108267, 4)
(3308, 1)
(57219405548, 1)
(3312, 1)
(57288594672, 1)
(3313, 1)
(57305891953, 4)
(3317, 1)
(57375081077, 4)
(3318, 2)
(57392378358, 3)
(3322, 4)
(57461567482, 1)
(3323, 3)
(57478864763, 2)
(3327, 4)
(57548053887, 1)
(3328, 2)
(57565351168, 2)
(3332, 0)
(57634540292, 0)
(3333, 3)
(57651837573, 2)
(3337, 4)
(57721026697, 4)
(3338, 0)
(57738323978, 0)
(3342, 4)
(57807513102, 1)
(3343, 4)
(57824810383, 1)
(3347, 1)
(57893999507, 4)
(3348, 0)
(57911296788, 0)
(3352, 0)
(57980485912, 0)
(3353, 0)
(57997783193, 0)
(3357, 0)
(58066972317, 0)
(3358, 2)
(58084269598, 2)
(3362, 4)
(58153458722, 4)
(3363, 4)
(58170756003, 1)
(3367, 0)
(58239945127, 0)
(3368, 0)
(58257242408, 0)
(3372, 2)
(58326431532, 3)
(3373, 4)
(58343728813, 4)
(3377, 3)
(58412917937, 3)
(3378, 4)
(58430215218, 4)
(3382, 0)
(58499404342, 0)
(3383, 1)
(58516701623, 4)
(3387, 2)
(58585890747, 2)
(3388, 3)
(58603188028, 2)
(3392, 1)
(58672377152, 1)
(3393, 2)
(58689674433, 3)
(3397, 0)
(58758863557, 0)
(3398, 3)
(58776160838, 3)
(3402, 3)
(58845349962, 3)
(3403, 2)
(58862647243, 3)
(3407, 3)
(58931836367, 2)
(3408, 4)
(58949133648, 1)
(3412, 0)
(59018322772, 0)
(3413, 3)
(59035620053, 3)
(3417, 4)
(59104809177, 4)
(3418, 2)
(59122106458, 3)
(3422, 3)
(59191295582, 3)
(3423, 0)
(59208592863, 0)
(3427, 1)
(59277781987, 4)
(3428, 0)
(59295079268, 0)
(3432, 0)
(59364268392, 0)
(3433, 1)
(59381565673, 1)
(3437, 2)
(59450754797, 3)
(3438, 0)
(59468052078, 0)
(3442, 0)
(59537241202, 0)
(3443, 4)
(59554538483, 4)
(3447, 4)
(59623727607, 4)
(3448, 0)
(59641024888, 0)
(3452, 2)
(59710214012, 3)
(3453, 3)
(59727511293, 3)
(3457, 3)
(59796700417, 3)
(3458, 0)
(59813997698, 0)
(3462, 3)
(59883186822, 3)
(3463, 4)
(59900484103, 1)
(3467, 4)
(59969673227, 4)
(3468, 4)
(59986970508, 1)
(3472, 1)
(60056159632, 1)
(3473, 0)
(60073456913, 0)
(3477, 2)
(60142646037, 3)
(3478, 4)
(60159943318, 1)
(3482, 4)
(60229132442, 1)
(3483, 3)
(60246429723, 2)
(3487, 2)
(60315618847, 3)
(3488, 0)
(60332916128, 0)
(3492, 0)
(60402105252, 0)
(3493, 3)
(60419402533, 3)
(3497, 2)
(60488591657, 3)
(3498, 0)
(60505888938, 0)
(3502, 4)
(60575078062, 1)
(3503, 2)
(60592375343, 3)
(3507, 3)
(60661564467, 3)
(3508, 0)
(60678861748, 0)
(3512, 0)
(60748050872, 0)
(3513, 4)
(60765348153, 1)
(3517, 0)
(60834537277, 0)
(3518, 3)
(60851834558, 3)
(3522, 3)
(60921023682, 2)
(3523, 4)
(60938320963, 4)
(3527, 0)
(61007510087, 0)
(3528, 0)
(61024807368, 0)
(3532, 1)
(61093996492, 1)
(3533, 0)
(61111293773, 0)
(3537, 3)
(61180482897, 2)
(3538, 3)
(61197780178, 3)
(3542, 2)
(61266969302, 2)
(3543, 3)
(61284266583, 2)
(3547, 4)
(61353455707, 4)
(3548, 2)
(61370752988, 3)
(3552, 4)
(61439942112, 4)
(3553, 1)
(61457239393, 4)
(3557, 4)
(61526428517, 1)
(3558, 3)
(61543725798, 2)
(3562, 2)
(61612914922, 2)
(3563, 3)
(61630212203, 3)
(3567, 0)
(61699401327, 0)
(3568, 2)
(61716698608, 2)
