(2, 4)
(125421122, 4)
(3, 3)
(188131683, 3)
(7, 4)
(438973927, 1)
(8, 0)
(501684488, 0)
(12, 4)
(752526732, 4)
(13, 3)
(815237293, 2)
(17, 4)
(1066079537, 1)
(18, 3)
(1128790098, 3)
(22, 3)
(1379632342, 3)
(23, 3)
(1442342903, 3)
(27, 3)
(1693185147, 3)
(28, 3)
(1755895708, 2)
(32, 2)
(2006737952, 2)
(33, 1)
(2069448513, 1)
(37, 2)
(2320290757, 2)
(38, 1)
(2383001318, 1)
(42, 1)
(2633843562, 4)
(43, 4)
(2696554123, 4)
(47, 0)
(2947396367, 0)
(48, 4)
(3010106928, 4)
(52, 0)
(3260949172, 0)
(53, 4)
(3323659733, 1)
(57, 4)
(3574501977, 4)
(58, 2)
(3637212538, 3)
(62, 2)
(3888054782, 3)
(63, 0)
(3950765343, 0)
(67, 1)
(4201607587, 1)
(68, 0)
(4264318148, 0)
(72, 0)
(4515160392, 0)
(73, 1)
(4577870953, 1)
(77, 3)
(4828713197, 2)
(78, 4)
(4891423758, 1)
(82, 1)
(5142266002, 4)
(83, 2)
(5204976563, 2)
(87, 4)
(5455818807, 1)
(88, 0)
(5518529368, 0)
(92, 1)
(5769371612, 1)
(93, 1)
(5832082173, 4)
(97, 4)
(6082924417, 4)
(98, 4)
(6145634978, 4)
(102, 1)
(6396477222, 4)
(103, 0)
(6459187783, 0)
(107, 3)
(6710030027, 2)
(108, 4)
(6772740588, 4)
(112, 4)
(7023582832, 1)
(113, 2)
(7086293393, 2)
(117, 0)
(7337135637, 0)
(118, 1)
(7399846198, 1)
(122, 0)
(7650688442, 0)
(123, 3)
(7713399003, 2)
(127, 0)
(7964241247, 0)
(128, 4)
(8026951808, 4)
(132, 0)
(8277794052, 0)
(133, 1)
(8340504613, 4)
(137, 3)
(8591346857, 2)
(138, 3)
(8654057418, 3)
(142, 1)
(8904899662, 4)
(143, 0)
(8967610223, 0)
(147, 4)
(9218452467, 4)
(148, 0)
(9281163028, 0)
(152, 0)
(9532005272, 0)
(153, 3)
(9594715833, 2)
(157, 1)
(9845558077, 4)
(158, 3)
(9908268638, 2)
(162, 1)
(10159110882, 1)
(163, 4)
(10221821443, 1)
(167, 4)
(10472663687, 4)
(168, 0)
(10535374248, 0)
(172, 2)
(10786216492, 2)
(173, 1)
(10848927053, 4)
(177, 4)
(11099769297, 4)
(178, 3)
(11162479858, 3)
(182, 3)
(11413322102, 3)
(183, 3)
(11476032663, 2)
(187, 2)
(11726874907, 3)
(188, 0)
(11789585468, 0)
(192, 0)
(12040427712, 0)
(193, 1)
(12103138273, 1)
(197, 0)
(12353980517, 0)
(198, 0)
(12416691078, 0)
(202, 4)
(12667533322, 1)
(203, 1)
(12730243883, 1)
(207, 1)
(12981086127, 1)
(208, 1)
(13043796688, 4)
(212, 0)
(13294638932, 0)
(213, 2)
(13357349493, 3)
(217, 3)
(13608191737, 3)
(218, 0)
(13670902298, 0)
(222, 3)
(13921744542, 3)
(223, 2)
(13984455103, 2)
(227, 0)
(14235297347, 0)
(228, 0)
(14298007908, 0)
(232, 0)
(14548850152, 0)
(233, 3)
(14611560713, 2)
(237, 2)
(14862402957, 3)
(238, 3)
(14925113518, 3)
(242, 4)
(15175955762, 4)
(243, 4)
(15238666323, 4)
(247, 4)
(15489508567, 1)
(248, 0)
(15552219128, 0)
(252, 0)
(15803061372, 0)
(253, 1)
(15865771933, 1)
(257, 1)
(16116614177, 4)
(258, 3)
(16179324738, 3)
(262, 4)
(16430166982, 1)
(263, 3)
(16492877543, 3)
(267, 2)
(16743719787, 2)
(268, 3)
(16806430348, 3)
(272, 3)
(17057272592, 2)
(273, 2)
(17119983153, 2)
(277, 1)
(17370825397, 4)
(278, 4)
(17433535958, 4)
(282, 2)
(17684378202, 2)
(283, 2)
(17747088763, 3)
(287, 1)
(17997931007, 1)
(288, 4)
(18060641568, 4)
(292, 0)
(18311483812, 0)
(293, 2)
(18374194373, 3)
(297, 1)
(18625036617, 1)
(298, 1)
(18687747178, 1)
(302, 3)
(18938589422, 3)
(303, 0)
(19001299983, 0)
(307, 3)
(19252142227, 3)
(308, 0)
(19314852788, 0)
(312, 0)
(19565695032, 0)
(313, 2)
(19628405593, 3)
(317, 0)
(19879247837, 0)
(318, 2)
(19941958398, 3)
(322, 2)
(20192800642, 3)
(323, 1)
(20255511203, 4)
(327, 3)
(20506353447, 3)
(328, 0)
(20569064008, 0)
(332, 1)
(20819906252, 1)
(333, 0)
(20882616813, 0)
(337, 3)
(21133459057, 3)
(338, 0)
(21196169618, 0)
(342, 2)
(21447011862, 2)
(343, 3)
(21509722423, 2)
(347, 0)
(21760564667, 0)
(348, 3)
(21823275228, 2)
(352, 4)
(22074117472, 4)
(353, 4)
(22136828033, 4)
(357, 3)
(22387670277, 3)
(358, 1)
(22450380838, 4)
(362, 2)
(22701223082, 2)
(363, 4)
(22763933643, 4)
(367, 1)
(23014775887, 4)
(368, 3)
(23077486448, 3)
(372, 0)
(23328328692, 0)
(373, 0)
(23391039253, 0)
(377, 1)
(23641881497, 1)
(378, 1)
(23704592058, 4)
(382, 2)
(23955434302, 2)
(383, 2)
(24018144863, 2)
(387, 0)
(24268987107, 0)
(388, 0)
(24331697668, 0)
(392, 0)
(24582539912, 0)
(393, 3)
(24645250473, 2)
(397, 1)
(24896092717, 4)
(398, 0)
(24958803278, 0)
(402, 4)
(25209645522, 4)
(403, 3)
(25272356083, 3)
(407, 4)
(25523198327, 4)
(408, 0)
(25585908888, 0)
(412, 0)
(25836751132, 0)
(413, 0)
(25899461693, 0)
(417, 2)
(26150303937, 2)
(418, 3)
(26213014498, 3)
(422, 0)
(26463856742, 0)
(423, 0)
(26526567303, 0)
(427, 2)
(26777409547, 2)
(428, 4)
(26840120108, 1)
(432, 4)
(27090962352, 4)
(433, 3)
(27153672913, 2)
(437, 0)
(27404515157, 0)
(438, 3)
(27467225718, 3)
(442, 2)
(27718067962, 2)
(443, 0)
(27780778523, 0)
(447, 1)
(28031620767, 1)
(448, 2)
(28094331328, 3)
(452, 0)
(28345173572, 0)
(453, 3)
(28407884133, 3)
(457, 3)
(28658726377, 3)
(458, 1)
(28721436938, 4)
(462, 2)
(28972279182, 3)
(463, 2)
(29034989743, 2)
(467, 2)
(29285831987, 3)
(468, 0)
(29348542548, 0)
(472, 0)
(29599384792, 0)
(473, 3)
(29662095353, 3)
(477, 3)
(29912937597, 2)
(478, 3)
(29975648158, 2)
(482, 0)
(30226490402, 0)
(483, 1)
(30289200963, 4)
(487, 3)
(30540043207, 2)
(488, 0)
(30602753768, 0)
(492, 4)
(30853596012, 1)
(493, 3)
(30916306573, 3)
(497, 4)
(31167148817, 4)
(498, 3)
(31229859378, 3)
(502, 1)
(31480701622, 1)
(503, 1)
(31543412183, 1)
(507, 1)
(31794254427, 1)
(508, 0)
(31856964988, 0)
(512, 4)
(32107807232, 4)
(513, 4)
(32170517793, 4)
(517, 2)
(32421360037, 2)
(518, 1)
(32484070598, 4)
(522, 0)
(32734912842, 0)
(523, 0)
(32797623403, 0)
(527, 2)
(33048465647, 2)
(528, 2)
(33111176208, 2)
(532, 0)
(33362018452, 0)
(533, 3)
(33424729013, 3)
(537, 2)
(33675571257, 3)
(538, 0)
(33738281818, 0)
(542, 1)
(33989124062, 1)
(543, 2)
(34051834623, 2)
(547, 3)
(34302676867, 2)
(548, 0)
(34365387428, 0)
(552, 0)
(34616229672, 0)
(553, 2)
(34678940233, 2)
(557, 3)
(34929782477, 3)
(558, 4)
(34992493038, 1)
(562, 2)
(35243335282, 3)
(563, 1)
(35306045843, 1)
(567, 3)
(35556888087, 2)
(568, 0)
(35619598648, 0)
(572, 0)
(35870440892, 0)
(573, 4)
(35933151453, 4)
(577, 3)
(36183993697, 3)
(578, 2)
(36246704258, 2)
(582, 4)
(36497546502, 4)
(583, 3)
(36560257063, 2)
(587, 2)
(36811099307, 2)
(588, 2)
(36873809868, 2)
(592, 4)
(37124652112, 4)
(593, 1)
(37187362673, 4)
(597, 2)
(37438204917, 3)
(598, 3)
(37500915478, 2)
(602, 1)
(37751757722, 4)
(603, 0)
(37814468283, 0)
(607, 2)
(38065310527, 3)
(608, 3)
(38128021088, 3)
(612, 0)
(38378863332, 0)
(613, 0)
(38441573893, 0)
(617, 2)
(38692416137, 2)
(618, 2)
(38755126698, 3)
(622, 3)
(39005968942, 2)
(623, 2)
(39068679503, 3)
(627, 4)
(39319521747, 4)
(628, 0)
(39382232308, 0)
(632, 0)
(39633074552, 0)
(633, 0)
(39695785113, 0)
(637, 4)
(39946627357, 1)
(638, 0)
(40009337918, 0)
(642, 4)
(40260180162, 1)
(643, 2)
(40322890723, 3)
(647, 2)
(40573732967, 2)
(648, 0)
(40636443528, 0)
(652, 2)
(40887285772, 3)
(653, 1)
(40949996333, 4)
(657, 0)
(41200838577, 0)
(658, 3)
(41263549138, 2)
(662, 3)
(41514391382, 3)
(663, 1)
(41577101943, 1)
(667, 4)
(41827944187, 1)
(668, 3)
(41890654748, 3)
(672, 3)
(42141496992, 2)
(673, 3)
(42204207553, 2)
(677, 0)
(42455049797, 0)
(678, 0)
(42517760358, 0)
(682, 3)
(42768602602, 2)
(683, 0)
(42831313163, 0)
(687, 3)
(43082155407, 2)
(688, 2)
(43144865968, 2)
(692, 0)
(43395708212, 0)
(693, 1)
(43458418773, 4)
(697, 3)
(43709261017, 3)
(698, 1)
(43771971578, 1)
(702, 4)
(44022813822, 1)
(703, 4)
(44085524383, 4)
(707, 1)
(44336366627, 1)
(708, 0)
(44399077188, 0)
(712, 0)
(44649919432, 0)
(713, 1)
(44712629993, 4)
(717, 1)
(44963472237, 4)
(718, 2)
(45026182798, 2)
(722, 1)
(45277025042, 1)
(723, 1)
(45339735603, 4)
(727, 2)
(45590577847, 3)
(728, 0)
(45653288408, 0)
(732, 1)
(45904130652, 4)
(733, 1)
(45966841213, 1)
(737, 0)
(46217683457, 0)
(738, 0)
(46280394018, 0)
(742, 2)
(46531236262, 2)
(743, 1)
(46593946823, 1)
(747, 4)
(46844789067, 4)
(748, 1)
(46907499628, 4)
(752, 0)
(47158341872, 0)
(753, 3)
(47221052433, 3)
(757, 0)
(47471894677, 0)
(758, 2)
(47534605238, 3)
(762, 3)
(47785447482, 3)
(763, 1)
(47848158043, 4)
(767, 3)
(48099000287, 2)
(768, 2)
(48161710848, 2)
(772, 0)
(48412553092, 0)
(773, 4)
(48475263653, 4)
(777, 1)
(48726105897, 4)
(778, 4)
(48788816458, 1)
(782, 1)
(49039658702, 4)
(783, 4)
(49102369263, 1)
(787, 0)
(49353211507, 0)
(788, 0)
(49415922068, 0)
(792, 0)
(49666764312, 0)
(793, 2)
(49729474873, 2)
(797, 0)
(49980317117, 0)
(798, 1)
(50043027678, 4)
(802, 3)
(50293869922, 2)
(803, 0)
(50356580483, 0)
(807, 1)
(50607422727, 1)
(808, 0)
(50670133288, 0)
(812, 3)
(50920975532, 3)
(813, 3)
(50983686093, 3)
(817, 2)
(51234528337, 2)
(818, 3)
(51297238898, 2)
(822, 0)
(51548081142, 0)
(823, 4)
(51610791703, 1)
(827, 2)
(51861633947, 3)
(828, 2)
(51924344508, 2)
(832, 2)
(52175186752, 3)
(833, 2)
(52237897313, 3)
(837, 1)
(52488739557, 4)
(838, 4)
(52551450118, 1)
(842, 4)
(52802292362, 4)
(843, 4)
(52865002923, 1)
(847, 4)
(53115845167, 1)
(848, 3)
(53178555728, 2)
(852, 0)
(53429397972, 0)
(853, 0)
(53492108533, 0)
(857, 2)
(53742950777, 2)
(858, 1)
(53805661338, 4)
(862, 2)
(54056503582, 2)
(863, 1)
(54119214143, 4)
(867, 3)
(54370056387, 3)
(868, 0)
(54432766948, 0)
(872, 0)
(54683609192, 0)
(873, 0)
(54746319753, 0)
(877, 0)
(54997161997, 0)
(878, 0)
(55059872558, 0)
(882, 3)
(55310714802, 3)
(883, 2)
(55373425363, 3)
(887, 1)
(55624267607, 1)
(888, 0)
(55686978168, 0)
(892, 4)
(55937820412, 4)
(893, 2)
(56000530973, 2)
(897, 1)
(56251373217, 4)
(898, 2)
(56314083778, 3)
(902, 2)
(56564926022, 3)
(903, 1)
(56627636583, 4)
(907, 3)
(56878478827, 2)
(908, 0)
(56941189388, 0)
(912, 3)
(57192031632, 3)
(913, 3)
(57254742193, 3)
(917, 0)
(57505584437, 0)
(918, 1)
(57568294998, 4)
(922, 2)
(57819137242, 3)
(923, 0)
(57881847803, 0)
(927, 0)
(58132690047, 0)
(928, 1)
(58195400608, 4)
(932, 0)
(58446242852, 0)
(933, 4)
(58508953413, 1)
(937, 0)
(58759795657, 0)
(938, 1)
(58822506218, 4)
(942, 3)
(59073348462, 2)
(943, 1)
(59136059023, 4)
(947, 0)
(59386901267, 0)
(948, 0)
(59449611828, 0)
(952, 0)
(59700454072, 0)
(953, 3)
(59763164633, 2)
(957, 1)
(60014006877, 4)
(958, 1)
(60076717438, 1)
(962, 2)
(60327559682, 3)
(963, 1)
(60390270243, 4)
(967, 4)
(60641112487, 4)
(968, 0)
(60703823048, 0)
(972, 2)
(60954665292, 2)
(973, 3)
(61017375853, 2)
(977, 0)
(61268218097, 0)
(978, 4)
(61330928658, 1)
(982, 0)
(61581770902, 0)
(983, 2)
(61644481463, 3)
(987, 3)
(61895323707, 2)
(988, 3)
(61958034268, 2)
(992, 1)
(62208876512, 4)
(993, 3)
(62271587073, 3)
(997, 4)
(62522429317, 4)
(998, 1)
(62585139878, 4)
(1002, 4)
(62835982122, 4)
(1003, 1)
(62898692683, 4)
(1007, 0)
(63149534927, 0)
(1008, 0)
(63212245488, 0)
(1012, 0)
(63463087732, 0)
(1013, 4)
(63525798293, 4)
(1017, 4)
(63776640537, 4)
(1018, 3)
(63839351098, 3)
(1022, 3)
(64090193342, 2)
(1023, 1)
(64152903903, 4)
(1027, 4)
(64403746147, 4)
(1028, 0)
(64466456708, 0)
(1032, 0)
(64717298952, 0)
(1033, 3)
(64780009513, 3)
(1037, 0)
(65030851757, 0)
(1038, 2)
(65093562318, 3)
(1042, 3)
(65344404562, 3)
(1043, 2)
(65407115123, 3)
(1047, 4)
(65657957367, 4)
(1048, 0)
(65720667928, 0)
(1052, 1)
(65971510172, 1)
(1053, 1)
(66034220733, 4)
(1057, 1)
(66285062977, 4)
(1058, 0)
(66347773538, 0)
(1062, 0)
(66598615782, 0)
(1063, 4)
(66661326343, 1)
(1067, 2)
(66912168587, 2)
(1068, 1)
(66974879148, 1)
(1072, 3)
(67225721392, 3)
(1073, 1)
(67288431953, 4)
(1077, 4)
(67539274197, 4)
(1078, 3)
(67601984758, 3)
(1082, 3)
(67852827002, 3)
(1083, 2)
(67915537563, 2)
(1087, 1)
(68166379807, 4)
(1088, 1)
(68229090368, 4)
(1092, 0)
(68479932612, 0)
(1093, 0)
(68542643173, 0)
(1097, 1)
(68793485417, 1)
(1098, 0)
(68856195978, 0)
(1102, 0)
(69107038222, 0)
(1103, 3)
(69169748783, 3)
(1107, 3)
(69420591027, 2)
(1108, 0)
(69483301588, 0)
(1112, 0)
(69734143832, 0)
(1113, 4)
(69796854393, 4)
(1117, 4)
(70047696637, 4)
(1118, 1)
(70110407198, 4)
(1122, 4)
(70361249442, 1)
(1123, 0)
(70423960003, 0)
(1127, 3)
(70674802247, 3)
(1128, 0)
(70737512808, 0)
(1132, 1)
(70988355052, 4)
(1133, 2)
(71051065613, 3)
(1137, 0)
(71301907857, 0)
(1138, 2)
(71364618418, 3)
(1142, 2)
(71615460662, 3)
(1143, 0)
(71678171223, 0)
(1147, 1)
(71929013467, 4)
(1148, 2)
(71991724028, 2)
(1152, 3)
(72242566272, 3)
(1153, 4)
(72305276833, 1)
(1157, 3)
(72556119077, 2)
(1158, 4)
(72618829638, 4)
(1162, 3)
(72869671882, 2)
(1163, 3)
(72932382443, 2)
(1167, 3)
(73183224687, 2)
(1168, 2)
(73245935248, 2)
(1172, 0)
(73496777492, 0)
(1173, 1)
(73559488053, 4)
(1177, 2)
(73810330297, 3)
(1178, 1)
(73873040858, 4)
(1182, 0)
(74123883102, 0)
(1183, 0)
(74186593663, 0)
(1187, 4)
(74437435907, 4)
(1188, 0)
(74500146468, 0)
(1192, 0)
(74750988712, 0)
(1193, 4)
(74813699273, 1)
(1197, 0)
(75064541517, 0)
(1198, 2)
(75127252078, 2)
(1202, 1)
(75378094322, 4)
(1203, 4)
(75440804883, 1)
(1207, 2)
(75691647127, 2)
(1208, 0)
(75754357688, 0)
(1212, 0)
(76005199932, 0)
(1213, 0)
(76067910493, 0)
(1217, 2)
(76318752737, 3)
(1218, 4)
(76381463298, 4)
(1222, 3)
(76632305542, 2)
(1223, 0)
(76695016103, 0)
(1227, 4)
(76945858347, 1)
(1228, 4)
(77008568908, 4)
(1232, 1)
(77259411152, 4)
(1233, 1)
(77322121713, 4)
(1237, 4)
(77572963957, 1)
(1238, 2)
(77635674518, 3)
(1242, 3)
(77886516762, 3)
(1243, 1)
(77949227323, 1)
(1247, 4)
(78200069567, 1)
(1248, 2)
(78262780128, 3)
(1252, 0)
(78513622372, 0)
(1253, 3)
(78576332933, 3)
(1257, 0)
(78827175177, 0)
(1258, 2)
(78889885738, 3)
(1262, 4)
(79140727982, 4)
(1263, 0)
(79203438543, 0)
(1267, 1)
(79454280787, 4)
(1268, 0)
(79516991348, 0)
(1272, 0)
(79767833592, 0)
(1273, 0)
(79830544153, 0)
(1277, 4)
(80081386397, 4)
(1278, 0)
(80144096958, 0)
(1282, 3)
(80394939202, 2)
(1283, 4)
(80457649763, 1)
(1287, 0)
(80708492007, 0)
(1288, 0)
(80771202568, 0)
(1292, 3)
(81022044812, 2)
(1293, 1)
(81084755373, 1)
(1297, 2)
(81335597617, 2)
(1298, 2)
(81398308178, 2)
(1302, 4)
(81649150422, 4)
(1303, 1)
(81711860983, 1)
(1307, 1)
(81962703227, 1)
(1308, 1)
(82025413788, 1)
(1312, 3)
(82276256032, 2)
(1313, 1)
(82338966593, 1)
(1317, 0)
(82589808837, 0)
(1318, 0)
(82652519398, 0)
(1322, 3)
(82903361642, 2)
(1323, 4)
(82966072203, 4)
(1327, 0)
(83216914447, 0)
(1328, 1)
(83279625008, 1)
(1332, 0)
(83530467252, 0)
(1333, 0)
(83593177813, 0)
(1337, 4)
(83844020057, 1)
(1338, 0)
(83906730618, 0)
(1342, 0)
(84157572862, 0)
(1343, 4)
(84220283423, 4)
(1347, 1)
(84471125667, 4)
(1348, 0)
(84533836228, 0)
(1352, 0)
(84784678472, 0)
(1353, 4)
(84847389033, 1)
(1357, 1)
(85098231277, 1)
(1358, 4)
(85160941838, 1)
(1362, 1)
(85411784082, 1)
(1363, 4)
(85474494643, 1)
(1367, 0)
(85725336887, 0)
(1368, 0)
(85788047448, 0)
(1372, 1)
(86038889692, 4)
(1373, 2)
(86101600253, 3)
(1377, 1)
(86352442497, 4)
(1378, 0)
(86415153058, 0)
(1382, 2)
(86665995302, 2)
(1383, 3)
(86728705863, 2)
(1387, 4)
(86979548107, 4)
(1388, 0)
(87042258668, 0)
(1392, 4)
(87293100912, 1)
(1393, 4)
(87355811473, 4)
(1397, 4)
(87606653717, 4)
(1398, 0)
(87669364278, 0)
(1402, 1)
(87920206522, 1)
(1403, 1)
(87982917083, 4)
(1407, 1)
(88233759327, 4)
(1408, 3)
(88296469888, 3)
(1412, 0)
(88547312132, 0)
(1413, 0)
(88610022693, 0)
(1417, 1)
(88860864937, 4)
(1418, 4)
(88923575498, 1)
(1422, 1)
(89174417742, 4)
(1423, 4)
(89237128303, 1)
(1427, 0)
(89487970547, 0)
(1428, 0)
(89550681108, 0)
(1432, 0)
(89801523352, 0)
(1433, 4)
(89864233913, 1)
(1437, 4)
(90115076157, 4)
(1438, 1)
(90177786718, 4)
(1442, 1)
(90428628962, 1)
(1443, 2)
(90491339523, 3)
(1447, 2)
(90742181767, 3)
(1448, 0)
(90804892328, 0)
(1452, 2)
(91055734572, 2)
(1453, 1)
(91118445133, 4)
(1457, 4)
(91369287377, 1)
(1458, 2)
(91431997938, 2)
(1462, 4)
(91682840182, 1)
(1463, 2)
(91745550743, 3)
(1467, 0)
(91996392987, 0)
(1468, 2)
(92059103548, 3)
(1472, 4)
(92309945792, 4)
(1473, 2)
(92372656353, 2)
(1477, 1)
(92623498597, 4)
(1478, 0)
(92686209158, 0)
(1482, 1)
(92937051402, 4)
(1483, 3)
(92999761963, 3)
(1487, 3)
(93250604207, 2)
(1488, 2)
(93313314768, 3)
(1492, 0)
(93564157012, 0)
(1493, 3)
(93626867573, 2)
(1497, 0)
(93877709817, 0)
(1498, 1)
(93940420378, 1)
(1502, 1)
(94191262622, 1)
(1503, 3)
(94253973183, 3)
(1507, 4)
(94504815427, 1)
(1508, 0)
(94567525988, 0)
(1512, 0)
(94818368232, 0)
(1513, 4)
(94881078793, 1)
(1517, 3)
(95131921037, 2)
(1518, 4)
(95194631598, 4)
(1522, 0)
(95445473842, 0)
(1523, 3)
(95508184403, 2)
(1527, 1)
(95759026647, 1)
(1528, 0)
(95821737208, 0)
(1532, 4)
(96072579452, 4)
(1533, 1)
(96135290013, 4)
(1537, 1)
(96386132257, 1)
(1538, 4)
(96448842818, 4)
(1542, 0)
(96699685062, 0)
(1543, 4)
(96762395623, 4)
(1547, 2)
(97013237867, 3)
(1548, 0)
(97075948428, 0)
(1552, 3)
(97326790672, 3)
(1553, 0)
(97389501233, 0)
(1557, 2)
(97640343477, 3)
(1558, 2)
(97703054038, 3)
(1562, 2)
(97953896282, 3)
(1563, 4)
(98016606843, 4)
(1567, 0)
(98267449087, 0)
(1568, 2)
(98330159648, 2)
(1572, 0)
(98581001892, 0)
(1573, 3)
(98643712453, 2)
(1577, 3)
(98894554697, 3)
(1578, 1)
(98957265258, 1)
(1582, 4)
(99208107502, 1)
(1583, 3)
(99270818063, 2)
(1587, 0)
(99521660307, 0)
(1588, 0)
(99584370868, 0)
(1592, 0)
(99835213112, 0)
(1593, 4)
(99897923673, 4)
(1597, 4)
(100148765917, 4)
(1598, 2)
(100211476478, 3)
(1602, 0)
(100462318722, 0)
(1603, 4)
(100525029283, 4)
(1607, 3)
(100775871527, 2)
(1608, 0)
(100838582088, 0)
(1612, 4)
(101089424332, 4)
(1613, 3)
(101152134893, 3)
(1617, 3)
(101402977137, 3)
(1618, 2)
(101465687698, 2)
(1622, 0)
(101716529942, 0)
(1623, 3)
(101779240503, 3)
(1627, 2)
(102030082747, 2)
(1628, 3)
(102092793308, 3)
(1632, 3)
(102343635552, 2)
(1633, 4)
(102406346113, 1)
(1637, 3)
(102657188357, 2)
(1638, 1)
(102719898918, 1)
(1642, 1)
(102970741162, 1)
(1643, 0)
(103033451723, 0)
(1647, 3)
(103284293967, 2)
(1648, 0)
(103347004528, 0)
(1652, 0)
(103597846772, 0)
(1653, 4)
(103660557333, 1)
(1657, 1)
(103911399577, 4)
(1658, 2)
(103974110138, 2)
(1662, 0)
(104224952382, 0)
(1663, 2)
(104287662943, 2)
(1667, 3)
(104538505187, 2)
(1668, 0)
(104601215748, 0)
(1672, 0)
(104852057992, 0)
(1673, 3)
(104914768553, 3)
(1677, 1)
(105165610797, 4)
(1678, 0)
(105228321358, 0)
(1682, 4)
(105479163602, 4)
(1683, 0)
(105541874163, 0)
(1687, 2)
(105792716407, 2)
(1688, 0)
(105855426968, 0)
(1692, 0)
(106106269212, 0)
(1693, 3)
(106168979773, 3)
(1697, 3)
(106419822017, 2)
(1698, 1)
(106482532578, 4)
(1702, 0)
(106733374822, 0)
(1703, 3)
(106796085383, 3)
(1707, 0)
(107046927627, 0)
(1708, 1)
(107109638188, 1)
(1712, 4)
(107360480432, 1)
(1713, 4)
(107423190993, 1)
(1717, 1)
(107674033237, 1)
(1718, 1)
(107736743798, 4)
(1722, 1)
(107987586042, 1)
(1723, 0)
(108050296603, 0)
(1727, 4)
(108301138847, 1)
(1728, 0)
(108363849408, 0)
(1732, 0)
(108614691652, 0)
(1733, 1)
(108677402213, 1)
(1737, 0)
(108928244457, 0)
(1738, 1)
(108990955018, 4)
(1742, 1)
(109241797262, 4)
(1743, 4)
(109304507823, 1)
(1747, 0)
(109555350067, 0)
(1748, 0)
(109618060628, 0)
(1752, 0)
(109868902872, 0)
(1753, 0)
(109931613433, 0)
(1757, 3)
(110182455677, 2)
(1758, 0)
(110245166238, 0)
(1762, 1)
(110496008482, 1)
(1763, 3)
(110558719043, 2)
(1767, 3)
(110809561287, 2)
(1768, 0)
(110872271848, 0)
(1772, 0)
(111123114092, 0)
(1773, 0)
(111185824653, 0)
(1777, 4)
(111436666897, 1)
(1778, 0)
(111499377458, 0)
(1782, 1)
(111750219702, 1)
(1783, 2)
(111812930263, 2)
(1787, 2)
(112063772507, 2)
(1788, 2)
(112126483068, 2)
(1792, 1)
(112377325312, 4)
(1793, 4)
(112440035873, 1)
(1797, 4)
(112690878117, 4)
(1798, 0)
(112753588678, 0)
(1802, 3)
(113004430922, 3)
(1803, 2)
(113067141483, 3)
(1807, 3)
(113317983727, 2)
(1808, 4)
(113380694288, 4)
(1812, 0)
(113631536532, 0)
(1813, 2)
(113694247093, 2)
(1817, 0)
(113945089337, 0)
(1818, 0)
(114007799898, 0)
(1822, 4)
(114258642142, 1)
(1823, 0)
(114321352703, 0)
(1827, 2)
(114572194947, 2)
(1828, 0)
(114634905508, 0)
(1832, 0)
(114885747752, 0)
(1833, 1)
(114948458313, 4)
(1837, 4)
(115199300557, 4)
(1838, 3)
(115262011118, 3)
(1842, 4)
(115512853362, 4)
(1843, 4)
(115575563923, 4)
(1847, 2)
(115826406167, 3)
(1848, 0)
(115889116728, 0)
(1852, 4)
(116139958972, 4)
(1853, 4)
(116202669533, 1)
(1857, 0)
(116453511777, 0)
(1858, 0)
(116516222338, 0)
(1862, 3)
(116767064582, 3)
(1863, 2)
(116829775143, 2)
(1867, 0)
(117080617387, 0)
(1868, 1)
(117143327948, 4)
(1872, 0)
(117394170192, 0)
(1873, 3)
(117456880753, 2)
(1877, 4)
(117707722997, 4)
(1878, 4)
(117770433558, 1)
(1882, 2)
(118021275802, 2)
(1883, 1)
(118083986363, 4)
(1887, 0)
(118334828607, 0)
(1888, 3)
(118397539168, 3)
(1892, 0)
(118648381412, 0)
(1893, 0)
(118711091973, 0)
(1897, 1)
(118961934217, 4)
(1898, 3)
(119024644778, 2)
(1902, 4)
(119275487022, 4)
(1903, 2)
(119338197583, 3)
(1907, 3)
(119589039827, 2)
(1908, 0)
(119651750388, 0)
(1912, 0)
(119902592632, 0)
(1913, 4)
(119965303193, 1)
(1917, 2)
(120216145437, 3)
(1918, 1)
(120278855998, 1)
(1922, 2)
(120529698242, 2)
(1923, 0)
(120592408803, 0)
(1927, 2)
(120843251047, 3)
(1928, 0)
(120905961608, 0)
(1932, 3)
(121156803852, 2)
(1933, 2)
(121219514413, 2)
(1937, 3)
(121470356657, 2)
(1938, 2)
(121533067218, 3)
(1942, 3)
(121783909462, 2)
(1943, 2)
(121846620023, 3)
(1947, 3)
(122097462267, 3)
(1948, 1)
(122160172828, 4)
(1952, 0)
(122411015072, 0)
(1953, 0)
(122473725633, 0)
(1957, 1)
(122724567877, 4)
(1958, 2)
(122787278438, 2)
(1962, 0)
(123038120682, 0)
(1963, 4)
(123100831243, 1)
(1967, 4)
(123351673487, 4)
(1968, 4)
(123414384048, 1)
(1972, 0)
(123665226292, 0)
(1973, 3)
(123727936853, 2)
(1977, 1)
(123978779097, 4)
(1978, 2)
(124041489658, 2)
(1982, 1)
(124292331902, 1)
(1983, 1)
(124355042463, 4)
(1987, 2)
(124605884707, 3)
(1988, 0)
(124668595268, 0)
(1992, 0)
(124919437512, 0)
(1993, 1)
(124982148073, 4)
(1997, 2)
(125232990317, 2)
(1998, 3)
(125295700878, 3)
(2002, 4)
(125546543122, 4)
(2003, 1)
(125609253683, 4)
(2007, 0)
(125860095927, 0)
(2008, 0)
(125922806488, 0)
(2012, 2)
(126173648732, 2)
(2013, 4)
(126236359293, 1)
(2017, 2)
(126487201537, 2)
(2018, 3)
(126549912098, 2)
(2022, 1)
(126800754342, 1)
(2023, 4)
(126863464903, 1)
(2027, 1)
(127114307147, 4)
(2028, 3)
(127177017708, 3)
(2032, 0)
(127427859952, 0)
(2033, 2)
(127490570513, 3)
(2037, 4)
(127741412757, 1)
(2038, 3)
(127804123318, 2)
(2042, 0)
(128054965562, 0)
(2043, 0)
(128117676123, 0)
(2047, 2)
(128368518367, 2)
(2048, 0)
(128431228928, 0)
(2052, 0)
(128682071172, 0)
(2053, 2)
(128744781733, 3)
(2057, 4)
(128995623977, 1)
(2058, 2)
(129058334538, 3)
(2062, 3)
(129309176782, 2)
(2063, 0)
(129371887343, 0)
(2067, 3)
(129622729587, 3)
(2068, 0)
(129685440148, 0)
(2072, 0)
(129936282392, 0)
(2073, 0)
(129998992953, 0)
(2077, 1)
(130249835197, 4)
(2078, 0)
(130312545758, 0)
(2082, 1)
(130563388002, 4)
(2083, 3)
(130626098563, 2)
(2087, 0)
(130876940807, 0)
(2088, 0)
(130939651368, 0)
(2092, 0)
(131190493612, 0)
(2093, 0)
(131253204173, 0)
(2097, 1)
(131504046417, 4)
(2098, 4)
(131566756978, 4)
(2102, 4)
(131817599222, 1)
(2103, 4)
(131880309783, 4)
(2107, 4)
(132131152027, 4)
(2108, 4)
(132193862588, 4)
(2112, 4)
(132444704832, 4)
(2113, 4)
(132507415393, 4)
(2117, 1)
(132758257637, 4)
(2118, 0)
(132820968198, 0)
(2122, 2)
(133071810442, 3)
(2123, 1)
(133134521003, 1)
(2127, 2)
(133385363247, 3)
(2128, 2)
(133448073808, 3)
(2132, 0)
(133698916052, 0)
(2133, 2)
(133761626613, 3)
(2137, 1)
(134012468857, 4)
(2138, 2)
(134075179418, 2)
(2142, 0)
(134326021662, 0)
(2143, 3)
(134388732223, 2)
(2147, 4)
(134639574467, 4)
(2148, 0)
(134702285028, 0)
(2152, 0)
(134953127272, 0)
(2153, 3)
(135015837833, 2)
(2157, 4)
(135266680077, 1)
(2158, 0)
(135329390638, 0)
(2162, 4)
(135580232882, 4)
(2163, 2)
(135642943443, 2)
(2167, 2)
(135893785687, 2)
(2168, 0)
(135956496248, 0)
(2172, 4)
(136207338492, 4)
(2173, 0)
(136270049053, 0)
(2177, 0)
(136520891297, 0)
(2178, 3)
(136583601858, 3)
(2182, 3)
(136834444102, 3)
(2183, 2)
(136897154663, 2)
(2187, 0)
(137147996907, 0)
(2188, 4)
(137210707468, 1)
(2192, 1)
(137461549712, 4)
(2193, 1)
(137524260273, 4)
(2197, 3)
(137775102517, 2)
(2198, 1)
(137837813078, 1)
(2202, 0)
(138088655322, 0)
(2203, 0)
(138151365883, 0)
(2207, 1)
(138402208127, 4)
(2208, 4)
(138464918688, 4)
(2212, 0)
(138715760932, 0)
(2213, 3)
(138778471493, 2)
(2217, 3)
(139029313737, 2)
(2218, 1)
(139092024298, 4)
(2222, 3)
(139342866542, 2)
(2223, 0)
(139405577103, 0)
(2227, 1)
(139656419347, 1)
(2228, 0)
(139719129908, 0)
(2232, 0)
(139969972152, 0)
(2233, 4)
(140032682713, 4)
(2237, 0)
(140283524957, 0)
(2238, 3)
(140346235518, 3)
(2242, 4)
(140597077762, 4)
(2243, 0)
(140659788323, 0)
(2247, 0)
(140910630567, 0)
(2248, 0)
(140973341128, 0)
(2252, 3)
(141224183372, 3)
(2253, 4)
(141286893933, 4)
(2257, 4)
(141537736177, 1)
(2258, 3)
(141600446738, 3)
(2262, 1)
(141851288982, 1)
(2263, 2)
(141913999543, 3)
(2267, 1)
(142164841787, 1)
(2268, 1)
(142227552348, 4)
(2272, 3)
(142478394592, 2)
(2273, 2)
(142541105153, 3)
(2277, 0)
(142791947397, 0)
(2278, 4)
(142854657958, 1)
(2282, 0)
(143105500202, 0)
(2283, 4)
(143168210763, 4)
(2287, 1)
(143419053007, 4)
(2288, 0)
(143481763568, 0)
(2292, 0)
(143732605812, 0)
(2293, 1)
(143795316373, 1)
(2297, 0)
(144046158617, 0)
(2298, 2)
(144108869178, 2)
(2302, 4)
(144359711422, 1)
(2303, 0)
(144422421983, 0)
(2307, 3)
(144673264227, 3)
(2308, 0)
(144735974788, 0)
(2312, 0)
(144986817032, 0)
(2313, 2)
(145049527593, 3)
(2317, 4)
(145300369837, 1)
(2318, 1)
(145363080398, 4)
(2322, 3)
(145613922642, 3)
(2323, 2)
(145676633203, 3)
(2327, 2)
(145927475447, 2)
(2328, 0)
(145990186008, 0)
(2332, 1)
(146241028252, 4)
(2333, 1)
(146303738813, 4)
(2337, 2)
(146554581057, 3)
(2338, 4)
(146617291618, 1)
(2342, 3)
(146868133862, 2)
(2343, 2)
(146930844423, 3)
(2347, 0)
(147181686667, 0)
(2348, 1)
(147244397228, 1)
(2352, 2)
(147495239472, 2)
(2353, 4)
(147557950033, 1)
(2357, 2)
(147808792277, 2)
(2358, 0)
(147871502838, 0)
(2362, 4)
(148122345082, 4)
(2363, 0)
(148185055643, 0)
(2367, 1)
(148435897887, 1)
(2368, 3)
(148498608448, 3)
(2372, 0)
(148749450692, 0)
(2373, 1)
(148812161253, 4)
(2377, 1)
(149063003497, 4)
(2378, 0)
(149125714058, 0)
(2382, 2)
(149376556302, 3)
(2383, 4)
(149439266863, 4)
(2387, 2)
(149690109107, 2)
(2388, 0)
(149752819668, 0)
(2392, 0)
(150003661912, 0)
(2393, 0)
(150066372473, 0)
(2397, 2)
(150317214717, 3)
(2398, 0)
(150379925278, 0)
(2402, 0)
(150630767522, 0)
(2403, 2)
(150693478083, 2)
(2407, 0)
(150944320327, 0)
(2408, 0)
(151007030888, 0)
(2412, 0)
(151257873132, 0)
(2413, 1)
(151320583693, 1)
(2417, 1)
(151571425937, 4)
(2418, 4)
(151634136498, 4)
(2422, 0)
(151884978742, 0)
(2423, 3)
(151947689303, 3)
(2427, 4)
(152198531547, 4)
(2428, 4)
(152261242108, 1)
(2432, 1)
(152512084352, 1)
(2433, 0)
(152574794913, 0)
(2437, 3)
(152825637157, 2)
(2438, 3)
(152888347718, 2)
(2442, 3)
(153139189962, 3)
(2443, 4)
(153201900523, 1)
(2447, 3)
(153452742767, 2)
(2448, 1)
(153515453328, 4)
(2452, 0)
(153766295572, 0)
(2453, 3)
(153829006133, 3)
(2457, 2)
(154079848377, 2)
(2458, 3)
(154142558938, 2)
(2462, 3)
(154393401182, 2)
(2463, 4)
(154456111743, 4)
(2467, 2)
(154706953987, 2)
(2468, 0)
(154769664548, 0)
(2472, 0)
(155020506792, 0)
(2473, 0)
(155083217353, 0)
(2477, 3)
(155334059597, 3)
(2478, 2)
(155396770158, 3)
(2482, 1)
(155647612402, 4)
(2483, 0)
(155710322963, 0)
(2487, 0)
(155961165207, 0)
(2488, 0)
(156023875768, 0)
(2492, 4)
(156274718012, 1)
(2493, 0)
(156337428573, 0)
(2497, 3)
(156588270817, 3)
(2498, 0)
(156650981378, 0)
(2502, 3)
(156901823622, 3)
(2503, 1)
(156964534183, 1)
(2507, 4)
(157215376427, 4)
(2508, 2)
(157278086988, 2)
(2512, 2)
(157528929232, 3)
(2513, 3)
(157591639793, 2)
(2517, 4)
(157842482037, 1)
(2518, 0)
(157905192598, 0)
(2522, 4)
(158156034842, 1)
(2523, 3)
(158218745403, 3)
(2527, 4)
(158469587647, 1)
(2528, 4)
(158532298208, 1)
(2532, 0)
(158783140452, 0)
(2533, 4)
(158845851013, 1)
(2537, 0)
(159096693257, 0)
(2538, 2)
(159159403818, 2)
(2542, 4)
(159410246062, 4)
(2543, 0)
(159472956623, 0)
(2547, 0)
(159723798867, 0)
(2548, 0)
(159786509428, 0)
(2552, 0)
(160037351672, 0)
(2553, 1)
(160100062233, 1)
(2557, 3)
(160350904477, 3)
(2558, 4)
(160413615038, 1)
(2562, 1)
(160664457282, 1)
(2563, 4)
(160727167843, 1)
(2567, 1)
(160978010087, 4)
(2568, 0)
(161040720648, 0)
(2572, 1)
(161291562892, 4)
(2573, 1)
(161354273453, 4)
(2577, 0)
(161605115697, 0)
(2578, 1)
(161667826258, 4)
(2582, 0)
(161918668502, 0)
(2583, 2)
(161981379063, 2)
(2587, 3)
(162232221307, 3)
(2588, 4)
(162294931868, 4)
(2592, 3)
(162545774112, 3)
(2593, 1)
(162608484673, 1)
(2597, 4)
(162859326917, 1)
(2598, 4)
(162922037478, 1)
(2602, 4)
(163172879722, 1)
(2603, 0)
(163235590283, 0)
(2607, 2)
(163486432527, 3)
(2608, 2)
(163549143088, 3)
(2612, 0)
(163799985332, 0)
(2613, 1)
(163862695893, 4)
(2617, 2)
(164113538137, 2)
(2618, 0)
(164176248698, 0)
(2622, 1)
(164427090942, 1)
(2623, 2)
(164489801503, 3)
(2627, 2)
(164740643747, 3)
(2628, 0)
(164803354308, 0)
(2632, 0)
(165054196552, 0)
(2633, 3)
(165116907113, 2)
(2637, 4)
(165367749357, 1)
(2638, 0)
(165430459918, 0)
(2642, 3)
(165681302162, 2)
(2643, 0)
(165744012723, 0)
(2647, 0)
(165994854967, 0)
(2648, 0)
(166057565528, 0)
(2652, 2)
(166308407772, 2)
(2653, 1)
(166371118333, 1)
(2657, 2)
(166621960577, 3)
(2658, 4)
(166684671138, 4)
(2662, 1)
(166935513382, 1)
(2663, 3)
(166998223943, 2)
(2667, 3)
(167249066187, 2)
(2668, 2)
(167311776748, 3)
(2672, 4)
(167562618992, 4)
(2673, 3)
(167625329553, 3)
(2677, 2)
(167876171797, 3)
(2678, 0)
(167938882358, 0)
(2682, 0)
(168189724602, 0)
(2683, 0)
(168252435163, 0)
(2687, 4)
(168503277407, 1)
(2688, 1)
(168565987968, 4)
(2692, 0)
(168816830212, 0)
(2693, 3)
(168879540773, 3)
(2697, 4)
(169130383017, 4)
(2698, 4)
(169193093578, 1)
(2702, 2)
(169443935822, 3)
(2703, 3)
(169506646383, 3)
(2707, 2)
(169757488627, 3)
(2708, 0)
(169820199188, 0)
(2712, 0)
(170071041432, 0)
(2713, 1)
(170133751993, 1)
(2717, 2)
(170384594237, 3)
(2718, 1)
(170447304798, 1)
(2722, 0)
(170698147042, 0)
(2723, 3)
(170760857603, 3)
(2727, 0)
(171011699847, 0)
(2728, 0)
(171074410408, 0)
(2732, 0)
(171325252652, 0)
(2733, 3)
(171387963213, 2)
(2737, 1)
(171638805457, 1)
(2738, 4)
(171701516018, 4)
(2742, 3)
(171952358262, 3)
(2743, 0)
(172015068823, 0)
(2747, 3)
(172265911067, 2)
(2748, 1)
(172328621628, 4)
(2752, 0)
(172579463872, 0)
(2753, 2)
(172642174433, 3)
(2757, 4)
(172893016677, 4)
(2758, 4)
(172955727238, 1)
(2762, 4)
(173206569482, 1)
(2763, 0)
(173269280043, 0)
(2767, 4)
(173520122287, 4)
(2768, 2)
(173582832848, 3)
(2772, 0)
(173833675092, 0)
(2773, 4)
(173896385653, 4)
(2777, 0)
(174147227897, 0)
(2778, 1)
(174209938458, 1)
(2782, 2)
(174460780702, 2)
(2783, 4)
(174523491263, 4)
(2787, 1)
(174774333507, 1)
(2788, 0)
(174837044068, 0)
(2792, 0)
(175087886312, 0)
(2793, 4)
(175150596873, 4)
(2797, 3)
(175401439117, 3)
(2798, 4)
(175464149678, 4)
(2802, 1)
(175714991922, 4)
(2803, 1)
(175777702483, 1)
(2807, 3)
(176028544727, 3)
(2808, 0)
(176091255288, 0)
(2812, 3)
(176342097532, 3)
(2813, 0)
(176404808093, 0)
(2817, 0)
(176655650337, 0)
(2818, 0)
(176718360898, 0)
(2822, 2)
(176969203142, 3)
(2823, 1)
(177031913703, 1)
(2827, 3)
(177282755947, 2)
(2828, 3)
(177345466508, 3)
(2832, 3)
(177596308752, 3)
(2833, 3)
(177659019313, 2)
(2837, 1)
(177909861557, 1)
(2838, 0)
(177972572118, 0)
(2842, 2)
(178223414362, 3)
(2843, 0)
(178286124923, 0)
(2847, 3)
(178536967167, 2)
(2848, 4)
(178599677728, 4)
(2852, 0)
(178850519972, 0)
(2853, 0)
(178913230533, 0)
(2857, 0)
(179164072777, 0)
(2858, 3)
(179226783338, 2)
(2862, 2)
(179477625582, 3)
(2863, 2)
(179540336143, 2)
(2867, 2)
(179791178387, 3)
(2868, 0)
(179853888948, 0)
(2872, 0)
(180104731192, 0)
(2873, 3)
(180167441753, 2)
(2877, 0)
(180418283997, 0)
(2878, 1)
(180480994558, 4)
(2882, 1)
(180731836802, 4)
(2883, 3)
(180794547363, 3)
(2887, 0)
(181045389607, 0)
(2888, 0)
(181108100168, 0)
(2892, 3)
(181358942412, 2)
(2893, 4)
(181421652973, 4)
(2897, 1)
(181672495217, 1)
(2898, 0)
(181735205778, 0)
(2902, 2)
(181986048022, 3)
(2903, 4)
(182048758583, 1)
(2907, 2)
(182299600827, 3)
(2908, 4)
(182362311388, 1)
(2912, 4)
(182613153632, 4)
(2913, 2)
(182675864193, 3)
(2917, 2)
(182926706437, 3)
(2918, 4)
(182989416998, 4)
(2922, 1)
(183240259242, 4)
(2923, 4)
(183302969803, 1)
(2927, 4)
(183553812047, 4)
(2928, 3)
(183616522608, 2)
(2932, 0)
(183867364852, 0)
(2933, 1)
(183930075413, 1)
(2937, 4)
(184180917657, 4)
(2938, 4)
(184243628218, 1)
(2942, 0)
(184494470462, 0)
(2943, 3)
(184557181023, 3)
(2947, 3)
(184808023267, 2)
(2948, 0)
(184870733828, 0)
(2952, 0)
(185121576072, 0)
(2953, 1)
(185184286633, 1)
(2957, 4)
(185435128877, 4)
(2958, 2)
(185497839438, 2)
(2962, 4)
(185748681682, 4)
(2963, 2)
(185811392243, 2)
(2967, 1)
(186062234487, 1)
(2968, 0)
(186124945048, 0)
(2972, 2)
(186375787292, 2)
(2973, 2)
(186438497853, 2)
(2977, 4)
(186689340097, 4)
(2978, 0)
(186752050658, 0)
(2982, 1)
(187002892902, 1)
(2983, 0)
(187065603463, 0)
(2987, 0)
(187316445707, 0)
(2988, 2)
(187379156268, 2)
(2992, 1)
(187629998512, 4)
(2993, 2)
(187692709073, 3)
(2997, 4)
(187943551317, 4)
(2998, 3)
(188006261878, 3)
(3002, 4)
(188257104122, 1)
(3003, 2)
(188319814683, 2)
(3007, 0)
(188570656927, 0)
(3008, 0)
(188633367488, 0)
(3012, 0)
(188884209732, 0)
(3013, 3)
(188946920293, 2)
(3017, 3)
(189197762537, 2)
(3018, 4)
(189260473098, 4)
(3022, 2)
(189511315342, 3)
(3023, 2)
(189574025903, 2)
(3027, 2)
(189824868147, 3)
(3028, 0)
(189887578708, 0)
(3032, 0)
(190138420952, 0)
(3033, 0)
(190201131513, 0)
(3037, 3)
(190451973757, 3)
(3038, 1)
(190514684318, 4)
(3042, 0)
(190765526562, 0)
(3043, 3)
(190828237123, 3)
(3047, 2)
(191079079367, 3)
(3048, 0)
(191141789928, 0)
(3052, 3)
(191392632172, 2)
(3053, 0)
(191455342733, 0)
(3057, 3)
(191706184977, 2)
(3058, 2)
(191768895538, 2)
(3062, 4)
(192019737782, 1)
(3063, 1)
(192082448343, 1)
(3067, 2)
(192333290587, 3)
(3068, 1)
(192396001148, 4)
(3072, 4)
(192646843392, 4)
(3073, 1)
(192709553953, 4)
(3077, 4)
(192960396197, 1)
(3078, 4)
(193023106758, 4)
(3082, 0)
(193273949002, 0)
(3083, 2)
(193336659563, 3)
(3087, 0)
(193587501807, 0)
(3088, 2)
(193650212368, 2)
(3092, 0)
(193901054612, 0)
(3093, 2)
(193963765173, 3)
(3097, 3)
(194214607417, 2)
(3098, 4)
(194277317978, 4)
(3102, 1)
(194528160222, 1)
(3103, 0)
(194590870783, 0)
(3107, 3)
(194841713027, 3)
(3108, 0)
(194904423588, 0)
(3112, 0)
(195155265832, 0)
(3113, 1)
(195217976393, 4)
(3117, 0)
(195468818637, 0)
(3118, 0)
(195531529198, 0)
(3122, 3)
(195782371442, 2)
(3123, 0)
(195845082003, 0)
(3127, 1)
(196095924247, 4)
(3128, 0)
(196158634808, 0)
(3132, 3)
(196409477052, 2)
(3133, 0)
(196472187613, 0)
(3137, 1)
(196723029857, 1)
(3138, 4)
(196785740418, 1)
(3142, 0)
(197036582662, 0)
(3143, 1)
(197099293223, 1)
(3147, 0)
(197350135467, 0)
(3148, 0)
(197412846028, 0)
(3152, 0)
(197663688272, 0)
(3153, 4)
(197726398833, 1)
(3157, 4)
(197977241077, 4)
(3158, 2)
(198039951638, 3)
(3162, 0)
(198290793882, 0)
(3163, 1)
(198353504443, 4)
(3167, 2)
(198604346687, 3)
(3168, 0)
(198667057248, 0)
(3172, 0)
(198917899492, 0)
(3173, 0)
(198980610053, 0)
(3177, 3)
(199231452297, 3)
(3178, 0)
(199294162858, 0)
(3182, 2)
(199545005102, 2)
(3183, 4)
(199607715663, 1)
(3187, 2)
(199858557907, 2)
(3188, 0)
(199921268468, 0)
(3192, 0)
(200172110712, 0)
(3193, 4)
(200234821273, 4)
(3197, 4)
(200485663517, 4)
(3198, 2)
(200548374078, 2)
(3202, 1)
(200799216322, 1)
(3203, 4)
(200861926883, 4)
(3207, 3)
(201112769127, 3)
(3208, 0)
(201175479688, 0)
(3212, 0)
(201426321932, 0)
(3213, 3)
(201489032493, 3)
(3217, 1)
(201739874737, 4)
(3218, 1)
(201802585298, 4)
(3222, 0)
(202053427542, 0)
(3223, 0)
(202116138103, 0)
(3227, 4)
(202366980347, 4)
(3228, 2)
(202429690908, 2)
(3232, 2)
(202680533152, 3)
(3233, 4)
(202743243713, 4)
(3237, 2)
(202994085957, 3)
(3238, 3)
(203056796518, 3)
(3242, 3)
(203307638762, 2)
(3243, 2)
(203370349323, 2)
(3247, 3)
(203621191567, 2)
(3248, 3)
(203683902128, 3)
(3252, 0)
(203934744372, 0)
(3253, 1)
(203997454933, 1)
(3257, 1)
(204248297177, 1)
(3258, 4)
(204311007738, 4)
(3262, 3)
(204561849982, 3)
(3263, 3)
(204624560543, 2)
(3267, 4)
(204875402787, 4)
(3268, 0)
(204938113348, 0)
(3272, 0)
(205188955592, 0)
(3273, 4)
(205251666153, 4)
(3277, 3)
(205502508397, 2)
(3278, 1)
(205565218958, 1)
(3282, 0)
(205816061202, 0)
(3283, 1)
(205878771763, 1)
(3287, 1)
(206129614007, 4)
(3288, 0)
(206192324568, 0)
(3292, 3)
(206443166812, 2)
(3293, 1)
(206505877373, 1)
(3297, 0)
(206756719617, 0)
(3298, 1)
(206819430178, 4)
(3302, 1)
(207070272422, 4)
(3303, 0)
(207132982983, 0)
(3307, 4)
(207383825227, 4)
(3308, 1)
(207446535788, 4)
(3312, 1)
(207697378032, 1)
(3313, 1)
(207760088593, 4)
(3317, 1)
(208010930837, 1)
(3318, 2)
(208073641398, 2)
(3322, 4)
(208324483642, 4)
(3323, 3)
(208387194203, 2)
(3327, 4)
(208638036447, 1)
(3328, 2)
(208700747008, 3)
(3332, 0)
(208951589252, 0)
(3333, 3)
(209014299813, 2)
(3337, 4)
(209265142057, 1)
(3338, 0)
(209327852618, 0)
(3342, 4)
(209578694862, 4)
(3343, 4)
(209641405423, 4)
(3347, 1)
(209892247667, 4)
(3348, 0)
(209954958228, 0)
(3352, 0)
(210205800472, 0)
(3353, 0)
(210268511033, 0)
(3357, 0)
(210519353277, 0)
(3358, 2)
(210582063838, 2)
(3362, 4)
(210832906082, 4)
(3363, 4)
(210895616643, 4)
(3367, 0)
(211146458887, 0)
(3368, 0)
(211209169448, 0)
(3372, 2)
(211460011692, 3)
(3373, 4)
(211522722253, 4)
(3377, 3)
(211773564497, 3)
(3378, 4)
(211836275058, 4)
(3382, 0)
(212087117302, 0)
(3383, 1)
(212149827863, 1)
(3387, 2)
(212400670107, 2)
(3388, 3)
(212463380668, 2)
(3392, 1)
(212714222912, 4)
(3393, 2)
(212776933473, 2)
(3397, 0)
(213027775717, 0)
(3398, 3)
(213090486278, 3)
(3402, 3)
(213341328522, 2)
(3403, 2)
(213404039083, 3)
(3407, 3)
(213654881327, 2)
(3408, 4)
(213717591888, 1)
(3412, 0)
(213968434132, 0)
(3413, 3)
(214031144693, 2)
(3417, 4)
(214281986937, 1)
(3418, 2)
(214344697498, 3)
(3422, 3)
(214595539742, 2)
(3423, 0)
(214658250303, 0)
(3427, 1)
(214909092547, 1)
(3428, 0)
(214971803108, 0)
(3432, 0)
(215222645352, 0)
(3433, 1)
(215285355913, 1)
(3437, 2)
(215536198157, 3)
(3438, 0)
(215598908718, 0)
(3442, 0)
(215849750962, 0)
(3443, 4)
(215912461523, 1)
(3447, 4)
(216163303767, 4)
(3448, 0)
(216226014328, 0)
(3452, 2)
(216476856572, 3)
(3453, 3)
(216539567133, 2)
(3457, 3)
(216790409377, 2)
(3458, 0)
(216853119938, 0)
(3462, 3)
(217103962182, 3)
(3463, 4)
(217166672743, 1)
(3467, 4)
(217417514987, 1)
(3468, 4)
(217480225548, 4)
(3472, 1)
(217731067792, 1)
(3473, 0)
(217793778353, 0)
(3477, 2)
(218044620597, 3)
(3478, 4)
(218107331158, 4)
(3482, 4)
(218358173402, 1)
(3483, 3)
(218420883963, 3)
(3487, 2)
(218671726207, 2)
(3488, 0)
(218734436768, 0)
(3492, 0)
(218985279012, 0)
(3493, 3)
(219047989573, 3)
(3497, 2)
(219298831817, 3)
(3498, 0)
(219361542378, 0)
(3502, 4)
(219612384622, 4)
(3503, 2)
(219675095183, 3)
(3507, 3)
(219925937427, 2)
(3508, 0)
(219988647988, 0)
(3512, 0)
(220239490232, 0)
(3513, 4)
(220302200793, 1)
(3517, 0)
(220553043037, 0)
(3518, 3)
(220615753598, 3)
(3522, 3)
(220866595842, 3)
(3523, 4)
(220929306403, 1)
(3527, 0)
(221180148647, 0)
(3528, 0)
(221242859208, 0)
(3532, 1)
(221493701452, 4)
(3533, 0)
(221556412013, 0)
(3537, 3)
(221807254257, 2)
(3538, 3)
(221869964818, 3)
(3542, 2)
(222120807062, 3)
(3543, 3)
(222183517623, 3)
(3547, 4)
(222434359867, 1)
(3548, 2)
(222497070428, 2)
(3552, 4)
(222747912672, 4)
(3553, 1)
(222810623233, 4)
(3557, 4)
(223061465477, 4)
(3558, 3)
(223124176038, 2)
(3562, 2)
(223375018282, 2)
(3563, 3)
(223437728843, 2)
(3567, 0)
(223688571087, 0)
(3568, 2)
(223751281648, 2)
