(2, 4)
(73908482, 4)
(3, 3)
(110862723, 2)
(7, 4)
(258679687, 4)
(8, 0)
(295633928, 0)
(12, 4)
(443450892, 1)
(13, 3)
(480405133, 2)
(17, 4)
(628222097, 1)
(18, 3)
(665176338, 3)
(22, 3)
(812993302, 3)
(23, 3)
(849947543, 3)
(27, 3)
(997764507, 2)
(28, 3)
(1034718748, 3)
(32, 2)
(1182535712, 2)
(33, 1)
(1219489953, 4)
(37, 2)
(1367306917, 2)
(38, 1)
(1404261158, 1)
(42, 1)
(1552078122, 4)
(43, 4)
(1589032363, 1)
(47, 0)
(1736849327, 0)
(48, 4)
(1773803568, 1)
(52, 0)
(1921620532, 0)
(53, 4)
(1958574773, 4)
(57, 4)
(2106391737, 1)
(58, 2)
(2143345978, 3)
(62, 2)
(2291162942, 2)
(63, 0)
(2328117183, 0)
(67, 1)
(2475934147, 4)
(68, 0)
(2512888388, 0)
(72, 0)
(2660705352, 0)
(73, 1)
(2697659593, 4)
(77, 3)
(2845476557, 3)
(78, 4)
(2882430798, 4)
(82, 1)
(3030247762, 4)
(83, 2)
(3067202003, 2)
(87, 4)
(3215018967, 4)
(88, 0)
(3251973208, 0)
(92, 1)
(3399790172, 1)
(93, 1)
(3436744413, 4)
(97, 4)
(3584561377, 4)
(98, 4)
(3621515618, 4)
(102, 1)
(3769332582, 1)
(103, 0)
(3806286823, 0)
(107, 3)
(3954103787, 2)
(108, 4)
(3991058028, 1)
(112, 4)
(4138874992, 4)
(113, 2)
(4175829233, 3)
(117, 0)
(4323646197, 0)
(118, 1)
(4360600438, 1)
(122, 0)
(4508417402, 0)
(123, 3)
(4545371643, 3)
(127, 0)
(4693188607, 0)
(128, 4)
(4730142848, 4)
(132, 0)
(4877959812, 0)
(133, 1)
(4914914053, 1)
(137, 3)
(5062731017, 2)
(138, 3)
(5099685258, 2)
(142, 1)
(5247502222, 1)
(143, 0)
(5284456463, 0)
(147, 4)
(5432273427, 1)
(148, 0)
(5469227668, 0)
(152, 0)
(5617044632, 0)
(153, 3)
(5653998873, 2)
(157, 1)
(5801815837, 1)
(158, 3)
(5838770078, 3)
(162, 1)
(5986587042, 1)
(163, 4)
(6023541283, 4)
(167, 4)
(6171358247, 4)
(168, 0)
(6208312488, 0)
(172, 2)
(6356129452, 3)
(173, 1)
(6393083693, 1)
(177, 4)
(6540900657, 1)
(178, 3)
(6577854898, 2)
(182, 3)
(6725671862, 2)
(183, 3)
(6762626103, 3)
(187, 2)
(6910443067, 3)
(188, 0)
(6947397308, 0)
(192, 0)
(7095214272, 0)
(193, 1)
(7132168513, 1)
(197, 0)
(7279985477, 0)
(198, 0)
(7316939718, 0)
(202, 4)
(7464756682, 4)
(203, 1)
(7501710923, 4)
(207, 1)
(7649527887, 1)
(208, 1)
(7686482128, 4)
(212, 0)
(7834299092, 0)
(213, 2)
(7871253333, 3)
(217, 3)
(8019070297, 3)
(218, 0)
(8056024538, 0)
(222, 3)
(8203841502, 2)
(223, 2)
(8240795743, 3)
(227, 0)
(8388612707, 0)
(228, 0)
(8425566948, 0)
(232, 0)
(8573383912, 0)
(233, 3)
(8610338153, 2)
(237, 2)
(8758155117, 3)
(238, 3)
(8795109358, 2)
(242, 4)
(8942926322, 4)
(243, 4)
(8979880563, 1)
(247, 4)
(9127697527, 1)
(248, 0)
(9164651768, 0)
(252, 0)
(9312468732, 0)
(253, 1)
(9349422973, 1)
(257, 1)
(9497239937, 1)
(258, 3)
(9534194178, 3)
(262, 4)
(9682011142, 1)
(263, 3)
(9718965383, 3)
(267, 2)
(9866782347, 2)
(268, 3)
(9903736588, 2)
(272, 3)
(10051553552, 2)
(273, 2)
(10088507793, 2)
(277, 1)
(10236324757, 4)
(278, 4)
(10273278998, 4)
(282, 2)
(10421095962, 2)
(283, 2)
(10458050203, 3)
(287, 1)
(10605867167, 4)
(288, 4)
(10642821408, 4)
(292, 0)
(10790638372, 0)
(293, 2)
(10827592613, 3)
(297, 1)
(10975409577, 4)
(298, 1)
(11012363818, 1)
(302, 3)
(11160180782, 2)
(303, 0)
(11197135023, 0)
(307, 3)
(11344951987, 2)
(308, 0)
(11381906228, 0)
(312, 0)
(11529723192, 0)
(313, 2)
(11566677433, 2)
(317, 0)
(11714494397, 0)
(318, 2)
(11751448638, 3)
(322, 2)
(11899265602, 2)
(323, 1)
(11936219843, 4)
(327, 3)
(12084036807, 2)
(328, 0)
(12120991048, 0)
(332, 1)
(12268808012, 1)
(333, 0)
(12305762253, 0)
(337, 3)
(12453579217, 3)
(338, 0)
(12490533458, 0)
(342, 2)
(12638350422, 2)
(343, 3)
(12675304663, 3)
(347, 0)
(12823121627, 0)
(348, 3)
(12860075868, 3)
(352, 4)
(13007892832, 4)
(353, 4)
(13044847073, 4)
(357, 3)
(13192664037, 3)
(358, 1)
(13229618278, 4)
(362, 2)
(13377435242, 2)
(363, 4)
(13414389483, 1)
(367, 1)
(13562206447, 4)
(368, 3)
(13599160688, 3)
(372, 0)
(13746977652, 0)
(373, 0)
(13783931893, 0)
(377, 1)
(13931748857, 1)
(378, 1)
(13968703098, 4)
(382, 2)
(14116520062, 3)
(383, 2)
(14153474303, 2)
(387, 0)
(14301291267, 0)
(388, 0)
(14338245508, 0)
(392, 0)
(14486062472, 0)
(393, 3)
(14523016713, 3)
(397, 1)
(14670833677, 1)
(398, 0)
(14707787918, 0)
(402, 4)
(14855604882, 4)
(403, 3)
(14892559123, 2)
(407, 4)
(15040376087, 4)
(408, 0)
(15077330328, 0)
(412, 0)
(15225147292, 0)
(413, 0)
(15262101533, 0)
(417, 2)
(15409918497, 3)
(418, 3)
(15446872738, 3)
(422, 0)
(15594689702, 0)
(423, 0)
(15631643943, 0)
(427, 2)
(15779460907, 3)
(428, 4)
(15816415148, 1)
(432, 4)
(15964232112, 1)
(433, 3)
(16001186353, 3)
(437, 0)
(16149003317, 0)
(438, 3)
(16185957558, 3)
(442, 2)
(16333774522, 2)
(443, 0)
(16370728763, 0)
(447, 1)
(16518545727, 4)
(448, 2)
(16555499968, 2)
(452, 0)
(16703316932, 0)
(453, 3)
(16740271173, 3)
(457, 3)
(16888088137, 2)
(458, 1)
(16925042378, 1)
(462, 2)
(17072859342, 3)
(463, 2)
(17109813583, 3)
(467, 2)
(17257630547, 2)
(468, 0)
(17294584788, 0)
(472, 0)
(17442401752, 0)
(473, 3)
(17479355993, 2)
(477, 3)
(17627172957, 3)
(478, 3)
(17664127198, 3)
(482, 0)
(17811944162, 0)
(483, 1)
(17848898403, 4)
(487, 3)
(17996715367, 2)
(488, 0)
(18033669608, 0)
(492, 4)
(18181486572, 4)
(493, 3)
(18218440813, 3)
(497, 4)
(18366257777, 4)
(498, 3)
(18403212018, 2)
(502, 1)
(18551028982, 1)
(503, 1)
(18587983223, 4)
(507, 1)
(18735800187, 4)
(508, 0)
(18772754428, 0)
(512, 4)
(18920571392, 4)
(513, 4)
(18957525633, 1)
(517, 2)
(19105342597, 3)
(518, 1)
(19142296838, 1)
(522, 0)
(19290113802, 0)
(523, 0)
(19327068043, 0)
(527, 2)
(19474885007, 3)
(528, 2)
(19511839248, 3)
(532, 0)
(19659656212, 0)
(533, 3)
(19696610453, 3)
(537, 2)
(19844427417, 2)
(538, 0)
(19881381658, 0)
(542, 1)
(20029198622, 1)
(543, 2)
(20066152863, 3)
(547, 3)
(20213969827, 2)
(548, 0)
(20250924068, 0)
(552, 0)
(20398741032, 0)
(553, 2)
(20435695273, 2)
(557, 3)
(20583512237, 2)
(558, 4)
(20620466478, 4)
(562, 2)
(20768283442, 3)
(563, 1)
(20805237683, 4)
(567, 3)
(20953054647, 3)
(568, 0)
(20990008888, 0)
(572, 0)
(21137825852, 0)
(573, 4)
(21174780093, 4)
(577, 3)
(21322597057, 2)
(578, 2)
(21359551298, 2)
(582, 4)
(21507368262, 1)
(583, 3)
(21544322503, 3)
(587, 2)
(21692139467, 3)
(588, 2)
(21729093708, 3)
(592, 4)
(21876910672, 4)
(593, 1)
(21913864913, 4)
(597, 2)
(22061681877, 3)
(598, 3)
(22098636118, 2)
(602, 1)
(22246453082, 4)
(603, 0)
(22283407323, 0)
(607, 2)
(22431224287, 3)
(608, 3)
(22468178528, 3)
(612, 0)
(22615995492, 0)
(613, 0)
(22652949733, 0)
(617, 2)
(22800766697, 3)
(618, 2)
(22837720938, 2)
(622, 3)
(22985537902, 3)
(623, 2)
(23022492143, 3)
(627, 4)
(23170309107, 1)
(628, 0)
(23207263348, 0)
(632, 0)
(23355080312, 0)
(633, 0)
(23392034553, 0)
(637, 4)
(23539851517, 1)
(638, 0)
(23576805758, 0)
(642, 4)
(23724622722, 4)
(643, 2)
(23761576963, 2)
(647, 2)
(23909393927, 3)
(648, 0)
(23946348168, 0)
(652, 2)
(24094165132, 2)
(653, 1)
(24131119373, 4)
(657, 0)
(24278936337, 0)
(658, 3)
(24315890578, 2)
(662, 3)
(24463707542, 2)
(663, 1)
(24500661783, 4)
(667, 4)
(24648478747, 1)
(668, 3)
(24685432988, 3)
(672, 3)
(24833249952, 2)
(673, 3)
(24870204193, 2)
(677, 0)
(25018021157, 0)
(678, 0)
(25054975398, 0)
(682, 3)
(25202792362, 3)
(683, 0)
(25239746603, 0)
(687, 3)
(25387563567, 2)
(688, 2)
(25424517808, 3)
(692, 0)
(25572334772, 0)
(693, 1)
(25609289013, 1)
(697, 3)
(25757105977, 3)
(698, 1)
(25794060218, 4)
(702, 4)
(25941877182, 4)
(703, 4)
(25978831423, 4)
(707, 1)
(26126648387, 1)
(708, 0)
(26163602628, 0)
(712, 0)
(26311419592, 0)
(713, 1)
(26348373833, 1)
(717, 1)
(26496190797, 4)
(718, 2)
(26533145038, 2)
(722, 1)
(26680962002, 1)
(723, 1)
(26717916243, 4)
(727, 2)
(26865733207, 3)
(728, 0)
(26902687448, 0)
(732, 1)
(27050504412, 1)
(733, 1)
(27087458653, 1)
(737, 0)
(27235275617, 0)
(738, 0)
(27272229858, 0)
(742, 2)
(27420046822, 2)
(743, 1)
(27457001063, 1)
(747, 4)
(27604818027, 4)
(748, 1)
(27641772268, 4)
(752, 0)
(27789589232, 0)
(753, 3)
(27826543473, 2)
(757, 0)
(27974360437, 0)
(758, 2)
(28011314678, 2)
(762, 3)
(28159131642, 2)
(763, 1)
(28196085883, 1)
(767, 3)
(28343902847, 2)
(768, 2)
(28380857088, 3)
(772, 0)
(28528674052, 0)
(773, 4)
(28565628293, 1)
(777, 1)
(28713445257, 4)
(778, 4)
(28750399498, 1)
(782, 1)
(28898216462, 4)
(783, 4)
(28935170703, 4)
(787, 0)
(29082987667, 0)
(788, 0)
(29119941908, 0)
(792, 0)
(29267758872, 0)
(793, 2)
(29304713113, 2)
(797, 0)
(29452530077, 0)
(798, 1)
(29489484318, 4)
(802, 3)
(29637301282, 3)
(803, 0)
(29674255523, 0)
(807, 1)
(29822072487, 1)
(808, 0)
(29859026728, 0)
(812, 3)
(30006843692, 2)
(813, 3)
(30043797933, 2)
(817, 2)
(30191614897, 3)
(818, 3)
(30228569138, 2)
(822, 0)
(30376386102, 0)
(823, 4)
(30413340343, 4)
(827, 2)
(30561157307, 2)
(828, 2)
(30598111548, 2)
(832, 2)
(30745928512, 3)
(833, 2)
(30782882753, 3)
(837, 1)
(30930699717, 4)
(838, 4)
(30967653958, 4)
(842, 4)
(31115470922, 1)
(843, 4)
(31152425163, 4)
(847, 4)
(31300242127, 4)
(848, 3)
(31337196368, 3)
(852, 0)
(31485013332, 0)
(853, 0)
(31521967573, 0)
(857, 2)
(31669784537, 3)
(858, 1)
(31706738778, 1)
(862, 2)
(31854555742, 3)
(863, 1)
(31891509983, 4)
(867, 3)
(32039326947, 2)
(868, 0)
(32076281188, 0)
(872, 0)
(32224098152, 0)
(873, 0)
(32261052393, 0)
(877, 0)
(32408869357, 0)
(878, 0)
(32445823598, 0)
(882, 3)
(32593640562, 3)
(883, 2)
(32630594803, 2)
(887, 1)
(32778411767, 4)
(888, 0)
(32815366008, 0)
(892, 4)
(32963182972, 1)
(893, 2)
(33000137213, 3)
(897, 1)
(33147954177, 1)
(898, 2)
(33184908418, 2)
(902, 2)
(33332725382, 3)
(903, 1)
(33369679623, 1)
(907, 3)
(33517496587, 2)
(908, 0)
(33554450828, 0)
(912, 3)
(33702267792, 2)
(913, 3)
(33739222033, 3)
(917, 0)
(33887038997, 0)
(918, 1)
(33923993238, 1)
(922, 2)
(34071810202, 3)
(923, 0)
(34108764443, 0)
(927, 0)
(34256581407, 0)
(928, 1)
(34293535648, 4)
(932, 0)
(34441352612, 0)
(933, 4)
(34478306853, 1)
(937, 0)
(34626123817, 0)
(938, 1)
(34663078058, 4)
(942, 3)
(34810895022, 2)
(943, 1)
(34847849263, 4)
(947, 0)
(34995666227, 0)
(948, 0)
(35032620468, 0)
(952, 0)
(35180437432, 0)
(953, 3)
(35217391673, 3)
(957, 1)
(35365208637, 1)
(958, 1)
(35402162878, 4)
(962, 2)
(35549979842, 3)
(963, 1)
(35586934083, 4)
(967, 4)
(35734751047, 1)
(968, 0)
(35771705288, 0)
(972, 2)
(35919522252, 3)
(973, 3)
(35956476493, 3)
(977, 0)
(36104293457, 0)
(978, 4)
(36141247698, 1)
(982, 0)
(36289064662, 0)
(983, 2)
(36326018903, 2)
(987, 3)
(36473835867, 3)
(988, 3)
(36510790108, 2)
(992, 1)
(36658607072, 1)
(993, 3)
(36695561313, 3)
(997, 4)
(36843378277, 4)
(998, 1)
(36880332518, 4)
(1002, 4)
(37028149482, 1)
(1003, 1)
(37065103723, 4)
(1007, 0)
(37212920687, 0)
(1008, 0)
(37249874928, 0)
(1012, 0)
(37397691892, 0)
(1013, 4)
(37434646133, 4)
(1017, 4)
(37582463097, 1)
(1018, 3)
(37619417338, 3)
(1022, 3)
(37767234302, 2)
(1023, 1)
(37804188543, 4)
(1027, 4)
(37952005507, 1)
(1028, 0)
(37988959748, 0)
(1032, 0)
(38136776712, 0)
(1033, 3)
(38173730953, 3)
(1037, 0)
(38321547917, 0)
(1038, 2)
(38358502158, 3)
(1042, 3)
(38506319122, 2)
(1043, 2)
(38543273363, 2)
(1047, 4)
(38691090327, 4)
(1048, 0)
(38728044568, 0)
(1052, 1)
(38875861532, 1)
(1053, 1)
(38912815773, 4)
(1057, 1)
(39060632737, 4)
(1058, 0)
(39097586978, 0)
(1062, 0)
(39245403942, 0)
(1063, 4)
(39282358183, 4)
(1067, 2)
(39430175147, 2)
(1068, 1)
(39467129388, 1)
(1072, 3)
(39614946352, 2)
(1073, 1)
(39651900593, 4)
(1077, 4)
(39799717557, 1)
(1078, 3)
(39836671798, 3)
(1082, 3)
(39984488762, 2)
(1083, 2)
(40021443003, 3)
(1087, 1)
(40169259967, 4)
(1088, 1)
(40206214208, 4)
(1092, 0)
(40354031172, 0)
(1093, 0)
(40390985413, 0)
(1097, 1)
(40538802377, 1)
(1098, 0)
(40575756618, 0)
(1102, 0)
(40723573582, 0)
(1103, 3)
(40760527823, 2)
(1107, 3)
(40908344787, 3)
(1108, 0)
(40945299028, 0)
(1112, 0)
(41093115992, 0)
(1113, 4)
(41130070233, 1)
(1117, 4)
(41277887197, 4)
(1118, 1)
(41314841438, 1)
(1122, 4)
(41462658402, 4)
(1123, 0)
(41499612643, 0)
(1127, 3)
(41647429607, 3)
(1128, 0)
(41684383848, 0)
(1132, 1)
(41832200812, 4)
(1133, 2)
(41869155053, 3)
(1137, 0)
(42016972017, 0)
(1138, 2)
(42053926258, 2)
(1142, 2)
(42201743222, 2)
(1143, 0)
(42238697463, 0)
(1147, 1)
(42386514427, 1)
(1148, 2)
(42423468668, 3)
(1152, 3)
(42571285632, 3)
(1153, 4)
(42608239873, 1)
(1157, 3)
(42756056837, 3)
(1158, 4)
(42793011078, 1)
(1162, 3)
(42940828042, 3)
(1163, 3)
(42977782283, 3)
(1167, 3)
(43125599247, 3)
(1168, 2)
(43162553488, 3)
(1172, 0)
(43310370452, 0)
(1173, 1)
(43347324693, 1)
(1177, 2)
(43495141657, 3)
(1178, 1)
(43532095898, 1)
(1182, 0)
(43679912862, 0)
(1183, 0)
(43716867103, 0)
(1187, 4)
(43864684067, 1)
(1188, 0)
(43901638308, 0)
(1192, 0)
(44049455272, 0)
(1193, 4)
(44086409513, 4)
(1197, 0)
(44234226477, 0)
(1198, 2)
(44271180718, 2)
(1202, 1)
(44418997682, 1)
(1203, 4)
(44455951923, 1)
(1207, 2)
(44603768887, 3)
(1208, 0)
(44640723128, 0)
(1212, 0)
(44788540092, 0)
(1213, 0)
(44825494333, 0)
(1217, 2)
(44973311297, 3)
(1218, 4)
(45010265538, 4)
(1222, 3)
(45158082502, 3)
(1223, 0)
(45195036743, 0)
(1227, 4)
(45342853707, 4)
(1228, 4)
(45379807948, 1)
(1232, 1)
(45527624912, 1)
(1233, 1)
(45564579153, 4)
(1237, 4)
(45712396117, 4)
(1238, 2)
(45749350358, 3)
(1242, 3)
(45897167322, 2)
(1243, 1)
(45934121563, 4)
(1247, 4)
(46081938527, 4)
(1248, 2)
(46118892768, 2)
(1252, 0)
(46266709732, 0)
(1253, 3)
(46303663973, 2)
(1257, 0)
(46451480937, 0)
(1258, 2)
(46488435178, 3)
(1262, 4)
(46636252142, 1)
(1263, 0)
(46673206383, 0)
(1267, 1)
(46821023347, 1)
(1268, 0)
(46857977588, 0)
(1272, 0)
(47005794552, 0)
(1273, 0)
(47042748793, 0)
(1277, 4)
(47190565757, 1)
(1278, 0)
(47227519998, 0)
(1282, 3)
(47375336962, 2)
(1283, 4)
(47412291203, 1)
(1287, 0)
(47560108167, 0)
(1288, 0)
(47597062408, 0)
(1292, 3)
(47744879372, 2)
(1293, 1)
(47781833613, 1)
(1297, 2)
(47929650577, 3)
(1298, 2)
(47966604818, 2)
(1302, 4)
(48114421782, 1)
(1303, 1)
(48151376023, 1)
(1307, 1)
(48299192987, 4)
(1308, 1)
(48336147228, 4)
(1312, 3)
(48483964192, 2)
(1313, 1)
(48520918433, 4)
(1317, 0)
(48668735397, 0)
(1318, 0)
(48705689638, 0)
(1322, 3)
(48853506602, 3)
(1323, 4)
(48890460843, 1)
(1327, 0)
(49038277807, 0)
(1328, 1)
(49075232048, 1)
(1332, 0)
(49223049012, 0)
(1333, 0)
(49260003253, 0)
(1337, 4)
(49407820217, 1)
(1338, 0)
(49444774458, 0)
(1342, 0)
(49592591422, 0)
(1343, 4)
(49629545663, 1)
(1347, 1)
(49777362627, 4)
(1348, 0)
(49814316868, 0)
(1352, 0)
(49962133832, 0)
(1353, 4)
(49999088073, 4)
(1357, 1)
(50146905037, 1)
(1358, 4)
(50183859278, 4)
(1362, 1)
(50331676242, 1)
(1363, 4)
(50368630483, 4)
(1367, 0)
(50516447447, 0)
(1368, 0)
(50553401688, 0)
(1372, 1)
(50701218652, 1)
(1373, 2)
(50738172893, 2)
(1377, 1)
(50885989857, 4)
(1378, 0)
(50922944098, 0)
(1382, 2)
(51070761062, 2)
(1383, 3)
(51107715303, 3)
(1387, 4)
(51255532267, 1)
(1388, 0)
(51292486508, 0)
(1392, 4)
(51440303472, 4)
(1393, 4)
(51477257713, 4)
(1397, 4)
(51625074677, 4)
(1398, 0)
(51662028918, 0)
(1402, 1)
(51809845882, 1)
(1403, 1)
(51846800123, 4)
(1407, 1)
(51994617087, 1)
(1408, 3)
(52031571328, 3)
(1412, 0)
(52179388292, 0)
(1413, 0)
(52216342533, 0)
(1417, 1)
(52364159497, 4)
(1418, 4)
(52401113738, 1)
(1422, 1)
(52548930702, 1)
(1423, 4)
(52585884943, 4)
(1427, 0)
(52733701907, 0)
(1428, 0)
(52770656148, 0)
(1432, 0)
(52918473112, 0)
(1433, 4)
(52955427353, 1)
(1437, 4)
(53103244317, 4)
(1438, 1)
(53140198558, 1)
(1442, 1)
(53288015522, 4)
(1443, 2)
(53324969763, 2)
(1447, 2)
(53472786727, 2)
(1448, 0)
(53509740968, 0)
(1452, 2)
(53657557932, 3)
(1453, 1)
(53694512173, 4)
(1457, 4)
(53842329137, 1)
(1458, 2)
(53879283378, 2)
(1462, 4)
(54027100342, 4)
(1463, 2)
(54064054583, 2)
(1467, 0)
(54211871547, 0)
(1468, 2)
(54248825788, 3)
(1472, 4)
(54396642752, 4)
(1473, 2)
(54433596993, 2)
(1477, 1)
(54581413957, 4)
(1478, 0)
(54618368198, 0)
(1482, 1)
(54766185162, 1)
(1483, 3)
(54803139403, 3)
(1487, 3)
(54950956367, 3)
(1488, 2)
(54987910608, 3)
(1492, 0)
(55135727572, 0)
(1493, 3)
(55172681813, 3)
(1497, 0)
(55320498777, 0)
(1498, 1)
(55357453018, 4)
(1502, 1)
(55505269982, 4)
(1503, 3)
(55542224223, 3)
(1507, 4)
(55690041187, 1)
(1508, 0)
(55726995428, 0)
(1512, 0)
(55874812392, 0)
(1513, 4)
(55911766633, 4)
(1517, 3)
(56059583597, 2)
(1518, 4)
(56096537838, 1)
(1522, 0)
(56244354802, 0)
(1523, 3)
(56281309043, 2)
(1527, 1)
(56429126007, 4)
(1528, 0)
(56466080248, 0)
(1532, 4)
(56613897212, 4)
(1533, 1)
(56650851453, 1)
(1537, 1)
(56798668417, 4)
(1538, 4)
(56835622658, 1)
(1542, 0)
(56983439622, 0)
(1543, 4)
(57020393863, 1)
(1547, 2)
(57168210827, 2)
(1548, 0)
(57205165068, 0)
(1552, 3)
(57352982032, 3)
(1553, 0)
(57389936273, 0)
(1557, 2)
(57537753237, 2)
(1558, 2)
(57574707478, 3)
(1562, 2)
(57722524442, 2)
(1563, 4)
(57759478683, 4)
(1567, 0)
(57907295647, 0)
(1568, 2)
(57944249888, 2)
(1572, 0)
(58092066852, 0)
(1573, 3)
(58129021093, 2)
(1577, 3)
(58276838057, 3)
(1578, 1)
(58313792298, 4)
(1582, 4)
(58461609262, 1)
(1583, 3)
(58498563503, 3)
(1587, 0)
(58646380467, 0)
(1588, 0)
(58683334708, 0)
(1592, 0)
(58831151672, 0)
(1593, 4)
(58868105913, 1)
(1597, 4)
(59015922877, 4)
(1598, 2)
(59052877118, 2)
(1602, 0)
(59200694082, 0)
(1603, 4)
(59237648323, 4)
(1607, 3)
(59385465287, 2)
(1608, 0)
(59422419528, 0)
(1612, 4)
(59570236492, 1)
(1613, 3)
(59607190733, 3)
(1617, 3)
(59755007697, 2)
(1618, 2)
(59791961938, 2)
(1622, 0)
(59939778902, 0)
(1623, 3)
(59976733143, 3)
(1627, 2)
(60124550107, 2)
(1628, 3)
(60161504348, 3)
(1632, 3)
(60309321312, 3)
(1633, 4)
(60346275553, 4)
(1637, 3)
(60494092517, 2)
(1638, 1)
(60531046758, 4)
(1642, 1)
(60678863722, 4)
(1643, 0)
(60715817963, 0)
(1647, 3)
(60863634927, 3)
(1648, 0)
(60900589168, 0)
(1652, 0)
(61048406132, 0)
(1653, 4)
(61085360373, 4)
(1657, 1)
(61233177337, 4)
(1658, 2)
(61270131578, 2)
(1662, 0)
(61417948542, 0)
(1663, 2)
(61454902783, 2)
(1667, 3)
(61602719747, 3)
(1668, 0)
(61639673988, 0)
(1672, 0)
(61787490952, 0)
(1673, 3)
(61824445193, 3)
(1677, 1)
(61972262157, 4)
(1678, 0)
(62009216398, 0)
(1682, 4)
(62157033362, 4)
(1683, 0)
(62193987603, 0)
(1687, 2)
(62341804567, 2)
(1688, 0)
(62378758808, 0)
(1692, 0)
(62526575772, 0)
(1693, 3)
(62563530013, 3)
(1697, 3)
(62711346977, 2)
(1698, 1)
(62748301218, 1)
(1702, 0)
(62896118182, 0)
(1703, 3)
(62933072423, 3)
(1707, 0)
(63080889387, 0)
(1708, 1)
(63117843628, 4)
(1712, 4)
(63265660592, 1)
(1713, 4)
(63302614833, 1)
(1717, 1)
(63450431797, 4)
(1718, 1)
(63487386038, 1)
(1722, 1)
(63635203002, 1)
(1723, 0)
(63672157243, 0)
(1727, 4)
(63819974207, 4)
(1728, 0)
(63856928448, 0)
(1732, 0)
(64004745412, 0)
(1733, 1)
(64041699653, 1)
(1737, 0)
(64189516617, 0)
(1738, 1)
(64226470858, 1)
(1742, 1)
(64374287822, 1)
(1743, 4)
(64411242063, 1)
(1747, 0)
(64559059027, 0)
(1748, 0)
(64596013268, 0)
(1752, 0)
(64743830232, 0)
(1753, 0)
(64780784473, 0)
(1757, 3)
(64928601437, 3)
(1758, 0)
(64965555678, 0)
(1762, 1)
(65113372642, 1)
(1763, 3)
(65150326883, 3)
(1767, 3)
(65298143847, 2)
(1768, 0)
(65335098088, 0)
(1772, 0)
(65482915052, 0)
(1773, 0)
(65519869293, 0)
(1777, 4)
(65667686257, 1)
(1778, 0)
(65704640498, 0)
(1782, 1)
(65852457462, 1)
(1783, 2)
(65889411703, 3)
(1787, 2)
(66037228667, 2)
(1788, 2)
(66074182908, 3)
(1792, 1)
(66221999872, 1)
(1793, 4)
(66258954113, 4)
(1797, 4)
(66406771077, 1)
(1798, 0)
(66443725318, 0)
(1802, 3)
(66591542282, 2)
(1803, 2)
(66628496523, 3)
(1807, 3)
(66776313487, 2)
(1808, 4)
(66813267728, 1)
(1812, 0)
(66961084692, 0)
(1813, 2)
(66998038933, 2)
(1817, 0)
(67145855897, 0)
(1818, 0)
(67182810138, 0)
(1822, 4)
(67330627102, 4)
(1823, 0)
(67367581343, 0)
(1827, 2)
(67515398307, 3)
(1828, 0)
(67552352548, 0)
(1832, 0)
(67700169512, 0)
(1833, 1)
(67737123753, 4)
(1837, 4)
(67884940717, 4)
(1838, 3)
(67921894958, 2)
(1842, 4)
(68069711922, 4)
(1843, 4)
(68106666163, 4)
(1847, 2)
(68254483127, 3)
(1848, 0)
(68291437368, 0)
(1852, 4)
(68439254332, 1)
(1853, 4)
(68476208573, 1)
(1857, 0)
(68624025537, 0)
(1858, 0)
(68660979778, 0)
(1862, 3)
(68808796742, 3)
(1863, 2)
(68845750983, 2)
(1867, 0)
(68993567947, 0)
(1868, 1)
(69030522188, 1)
(1872, 0)
(69178339152, 0)
(1873, 3)
(69215293393, 3)
(1877, 4)
(69363110357, 4)
(1878, 4)
(69400064598, 1)
(1882, 2)
(69547881562, 2)
(1883, 1)
(69584835803, 4)
(1887, 0)
(69732652767, 0)
(1888, 3)
(69769607008, 3)
(1892, 0)
(69917423972, 0)
(1893, 0)
(69954378213, 0)
(1897, 1)
(70102195177, 1)
(1898, 3)
(70139149418, 3)
(1902, 4)
(70286966382, 4)
(1903, 2)
(70323920623, 2)
(1907, 3)
(70471737587, 2)
(1908, 0)
(70508691828, 0)
(1912, 0)
(70656508792, 0)
(1913, 4)
(70693463033, 1)
(1917, 2)
(70841279997, 3)
(1918, 1)
(70878234238, 4)
(1922, 2)
(71026051202, 2)
(1923, 0)
(71063005443, 0)
(1927, 2)
(71210822407, 2)
(1928, 0)
(71247776648, 0)
(1932, 3)
(71395593612, 2)
(1933, 2)
(71432547853, 2)
(1937, 3)
(71580364817, 2)
(1938, 2)
(71617319058, 2)
(1942, 3)
(71765136022, 3)
(1943, 2)
(71802090263, 2)
(1947, 3)
(71949907227, 2)
(1948, 1)
(71986861468, 4)
(1952, 0)
(72134678432, 0)
(1953, 0)
(72171632673, 0)
(1957, 1)
(72319449637, 4)
(1958, 2)
(72356403878, 3)
(1962, 0)
(72504220842, 0)
(1963, 4)
(72541175083, 4)
(1967, 4)
(72688992047, 1)
(1968, 4)
(72725946288, 4)
(1972, 0)
(72873763252, 0)
(1973, 3)
(72910717493, 3)
(1977, 1)
(73058534457, 1)
(1978, 2)
(73095488698, 3)
(1982, 1)
(73243305662, 1)
(1983, 1)
(73280259903, 4)
(1987, 2)
(73428076867, 2)
(1988, 0)
(73465031108, 0)
(1992, 0)
(73612848072, 0)
(1993, 1)
(73649802313, 1)
(1997, 2)
(73797619277, 2)
(1998, 3)
(73834573518, 2)
(2002, 4)
(73982390482, 1)
(2003, 1)
(74019344723, 1)
(2007, 0)
(74167161687, 0)
(2008, 0)
(74204115928, 0)
(2012, 2)
(74351932892, 3)
(2013, 4)
(74388887133, 4)
(2017, 2)
(74536704097, 2)
(2018, 3)
(74573658338, 3)
(2022, 1)
(74721475302, 4)
(2023, 4)
(74758429543, 4)
(2027, 1)
(74906246507, 4)
(2028, 3)
(74943200748, 2)
(2032, 0)
(75091017712, 0)
(2033, 2)
(75127971953, 3)
(2037, 4)
(75275788917, 1)
(2038, 3)
(75312743158, 2)
(2042, 0)
(75460560122, 0)
(2043, 0)
(75497514363, 0)
(2047, 2)
(75645331327, 3)
(2048, 0)
(75682285568, 0)
(2052, 0)
(75830102532, 0)
(2053, 2)
(75867056773, 3)
(2057, 4)
(76014873737, 1)
(2058, 2)
(76051827978, 3)
(2062, 3)
(76199644942, 3)
(2063, 0)
(76236599183, 0)
(2067, 3)
(76384416147, 3)
(2068, 0)
(76421370388, 0)
(2072, 0)
(76569187352, 0)
(2073, 0)
(76606141593, 0)
(2077, 1)
(76753958557, 4)
(2078, 0)
(76790912798, 0)
(2082, 1)
(76938729762, 4)
(2083, 3)
(76975684003, 3)
(2087, 0)
(77123500967, 0)
(2088, 0)
(77160455208, 0)
(2092, 0)
(77308272172, 0)
(2093, 0)
(77345226413, 0)
(2097, 1)
(77493043377, 4)
(2098, 4)
(77529997618, 4)
(2102, 4)
(77677814582, 4)
(2103, 4)
(77714768823, 1)
(2107, 4)
(77862585787, 1)
(2108, 4)
(77899540028, 1)
(2112, 4)
(78047356992, 1)
(2113, 4)
(78084311233, 4)
(2117, 1)
(78232128197, 1)
(2118, 0)
(78269082438, 0)
(2122, 2)
(78416899402, 2)
(2123, 1)
(78453853643, 1)
(2127, 2)
(78601670607, 2)
(2128, 2)
(78638624848, 2)
(2132, 0)
(78786441812, 0)
(2133, 2)
(78823396053, 3)
(2137, 1)
(78971213017, 4)
(2138, 2)
(79008167258, 2)
(2142, 0)
(79155984222, 0)
(2143, 3)
(79192938463, 2)
(2147, 4)
(79340755427, 1)
(2148, 0)
(79377709668, 0)
(2152, 0)
(79525526632, 0)
(2153, 3)
(79562480873, 2)
(2157, 4)
(79710297837, 1)
(2158, 0)
(79747252078, 0)
(2162, 4)
(79895069042, 1)
(2163, 2)
(79932023283, 2)
(2167, 2)
(80079840247, 2)
(2168, 0)
(80116794488, 0)
(2172, 4)
(80264611452, 1)
(2173, 0)
(80301565693, 0)
(2177, 0)
(80449382657, 0)
(2178, 3)
(80486336898, 3)
(2182, 3)
(80634153862, 2)
(2183, 2)
(80671108103, 2)
(2187, 0)
(80818925067, 0)
(2188, 4)
(80855879308, 1)
(2192, 1)
(81003696272, 4)
(2193, 1)
(81040650513, 4)
(2197, 3)
(81188467477, 2)
(2198, 1)
(81225421718, 1)
(2202, 0)
(81373238682, 0)
(2203, 0)
(81410192923, 0)
(2207, 1)
(81558009887, 4)
(2208, 4)
(81594964128, 1)
(2212, 0)
(81742781092, 0)
(2213, 3)
(81779735333, 2)
(2217, 3)
(81927552297, 3)
(2218, 1)
(81964506538, 4)
(2222, 3)
(82112323502, 3)
(2223, 0)
(82149277743, 0)
(2227, 1)
(82297094707, 1)
(2228, 0)
(82334048948, 0)
(2232, 0)
(82481865912, 0)
(2233, 4)
(82518820153, 1)
(2237, 0)
(82666637117, 0)
(2238, 3)
(82703591358, 2)
(2242, 4)
(82851408322, 4)
(2243, 0)
(82888362563, 0)
(2247, 0)
(83036179527, 0)
(2248, 0)
(83073133768, 0)
(2252, 3)
(83220950732, 2)
(2253, 4)
(83257904973, 4)
(2257, 4)
(83405721937, 1)
(2258, 3)
(83442676178, 2)
(2262, 1)
(83590493142, 4)
(2263, 2)
(83627447383, 3)
(2267, 1)
(83775264347, 4)
(2268, 1)
(83812218588, 1)
(2272, 3)
(83960035552, 3)
(2273, 2)
(83996989793, 3)
(2277, 0)
(84144806757, 0)
(2278, 4)
(84181760998, 4)
(2282, 0)
(84329577962, 0)
(2283, 4)
(84366532203, 1)
(2287, 1)
(84514349167, 1)
(2288, 0)
(84551303408, 0)
(2292, 0)
(84699120372, 0)
(2293, 1)
(84736074613, 4)
(2297, 0)
(84883891577, 0)
(2298, 2)
(84920845818, 3)
(2302, 4)
(85068662782, 1)
(2303, 0)
(85105617023, 0)
(2307, 3)
(85253433987, 3)
(2308, 0)
(85290388228, 0)
(2312, 0)
(85438205192, 0)
(2313, 2)
(85475159433, 2)
(2317, 4)
(85622976397, 1)
(2318, 1)
(85659930638, 4)
(2322, 3)
(85807747602, 3)
(2323, 2)
(85844701843, 2)
(2327, 2)
(85992518807, 2)
(2328, 0)
(86029473048, 0)
(2332, 1)
(86177290012, 1)
(2333, 1)
(86214244253, 4)
(2337, 2)
(86362061217, 2)
(2338, 4)
(86399015458, 4)
(2342, 3)
(86546832422, 2)
(2343, 2)
(86583786663, 3)
(2347, 0)
(86731603627, 0)
(2348, 1)
(86768557868, 4)
(2352, 2)
(86916374832, 3)
(2353, 4)
(86953329073, 1)
(2357, 2)
(87101146037, 3)
(2358, 0)
(87138100278, 0)
(2362, 4)
(87285917242, 1)
(2363, 0)
(87322871483, 0)
(2367, 1)
(87470688447, 1)
(2368, 3)
(87507642688, 3)
(2372, 0)
(87655459652, 0)
(2373, 1)
(87692413893, 1)
(2377, 1)
(87840230857, 4)
(2378, 0)
(87877185098, 0)
(2382, 2)
(88025002062, 3)
(2383, 4)
(88061956303, 4)
(2387, 2)
(88209773267, 2)
(2388, 0)
(88246727508, 0)
(2392, 0)
(88394544472, 0)
(2393, 0)
(88431498713, 0)
(2397, 2)
(88579315677, 3)
(2398, 0)
(88616269918, 0)
(2402, 0)
(88764086882, 0)
(2403, 2)
(88801041123, 2)
(2407, 0)
(88948858087, 0)
(2408, 0)
(88985812328, 0)
(2412, 0)
(89133629292, 0)
(2413, 1)
(89170583533, 1)
(2417, 1)
(89318400497, 1)
(2418, 4)
(89355354738, 4)
(2422, 0)
(89503171702, 0)
(2423, 3)
(89540125943, 3)
(2427, 4)
(89687942907, 1)
(2428, 4)
(89724897148, 1)
(2432, 1)
(89872714112, 1)
(2433, 0)
(89909668353, 0)
(2437, 3)
(90057485317, 2)
(2438, 3)
(90094439558, 3)
(2442, 3)
(90242256522, 2)
(2443, 4)
(90279210763, 1)
(2447, 3)
(90427027727, 3)
(2448, 1)
(90463981968, 4)
(2452, 0)
(90611798932, 0)
(2453, 3)
(90648753173, 2)
(2457, 2)
(90796570137, 2)
(2458, 3)
(90833524378, 2)
(2462, 3)
(90981341342, 3)
(2463, 4)
(91018295583, 4)
(2467, 2)
(91166112547, 3)
(2468, 0)
(91203066788, 0)
(2472, 0)
(91350883752, 0)
(2473, 0)
(91387837993, 0)
(2477, 3)
(91535654957, 2)
(2478, 2)
(91572609198, 3)
(2482, 1)
(91720426162, 1)
(2483, 0)
(91757380403, 0)
(2487, 0)
(91905197367, 0)
(2488, 0)
(91942151608, 0)
(2492, 4)
(92089968572, 1)
(2493, 0)
(92126922813, 0)
(2497, 3)
(92274739777, 2)
(2498, 0)
(92311694018, 0)
(2502, 3)
(92459510982, 3)
(2503, 1)
(92496465223, 1)
(2507, 4)
(92644282187, 4)
(2508, 2)
(92681236428, 3)
(2512, 2)
(92829053392, 2)
(2513, 3)
(92866007633, 3)
(2517, 4)
(93013824597, 1)
(2518, 0)
(93050778838, 0)
(2522, 4)
(93198595802, 1)
(2523, 3)
(93235550043, 2)
(2527, 4)
(93383367007, 4)
(2528, 4)
(93420321248, 4)
(2532, 0)
(93568138212, 0)
(2533, 4)
(93605092453, 1)
(2537, 0)
(93752909417, 0)
(2538, 2)
(93789863658, 2)
(2542, 4)
(93937680622, 1)
(2543, 0)
(93974634863, 0)
(2547, 0)
(94122451827, 0)
(2548, 0)
(94159406068, 0)
(2552, 0)
(94307223032, 0)
(2553, 1)
(94344177273, 4)
(2557, 3)
(94491994237, 2)
(2558, 4)
(94528948478, 4)
(2562, 1)
(94676765442, 1)
(2563, 4)
(94713719683, 1)
(2567, 1)
(94861536647, 1)
(2568, 0)
(94898490888, 0)
(2572, 1)
(95046307852, 1)
(2573, 1)
(95083262093, 1)
(2577, 0)
(95231079057, 0)
(2578, 1)
(95268033298, 1)
(2582, 0)
(95415850262, 0)
(2583, 2)
(95452804503, 3)
(2587, 3)
(95600621467, 2)
(2588, 4)
(95637575708, 1)
(2592, 3)
(95785392672, 3)
(2593, 1)
(95822346913, 1)
(2597, 4)
(95970163877, 4)
(2598, 4)
(96007118118, 1)
(2602, 4)
(96154935082, 1)
(2603, 0)
(96191889323, 0)
(2607, 2)
(96339706287, 3)
(2608, 2)
(96376660528, 2)
(2612, 0)
(96524477492, 0)
(2613, 1)
(96561431733, 4)
(2617, 2)
(96709248697, 3)
(2618, 0)
(96746202938, 0)
(2622, 1)
(96894019902, 4)
(2623, 2)
(96930974143, 2)
(2627, 2)
(97078791107, 2)
(2628, 0)
(97115745348, 0)
(2632, 0)
(97263562312, 0)
(2633, 3)
(97300516553, 3)
(2637, 4)
(97448333517, 1)
(2638, 0)
(97485287758, 0)
(2642, 3)
(97633104722, 3)
(2643, 0)
(97670058963, 0)
(2647, 0)
(97817875927, 0)
(2648, 0)
(97854830168, 0)
(2652, 2)
(98002647132, 3)
(2653, 1)
(98039601373, 1)
(2657, 2)
(98187418337, 2)
(2658, 4)
(98224372578, 1)
(2662, 1)
(98372189542, 1)
(2663, 3)
(98409143783, 3)
(2667, 3)
(98556960747, 2)
(2668, 2)
(98593914988, 3)
(2672, 4)
(98741731952, 4)
(2673, 3)
(98778686193, 2)
(2677, 2)
(98926503157, 2)
(2678, 0)
(98963457398, 0)
(2682, 0)
(99111274362, 0)
(2683, 0)
(99148228603, 0)
(2687, 4)
(99296045567, 1)
(2688, 1)
(99332999808, 4)
(2692, 0)
(99480816772, 0)
(2693, 3)
(99517771013, 2)
(2697, 4)
(99665587977, 4)
(2698, 4)
(99702542218, 4)
(2702, 2)
(99850359182, 2)
(2703, 3)
(99887313423, 3)
(2707, 2)
(100035130387, 3)
(2708, 0)
(100072084628, 0)
(2712, 0)
(100219901592, 0)
(2713, 1)
(100256855833, 1)
(2717, 2)
(100404672797, 3)
(2718, 1)
(100441627038, 4)
(2722, 0)
(100589444002, 0)
(2723, 3)
(100626398243, 2)
(2727, 0)
(100774215207, 0)
(2728, 0)
(100811169448, 0)
(2732, 0)
(100958986412, 0)
(2733, 3)
(100995940653, 2)
(2737, 1)
(101143757617, 4)
(2738, 4)
(101180711858, 4)
(2742, 3)
(101328528822, 3)
(2743, 0)
(101365483063, 0)
(2747, 3)
(101513300027, 3)
(2748, 1)
(101550254268, 4)
(2752, 0)
(101698071232, 0)
(2753, 2)
(101735025473, 3)
(2757, 4)
(101882842437, 4)
(2758, 4)
(101919796678, 4)
(2762, 4)
(102067613642, 4)
(2763, 0)
(102104567883, 0)
(2767, 4)
(102252384847, 1)
(2768, 2)
(102289339088, 2)
(2772, 0)
(102437156052, 0)
(2773, 4)
(102474110293, 1)
(2777, 0)
(102621927257, 0)
(2778, 1)
(102658881498, 1)
(2782, 2)
(102806698462, 2)
(2783, 4)
(102843652703, 4)
(2787, 1)
(102991469667, 4)
(2788, 0)
(103028423908, 0)
(2792, 0)
(103176240872, 0)
(2793, 4)
(103213195113, 1)
(2797, 3)
(103361012077, 2)
(2798, 4)
(103397966318, 4)
(2802, 1)
(103545783282, 4)
(2803, 1)
(103582737523, 1)
(2807, 3)
(103730554487, 3)
(2808, 0)
(103767508728, 0)
(2812, 3)
(103915325692, 3)
(2813, 0)
(103952279933, 0)
(2817, 0)
(104100096897, 0)
(2818, 0)
(104137051138, 0)
(2822, 2)
(104284868102, 3)
(2823, 1)
(104321822343, 4)
(2827, 3)
(104469639307, 3)
(2828, 3)
(104506593548, 3)
(2832, 3)
(104654410512, 2)
(2833, 3)
(104691364753, 2)
(2837, 1)
(104839181717, 4)
(2838, 0)
(104876135958, 0)
(2842, 2)
(105023952922, 3)
(2843, 0)
(105060907163, 0)
(2847, 3)
(105208724127, 2)
(2848, 4)
(105245678368, 1)
(2852, 0)
(105393495332, 0)
(2853, 0)
(105430449573, 0)
(2857, 0)
(105578266537, 0)
(2858, 3)
(105615220778, 3)
(2862, 2)
(105763037742, 3)
(2863, 2)
(105799991983, 3)
(2867, 2)
(105947808947, 2)
(2868, 0)
(105984763188, 0)
(2872, 0)
(106132580152, 0)
(2873, 3)
(106169534393, 2)
(2877, 0)
(106317351357, 0)
(2878, 1)
(106354305598, 1)
(2882, 1)
(106502122562, 4)
(2883, 3)
(106539076803, 2)
(2887, 0)
(106686893767, 0)
(2888, 0)
(106723848008, 0)
(2892, 3)
(106871664972, 2)
(2893, 4)
(106908619213, 4)
(2897, 1)
(107056436177, 1)
(2898, 0)
(107093390418, 0)
(2902, 2)
(107241207382, 3)
(2903, 4)
(107278161623, 1)
(2907, 2)
(107425978587, 3)
(2908, 4)
(107462932828, 1)
(2912, 4)
(107610749792, 1)
(2913, 2)
(107647704033, 3)
(2917, 2)
(107795520997, 3)
(2918, 4)
(107832475238, 4)
(2922, 1)
(107980292202, 1)
(2923, 4)
(108017246443, 4)
(2927, 4)
(108165063407, 1)
(2928, 3)
(108202017648, 3)
(2932, 0)
(108349834612, 0)
(2933, 1)
(108386788853, 1)
(2937, 4)
(108534605817, 4)
(2938, 4)
(108571560058, 4)
(2942, 0)
(108719377022, 0)
(2943, 3)
(108756331263, 2)
(2947, 3)
(108904148227, 2)
(2948, 0)
(108941102468, 0)
(2952, 0)
(109088919432, 0)
(2953, 1)
(109125873673, 4)
(2957, 4)
(109273690637, 4)
(2958, 2)
(109310644878, 3)
(2962, 4)
(109458461842, 1)
(2963, 2)
(109495416083, 2)
(2967, 1)
(109643233047, 1)
(2968, 0)
(109680187288, 0)
(2972, 2)
(109828004252, 2)
(2973, 2)
(109864958493, 3)
(2977, 4)
(110012775457, 1)
(2978, 0)
(110049729698, 0)
(2982, 1)
(110197546662, 4)
(2983, 0)
(110234500903, 0)
(2987, 0)
(110382317867, 0)
(2988, 2)
(110419272108, 2)
(2992, 1)
(110567089072, 4)
(2993, 2)
(110604043313, 2)
(2997, 4)
(110751860277, 4)
(2998, 3)
(110788814518, 2)
(3002, 4)
(110936631482, 4)
(3003, 2)
(110973585723, 2)
(3007, 0)
(111121402687, 0)
(3008, 0)
(111158356928, 0)
(3012, 0)
(111306173892, 0)
(3013, 3)
(111343128133, 2)
(3017, 3)
(111490945097, 2)
(3018, 4)
(111527899338, 4)
(3022, 2)
(111675716302, 3)
(3023, 2)
(111712670543, 2)
(3027, 2)
(111860487507, 3)
(3028, 0)
(111897441748, 0)
(3032, 0)
(112045258712, 0)
(3033, 0)
(112082212953, 0)
(3037, 3)
(112230029917, 2)
(3038, 1)
(112266984158, 1)
(3042, 0)
(112414801122, 0)
(3043, 3)
(112451755363, 3)
(3047, 2)
(112599572327, 3)
(3048, 0)
(112636526568, 0)
(3052, 3)
(112784343532, 3)
(3053, 0)
(112821297773, 0)
(3057, 3)
(112969114737, 3)
(3058, 2)
(113006068978, 2)
(3062, 4)
(113153885942, 4)
(3063, 1)
(113190840183, 4)
(3067, 2)
(113338657147, 2)
(3068, 1)
(113375611388, 4)
(3072, 4)
(113523428352, 1)
(3073, 1)
(113560382593, 4)
(3077, 4)
(113708199557, 1)
(3078, 4)
(113745153798, 4)
(3082, 0)
(113892970762, 0)
(3083, 2)
(113929925003, 2)
(3087, 0)
(114077741967, 0)
(3088, 2)
(114114696208, 2)
(3092, 0)
(114262513172, 0)
(3093, 2)
(114299467413, 3)
(3097, 3)
(114447284377, 3)
(3098, 4)
(114484238618, 1)
(3102, 1)
(114632055582, 1)
(3103, 0)
(114669009823, 0)
(3107, 3)
(114816826787, 2)
(3108, 0)
(114853781028, 0)
(3112, 0)
(115001597992, 0)
(3113, 1)
(115038552233, 4)
(3117, 0)
(115186369197, 0)
(3118, 0)
(115223323438, 0)
(3122, 3)
(115371140402, 2)
(3123, 0)
(115408094643, 0)
(3127, 1)
(115555911607, 1)
(3128, 0)
(115592865848, 0)
(3132, 3)
(115740682812, 3)
(3133, 0)
(115777637053, 0)
(3137, 1)
(115925454017, 1)
(3138, 4)
(115962408258, 4)
(3142, 0)
(116110225222, 0)
(3143, 1)
(116147179463, 1)
(3147, 0)
(116294996427, 0)
(3148, 0)
(116331950668, 0)
(3152, 0)
(116479767632, 0)
(3153, 4)
(116516721873, 1)
(3157, 4)
(116664538837, 1)
(3158, 2)
(116701493078, 3)
(3162, 0)
(116849310042, 0)
(3163, 1)
(116886264283, 4)
(3167, 2)
(117034081247, 2)
(3168, 0)
(117071035488, 0)
(3172, 0)
(117218852452, 0)
(3173, 0)
(117255806693, 0)
(3177, 3)
(117403623657, 3)
(3178, 0)
(117440577898, 0)
(3182, 2)
(117588394862, 3)
(3183, 4)
(117625349103, 1)
(3187, 2)
(117773166067, 2)
(3188, 0)
(117810120308, 0)
(3192, 0)
(117957937272, 0)
(3193, 4)
(117994891513, 1)
(3197, 4)
(118142708477, 4)
(3198, 2)
(118179662718, 3)
(3202, 1)
(118327479682, 4)
(3203, 4)
(118364433923, 1)
(3207, 3)
(118512250887, 2)
(3208, 0)
(118549205128, 0)
(3212, 0)
(118697022092, 0)
(3213, 3)
(118733976333, 3)
(3217, 1)
(118881793297, 1)
(3218, 1)
(118918747538, 1)
(3222, 0)
(119066564502, 0)
(3223, 0)
(119103518743, 0)
(3227, 4)
(119251335707, 1)
(3228, 2)
(119288289948, 2)
(3232, 2)
(119436106912, 2)
(3233, 4)
(119473061153, 1)
(3237, 2)
(119620878117, 2)
(3238, 3)
(119657832358, 3)
(3242, 3)
(119805649322, 3)
(3243, 2)
(119842603563, 2)
(3247, 3)
(119990420527, 3)
(3248, 3)
(120027374768, 2)
(3252, 0)
(120175191732, 0)
(3253, 1)
(120212145973, 4)
(3257, 1)
(120359962937, 1)
(3258, 4)
(120396917178, 4)
(3262, 3)
(120544734142, 2)
(3263, 3)
(120581688383, 2)
(3267, 4)
(120729505347, 1)
(3268, 0)
(120766459588, 0)
(3272, 0)
(120914276552, 0)
(3273, 4)
(120951230793, 4)
(3277, 3)
(121099047757, 3)
(3278, 1)
(121136001998, 1)
(3282, 0)
(121283818962, 0)
(3283, 1)
(121320773203, 4)
(3287, 1)
(121468590167, 1)
(3288, 0)
(121505544408, 0)
(3292, 3)
(121653361372, 3)
(3293, 1)
(121690315613, 4)
(3297, 0)
(121838132577, 0)
(3298, 1)
(121875086818, 4)
(3302, 1)
(122022903782, 4)
(3303, 0)
(122059858023, 0)
(3307, 4)
(122207674987, 1)
(3308, 1)
(122244629228, 1)
(3312, 1)
(122392446192, 1)
(3313, 1)
(122429400433, 4)
(3317, 1)
(122577217397, 4)
(3318, 2)
(122614171638, 3)
(3322, 4)
(122761988602, 1)
(3323, 3)
(122798942843, 3)
(3327, 4)
(122946759807, 4)
(3328, 2)
(122983714048, 3)
(3332, 0)
(123131531012, 0)
(3333, 3)
(123168485253, 2)
(3337, 4)
(123316302217, 1)
(3338, 0)
(123353256458, 0)
(3342, 4)
(123501073422, 4)
(3343, 4)
(123538027663, 1)
(3347, 1)
(123685844627, 1)
(3348, 0)
(123722798868, 0)
(3352, 0)
(123870615832, 0)
(3353, 0)
(123907570073, 0)
(3357, 0)
(124055387037, 0)
(3358, 2)
(124092341278, 3)
(3362, 4)
(124240158242, 4)
(3363, 4)
(124277112483, 1)
(3367, 0)
(124424929447, 0)
(3368, 0)
(124461883688, 0)
(3372, 2)
(124609700652, 2)
(3373, 4)
(124646654893, 1)
(3377, 3)
(124794471857, 2)
(3378, 4)
(124831426098, 4)
(3382, 0)
(124979243062, 0)
(3383, 1)
(125016197303, 4)
(3387, 2)
(125164014267, 2)
(3388, 3)
(125200968508, 3)
(3392, 1)
(125348785472, 1)
(3393, 2)
(125385739713, 2)
(3397, 0)
(125533556677, 0)
(3398, 3)
(125570510918, 2)
(3402, 3)
(125718327882, 2)
(3403, 2)
(125755282123, 3)
(3407, 3)
(125903099087, 2)
(3408, 4)
(125940053328, 1)
(3412, 0)
(126087870292, 0)
(3413, 3)
(126124824533, 3)
(3417, 4)
(126272641497, 1)
(3418, 2)
(126309595738, 3)
(3422, 3)
(126457412702, 2)
(3423, 0)
(126494366943, 0)
(3427, 1)
(126642183907, 1)
(3428, 0)
(126679138148, 0)
(3432, 0)
(126826955112, 0)
(3433, 1)
(126863909353, 1)
(3437, 2)
(127011726317, 3)
(3438, 0)
(127048680558, 0)
(3442, 0)
(127196497522, 0)
(3443, 4)
(127233451763, 4)
(3447, 4)
(127381268727, 4)
(3448, 0)
(127418222968, 0)
(3452, 2)
(127566039932, 3)
(3453, 3)
(127602994173, 3)
(3457, 3)
(127750811137, 3)
(3458, 0)
(127787765378, 0)
(3462, 3)
(127935582342, 3)
(3463, 4)
(127972536583, 4)
(3467, 4)
(128120353547, 4)
(3468, 4)
(128157307788, 1)
(3472, 1)
(128305124752, 1)
(3473, 0)
(128342078993, 0)
(3477, 2)
(128489895957, 2)
(3478, 4)
(128526850198, 1)
(3482, 4)
(128674667162, 1)
(3483, 3)
(128711621403, 2)
(3487, 2)
(128859438367, 3)
(3488, 0)
(128896392608, 0)
(3492, 0)
(129044209572, 0)
(3493, 3)
(129081163813, 2)
(3497, 2)
(129228980777, 2)
(3498, 0)
(129265935018, 0)
(3502, 4)
(129413751982, 4)
(3503, 2)
(129450706223, 3)
(3507, 3)
(129598523187, 2)
(3508, 0)
(129635477428, 0)
(3512, 0)
(129783294392, 0)
(3513, 4)
(129820248633, 4)
(3517, 0)
(129968065597, 0)
(3518, 3)
(130005019838, 3)
(3522, 3)
(130152836802, 3)
(3523, 4)
(130189791043, 1)
(3527, 0)
(130337608007, 0)
(3528, 0)
(130374562248, 0)
(3532, 1)
(130522379212, 1)
(3533, 0)
(130559333453, 0)
(3537, 3)
(130707150417, 3)
(3538, 3)
(130744104658, 3)
(3542, 2)
(130891921622, 2)
(3543, 3)
(130928875863, 3)
(3547, 4)
(131076692827, 1)
(3548, 2)
(131113647068, 3)
(3552, 4)
(131261464032, 1)
(3553, 1)
(131298418273, 4)
(3557, 4)
(131446235237, 4)
(3558, 3)
(131483189478, 3)
(3562, 2)
(131631006442, 2)
(3563, 3)
(131667960683, 3)
(3567, 0)
(131815777647, 0)
(3568, 2)
(131852731888, 3)
