(2, 4)
(52408322, 4)
(3, 3)
(78612483, 2)
(7, 4)
(183429127, 1)
(8, 0)
(209633288, 0)
(12, 4)
(314449932, 1)
(13, 3)
(340654093, 3)
(17, 4)
(445470737, 4)
(18, 3)
(471674898, 3)
(22, 3)
(576491542, 2)
(23, 3)
(602695703, 2)
(27, 3)
(707512347, 2)
(28, 3)
(733716508, 2)
(32, 2)
(838533152, 2)
(33, 1)
(864737313, 1)
(37, 2)
(969553957, 3)
(38, 1)
(995758118, 1)
(42, 1)
(1100574762, 1)
(43, 4)
(1126778923, 4)
(47, 0)
(1231595567, 0)
(48, 4)
(1257799728, 1)
(52, 0)
(1362616372, 0)
(53, 4)
(1388820533, 1)
(57, 4)
(1493637177, 1)
(58, 2)
(1519841338, 3)
(62, 2)
(1624657982, 3)
(63, 0)
(1650862143, 0)
(67, 1)
(1755678787, 1)
(68, 0)
(1781882948, 0)
(72, 0)
(1886699592, 0)
(73, 1)
(1912903753, 1)
(77, 3)
(2017720397, 3)
(78, 4)
(2043924558, 1)
(82, 1)
(2148741202, 4)
(83, 2)
(2174945363, 2)
(87, 4)
(2279762007, 4)
(88, 0)
(2305966168, 0)
(92, 1)
(2410782812, 4)
(93, 1)
(2436986973, 1)
(97, 4)
(2541803617, 4)
(98, 4)
(2568007778, 4)
(102, 1)
(2672824422, 4)
(103, 0)
(2699028583, 0)
(107, 3)
(2803845227, 2)
(108, 4)
(2830049388, 1)
(112, 4)
(2934866032, 1)
(113, 2)
(2961070193, 3)
(117, 0)
(3065886837, 0)
(118, 1)
(3092090998, 4)
(122, 0)
(3196907642, 0)
(123, 3)
(3223111803, 3)
(127, 0)
(3327928447, 0)
(128, 4)
(3354132608, 4)
(132, 0)
(3458949252, 0)
(133, 1)
(3485153413, 4)
(137, 3)
(3589970057, 3)
(138, 3)
(3616174218, 3)
(142, 1)
(3720990862, 1)
(143, 0)
(3747195023, 0)
(147, 4)
(3852011667, 1)
(148, 0)
(3878215828, 0)
(152, 0)
(3983032472, 0)
(153, 3)
(4009236633, 3)
(157, 1)
(4114053277, 4)
(158, 3)
(4140257438, 3)
(162, 1)
(4245074082, 1)
(163, 4)
(4271278243, 4)
(167, 4)
(4376094887, 4)
(168, 0)
(4402299048, 0)
(172, 2)
(4507115692, 2)
(173, 1)
(4533319853, 4)
(177, 4)
(4638136497, 4)
(178, 3)
(4664340658, 2)
(182, 3)
(4769157302, 2)
(183, 3)
(4795361463, 2)
(187, 2)
(4900178107, 3)
(188, 0)
(4926382268, 0)
(192, 0)
(5031198912, 0)
(193, 1)
(5057403073, 1)
(197, 0)
(5162219717, 0)
(198, 0)
(5188423878, 0)
(202, 4)
(5293240522, 1)
(203, 1)
(5319444683, 1)
(207, 1)
(5424261327, 4)
(208, 1)
(5450465488, 1)
(212, 0)
(5555282132, 0)
(213, 2)
(5581486293, 3)
(217, 3)
(5686302937, 3)
(218, 0)
(5712507098, 0)
(222, 3)
(5817323742, 3)
(223, 2)
(5843527903, 3)
(227, 0)
(5948344547, 0)
(228, 0)
(5974548708, 0)
(232, 0)
(6079365352, 0)
(233, 3)
(6105569513, 3)
(237, 2)
(6210386157, 3)
(238, 3)
(6236590318, 2)
(242, 4)
(6341406962, 4)
(243, 4)
(6367611123, 1)
(247, 4)
(6472427767, 4)
(248, 0)
(6498631928, 0)
(252, 0)
(6603448572, 0)
(253, 1)
(6629652733, 1)
(257, 1)
(6734469377, 1)
(258, 3)
(6760673538, 2)
(262, 4)
(6865490182, 4)
(263, 3)
(6891694343, 2)
(267, 2)
(6996510987, 2)
(268, 3)
(7022715148, 3)
(272, 3)
(7127531792, 3)
(273, 2)
(7153735953, 2)
(277, 1)
(7258552597, 1)
(278, 4)
(7284756758, 4)
(282, 2)
(7389573402, 3)
(283, 2)
(7415777563, 3)
(287, 1)
(7520594207, 1)
(288, 4)
(7546798368, 4)
(292, 0)
(7651615012, 0)
(293, 2)
(7677819173, 3)
(297, 1)
(7782635817, 1)
(298, 1)
(7808839978, 1)
(302, 3)
(7913656622, 2)
(303, 0)
(7939860783, 0)
(307, 3)
(8044677427, 3)
(308, 0)
(8070881588, 0)
(312, 0)
(8175698232, 0)
(313, 2)
(8201902393, 3)
(317, 0)
(8306719037, 0)
(318, 2)
(8332923198, 2)
(322, 2)
(8437739842, 2)
(323, 1)
(8463944003, 1)
(327, 3)
(8568760647, 2)
(328, 0)
(8594964808, 0)
(332, 1)
(8699781452, 1)
(333, 0)
(8725985613, 0)
(337, 3)
(8830802257, 3)
(338, 0)
(8857006418, 0)
(342, 2)
(8961823062, 2)
(343, 3)
(8988027223, 2)
(347, 0)
(9092843867, 0)
(348, 3)
(9119048028, 3)
(352, 4)
(9223864672, 1)
(353, 4)
(9250068833, 4)
(357, 3)
(9354885477, 3)
(358, 1)
(9381089638, 4)
(362, 2)
(9485906282, 3)
(363, 4)
(9512110443, 1)
(367, 1)
(9616927087, 4)
(368, 3)
(9643131248, 2)
(372, 0)
(9747947892, 0)
(373, 0)
(9774152053, 0)
(377, 1)
(9878968697, 4)
(378, 1)
(9905172858, 1)
(382, 2)
(10009989502, 3)
(383, 2)
(10036193663, 2)
(387, 0)
(10141010307, 0)
(388, 0)
(10167214468, 0)
(392, 0)
(10272031112, 0)
(393, 3)
(10298235273, 2)
(397, 1)
(10403051917, 1)
(398, 0)
(10429256078, 0)
(402, 4)
(10534072722, 1)
(403, 3)
(10560276883, 2)
(407, 4)
(10665093527, 4)
(408, 0)
(10691297688, 0)
(412, 0)
(10796114332, 0)
(413, 0)
(10822318493, 0)
(417, 2)
(10927135137, 3)
(418, 3)
(10953339298, 2)
(422, 0)
(11058155942, 0)
(423, 0)
(11084360103, 0)
(427, 2)
(11189176747, 3)
(428, 4)
(11215380908, 1)
(432, 4)
(11320197552, 1)
(433, 3)
(11346401713, 2)
(437, 0)
(11451218357, 0)
(438, 3)
(11477422518, 2)
(442, 2)
(11582239162, 2)
(443, 0)
(11608443323, 0)
(447, 1)
(11713259967, 4)
(448, 2)
(11739464128, 3)
(452, 0)
(11844280772, 0)
(453, 3)
(11870484933, 3)
(457, 3)
(11975301577, 2)
(458, 1)
(12001505738, 1)
(462, 2)
(12106322382, 3)
(463, 2)
(12132526543, 2)
(467, 2)
(12237343187, 3)
(468, 0)
(12263547348, 0)
(472, 0)
(12368363992, 0)
(473, 3)
(12394568153, 2)
(477, 3)
(12499384797, 2)
(478, 3)
(12525588958, 2)
(482, 0)
(12630405602, 0)
(483, 1)
(12656609763, 4)
(487, 3)
(12761426407, 3)
(488, 0)
(12787630568, 0)
(492, 4)
(12892447212, 4)
(493, 3)
(12918651373, 2)
(497, 4)
(13023468017, 1)
(498, 3)
(13049672178, 2)
(502, 1)
(13154488822, 1)
(503, 1)
(13180692983, 1)
(507, 1)
(13285509627, 4)
(508, 0)
(13311713788, 0)
(512, 4)
(13416530432, 4)
(513, 4)
(13442734593, 1)
(517, 2)
(13547551237, 3)
(518, 1)
(13573755398, 1)
(522, 0)
(13678572042, 0)
(523, 0)
(13704776203, 0)
(527, 2)
(13809592847, 3)
(528, 2)
(13835797008, 2)
(532, 0)
(13940613652, 0)
(533, 3)
(13966817813, 2)
(537, 2)
(14071634457, 2)
(538, 0)
(14097838618, 0)
(542, 1)
(14202655262, 4)
(543, 2)
(14228859423, 2)
(547, 3)
(14333676067, 2)
(548, 0)
(14359880228, 0)
(552, 0)
(14464696872, 0)
(553, 2)
(14490901033, 3)
(557, 3)
(14595717677, 3)
(558, 4)
(14621921838, 1)
(562, 2)
(14726738482, 3)
(563, 1)
(14752942643, 4)
(567, 3)
(14857759287, 2)
(568, 0)
(14883963448, 0)
(572, 0)
(14988780092, 0)
(573, 4)
(15014984253, 4)
(577, 3)
(15119800897, 2)
(578, 2)
(15146005058, 2)
(582, 4)
(15250821702, 1)
(583, 3)
(15277025863, 3)
(587, 2)
(15381842507, 3)
(588, 2)
(15408046668, 3)
(592, 4)
(15512863312, 1)
(593, 1)
(15539067473, 1)
(597, 2)
(15643884117, 2)
(598, 3)
(15670088278, 2)
(602, 1)
(15774904922, 4)
(603, 0)
(15801109083, 0)
(607, 2)
(15905925727, 2)
(608, 3)
(15932129888, 3)
(612, 0)
(16036946532, 0)
(613, 0)
(16063150693, 0)
(617, 2)
(16167967337, 2)
(618, 2)
(16194171498, 2)
(622, 3)
(16298988142, 3)
(623, 2)
(16325192303, 2)
(627, 4)
(16430008947, 4)
(628, 0)
(16456213108, 0)
(632, 0)
(16561029752, 0)
(633, 0)
(16587233913, 0)
(637, 4)
(16692050557, 4)
(638, 0)
(16718254718, 0)
(642, 4)
(16823071362, 4)
(643, 2)
(16849275523, 2)
(647, 2)
(16954092167, 3)
(648, 0)
(16980296328, 0)
(652, 2)
(17085112972, 2)
(653, 1)
(17111317133, 1)
(657, 0)
(17216133777, 0)
(658, 3)
(17242337938, 2)
(662, 3)
(17347154582, 3)
(663, 1)
(17373358743, 4)
(667, 4)
(17478175387, 4)
(668, 3)
(17504379548, 3)
(672, 3)
(17609196192, 3)
(673, 3)
(17635400353, 2)
(677, 0)
(17740216997, 0)
(678, 0)
(17766421158, 0)
(682, 3)
(17871237802, 3)
(683, 0)
(17897441963, 0)
(687, 3)
(18002258607, 2)
(688, 2)
(18028462768, 2)
(692, 0)
(18133279412, 0)
(693, 1)
(18159483573, 1)
(697, 3)
(18264300217, 2)
(698, 1)
(18290504378, 1)
(702, 4)
(18395321022, 1)
(703, 4)
(18421525183, 1)
(707, 1)
(18526341827, 1)
(708, 0)
(18552545988, 0)
(712, 0)
(18657362632, 0)
(713, 1)
(18683566793, 1)
(717, 1)
(18788383437, 1)
(718, 2)
(18814587598, 2)
(722, 1)
(18919404242, 1)
(723, 1)
(18945608403, 4)
(727, 2)
(19050425047, 3)
(728, 0)
(19076629208, 0)
(732, 1)
(19181445852, 4)
(733, 1)
(19207650013, 1)
(737, 0)
(19312466657, 0)
(738, 0)
(19338670818, 0)
(742, 2)
(19443487462, 2)
(743, 1)
(19469691623, 1)
(747, 4)
(19574508267, 4)
(748, 1)
(19600712428, 4)
(752, 0)
(19705529072, 0)
(753, 3)
(19731733233, 2)
(757, 0)
(19836549877, 0)
(758, 2)
(19862754038, 2)
(762, 3)
(19967570682, 2)
(763, 1)
(19993774843, 4)
(767, 3)
(20098591487, 2)
(768, 2)
(20124795648, 3)
(772, 0)
(20229612292, 0)
(773, 4)
(20255816453, 1)
(777, 1)
(20360633097, 4)
(778, 4)
(20386837258, 4)
(782, 1)
(20491653902, 4)
(783, 4)
(20517858063, 4)
(787, 0)
(20622674707, 0)
(788, 0)
(20648878868, 0)
(792, 0)
(20753695512, 0)
(793, 2)
(20779899673, 2)
(797, 0)
(20884716317, 0)
(798, 1)
(20910920478, 1)
(802, 3)
(21015737122, 3)
(803, 0)
(21041941283, 0)
(807, 1)
(21146757927, 1)
(808, 0)
(21172962088, 0)
(812, 3)
(21277778732, 3)
(813, 3)
(21303982893, 3)
(817, 2)
(21408799537, 2)
(818, 3)
(21435003698, 2)
(822, 0)
(21539820342, 0)
(823, 4)
(21566024503, 1)
(827, 2)
(21670841147, 3)
(828, 2)
(21697045308, 3)
(832, 2)
(21801861952, 2)
(833, 2)
(21828066113, 2)
(837, 1)
(21932882757, 1)
(838, 4)
(21959086918, 1)
(842, 4)
(22063903562, 4)
(843, 4)
(22090107723, 4)
(847, 4)
(22194924367, 1)
(848, 3)
(22221128528, 2)
(852, 0)
(22325945172, 0)
(853, 0)
(22352149333, 0)
(857, 2)
(22456965977, 2)
(858, 1)
(22483170138, 1)
(862, 2)
(22587986782, 2)
(863, 1)
(22614190943, 1)
(867, 3)
(22719007587, 2)
(868, 0)
(22745211748, 0)
(872, 0)
(22850028392, 0)
(873, 0)
(22876232553, 0)
(877, 0)
(22981049197, 0)
(878, 0)
(23007253358, 0)
(882, 3)
(23112070002, 3)
(883, 2)
(23138274163, 2)
(887, 1)
(23243090807, 4)
(888, 0)
(23269294968, 0)
(892, 4)
(23374111612, 1)
(893, 2)
(23400315773, 2)
(897, 1)
(23505132417, 1)
(898, 2)
(23531336578, 2)
(902, 2)
(23636153222, 2)
(903, 1)
(23662357383, 1)
(907, 3)
(23767174027, 2)
(908, 0)
(23793378188, 0)
(912, 3)
(23898194832, 2)
(913, 3)
(23924398993, 2)
(917, 0)
(24029215637, 0)
(918, 1)
(24055419798, 4)
(922, 2)
(24160236442, 3)
(923, 0)
(24186440603, 0)
(927, 0)
(24291257247, 0)
(928, 1)
(24317461408, 4)
(932, 0)
(24422278052, 0)
(933, 4)
(24448482213, 1)
(937, 0)
(24553298857, 0)
(938, 1)
(24579503018, 4)
(942, 3)
(24684319662, 3)
(943, 1)
(24710523823, 1)
(947, 0)
(24815340467, 0)
(948, 0)
(24841544628, 0)
(952, 0)
(24946361272, 0)
(953, 3)
(24972565433, 2)
(957, 1)
(25077382077, 4)
(958, 1)
(25103586238, 1)
(962, 2)
(25208402882, 3)
(963, 1)
(25234607043, 4)
(967, 4)
(25339423687, 1)
(968, 0)
(25365627848, 0)
(972, 2)
(25470444492, 3)
(973, 3)
(25496648653, 2)
(977, 0)
(25601465297, 0)
(978, 4)
(25627669458, 1)
(982, 0)
(25732486102, 0)
(983, 2)
(25758690263, 2)
(987, 3)
(25863506907, 3)
(988, 3)
(25889711068, 3)
(992, 1)
(25994527712, 4)
(993, 3)
(26020731873, 2)
(997, 4)
(26125548517, 1)
(998, 1)
(26151752678, 1)
(1002, 4)
(26256569322, 1)
(1003, 1)
(26282773483, 4)
(1007, 0)
(26387590127, 0)
(1008, 0)
(26413794288, 0)
(1012, 0)
(26518610932, 0)
(1013, 4)
(26544815093, 4)
(1017, 4)
(26649631737, 1)
(1018, 3)
(26675835898, 3)
(1022, 3)
(26780652542, 2)
(1023, 1)
(26806856703, 4)
(1027, 4)
(26911673347, 4)
(1028, 0)
(26937877508, 0)
(1032, 0)
(27042694152, 0)
(1033, 3)
(27068898313, 2)
(1037, 0)
(27173714957, 0)
(1038, 2)
(27199919118, 2)
(1042, 3)
(27304735762, 2)
(1043, 2)
(27330939923, 3)
(1047, 4)
(27435756567, 1)
(1048, 0)
(27461960728, 0)
(1052, 1)
(27566777372, 4)
(1053, 1)
(27592981533, 1)
(1057, 1)
(27697798177, 1)
(1058, 0)
(27724002338, 0)
(1062, 0)
(27828818982, 0)
(1063, 4)
(27855023143, 4)
(1067, 2)
(27959839787, 3)
(1068, 1)
(27986043948, 1)
(1072, 3)
(28090860592, 3)
(1073, 1)
(28117064753, 1)
(1077, 4)
(28221881397, 1)
(1078, 3)
(28248085558, 2)
(1082, 3)
(28352902202, 2)
(1083, 2)
(28379106363, 3)
(1087, 1)
(28483923007, 1)
(1088, 1)
(28510127168, 1)
(1092, 0)
(28614943812, 0)
(1093, 0)
(28641147973, 0)
(1097, 1)
(28745964617, 4)
(1098, 0)
(28772168778, 0)
(1102, 0)
(28876985422, 0)
(1103, 3)
(28903189583, 2)
(1107, 3)
(29008006227, 3)
(1108, 0)
(29034210388, 0)
(1112, 0)
(29139027032, 0)
(1113, 4)
(29165231193, 1)
(1117, 4)
(29270047837, 4)
(1118, 1)
(29296251998, 1)
(1122, 4)
(29401068642, 4)
(1123, 0)
(29427272803, 0)
(1127, 3)
(29532089447, 2)
(1128, 0)
(29558293608, 0)
(1132, 1)
(29663110252, 4)
(1133, 2)
(29689314413, 2)
(1137, 0)
(29794131057, 0)
(1138, 2)
(29820335218, 2)
(1142, 2)
(29925151862, 2)
(1143, 0)
(29951356023, 0)
(1147, 1)
(30056172667, 1)
(1148, 2)
(30082376828, 2)
(1152, 3)
(30187193472, 3)
(1153, 4)
(30213397633, 4)
(1157, 3)
(30318214277, 2)
(1158, 4)
(30344418438, 1)
(1162, 3)
(30449235082, 2)
(1163, 3)
(30475439243, 3)
(1167, 3)
(30580255887, 2)
(1168, 2)
(30606460048, 2)
(1172, 0)
(30711276692, 0)
(1173, 1)
(30737480853, 1)
(1177, 2)
(30842297497, 2)
(1178, 1)
(30868501658, 4)
(1182, 0)
(30973318302, 0)
(1183, 0)
(30999522463, 0)
(1187, 4)
(31104339107, 1)
(1188, 0)
(31130543268, 0)
(1192, 0)
(31235359912, 0)
(1193, 4)
(31261564073, 4)
(1197, 0)
(31366380717, 0)
(1198, 2)
(31392584878, 2)
(1202, 1)
(31497401522, 4)
(1203, 4)
(31523605683, 1)
(1207, 2)
(31628422327, 2)
(1208, 0)
(31654626488, 0)
(1212, 0)
(31759443132, 0)
(1213, 0)
(31785647293, 0)
(1217, 2)
(31890463937, 3)
(1218, 4)
(31916668098, 1)
(1222, 3)
(32021484742, 3)
(1223, 0)
(32047688903, 0)
(1227, 4)
(32152505547, 4)
(1228, 4)
(32178709708, 4)
(1232, 1)
(32283526352, 1)
(1233, 1)
(32309730513, 1)
(1237, 4)
(32414547157, 1)
(1238, 2)
(32440751318, 3)
(1242, 3)
(32545567962, 3)
(1243, 1)
(32571772123, 1)
(1247, 4)
(32676588767, 1)
(1248, 2)
(32702792928, 3)
(1252, 0)
(32807609572, 0)
(1253, 3)
(32833813733, 3)
(1257, 0)
(32938630377, 0)
(1258, 2)
(32964834538, 3)
(1262, 4)
(33069651182, 1)
(1263, 0)
(33095855343, 0)
(1267, 1)
(33200671987, 1)
(1268, 0)
(33226876148, 0)
(1272, 0)
(33331692792, 0)
(1273, 0)
(33357896953, 0)
(1277, 4)
(33462713597, 4)
(1278, 0)
(33488917758, 0)
(1282, 3)
(33593734402, 3)
(1283, 4)
(33619938563, 4)
(1287, 0)
(33724755207, 0)
(1288, 0)
(33750959368, 0)
(1292, 3)
(33855776012, 3)
(1293, 1)
(33881980173, 4)
(1297, 2)
(33986796817, 2)
(1298, 2)
(34013000978, 2)
(1302, 4)
(34117817622, 1)
(1303, 1)
(34144021783, 1)
(1307, 1)
(34248838427, 1)
(1308, 1)
(34275042588, 4)
(1312, 3)
(34379859232, 2)
(1313, 1)
(34406063393, 4)
(1317, 0)
(34510880037, 0)
(1318, 0)
(34537084198, 0)
(1322, 3)
(34641900842, 3)
(1323, 4)
(34668105003, 1)
(1327, 0)
(34772921647, 0)
(1328, 1)
(34799125808, 1)
(1332, 0)
(34903942452, 0)
(1333, 0)
(34930146613, 0)
(1337, 4)
(35034963257, 4)
(1338, 0)
(35061167418, 0)
(1342, 0)
(35165984062, 0)
(1343, 4)
(35192188223, 4)
(1347, 1)
(35297004867, 4)
(1348, 0)
(35323209028, 0)
(1352, 0)
(35428025672, 0)
(1353, 4)
(35454229833, 1)
(1357, 1)
(35559046477, 1)
(1358, 4)
(35585250638, 1)
(1362, 1)
(35690067282, 4)
(1363, 4)
(35716271443, 1)
(1367, 0)
(35821088087, 0)
(1368, 0)
(35847292248, 0)
(1372, 1)
(35952108892, 4)
(1373, 2)
(35978313053, 2)
(1377, 1)
(36083129697, 1)
(1378, 0)
(36109333858, 0)
(1382, 2)
(36214150502, 3)
(1383, 3)
(36240354663, 3)
(1387, 4)
(36345171307, 4)
(1388, 0)
(36371375468, 0)
(1392, 4)
(36476192112, 4)
(1393, 4)
(36502396273, 4)
(1397, 4)
(36607212917, 1)
(1398, 0)
(36633417078, 0)
(1402, 1)
(36738233722, 4)
(1403, 1)
(36764437883, 4)
(1407, 1)
(36869254527, 1)
(1408, 3)
(36895458688, 2)
(1412, 0)
(37000275332, 0)
(1413, 0)
(37026479493, 0)
(1417, 1)
(37131296137, 1)
(1418, 4)
(37157500298, 1)
(1422, 1)
(37262316942, 1)
(1423, 4)
(37288521103, 4)
(1427, 0)
(37393337747, 0)
(1428, 0)
(37419541908, 0)
(1432, 0)
(37524358552, 0)
(1433, 4)
(37550562713, 1)
(1437, 4)
(37655379357, 1)
(1438, 1)
(37681583518, 1)
(1442, 1)
(37786400162, 1)
(1443, 2)
(37812604323, 2)
(1447, 2)
(37917420967, 2)
(1448, 0)
(37943625128, 0)
(1452, 2)
(38048441772, 3)
(1453, 1)
(38074645933, 1)
(1457, 4)
(38179462577, 1)
(1458, 2)
(38205666738, 2)
(1462, 4)
(38310483382, 4)
(1463, 2)
(38336687543, 2)
(1467, 0)
(38441504187, 0)
(1468, 2)
(38467708348, 3)
(1472, 4)
(38572524992, 1)
(1473, 2)
(38598729153, 3)
(1477, 1)
(38703545797, 1)
(1478, 0)
(38729749958, 0)
(1482, 1)
(38834566602, 4)
(1483, 3)
(38860770763, 3)
(1487, 3)
(38965587407, 2)
(1488, 2)
(38991791568, 2)
(1492, 0)
(39096608212, 0)
(1493, 3)
(39122812373, 3)
(1497, 0)
(39227629017, 0)
(1498, 1)
(39253833178, 1)
(1502, 1)
(39358649822, 4)
(1503, 3)
(39384853983, 3)
(1507, 4)
(39489670627, 1)
(1508, 0)
(39515874788, 0)
(1512, 0)
(39620691432, 0)
(1513, 4)
(39646895593, 1)
(1517, 3)
(39751712237, 3)
(1518, 4)
(39777916398, 1)
(1522, 0)
(39882733042, 0)
(1523, 3)
(39908937203, 2)
(1527, 1)
(40013753847, 4)
(1528, 0)
(40039958008, 0)
(1532, 4)
(40144774652, 4)
(1533, 1)
(40170978813, 1)
(1537, 1)
(40275795457, 1)
(1538, 4)
(40301999618, 1)
(1542, 0)
(40406816262, 0)
(1543, 4)
(40433020423, 4)
(1547, 2)
(40537837067, 3)
(1548, 0)
(40564041228, 0)
(1552, 3)
(40668857872, 3)
(1553, 0)
(40695062033, 0)
(1557, 2)
(40799878677, 3)
(1558, 2)
(40826082838, 3)
(1562, 2)
(40930899482, 3)
(1563, 4)
(40957103643, 4)
(1567, 0)
(41061920287, 0)
(1568, 2)
(41088124448, 2)
(1572, 0)
(41192941092, 0)
(1573, 3)
(41219145253, 3)
(1577, 3)
(41323961897, 3)
(1578, 1)
(41350166058, 1)
(1582, 4)
(41454982702, 4)
(1583, 3)
(41481186863, 2)
(1587, 0)
(41586003507, 0)
(1588, 0)
(41612207668, 0)
(1592, 0)
(41717024312, 0)
(1593, 4)
(41743228473, 4)
(1597, 4)
(41848045117, 1)
(1598, 2)
(41874249278, 2)
(1602, 0)
(41979065922, 0)
(1603, 4)
(42005270083, 1)
(1607, 3)
(42110086727, 3)
(1608, 0)
(42136290888, 0)
(1612, 4)
(42241107532, 1)
(1613, 3)
(42267311693, 2)
(1617, 3)
(42372128337, 3)
(1618, 2)
(42398332498, 3)
(1622, 0)
(42503149142, 0)
(1623, 3)
(42529353303, 3)
(1627, 2)
(42634169947, 3)
(1628, 3)
(42660374108, 3)
(1632, 3)
(42765190752, 2)
(1633, 4)
(42791394913, 1)
(1637, 3)
(42896211557, 3)
(1638, 1)
(42922415718, 4)
(1642, 1)
(43027232362, 1)
(1643, 0)
(43053436523, 0)
(1647, 3)
(43158253167, 2)
(1648, 0)
(43184457328, 0)
(1652, 0)
(43289273972, 0)
(1653, 4)
(43315478133, 4)
(1657, 1)
(43420294777, 4)
(1658, 2)
(43446498938, 3)
(1662, 0)
(43551315582, 0)
(1663, 2)
(43577519743, 2)
(1667, 3)
(43682336387, 2)
(1668, 0)
(43708540548, 0)
(1672, 0)
(43813357192, 0)
(1673, 3)
(43839561353, 3)
(1677, 1)
(43944377997, 4)
(1678, 0)
(43970582158, 0)
(1682, 4)
(44075398802, 4)
(1683, 0)
(44101602963, 0)
(1687, 2)
(44206419607, 3)
(1688, 0)
(44232623768, 0)
(1692, 0)
(44337440412, 0)
(1693, 3)
(44363644573, 3)
(1697, 3)
(44468461217, 2)
(1698, 1)
(44494665378, 1)
(1702, 0)
(44599482022, 0)
(1703, 3)
(44625686183, 3)
(1707, 0)
(44730502827, 0)
(1708, 1)
(44756706988, 4)
(1712, 4)
(44861523632, 1)
(1713, 4)
(44887727793, 1)
(1717, 1)
(44992544437, 4)
(1718, 1)
(45018748598, 1)
(1722, 1)
(45123565242, 4)
(1723, 0)
(45149769403, 0)
(1727, 4)
(45254586047, 4)
(1728, 0)
(45280790208, 0)
(1732, 0)
(45385606852, 0)
(1733, 1)
(45411811013, 4)
(1737, 0)
(45516627657, 0)
(1738, 1)
(45542831818, 4)
(1742, 1)
(45647648462, 1)
(1743, 4)
(45673852623, 4)
(1747, 0)
(45778669267, 0)
(1748, 0)
(45804873428, 0)
(1752, 0)
(45909690072, 0)
(1753, 0)
(45935894233, 0)
(1757, 3)
(46040710877, 2)
(1758, 0)
(46066915038, 0)
(1762, 1)
(46171731682, 4)
(1763, 3)
(46197935843, 2)
(1767, 3)
(46302752487, 3)
(1768, 0)
(46328956648, 0)
(1772, 0)
(46433773292, 0)
(1773, 0)
(46459977453, 0)
(1777, 4)
(46564794097, 4)
(1778, 0)
(46590998258, 0)
(1782, 1)
(46695814902, 4)
(1783, 2)
(46722019063, 2)
(1787, 2)
(46826835707, 3)
(1788, 2)
(46853039868, 3)
(1792, 1)
(46957856512, 4)
(1793, 4)
(46984060673, 1)
(1797, 4)
(47088877317, 1)
(1798, 0)
(47115081478, 0)
(1802, 3)
(47219898122, 2)
(1803, 2)
(47246102283, 2)
(1807, 3)
(47350918927, 3)
(1808, 4)
(47377123088, 1)
(1812, 0)
(47481939732, 0)
(1813, 2)
(47508143893, 3)
(1817, 0)
(47612960537, 0)
(1818, 0)
(47639164698, 0)
(1822, 4)
(47743981342, 4)
(1823, 0)
(47770185503, 0)
(1827, 2)
(47875002147, 2)
(1828, 0)
(47901206308, 0)
(1832, 0)
(48006022952, 0)
(1833, 1)
(48032227113, 4)
(1837, 4)
(48137043757, 1)
(1838, 3)
(48163247918, 2)
(1842, 4)
(48268064562, 1)
(1843, 4)
(48294268723, 4)
(1847, 2)
(48399085367, 2)
(1848, 0)
(48425289528, 0)
(1852, 4)
(48530106172, 4)
(1853, 4)
(48556310333, 4)
(1857, 0)
(48661126977, 0)
(1858, 0)
(48687331138, 0)
(1862, 3)
(48792147782, 3)
(1863, 2)
(48818351943, 3)
(1867, 0)
(48923168587, 0)
(1868, 1)
(48949372748, 4)
(1872, 0)
(49054189392, 0)
(1873, 3)
(49080393553, 2)
(1877, 4)
(49185210197, 1)
(1878, 4)
(49211414358, 4)
(1882, 2)
(49316231002, 2)
(1883, 1)
(49342435163, 1)
(1887, 0)
(49447251807, 0)
(1888, 3)
(49473455968, 2)
(1892, 0)
(49578272612, 0)
(1893, 0)
(49604476773, 0)
(1897, 1)
(49709293417, 1)
(1898, 3)
(49735497578, 3)
(1902, 4)
(49840314222, 4)
(1903, 2)
(49866518383, 2)
(1907, 3)
(49971335027, 3)
(1908, 0)
(49997539188, 0)
(1912, 0)
(50102355832, 0)
(1913, 4)
(50128559993, 4)
(1917, 2)
(50233376637, 3)
(1918, 1)
(50259580798, 4)
(1922, 2)
(50364397442, 2)
(1923, 0)
(50390601603, 0)
(1927, 2)
(50495418247, 3)
(1928, 0)
(50521622408, 0)
(1932, 3)
(50626439052, 2)
(1933, 2)
(50652643213, 3)
(1937, 3)
(50757459857, 3)
(1938, 2)
(50783664018, 3)
(1942, 3)
(50888480662, 2)
(1943, 2)
(50914684823, 3)
(1947, 3)
(51019501467, 2)
(1948, 1)
(51045705628, 1)
(1952, 0)
(51150522272, 0)
(1953, 0)
(51176726433, 0)
(1957, 1)
(51281543077, 4)
(1958, 2)
(51307747238, 2)
(1962, 0)
(51412563882, 0)
(1963, 4)
(51438768043, 1)
(1967, 4)
(51543584687, 4)
(1968, 4)
(51569788848, 4)
(1972, 0)
(51674605492, 0)
(1973, 3)
(51700809653, 2)
(1977, 1)
(51805626297, 4)
(1978, 2)
(51831830458, 3)
(1982, 1)
(51936647102, 1)
(1983, 1)
(51962851263, 4)
(1987, 2)
(52067667907, 3)
(1988, 0)
(52093872068, 0)
(1992, 0)
(52198688712, 0)
(1993, 1)
(52224892873, 4)
(1997, 2)
(52329709517, 3)
(1998, 3)
(52355913678, 3)
(2002, 4)
(52460730322, 4)
(2003, 1)
(52486934483, 1)
(2007, 0)
(52591751127, 0)
(2008, 0)
(52617955288, 0)
(2012, 2)
(52722771932, 2)
(2013, 4)
(52748976093, 4)
(2017, 2)
(52853792737, 3)
(2018, 3)
(52879996898, 3)
(2022, 1)
(52984813542, 4)
(2023, 4)
(53011017703, 1)
(2027, 1)
(53115834347, 1)
(2028, 3)
(53142038508, 2)
(2032, 0)
(53246855152, 0)
(2033, 2)
(53273059313, 3)
(2037, 4)
(53377875957, 4)
(2038, 3)
(53404080118, 3)
(2042, 0)
(53508896762, 0)
(2043, 0)
(53535100923, 0)
(2047, 2)
(53639917567, 2)
(2048, 0)
(53666121728, 0)
(2052, 0)
(53770938372, 0)
(2053, 2)
(53797142533, 3)
(2057, 4)
(53901959177, 4)
(2058, 2)
(53928163338, 2)
(2062, 3)
(54032979982, 3)
(2063, 0)
(54059184143, 0)
(2067, 3)
(54164000787, 3)
(2068, 0)
(54190204948, 0)
(2072, 0)
(54295021592, 0)
(2073, 0)
(54321225753, 0)
(2077, 1)
(54426042397, 4)
(2078, 0)
(54452246558, 0)
(2082, 1)
(54557063202, 1)
(2083, 3)
(54583267363, 3)
(2087, 0)
(54688084007, 0)
(2088, 0)
(54714288168, 0)
(2092, 0)
(54819104812, 0)
(2093, 0)
(54845308973, 0)
(2097, 1)
(54950125617, 1)
(2098, 4)
(54976329778, 1)
(2102, 4)
(55081146422, 4)
(2103, 4)
(55107350583, 4)
(2107, 4)
(55212167227, 4)
(2108, 4)
(55238371388, 1)
(2112, 4)
(55343188032, 4)
(2113, 4)
(55369392193, 1)
(2117, 1)
(55474208837, 4)
(2118, 0)
(55500412998, 0)
(2122, 2)
(55605229642, 2)
(2123, 1)
(55631433803, 4)
(2127, 2)
(55736250447, 2)
(2128, 2)
(55762454608, 3)
(2132, 0)
(55867271252, 0)
(2133, 2)
(55893475413, 3)
(2137, 1)
(55998292057, 4)
(2138, 2)
(56024496218, 3)
(2142, 0)
(56129312862, 0)
(2143, 3)
(56155517023, 2)
(2147, 4)
(56260333667, 1)
(2148, 0)
(56286537828, 0)
(2152, 0)
(56391354472, 0)
(2153, 3)
(56417558633, 2)
(2157, 4)
(56522375277, 1)
(2158, 0)
(56548579438, 0)
(2162, 4)
(56653396082, 1)
(2163, 2)
(56679600243, 3)
(2167, 2)
(56784416887, 2)
(2168, 0)
(56810621048, 0)
(2172, 4)
(56915437692, 4)
(2173, 0)
(56941641853, 0)
(2177, 0)
(57046458497, 0)
(2178, 3)
(57072662658, 3)
(2182, 3)
(57177479302, 3)
(2183, 2)
(57203683463, 2)
(2187, 0)
(57308500107, 0)
(2188, 4)
(57334704268, 1)
(2192, 1)
(57439520912, 1)
(2193, 1)
(57465725073, 4)
(2197, 3)
(57570541717, 3)
(2198, 1)
(57596745878, 1)
(2202, 0)
(57701562522, 0)
(2203, 0)
(57727766683, 0)
(2207, 1)
(57832583327, 1)
(2208, 4)
(57858787488, 4)
(2212, 0)
(57963604132, 0)
(2213, 3)
(57989808293, 2)
(2217, 3)
(58094624937, 2)
(2218, 1)
(58120829098, 4)
(2222, 3)
(58225645742, 3)
(2223, 0)
(58251849903, 0)
(2227, 1)
(58356666547, 1)
(2228, 0)
(58382870708, 0)
(2232, 0)
(58487687352, 0)
(2233, 4)
(58513891513, 1)
(2237, 0)
(58618708157, 0)
(2238, 3)
(58644912318, 2)
(2242, 4)
(58749728962, 1)
(2243, 0)
(58775933123, 0)
(2247, 0)
(58880749767, 0)
(2248, 0)
(58906953928, 0)
(2252, 3)
(59011770572, 2)
(2253, 4)
(59037974733, 4)
(2257, 4)
(59142791377, 1)
(2258, 3)
(59168995538, 2)
(2262, 1)
(59273812182, 1)
(2263, 2)
(59300016343, 3)
(2267, 1)
(59404832987, 4)
(2268, 1)
(59431037148, 4)
(2272, 3)
(59535853792, 3)
(2273, 2)
(59562057953, 3)
(2277, 0)
(59666874597, 0)
(2278, 4)
(59693078758, 4)
(2282, 0)
(59797895402, 0)
(2283, 4)
(59824099563, 4)
(2287, 1)
(59928916207, 4)
(2288, 0)
(59955120368, 0)
(2292, 0)
(60059937012, 0)
(2293, 1)
(60086141173, 1)
(2297, 0)
(60190957817, 0)
(2298, 2)
(60217161978, 3)
(2302, 4)
(60321978622, 4)
(2303, 0)
(60348182783, 0)
(2307, 3)
(60452999427, 3)
(2308, 0)
(60479203588, 0)
(2312, 0)
(60584020232, 0)
(2313, 2)
(60610224393, 2)
(2317, 4)
(60715041037, 1)
(2318, 1)
(60741245198, 1)
(2322, 3)
(60846061842, 2)
(2323, 2)
(60872266003, 2)
(2327, 2)
(60977082647, 3)
(2328, 0)
(61003286808, 0)
(2332, 1)
(61108103452, 1)
(2333, 1)
(61134307613, 4)
(2337, 2)
(61239124257, 2)
(2338, 4)
(61265328418, 1)
(2342, 3)
(61370145062, 2)
(2343, 2)
(61396349223, 2)
(2347, 0)
(61501165867, 0)
(2348, 1)
(61527370028, 4)
(2352, 2)
(61632186672, 3)
(2353, 4)
(61658390833, 1)
(2357, 2)
(61763207477, 3)
(2358, 0)
(61789411638, 0)
(2362, 4)
(61894228282, 1)
(2363, 0)
(61920432443, 0)
(2367, 1)
(62025249087, 4)
(2368, 3)
(62051453248, 2)
(2372, 0)
(62156269892, 0)
(2373, 1)
(62182474053, 4)
(2377, 1)
(62287290697, 4)
(2378, 0)
(62313494858, 0)
(2382, 2)
(62418311502, 3)
(2383, 4)
(62444515663, 1)
(2387, 2)
(62549332307, 3)
(2388, 0)
(62575536468, 0)
(2392, 0)
(62680353112, 0)
(2393, 0)
(62706557273, 0)
(2397, 2)
(62811373917, 3)
(2398, 0)
(62837578078, 0)
(2402, 0)
(62942394722, 0)
(2403, 2)
(62968598883, 2)
(2407, 0)
(63073415527, 0)
(2408, 0)
(63099619688, 0)
(2412, 0)
(63204436332, 0)
(2413, 1)
(63230640493, 1)
(2417, 1)
(63335457137, 1)
(2418, 4)
(63361661298, 4)
(2422, 0)
(63466477942, 0)
(2423, 3)
(63492682103, 2)
(2427, 4)
(63597498747, 4)
(2428, 4)
(63623702908, 4)
(2432, 1)
(63728519552, 1)
(2433, 0)
(63754723713, 0)
(2437, 3)
(63859540357, 2)
(2438, 3)
(63885744518, 3)
(2442, 3)
(63990561162, 2)
(2443, 4)
(64016765323, 1)
(2447, 3)
(64121581967, 2)
(2448, 1)
(64147786128, 1)
(2452, 0)
(64252602772, 0)
(2453, 3)
(64278806933, 3)
(2457, 2)
(64383623577, 2)
(2458, 3)
(64409827738, 2)
(2462, 3)
(64514644382, 3)
(2463, 4)
(64540848543, 1)
(2467, 2)
(64645665187, 2)
(2468, 0)
(64671869348, 0)
(2472, 0)
(64776685992, 0)
(2473, 0)
(64802890153, 0)
(2477, 3)
(64907706797, 2)
(2478, 2)
(64933910958, 3)
(2482, 1)
(65038727602, 1)
(2483, 0)
(65064931763, 0)
(2487, 0)
(65169748407, 0)
(2488, 0)
(65195952568, 0)
(2492, 4)
(65300769212, 4)
(2493, 0)
(65326973373, 0)
(2497, 3)
(65431790017, 2)
(2498, 0)
(65457994178, 0)
(2502, 3)
(65562810822, 3)
(2503, 1)
(65589014983, 1)
(2507, 4)
(65693831627, 1)
(2508, 2)
(65720035788, 2)
(2512, 2)
(65824852432, 3)
(2513, 3)
(65851056593, 2)
(2517, 4)
(65955873237, 1)
(2518, 0)
(65982077398, 0)
(2522, 4)
(66086894042, 4)
(2523, 3)
(66113098203, 2)
(2527, 4)
(66217914847, 1)
(2528, 4)
(66244119008, 4)
(2532, 0)
(66348935652, 0)
(2533, 4)
(66375139813, 4)
(2537, 0)
(66479956457, 0)
(2538, 2)
(66506160618, 3)
(2542, 4)
(66610977262, 4)
(2543, 0)
(66637181423, 0)
(2547, 0)
(66741998067, 0)
(2548, 0)
(66768202228, 0)
(2552, 0)
(66873018872, 0)
(2553, 1)
(66899223033, 4)
(2557, 3)
(67004039677, 2)
(2558, 4)
(67030243838, 4)
(2562, 1)
(67135060482, 1)
(2563, 4)
(67161264643, 1)
(2567, 1)
(67266081287, 4)
(2568, 0)
(67292285448, 0)
(2572, 1)
(67397102092, 1)
(2573, 1)
(67423306253, 4)
(2577, 0)
(67528122897, 0)
(2578, 1)
(67554327058, 4)
(2582, 0)
(67659143702, 0)
(2583, 2)
(67685347863, 2)
(2587, 3)
(67790164507, 2)
(2588, 4)
(67816368668, 1)
(2592, 3)
(67921185312, 3)
(2593, 1)
(67947389473, 1)
(2597, 4)
(68052206117, 1)
(2598, 4)
(68078410278, 4)
(2602, 4)
(68183226922, 4)
(2603, 0)
(68209431083, 0)
(2607, 2)
(68314247727, 2)
(2608, 2)
(68340451888, 2)
(2612, 0)
(68445268532, 0)
(2613, 1)
(68471472693, 4)
(2617, 2)
(68576289337, 3)
(2618, 0)
(68602493498, 0)
(2622, 1)
(68707310142, 1)
(2623, 2)
(68733514303, 2)
(2627, 2)
(68838330947, 3)
(2628, 0)
(68864535108, 0)
(2632, 0)
(68969351752, 0)
(2633, 3)
(68995555913, 2)
(2637, 4)
(69100372557, 1)
(2638, 0)
(69126576718, 0)
(2642, 3)
(69231393362, 3)
(2643, 0)
(69257597523, 0)
(2647, 0)
(69362414167, 0)
(2648, 0)
(69388618328, 0)
(2652, 2)
(69493434972, 3)
(2653, 1)
(69519639133, 4)
(2657, 2)
(69624455777, 3)
(2658, 4)
(69650659938, 1)
(2662, 1)
(69755476582, 4)
(2663, 3)
(69781680743, 2)
(2667, 3)
(69886497387, 3)
(2668, 2)
(69912701548, 2)
(2672, 4)
(70017518192, 4)
(2673, 3)
(70043722353, 3)
(2677, 2)
(70148538997, 2)
(2678, 0)
(70174743158, 0)
(2682, 0)
(70279559802, 0)
(2683, 0)
(70305763963, 0)
(2687, 4)
(70410580607, 1)
(2688, 1)
(70436784768, 1)
(2692, 0)
(70541601412, 0)
(2693, 3)
(70567805573, 3)
(2697, 4)
(70672622217, 1)
(2698, 4)
(70698826378, 4)
(2702, 2)
(70803643022, 3)
(2703, 3)
(70829847183, 3)
(2707, 2)
(70934663827, 3)
(2708, 0)
(70960867988, 0)
(2712, 0)
(71065684632, 0)
(2713, 1)
(71091888793, 1)
(2717, 2)
(71196705437, 3)
(2718, 1)
(71222909598, 4)
(2722, 0)
(71327726242, 0)
(2723, 3)
(71353930403, 2)
(2727, 0)
(71458747047, 0)
(2728, 0)
(71484951208, 0)
(2732, 0)
(71589767852, 0)
(2733, 3)
(71615972013, 2)
(2737, 1)
(71720788657, 1)
(2738, 4)
(71746992818, 4)
(2742, 3)
(71851809462, 3)
(2743, 0)
(71878013623, 0)
(2747, 3)
(71982830267, 2)
(2748, 1)
(72009034428, 4)
(2752, 0)
(72113851072, 0)
(2753, 2)
(72140055233, 2)
(2757, 4)
(72244871877, 4)
(2758, 4)
(72271076038, 4)
(2762, 4)
(72375892682, 4)
(2763, 0)
(72402096843, 0)
(2767, 4)
(72506913487, 4)
(2768, 2)
(72533117648, 3)
(2772, 0)
(72637934292, 0)
(2773, 4)
(72664138453, 1)
(2777, 0)
(72768955097, 0)
(2778, 1)
(72795159258, 4)
(2782, 2)
(72899975902, 3)
(2783, 4)
(72926180063, 1)
(2787, 1)
(73030996707, 4)
(2788, 0)
(73057200868, 0)
(2792, 0)
(73162017512, 0)
(2793, 4)
(73188221673, 1)
(2797, 3)
(73293038317, 3)
(2798, 4)
(73319242478, 1)
(2802, 1)
(73424059122, 1)
(2803, 1)
(73450263283, 1)
(2807, 3)
(73555079927, 2)
(2808, 0)
(73581284088, 0)
(2812, 3)
(73686100732, 2)
(2813, 0)
(73712304893, 0)
(2817, 0)
(73817121537, 0)
(2818, 0)
(73843325698, 0)
(2822, 2)
(73948142342, 2)
(2823, 1)
(73974346503, 4)
(2827, 3)
(74079163147, 2)
(2828, 3)
(74105367308, 3)
(2832, 3)
(74210183952, 3)
(2833, 3)
(74236388113, 2)
(2837, 1)
(74341204757, 1)
(2838, 0)
(74367408918, 0)
(2842, 2)
(74472225562, 3)
(2843, 0)
(74498429723, 0)
(2847, 3)
(74603246367, 2)
(2848, 4)
(74629450528, 1)
(2852, 0)
(74734267172, 0)
(2853, 0)
(74760471333, 0)
(2857, 0)
(74865287977, 0)
(2858, 3)
(74891492138, 3)
(2862, 2)
(74996308782, 2)
(2863, 2)
(75022512943, 2)
(2867, 2)
(75127329587, 2)
(2868, 0)
(75153533748, 0)
(2872, 0)
(75258350392, 0)
(2873, 3)
(75284554553, 3)
(2877, 0)
(75389371197, 0)
(2878, 1)
(75415575358, 1)
(2882, 1)
(75520392002, 4)
(2883, 3)
(75546596163, 2)
(2887, 0)
(75651412807, 0)
(2888, 0)
(75677616968, 0)
(2892, 3)
(75782433612, 2)
(2893, 4)
(75808637773, 4)
(2897, 1)
(75913454417, 4)
(2898, 0)
(75939658578, 0)
(2902, 2)
(76044475222, 2)
(2903, 4)
(76070679383, 1)
(2907, 2)
(76175496027, 2)
(2908, 4)
(76201700188, 1)
(2912, 4)
(76306516832, 1)
(2913, 2)
(76332720993, 2)
(2917, 2)
(76437537637, 3)
(2918, 4)
(76463741798, 4)
(2922, 1)
(76568558442, 4)
(2923, 4)
(76594762603, 1)
(2927, 4)
(76699579247, 1)
(2928, 3)
(76725783408, 2)
(2932, 0)
(76830600052, 0)
(2933, 1)
(76856804213, 1)
(2937, 4)
(76961620857, 1)
(2938, 4)
(76987825018, 1)
(2942, 0)
(77092641662, 0)
(2943, 3)
(77118845823, 2)
(2947, 3)
(77223662467, 2)
(2948, 0)
(77249866628, 0)
(2952, 0)
(77354683272, 0)
(2953, 1)
(77380887433, 1)
(2957, 4)
(77485704077, 4)
(2958, 2)
(77511908238, 2)
(2962, 4)
(77616724882, 4)
(2963, 2)
(77642929043, 2)
(2967, 1)
(77747745687, 1)
(2968, 0)
(77773949848, 0)
(2972, 2)
(77878766492, 2)
(2973, 2)
(77904970653, 3)
(2977, 4)
(78009787297, 4)
(2978, 0)
(78035991458, 0)
(2982, 1)
(78140808102, 1)
(2983, 0)
(78167012263, 0)
(2987, 0)
(78271828907, 0)
(2988, 2)
(78298033068, 2)
(2992, 1)
(78402849712, 4)
(2993, 2)
(78429053873, 3)
(2997, 4)
(78533870517, 1)
(2998, 3)
(78560074678, 3)
(3002, 4)
(78664891322, 4)
(3003, 2)
(78691095483, 3)
(3007, 0)
(78795912127, 0)
(3008, 0)
(78822116288, 0)
(3012, 0)
(78926932932, 0)
(3013, 3)
(78953137093, 2)
(3017, 3)
(79057953737, 2)
(3018, 4)
(79084157898, 1)
(3022, 2)
(79188974542, 3)
(3023, 2)
(79215178703, 3)
(3027, 2)
(79319995347, 3)
(3028, 0)
(79346199508, 0)
(3032, 0)
(79451016152, 0)
(3033, 0)
(79477220313, 0)
(3037, 3)
(79582036957, 2)
(3038, 1)
(79608241118, 4)
(3042, 0)
(79713057762, 0)
(3043, 3)
(79739261923, 2)
(3047, 2)
(79844078567, 3)
(3048, 0)
(79870282728, 0)
(3052, 3)
(79975099372, 2)
(3053, 0)
(80001303533, 0)
(3057, 3)
(80106120177, 2)
(3058, 2)
(80132324338, 3)
(3062, 4)
(80237140982, 1)
(3063, 1)
(80263345143, 4)
(3067, 2)
(80368161787, 2)
(3068, 1)
(80394365948, 4)
(3072, 4)
(80499182592, 1)
(3073, 1)
(80525386753, 1)
(3077, 4)
(80630203397, 1)
(3078, 4)
(80656407558, 4)
(3082, 0)
(80761224202, 0)
(3083, 2)
(80787428363, 3)
(3087, 0)
(80892245007, 0)
(3088, 2)
(80918449168, 2)
(3092, 0)
(81023265812, 0)
(3093, 2)
(81049469973, 3)
(3097, 3)
(81154286617, 3)
(3098, 4)
(81180490778, 1)
(3102, 1)
(81285307422, 1)
(3103, 0)
(81311511583, 0)
(3107, 3)
(81416328227, 2)
(3108, 0)
(81442532388, 0)
(3112, 0)
(81547349032, 0)
(3113, 1)
(81573553193, 1)
(3117, 0)
(81678369837, 0)
(3118, 0)
(81704573998, 0)
(3122, 3)
(81809390642, 3)
(3123, 0)
(81835594803, 0)
(3127, 1)
(81940411447, 1)
(3128, 0)
(81966615608, 0)
(3132, 3)
(82071432252, 3)
(3133, 0)
(82097636413, 0)
(3137, 1)
(82202453057, 4)
(3138, 4)
(82228657218, 1)
(3142, 0)
(82333473862, 0)
(3143, 1)
(82359678023, 4)
(3147, 0)
(82464494667, 0)
(3148, 0)
(82490698828, 0)
(3152, 0)
(82595515472, 0)
(3153, 4)
(82621719633, 1)
(3157, 4)
(82726536277, 1)
(3158, 2)
(82752740438, 3)
(3162, 0)
(82857557082, 0)
(3163, 1)
(82883761243, 1)
(3167, 2)
(82988577887, 3)
(3168, 0)
(83014782048, 0)
(3172, 0)
(83119598692, 0)
(3173, 0)
(83145802853, 0)
(3177, 3)
(83250619497, 3)
(3178, 0)
(83276823658, 0)
(3182, 2)
(83381640302, 3)
(3183, 4)
(83407844463, 1)
(3187, 2)
(83512661107, 2)
(3188, 0)
(83538865268, 0)
(3192, 0)
(83643681912, 0)
(3193, 4)
(83669886073, 4)
(3197, 4)
(83774702717, 1)
(3198, 2)
(83800906878, 2)
(3202, 1)
(83905723522, 1)
(3203, 4)
(83931927683, 1)
(3207, 3)
(84036744327, 3)
(3208, 0)
(84062948488, 0)
(3212, 0)
(84167765132, 0)
(3213, 3)
(84193969293, 3)
(3217, 1)
(84298785937, 4)
(3218, 1)
(84324990098, 1)
(3222, 0)
(84429806742, 0)
(3223, 0)
(84456010903, 0)
(3227, 4)
(84560827547, 4)
(3228, 2)
(84587031708, 2)
(3232, 2)
(84691848352, 3)
(3233, 4)
(84718052513, 1)
(3237, 2)
(84822869157, 3)
(3238, 3)
(84849073318, 3)
(3242, 3)
(84953889962, 3)
(3243, 2)
(84980094123, 2)
(3247, 3)
(85084910767, 2)
(3248, 3)
(85111114928, 3)
(3252, 0)
(85215931572, 0)
(3253, 1)
(85242135733, 1)
(3257, 1)
(85346952377, 4)
(3258, 4)
(85373156538, 1)
(3262, 3)
(85477973182, 2)
(3263, 3)
(85504177343, 3)
(3267, 4)
(85608993987, 1)
(3268, 0)
(85635198148, 0)
(3272, 0)
(85740014792, 0)
(3273, 4)
(85766218953, 1)
(3277, 3)
(85871035597, 3)
(3278, 1)
(85897239758, 4)
(3282, 0)
(86002056402, 0)
(3283, 1)
(86028260563, 1)
(3287, 1)
(86133077207, 4)
(3288, 0)
(86159281368, 0)
(3292, 3)
(86264098012, 2)
(3293, 1)
(86290302173, 1)
(3297, 0)
(86395118817, 0)
(3298, 1)
(86421322978, 1)
(3302, 1)
(86526139622, 1)
(3303, 0)
(86552343783, 0)
(3307, 4)
(86657160427, 1)
(3308, 1)
(86683364588, 4)
(3312, 1)
(86788181232, 4)
(3313, 1)
(86814385393, 4)
(3317, 1)
(86919202037, 1)
(3318, 2)
(86945406198, 2)
(3322, 4)
(87050222842, 4)
(3323, 3)
(87076427003, 2)
(3327, 4)
(87181243647, 4)
(3328, 2)
(87207447808, 2)
(3332, 0)
(87312264452, 0)
(3333, 3)
(87338468613, 2)
(3337, 4)
(87443285257, 4)
(3338, 0)
(87469489418, 0)
(3342, 4)
(87574306062, 1)
(3343, 4)
(87600510223, 1)
(3347, 1)
(87705326867, 4)
(3348, 0)
(87731531028, 0)
(3352, 0)
(87836347672, 0)
(3353, 0)
(87862551833, 0)
(3357, 0)
(87967368477, 0)
(3358, 2)
(87993572638, 3)
(3362, 4)
(88098389282, 4)
(3363, 4)
(88124593443, 4)
(3367, 0)
(88229410087, 0)
(3368, 0)
(88255614248, 0)
(3372, 2)
(88360430892, 2)
(3373, 4)
(88386635053, 1)
(3377, 3)
(88491451697, 2)
(3378, 4)
(88517655858, 4)
(3382, 0)
(88622472502, 0)
(3383, 1)
(88648676663, 4)
(3387, 2)
(88753493307, 2)
(3388, 3)
(88779697468, 2)
(3392, 1)
(88884514112, 4)
(3393, 2)
(88910718273, 3)
(3397, 0)
(89015534917, 0)
(3398, 3)
(89041739078, 2)
(3402, 3)
(89146555722, 3)
(3403, 2)
(89172759883, 3)
(3407, 3)
(89277576527, 3)
(3408, 4)
(89303780688, 1)
(3412, 0)
(89408597332, 0)
(3413, 3)
(89434801493, 2)
(3417, 4)
(89539618137, 1)
(3418, 2)
(89565822298, 3)
(3422, 3)
(89670638942, 3)
(3423, 0)
(89696843103, 0)
(3427, 1)
(89801659747, 4)
(3428, 0)
(89827863908, 0)
(3432, 0)
(89932680552, 0)
(3433, 1)
(89958884713, 4)
(3437, 2)
(90063701357, 3)
(3438, 0)
(90089905518, 0)
(3442, 0)
(90194722162, 0)
(3443, 4)
(90220926323, 4)
(3447, 4)
(90325742967, 4)
(3448, 0)
(90351947128, 0)
(3452, 2)
(90456763772, 2)
(3453, 3)
(90482967933, 2)
(3457, 3)
(90587784577, 3)
(3458, 0)
(90613988738, 0)
(3462, 3)
(90718805382, 3)
(3463, 4)
(90745009543, 4)
(3467, 4)
(90849826187, 1)
(3468, 4)
(90876030348, 1)
(3472, 1)
(90980846992, 1)
(3473, 0)
(91007051153, 0)
(3477, 2)
(91111867797, 3)
(3478, 4)
(91138071958, 1)
(3482, 4)
(91242888602, 1)
(3483, 3)
(91269092763, 3)
(3487, 2)
(91373909407, 2)
(3488, 0)
(91400113568, 0)
(3492, 0)
(91504930212, 0)
(3493, 3)
(91531134373, 2)
(3497, 2)
(91635951017, 3)
(3498, 0)
(91662155178, 0)
(3502, 4)
(91766971822, 1)
(3503, 2)
(91793175983, 2)
(3507, 3)
(91897992627, 3)
(3508, 0)
(91924196788, 0)
(3512, 0)
(92029013432, 0)
(3513, 4)
(92055217593, 4)
(3517, 0)
(92160034237, 0)
(3518, 3)
(92186238398, 2)
(3522, 3)
(92291055042, 3)
(3523, 4)
(92317259203, 1)
(3527, 0)
(92422075847, 0)
(3528, 0)
(92448280008, 0)
(3532, 1)
(92553096652, 1)
(3533, 0)
(92579300813, 0)
(3537, 3)
(92684117457, 2)
(3538, 3)
(92710321618, 2)
(3542, 2)
(92815138262, 3)
(3543, 3)
(92841342423, 3)
(3547, 4)
(92946159067, 4)
(3548, 2)
(92972363228, 3)
(3552, 4)
(93077179872, 4)
(3553, 1)
(93103384033, 4)
(3557, 4)
(93208200677, 4)
(3558, 3)
(93234404838, 2)
(3562, 2)
(93339221482, 2)
(3563, 3)
(93365425643, 2)
(3567, 0)
(93470242287, 0)
(3568, 2)
(93496446448, 3)
