(2, 4)
(30717122, 4)
(3, 3)
(46075683, 2)
(7, 4)
(107509927, 4)
(8, 0)
(122868488, 0)
(12, 4)
(184302732, 1)
(13, 3)
(199661293, 2)
(17, 4)
(261095537, 4)
(18, 3)
(276454098, 3)
(22, 3)
(337888342, 2)
(23, 3)
(353246903, 2)
(27, 3)
(414681147, 2)
(28, 3)
(430039708, 3)
(32, 2)
(491473952, 2)
(33, 1)
(506832513, 1)
(37, 2)
(568266757, 2)
(38, 1)
(583625318, 4)
(42, 1)
(645059562, 4)
(43, 4)
(660418123, 1)
(47, 0)
(721852367, 0)
(48, 4)
(737210928, 1)
(52, 0)
(798645172, 0)
(53, 4)
(814003733, 1)
(57, 4)
(875437977, 4)
(58, 2)
(890796538, 2)
(62, 2)
(952230782, 2)
(63, 0)
(967589343, 0)
(67, 1)
(1029023587, 4)
(68, 0)
(1044382148, 0)
(72, 0)
(1105816392, 0)
(73, 1)
(1121174953, 1)
(77, 3)
(1182609197, 2)
(78, 4)
(1197967758, 4)
(82, 1)
(1259402002, 4)
(83, 2)
(1274760563, 2)
(87, 4)
(1336194807, 1)
(88, 0)
(1351553368, 0)
(92, 1)
(1412987612, 4)
(93, 1)
(1428346173, 4)
(97, 4)
(1489780417, 1)
(98, 4)
(1505138978, 4)
(102, 1)
(1566573222, 4)
(103, 0)
(1581931783, 0)
(107, 3)
(1643366027, 3)
(108, 4)
(1658724588, 1)
(112, 4)
(1720158832, 4)
(113, 2)
(1735517393, 2)
(117, 0)
(1796951637, 0)
(118, 1)
(1812310198, 4)
(122, 0)
(1873744442, 0)
(123, 3)
(1889103003, 3)
(127, 0)
(1950537247, 0)
(128, 4)
(1965895808, 4)
(132, 0)
(2027330052, 0)
(133, 1)
(2042688613, 4)
(137, 3)
(2104122857, 2)
(138, 3)
(2119481418, 3)
(142, 1)
(2180915662, 1)
(143, 0)
(2196274223, 0)
(147, 4)
(2257708467, 1)
(148, 0)
(2273067028, 0)
(152, 0)
(2334501272, 0)
(153, 3)
(2349859833, 3)
(157, 1)
(2411294077, 4)
(158, 3)
(2426652638, 3)
(162, 1)
(2488086882, 1)
(163, 4)
(2503445443, 4)
(167, 4)
(2564879687, 4)
(168, 0)
(2580238248, 0)
(172, 2)
(2641672492, 3)
(173, 1)
(2657031053, 1)
(177, 4)
(2718465297, 4)
(178, 3)
(2733823858, 2)
(182, 3)
(2795258102, 2)
(183, 3)
(2810616663, 2)
(187, 2)
(2872050907, 3)
(188, 0)
(2887409468, 0)
(192, 0)
(2948843712, 0)
(193, 1)
(2964202273, 1)
(197, 0)
(3025636517, 0)
(198, 0)
(3040995078, 0)
(202, 4)
(3102429322, 4)
(203, 1)
(3117787883, 1)
(207, 1)
(3179222127, 4)
(208, 1)
(3194580688, 4)
(212, 0)
(3256014932, 0)
(213, 2)
(3271373493, 3)
(217, 3)
(3332807737, 3)
(218, 0)
(3348166298, 0)
(222, 3)
(3409600542, 2)
(223, 2)
(3424959103, 3)
(227, 0)
(3486393347, 0)
(228, 0)
(3501751908, 0)
(232, 0)
(3563186152, 0)
(233, 3)
(3578544713, 2)
(237, 2)
(3639978957, 3)
(238, 3)
(3655337518, 3)
(242, 4)
(3716771762, 4)
(243, 4)
(3732130323, 1)
(247, 4)
(3793564567, 4)
(248, 0)
(3808923128, 0)
(252, 0)
(3870357372, 0)
(253, 1)
(3885715933, 1)
(257, 1)
(3947150177, 1)
(258, 3)
(3962508738, 3)
(262, 4)
(4023942982, 4)
(263, 3)
(4039301543, 3)
(267, 2)
(4100735787, 2)
(268, 3)
(4116094348, 2)
(272, 3)
(4177528592, 3)
(273, 2)
(4192887153, 2)
(277, 1)
(4254321397, 1)
(278, 4)
(4269679958, 4)
(282, 2)
(4331114202, 2)
(283, 2)
(4346472763, 3)
(287, 1)
(4407907007, 4)
(288, 4)
(4423265568, 4)
(292, 0)
(4484699812, 0)
(293, 2)
(4500058373, 3)
(297, 1)
(4561492617, 1)
(298, 1)
(4576851178, 1)
(302, 3)
(4638285422, 2)
(303, 0)
(4653643983, 0)
(307, 3)
(4715078227, 2)
(308, 0)
(4730436788, 0)
(312, 0)
(4791871032, 0)
(313, 2)
(4807229593, 2)
(317, 0)
(4868663837, 0)
(318, 2)
(4884022398, 2)
(322, 2)
(4945456642, 3)
(323, 1)
(4960815203, 4)
(327, 3)
(5022249447, 2)
(328, 0)
(5037608008, 0)
(332, 1)
(5099042252, 1)
(333, 0)
(5114400813, 0)
(337, 3)
(5175835057, 2)
(338, 0)
(5191193618, 0)
(342, 2)
(5252627862, 3)
(343, 3)
(5267986423, 3)
(347, 0)
(5329420667, 0)
(348, 3)
(5344779228, 2)
(352, 4)
(5406213472, 1)
(353, 4)
(5421572033, 4)
(357, 3)
(5483006277, 2)
(358, 1)
(5498364838, 1)
(362, 2)
(5559799082, 3)
(363, 4)
(5575157643, 1)
(367, 1)
(5636591887, 1)
(368, 3)
(5651950448, 2)
(372, 0)
(5713384692, 0)
(373, 0)
(5728743253, 0)
(377, 1)
(5790177497, 4)
(378, 1)
(5805536058, 4)
(382, 2)
(5866970302, 2)
(383, 2)
(5882328863, 2)
(387, 0)
(5943763107, 0)
(388, 0)
(5959121668, 0)
(392, 0)
(6020555912, 0)
(393, 3)
(6035914473, 2)
(397, 1)
(6097348717, 4)
(398, 0)
(6112707278, 0)
(402, 4)
(6174141522, 4)
(403, 3)
(6189500083, 2)
(407, 4)
(6250934327, 1)
(408, 0)
(6266292888, 0)
(412, 0)
(6327727132, 0)
(413, 0)
(6343085693, 0)
(417, 2)
(6404519937, 3)
(418, 3)
(6419878498, 3)
(422, 0)
(6481312742, 0)
(423, 0)
(6496671303, 0)
(427, 2)
(6558105547, 2)
(428, 4)
(6573464108, 4)
(432, 4)
(6634898352, 1)
(433, 3)
(6650256913, 3)
(437, 0)
(6711691157, 0)
(438, 3)
(6727049718, 2)
(442, 2)
(6788483962, 3)
(443, 0)
(6803842523, 0)
(447, 1)
(6865276767, 4)
(448, 2)
(6880635328, 2)
(452, 0)
(6942069572, 0)
(453, 3)
(6957428133, 3)
(457, 3)
(7018862377, 2)
(458, 1)
(7034220938, 1)
(462, 2)
(7095655182, 2)
(463, 2)
(7111013743, 2)
(467, 2)
(7172447987, 2)
(468, 0)
(7187806548, 0)
(472, 0)
(7249240792, 0)
(473, 3)
(7264599353, 3)
(477, 3)
(7326033597, 2)
(478, 3)
(7341392158, 3)
(482, 0)
(7402826402, 0)
(483, 1)
(7418184963, 1)
(487, 3)
(7479619207, 3)
(488, 0)
(7494977768, 0)
(492, 4)
(7556412012, 4)
(493, 3)
(7571770573, 3)
(497, 4)
(7633204817, 4)
(498, 3)
(7648563378, 2)
(502, 1)
(7709997622, 4)
(503, 1)
(7725356183, 4)
(507, 1)
(7786790427, 4)
(508, 0)
(7802148988, 0)
(512, 4)
(7863583232, 4)
(513, 4)
(7878941793, 4)
(517, 2)
(7940376037, 2)
(518, 1)
(7955734598, 1)
(522, 0)
(8017168842, 0)
(523, 0)
(8032527403, 0)
(527, 2)
(8093961647, 2)
(528, 2)
(8109320208, 2)
(532, 0)
(8170754452, 0)
(533, 3)
(8186113013, 3)
(537, 2)
(8247547257, 3)
(538, 0)
(8262905818, 0)
(542, 1)
(8324340062, 4)
(543, 2)
(8339698623, 2)
(547, 3)
(8401132867, 2)
(548, 0)
(8416491428, 0)
(552, 0)
(8477925672, 0)
(553, 2)
(8493284233, 2)
(557, 3)
(8554718477, 2)
(558, 4)
(8570077038, 4)
(562, 2)
(8631511282, 3)
(563, 1)
(8646869843, 4)
(567, 3)
(8708304087, 3)
(568, 0)
(8723662648, 0)
(572, 0)
(8785096892, 0)
(573, 4)
(8800455453, 1)
(577, 3)
(8861889697, 2)
(578, 2)
(8877248258, 2)
(582, 4)
(8938682502, 4)
(583, 3)
(8954041063, 3)
(587, 2)
(9015475307, 3)
(588, 2)
(9030833868, 3)
(592, 4)
(9092268112, 4)
(593, 1)
(9107626673, 1)
(597, 2)
(9169060917, 3)
(598, 3)
(9184419478, 3)
(602, 1)
(9245853722, 4)
(603, 0)
(9261212283, 0)
(607, 2)
(9322646527, 2)
(608, 3)
(9338005088, 2)
(612, 0)
(9399439332, 0)
(613, 0)
(9414797893, 0)
(617, 2)
(9476232137, 2)
(618, 2)
(9491590698, 3)
(622, 3)
(9553024942, 2)
(623, 2)
(9568383503, 3)
(627, 4)
(9629817747, 1)
(628, 0)
(9645176308, 0)
(632, 0)
(9706610552, 0)
(633, 0)
(9721969113, 0)
(637, 4)
(9783403357, 1)
(638, 0)
(9798761918, 0)
(642, 4)
(9860196162, 1)
(643, 2)
(9875554723, 2)
(647, 2)
(9936988967, 2)
(648, 0)
(9952347528, 0)
(652, 2)
(10013781772, 2)
(653, 1)
(10029140333, 1)
(657, 0)
(10090574577, 0)
(658, 3)
(10105933138, 2)
(662, 3)
(10167367382, 3)
(663, 1)
(10182725943, 1)
(667, 4)
(10244160187, 1)
(668, 3)
(10259518748, 3)
(672, 3)
(10320952992, 2)
(673, 3)
(10336311553, 2)
(677, 0)
(10397745797, 0)
(678, 0)
(10413104358, 0)
(682, 3)
(10474538602, 2)
(683, 0)
(10489897163, 0)
(687, 3)
(10551331407, 2)
(688, 2)
(10566689968, 3)
(692, 0)
(10628124212, 0)
(693, 1)
(10643482773, 4)
(697, 3)
(10704917017, 2)
(698, 1)
(10720275578, 1)
(702, 4)
(10781709822, 4)
(703, 4)
(10797068383, 1)
(707, 1)
(10858502627, 1)
(708, 0)
(10873861188, 0)
(712, 0)
(10935295432, 0)
(713, 1)
(10950653993, 4)
(717, 1)
(11012088237, 4)
(718, 2)
(11027446798, 2)
(722, 1)
(11088881042, 1)
(723, 1)
(11104239603, 1)
(727, 2)
(11165673847, 3)
(728, 0)
(11181032408, 0)
(732, 1)
(11242466652, 4)
(733, 1)
(11257825213, 4)
(737, 0)
(11319259457, 0)
(738, 0)
(11334618018, 0)
(742, 2)
(11396052262, 3)
(743, 1)
(11411410823, 1)
(747, 4)
(11472845067, 4)
(748, 1)
(11488203628, 4)
(752, 0)
(11549637872, 0)
(753, 3)
(11564996433, 3)
(757, 0)
(11626430677, 0)
(758, 2)
(11641789238, 3)
(762, 3)
(11703223482, 2)
(763, 1)
(11718582043, 1)
(767, 3)
(11780016287, 3)
(768, 2)
(11795374848, 3)
(772, 0)
(11856809092, 0)
(773, 4)
(11872167653, 4)
(777, 1)
(11933601897, 4)
(778, 4)
(11948960458, 1)
(782, 1)
(12010394702, 4)
(783, 4)
(12025753263, 1)
(787, 0)
(12087187507, 0)
(788, 0)
(12102546068, 0)
(792, 0)
(12163980312, 0)
(793, 2)
(12179338873, 3)
(797, 0)
(12240773117, 0)
(798, 1)
(12256131678, 1)
(802, 3)
(12317565922, 2)
(803, 0)
(12332924483, 0)
(807, 1)
(12394358727, 1)
(808, 0)
(12409717288, 0)
(812, 3)
(12471151532, 3)
(813, 3)
(12486510093, 3)
(817, 2)
(12547944337, 2)
(818, 3)
(12563302898, 2)
(822, 0)
(12624737142, 0)
(823, 4)
(12640095703, 4)
(827, 2)
(12701529947, 3)
(828, 2)
(12716888508, 3)
(832, 2)
(12778322752, 3)
(833, 2)
(12793681313, 2)
(837, 1)
(12855115557, 4)
(838, 4)
(12870474118, 1)
(842, 4)
(12931908362, 4)
(843, 4)
(12947266923, 4)
(847, 4)
(13008701167, 4)
(848, 3)
(13024059728, 2)
(852, 0)
(13085493972, 0)
(853, 0)
(13100852533, 0)
(857, 2)
(13162286777, 3)
(858, 1)
(13177645338, 4)
(862, 2)
(13239079582, 3)
(863, 1)
(13254438143, 4)
(867, 3)
(13315872387, 2)
(868, 0)
(13331230948, 0)
(872, 0)
(13392665192, 0)
(873, 0)
(13408023753, 0)
(877, 0)
(13469457997, 0)
(878, 0)
(13484816558, 0)
(882, 3)
(13546250802, 3)
(883, 2)
(13561609363, 2)
(887, 1)
(13623043607, 1)
(888, 0)
(13638402168, 0)
(892, 4)
(13699836412, 1)
(893, 2)
(13715194973, 2)
(897, 1)
(13776629217, 4)
(898, 2)
(13791987778, 2)
(902, 2)
(13853422022, 2)
(903, 1)
(13868780583, 1)
(907, 3)
(13930214827, 2)
(908, 0)
(13945573388, 0)
(912, 3)
(14007007632, 3)
(913, 3)
(14022366193, 2)
(917, 0)
(14083800437, 0)
(918, 1)
(14099158998, 4)
(922, 2)
(14160593242, 3)
(923, 0)
(14175951803, 0)
(927, 0)
(14237386047, 0)
(928, 1)
(14252744608, 1)
(932, 0)
(14314178852, 0)
(933, 4)
(14329537413, 4)
(937, 0)
(14390971657, 0)
(938, 1)
(14406330218, 4)
(942, 3)
(14467764462, 3)
(943, 1)
(14483123023, 1)
(947, 0)
(14544557267, 0)
(948, 0)
(14559915828, 0)
(952, 0)
(14621350072, 0)
(953, 3)
(14636708633, 2)
(957, 1)
(14698142877, 1)
(958, 1)
(14713501438, 1)
(962, 2)
(14774935682, 3)
(963, 1)
(14790294243, 1)
(967, 4)
(14851728487, 4)
(968, 0)
(14867087048, 0)
(972, 2)
(14928521292, 3)
(973, 3)
(14943879853, 3)
(977, 0)
(15005314097, 0)
(978, 4)
(15020672658, 1)
(982, 0)
(15082106902, 0)
(983, 2)
(15097465463, 3)
(987, 3)
(15158899707, 3)
(988, 3)
(15174258268, 3)
(992, 1)
(15235692512, 1)
(993, 3)
(15251051073, 2)
(997, 4)
(15312485317, 4)
(998, 1)
(15327843878, 1)
(1002, 4)
(15389278122, 1)
(1003, 1)
(15404636683, 4)
(1007, 0)
(15466070927, 0)
(1008, 0)
(15481429488, 0)
(1012, 0)
(15542863732, 0)
(1013, 4)
(15558222293, 1)
(1017, 4)
(15619656537, 4)
(1018, 3)
(15635015098, 3)
(1022, 3)
(15696449342, 3)
(1023, 1)
(15711807903, 1)
(1027, 4)
(15773242147, 1)
(1028, 0)
(15788600708, 0)
(1032, 0)
(15850034952, 0)
(1033, 3)
(15865393513, 2)
(1037, 0)
(15926827757, 0)
(1038, 2)
(15942186318, 3)
(1042, 3)
(16003620562, 2)
(1043, 2)
(16018979123, 2)
(1047, 4)
(16080413367, 1)
(1048, 0)
(16095771928, 0)
(1052, 1)
(16157206172, 1)
(1053, 1)
(16172564733, 4)
(1057, 1)
(16233998977, 4)
(1058, 0)
(16249357538, 0)
(1062, 0)
(16310791782, 0)
(1063, 4)
(16326150343, 4)
(1067, 2)
(16387584587, 2)
(1068, 1)
(16402943148, 1)
(1072, 3)
(16464377392, 2)
(1073, 1)
(16479735953, 1)
(1077, 4)
(16541170197, 1)
(1078, 3)
(16556528758, 2)
(1082, 3)
(16617963002, 2)
(1083, 2)
(16633321563, 3)
(1087, 1)
(16694755807, 4)
(1088, 1)
(16710114368, 1)
(1092, 0)
(16771548612, 0)
(1093, 0)
(16786907173, 0)
(1097, 1)
(16848341417, 4)
(1098, 0)
(16863699978, 0)
(1102, 0)
(16925134222, 0)
(1103, 3)
(16940492783, 3)
(1107, 3)
(17001927027, 3)
(1108, 0)
(17017285588, 0)
(1112, 0)
(17078719832, 0)
(1113, 4)
(17094078393, 4)
(1117, 4)
(17155512637, 4)
(1118, 1)
(17170871198, 1)
(1122, 4)
(17232305442, 4)
(1123, 0)
(17247664003, 0)
(1127, 3)
(17309098247, 2)
(1128, 0)
(17324456808, 0)
(1132, 1)
(17385891052, 4)
(1133, 2)
(17401249613, 3)
(1137, 0)
(17462683857, 0)
(1138, 2)
(17478042418, 2)
(1142, 2)
(17539476662, 2)
(1143, 0)
(17554835223, 0)
(1147, 1)
(17616269467, 1)
(1148, 2)
(17631628028, 3)
(1152, 3)
(17693062272, 3)
(1153, 4)
(17708420833, 1)
(1157, 3)
(17769855077, 3)
(1158, 4)
(17785213638, 1)
(1162, 3)
(17846647882, 3)
(1163, 3)
(17862006443, 2)
(1167, 3)
(17923440687, 3)
(1168, 2)
(17938799248, 2)
(1172, 0)
(18000233492, 0)
(1173, 1)
(18015592053, 1)
(1177, 2)
(18077026297, 3)
(1178, 1)
(18092384858, 4)
(1182, 0)
(18153819102, 0)
(1183, 0)
(18169177663, 0)
(1187, 4)
(18230611907, 4)
(1188, 0)
(18245970468, 0)
(1192, 0)
(18307404712, 0)
(1193, 4)
(18322763273, 4)
(1197, 0)
(18384197517, 0)
(1198, 2)
(18399556078, 3)
(1202, 1)
(18460990322, 1)
(1203, 4)
(18476348883, 4)
(1207, 2)
(18537783127, 2)
(1208, 0)
(18553141688, 0)
(1212, 0)
(18614575932, 0)
(1213, 0)
(18629934493, 0)
(1217, 2)
(18691368737, 3)
(1218, 4)
(18706727298, 1)
(1222, 3)
(18768161542, 3)
(1223, 0)
(18783520103, 0)
(1227, 4)
(18844954347, 4)
(1228, 4)
(18860312908, 1)
(1232, 1)
(18921747152, 4)
(1233, 1)
(18937105713, 4)
(1237, 4)
(18998539957, 1)
(1238, 2)
(19013898518, 3)
(1242, 3)
(19075332762, 3)
(1243, 1)
(19090691323, 4)
(1247, 4)
(19152125567, 1)
(1248, 2)
(19167484128, 2)
(1252, 0)
(19228918372, 0)
(1253, 3)
(19244276933, 3)
(1257, 0)
(19305711177, 0)
(1258, 2)
(19321069738, 2)
(1262, 4)
(19382503982, 1)
(1263, 0)
(19397862543, 0)
(1267, 1)
(19459296787, 4)
(1268, 0)
(19474655348, 0)
(1272, 0)
(19536089592, 0)
(1273, 0)
(19551448153, 0)
(1277, 4)
(19612882397, 1)
(1278, 0)
(19628240958, 0)
(1282, 3)
(19689675202, 3)
(1283, 4)
(19705033763, 4)
(1287, 0)
(19766468007, 0)
(1288, 0)
(19781826568, 0)
(1292, 3)
(19843260812, 2)
(1293, 1)
(19858619373, 1)
(1297, 2)
(19920053617, 2)
(1298, 2)
(19935412178, 2)
(1302, 4)
(19996846422, 1)
(1303, 1)
(20012204983, 1)
(1307, 1)
(20073639227, 4)
(1308, 1)
(20088997788, 4)
(1312, 3)
(20150432032, 2)
(1313, 1)
(20165790593, 4)
(1317, 0)
(20227224837, 0)
(1318, 0)
(20242583398, 0)
(1322, 3)
(20304017642, 3)
(1323, 4)
(20319376203, 1)
(1327, 0)
(20380810447, 0)
(1328, 1)
(20396169008, 1)
(1332, 0)
(20457603252, 0)
(1333, 0)
(20472961813, 0)
(1337, 4)
(20534396057, 4)
(1338, 0)
(20549754618, 0)
(1342, 0)
(20611188862, 0)
(1343, 4)
(20626547423, 4)
(1347, 1)
(20687981667, 4)
(1348, 0)
(20703340228, 0)
(1352, 0)
(20764774472, 0)
(1353, 4)
(20780133033, 1)
(1357, 1)
(20841567277, 1)
(1358, 4)
(20856925838, 1)
(1362, 1)
(20918360082, 4)
(1363, 4)
(20933718643, 1)
(1367, 0)
(20995152887, 0)
(1368, 0)
(21010511448, 0)
(1372, 1)
(21071945692, 1)
(1373, 2)
(21087304253, 3)
(1377, 1)
(21148738497, 1)
(1378, 0)
(21164097058, 0)
(1382, 2)
(21225531302, 3)
(1383, 3)
(21240889863, 3)
(1387, 4)
(21302324107, 1)
(1388, 0)
(21317682668, 0)
(1392, 4)
(21379116912, 1)
(1393, 4)
(21394475473, 4)
(1397, 4)
(21455909717, 1)
(1398, 0)
(21471268278, 0)
(1402, 1)
(21532702522, 1)
(1403, 1)
(21548061083, 4)
(1407, 1)
(21609495327, 1)
(1408, 3)
(21624853888, 2)
(1412, 0)
(21686288132, 0)
(1413, 0)
(21701646693, 0)
(1417, 1)
(21763080937, 4)
(1418, 4)
(21778439498, 4)
(1422, 1)
(21839873742, 1)
(1423, 4)
(21855232303, 1)
(1427, 0)
(21916666547, 0)
(1428, 0)
(21932025108, 0)
(1432, 0)
(21993459352, 0)
(1433, 4)
(22008817913, 4)
(1437, 4)
(22070252157, 1)
(1438, 1)
(22085610718, 4)
(1442, 1)
(22147044962, 1)
(1443, 2)
(22162403523, 2)
(1447, 2)
(22223837767, 2)
(1448, 0)
(22239196328, 0)
(1452, 2)
(22300630572, 3)
(1453, 1)
(22315989133, 1)
(1457, 4)
(22377423377, 1)
(1458, 2)
(22392781938, 2)
(1462, 4)
(22454216182, 1)
(1463, 2)
(22469574743, 2)
(1467, 0)
(22531008987, 0)
(1468, 2)
(22546367548, 2)
(1472, 4)
(22607801792, 1)
(1473, 2)
(22623160353, 3)
(1477, 1)
(22684594597, 4)
(1478, 0)
(22699953158, 0)
(1482, 1)
(22761387402, 4)
(1483, 3)
(22776745963, 3)
(1487, 3)
(22838180207, 3)
(1488, 2)
(22853538768, 3)
(1492, 0)
(22914973012, 0)
(1493, 3)
(22930331573, 2)
(1497, 0)
(22991765817, 0)
(1498, 1)
(23007124378, 1)
(1502, 1)
(23068558622, 1)
(1503, 3)
(23083917183, 3)
(1507, 4)
(23145351427, 4)
(1508, 0)
(23160709988, 0)
(1512, 0)
(23222144232, 0)
(1513, 4)
(23237502793, 1)
(1517, 3)
(23298937037, 2)
(1518, 4)
(23314295598, 1)
(1522, 0)
(23375729842, 0)
(1523, 3)
(23391088403, 3)
(1527, 1)
(23452522647, 4)
(1528, 0)
(23467881208, 0)
(1532, 4)
(23529315452, 4)
(1533, 1)
(23544674013, 4)
(1537, 1)
(23606108257, 4)
(1538, 4)
(23621466818, 1)
(1542, 0)
(23682901062, 0)
(1543, 4)
(23698259623, 1)
(1547, 2)
(23759693867, 3)
(1548, 0)
(23775052428, 0)
(1552, 3)
(23836486672, 2)
(1553, 0)
(23851845233, 0)
(1557, 2)
(23913279477, 2)
(1558, 2)
(23928638038, 2)
(1562, 2)
(23990072282, 3)
(1563, 4)
(24005430843, 4)
(1567, 0)
(24066865087, 0)
(1568, 2)
(24082223648, 2)
(1572, 0)
(24143657892, 0)
(1573, 3)
(24159016453, 2)
(1577, 3)
(24220450697, 2)
(1578, 1)
(24235809258, 4)
(1582, 4)
(24297243502, 4)
(1583, 3)
(24312602063, 2)
(1587, 0)
(24374036307, 0)
(1588, 0)
(24389394868, 0)
(1592, 0)
(24450829112, 0)
(1593, 4)
(24466187673, 4)
(1597, 4)
(24527621917, 1)
(1598, 2)
(24542980478, 3)
(1602, 0)
(24604414722, 0)
(1603, 4)
(24619773283, 4)
(1607, 3)
(24681207527, 2)
(1608, 0)
(24696566088, 0)
(1612, 4)
(24758000332, 1)
(1613, 3)
(24773358893, 3)
(1617, 3)
(24834793137, 3)
(1618, 2)
(24850151698, 2)
(1622, 0)
(24911585942, 0)
(1623, 3)
(24926944503, 3)
(1627, 2)
(24988378747, 2)
(1628, 3)
(25003737308, 2)
(1632, 3)
(25065171552, 2)
(1633, 4)
(25080530113, 1)
(1637, 3)
(25141964357, 2)
(1638, 1)
(25157322918, 4)
(1642, 1)
(25218757162, 4)
(1643, 0)
(25234115723, 0)
(1647, 3)
(25295549967, 2)
(1648, 0)
(25310908528, 0)
(1652, 0)
(25372342772, 0)
(1653, 4)
(25387701333, 4)
(1657, 1)
(25449135577, 4)
(1658, 2)
(25464494138, 2)
(1662, 0)
(25525928382, 0)
(1663, 2)
(25541286943, 3)
(1667, 3)
(25602721187, 3)
(1668, 0)
(25618079748, 0)
(1672, 0)
(25679513992, 0)
(1673, 3)
(25694872553, 3)
(1677, 1)
(25756306797, 4)
(1678, 0)
(25771665358, 0)
(1682, 4)
(25833099602, 4)
(1683, 0)
(25848458163, 0)
(1687, 2)
(25909892407, 3)
(1688, 0)
(25925250968, 0)
(1692, 0)
(25986685212, 0)
(1693, 3)
(26002043773, 2)
(1697, 3)
(26063478017, 3)
(1698, 1)
(26078836578, 1)
(1702, 0)
(26140270822, 0)
(1703, 3)
(26155629383, 2)
(1707, 0)
(26217063627, 0)
(1708, 1)
(26232422188, 1)
(1712, 4)
(26293856432, 4)
(1713, 4)
(26309214993, 1)
(1717, 1)
(26370649237, 1)
(1718, 1)
(26386007798, 4)
(1722, 1)
(26447442042, 1)
(1723, 0)
(26462800603, 0)
(1727, 4)
(26524234847, 4)
(1728, 0)
(26539593408, 0)
(1732, 0)
(26601027652, 0)
(1733, 1)
(26616386213, 4)
(1737, 0)
(26677820457, 0)
(1738, 1)
(26693179018, 4)
(1742, 1)
(26754613262, 1)
(1743, 4)
(26769971823, 1)
(1747, 0)
(26831406067, 0)
(1748, 0)
(26846764628, 0)
(1752, 0)
(26908198872, 0)
(1753, 0)
(26923557433, 0)
(1757, 3)
(26984991677, 2)
(1758, 0)
(27000350238, 0)
(1762, 1)
(27061784482, 4)
(1763, 3)
(27077143043, 3)
(1767, 3)
(27138577287, 3)
(1768, 0)
(27153935848, 0)
(1772, 0)
(27215370092, 0)
(1773, 0)
(27230728653, 0)
(1777, 4)
(27292162897, 1)
(1778, 0)
(27307521458, 0)
(1782, 1)
(27368955702, 4)
(1783, 2)
(27384314263, 3)
(1787, 2)
(27445748507, 3)
(1788, 2)
(27461107068, 3)
(1792, 1)
(27522541312, 1)
(1793, 4)
(27537899873, 1)
(1797, 4)
(27599334117, 4)
(1798, 0)
(27614692678, 0)
(1802, 3)
(27676126922, 2)
(1803, 2)
(27691485483, 3)
(1807, 3)
(27752919727, 2)
(1808, 4)
(27768278288, 4)
(1812, 0)
(27829712532, 0)
(1813, 2)
(27845071093, 2)
(1817, 0)
(27906505337, 0)
(1818, 0)
(27921863898, 0)
(1822, 4)
(27983298142, 4)
(1823, 0)
(27998656703, 0)
(1827, 2)
(28060090947, 2)
(1828, 0)
(28075449508, 0)
(1832, 0)
(28136883752, 0)
(1833, 1)
(28152242313, 4)
(1837, 4)
(28213676557, 1)
(1838, 3)
(28229035118, 3)
(1842, 4)
(28290469362, 4)
(1843, 4)
(28305827923, 4)
(1847, 2)
(28367262167, 3)
(1848, 0)
(28382620728, 0)
(1852, 4)
(28444054972, 4)
(1853, 4)
(28459413533, 4)
(1857, 0)
(28520847777, 0)
(1858, 0)
(28536206338, 0)
(1862, 3)
(28597640582, 2)
(1863, 2)
(28612999143, 3)
(1867, 0)
(28674433387, 0)
(1868, 1)
(28689791948, 1)
(1872, 0)
(28751226192, 0)
(1873, 3)
(28766584753, 2)
(1877, 4)
(28828018997, 1)
(1878, 4)
(28843377558, 1)
(1882, 2)
(28904811802, 3)
(1883, 1)
(28920170363, 4)
(1887, 0)
(28981604607, 0)
(1888, 3)
(28996963168, 2)
(1892, 0)
(29058397412, 0)
(1893, 0)
(29073755973, 0)
(1897, 1)
(29135190217, 4)
(1898, 3)
(29150548778, 2)
(1902, 4)
(29211983022, 4)
(1903, 2)
(29227341583, 3)
(1907, 3)
(29288775827, 3)
(1908, 0)
(29304134388, 0)
(1912, 0)
(29365568632, 0)
(1913, 4)
(29380927193, 4)
(1917, 2)
(29442361437, 3)
(1918, 1)
(29457719998, 4)
(1922, 2)
(29519154242, 2)
(1923, 0)
(29534512803, 0)
(1927, 2)
(29595947047, 2)
(1928, 0)
(29611305608, 0)
(1932, 3)
(29672739852, 3)
(1933, 2)
(29688098413, 2)
(1937, 3)
(29749532657, 2)
(1938, 2)
(29764891218, 2)
(1942, 3)
(29826325462, 2)
(1943, 2)
(29841684023, 3)
(1947, 3)
(29903118267, 2)
(1948, 1)
(29918476828, 1)
(1952, 0)
(29979911072, 0)
(1953, 0)
(29995269633, 0)
(1957, 1)
(30056703877, 4)
(1958, 2)
(30072062438, 2)
(1962, 0)
(30133496682, 0)
(1963, 4)
(30148855243, 4)
(1967, 4)
(30210289487, 1)
(1968, 4)
(30225648048, 4)
(1972, 0)
(30287082292, 0)
(1973, 3)
(30302440853, 2)
(1977, 1)
(30363875097, 1)
(1978, 2)
(30379233658, 2)
(1982, 1)
(30440667902, 1)
(1983, 1)
(30456026463, 4)
(1987, 2)
(30517460707, 3)
(1988, 0)
(30532819268, 0)
(1992, 0)
(30594253512, 0)
(1993, 1)
(30609612073, 4)
(1997, 2)
(30671046317, 3)
(1998, 3)
(30686404878, 2)
(2002, 4)
(30747839122, 4)
(2003, 1)
(30763197683, 4)
(2007, 0)
(30824631927, 0)
(2008, 0)
(30839990488, 0)
(2012, 2)
(30901424732, 3)
(2013, 4)
(30916783293, 4)
(2017, 2)
(30978217537, 3)
(2018, 3)
(30993576098, 2)
(2022, 1)
(31055010342, 1)
(2023, 4)
(31070368903, 4)
(2027, 1)
(31131803147, 4)
(2028, 3)
(31147161708, 2)
(2032, 0)
(31208595952, 0)
(2033, 2)
(31223954513, 3)
(2037, 4)
(31285388757, 4)
(2038, 3)
(31300747318, 2)
(2042, 0)
(31362181562, 0)
(2043, 0)
(31377540123, 0)
(2047, 2)
(31438974367, 2)
(2048, 0)
(31454332928, 0)
(2052, 0)
(31515767172, 0)
(2053, 2)
(31531125733, 3)
(2057, 4)
(31592559977, 4)
(2058, 2)
(31607918538, 3)
(2062, 3)
(31669352782, 2)
(2063, 0)
(31684711343, 0)
(2067, 3)
(31746145587, 2)
(2068, 0)
(31761504148, 0)
(2072, 0)
(31822938392, 0)
(2073, 0)
(31838296953, 0)
(2077, 1)
(31899731197, 4)
(2078, 0)
(31915089758, 0)
(2082, 1)
(31976524002, 1)
(2083, 3)
(31991882563, 3)
(2087, 0)
(32053316807, 0)
(2088, 0)
(32068675368, 0)
(2092, 0)
(32130109612, 0)
(2093, 0)
(32145468173, 0)
(2097, 1)
(32206902417, 4)
(2098, 4)
(32222260978, 4)
(2102, 4)
(32283695222, 4)
(2103, 4)
(32299053783, 1)
(2107, 4)
(32360488027, 1)
(2108, 4)
(32375846588, 4)
(2112, 4)
(32437280832, 4)
(2113, 4)
(32452639393, 1)
(2117, 1)
(32514073637, 1)
(2118, 0)
(32529432198, 0)
(2122, 2)
(32590866442, 3)
(2123, 1)
(32606225003, 4)
(2127, 2)
(32667659247, 3)
(2128, 2)
(32683017808, 3)
(2132, 0)
(32744452052, 0)
(2133, 2)
(32759810613, 3)
(2137, 1)
(32821244857, 1)
(2138, 2)
(32836603418, 3)
(2142, 0)
(32898037662, 0)
(2143, 3)
(32913396223, 3)
(2147, 4)
(32974830467, 1)
(2148, 0)
(32990189028, 0)
(2152, 0)
(33051623272, 0)
(2153, 3)
(33066981833, 2)
(2157, 4)
(33128416077, 4)
(2158, 0)
(33143774638, 0)
(2162, 4)
(33205208882, 4)
(2163, 2)
(33220567443, 3)
(2167, 2)
(33282001687, 2)
(2168, 0)
(33297360248, 0)
(2172, 4)
(33358794492, 4)
(2173, 0)
(33374153053, 0)
(2177, 0)
(33435587297, 0)
(2178, 3)
(33450945858, 3)
(2182, 3)
(33512380102, 2)
(2183, 2)
(33527738663, 3)
(2187, 0)
(33589172907, 0)
(2188, 4)
(33604531468, 1)
(2192, 1)
(33665965712, 4)
(2193, 1)
(33681324273, 1)
(2197, 3)
(33742758517, 2)
(2198, 1)
(33758117078, 4)
(2202, 0)
(33819551322, 0)
(2203, 0)
(33834909883, 0)
(2207, 1)
(33896344127, 4)
(2208, 4)
(33911702688, 4)
(2212, 0)
(33973136932, 0)
(2213, 3)
(33988495493, 2)
(2217, 3)
(34049929737, 3)
(2218, 1)
(34065288298, 1)
(2222, 3)
(34126722542, 2)
(2223, 0)
(34142081103, 0)
(2227, 1)
(34203515347, 1)
(2228, 0)
(34218873908, 0)
(2232, 0)
(34280308152, 0)
(2233, 4)
(34295666713, 1)
(2237, 0)
(34357100957, 0)
(2238, 3)
(34372459518, 2)
(2242, 4)
(34433893762, 4)
(2243, 0)
(34449252323, 0)
(2247, 0)
(34510686567, 0)
(2248, 0)
(34526045128, 0)
(2252, 3)
(34587479372, 2)
(2253, 4)
(34602837933, 1)
(2257, 4)
(34664272177, 4)
(2258, 3)
(34679630738, 2)
(2262, 1)
(34741064982, 1)
(2263, 2)
(34756423543, 2)
(2267, 1)
(34817857787, 1)
(2268, 1)
(34833216348, 1)
(2272, 3)
(34894650592, 3)
(2273, 2)
(34910009153, 3)
(2277, 0)
(34971443397, 0)
(2278, 4)
(34986801958, 1)
(2282, 0)
(35048236202, 0)
(2283, 4)
(35063594763, 4)
(2287, 1)
(35125029007, 1)
(2288, 0)
(35140387568, 0)
(2292, 0)
(35201821812, 0)
(2293, 1)
(35217180373, 4)
(2297, 0)
(35278614617, 0)
(2298, 2)
(35293973178, 3)
(2302, 4)
(35355407422, 1)
(2303, 0)
(35370765983, 0)
(2307, 3)
(35432200227, 3)
(2308, 0)
(35447558788, 0)
(2312, 0)
(35508993032, 0)
(2313, 2)
(35524351593, 2)
(2317, 4)
(35585785837, 4)
(2318, 1)
(35601144398, 4)
(2322, 3)
(35662578642, 3)
(2323, 2)
(35677937203, 3)
(2327, 2)
(35739371447, 3)
(2328, 0)
(35754730008, 0)
(2332, 1)
(35816164252, 1)
(2333, 1)
(35831522813, 1)
(2337, 2)
(35892957057, 3)
(2338, 4)
(35908315618, 4)
(2342, 3)
(35969749862, 3)
(2343, 2)
(35985108423, 2)
(2347, 0)
(36046542667, 0)
(2348, 1)
(36061901228, 4)
(2352, 2)
(36123335472, 3)
(2353, 4)
(36138694033, 4)
(2357, 2)
(36200128277, 2)
(2358, 0)
(36215486838, 0)
(2362, 4)
(36276921082, 1)
(2363, 0)
(36292279643, 0)
(2367, 1)
(36353713887, 1)
(2368, 3)
(36369072448, 3)
(2372, 0)
(36430506692, 0)
(2373, 1)
(36445865253, 4)
(2377, 1)
(36507299497, 1)
(2378, 0)
(36522658058, 0)
(2382, 2)
(36584092302, 2)
(2383, 4)
(36599450863, 4)
(2387, 2)
(36660885107, 3)
(2388, 0)
(36676243668, 0)
(2392, 0)
(36737677912, 0)
(2393, 0)
(36753036473, 0)
(2397, 2)
(36814470717, 2)
(2398, 0)
(36829829278, 0)
(2402, 0)
(36891263522, 0)
(2403, 2)
(36906622083, 2)
(2407, 0)
(36968056327, 0)
(2408, 0)
(36983414888, 0)
(2412, 0)
(37044849132, 0)
(2413, 1)
(37060207693, 4)
(2417, 1)
(37121641937, 4)
(2418, 4)
(37137000498, 4)
(2422, 0)
(37198434742, 0)
(2423, 3)
(37213793303, 3)
(2427, 4)
(37275227547, 1)
(2428, 4)
(37290586108, 4)
(2432, 1)
(37352020352, 4)
(2433, 0)
(37367378913, 0)
(2437, 3)
(37428813157, 3)
(2438, 3)
(37444171718, 3)
(2442, 3)
(37505605962, 3)
(2443, 4)
(37520964523, 4)
(2447, 3)
(37582398767, 3)
(2448, 1)
(37597757328, 1)
(2452, 0)
(37659191572, 0)
(2453, 3)
(37674550133, 3)
(2457, 2)
(37735984377, 2)
(2458, 3)
(37751342938, 3)
(2462, 3)
(37812777182, 3)
(2463, 4)
(37828135743, 4)
(2467, 2)
(37889569987, 2)
(2468, 0)
(37904928548, 0)
(2472, 0)
(37966362792, 0)
(2473, 0)
(37981721353, 0)
(2477, 3)
(38043155597, 2)
(2478, 2)
(38058514158, 2)
(2482, 1)
(38119948402, 1)
(2483, 0)
(38135306963, 0)
(2487, 0)
(38196741207, 0)
(2488, 0)
(38212099768, 0)
(2492, 4)
(38273534012, 1)
(2493, 0)
(38288892573, 0)
(2497, 3)
(38350326817, 2)
(2498, 0)
(38365685378, 0)
(2502, 3)
(38427119622, 3)
(2503, 1)
(38442478183, 4)
(2507, 4)
(38503912427, 1)
(2508, 2)
(38519270988, 3)
(2512, 2)
(38580705232, 3)
(2513, 3)
(38596063793, 3)
(2517, 4)
(38657498037, 1)
(2518, 0)
(38672856598, 0)
(2522, 4)
(38734290842, 4)
(2523, 3)
(38749649403, 2)
(2527, 4)
(38811083647, 4)
(2528, 4)
(38826442208, 4)
(2532, 0)
(38887876452, 0)
(2533, 4)
(38903235013, 4)
(2537, 0)
(38964669257, 0)
(2538, 2)
(38980027818, 2)
(2542, 4)
(39041462062, 1)
(2543, 0)
(39056820623, 0)
(2547, 0)
(39118254867, 0)
(2548, 0)
(39133613428, 0)
(2552, 0)
(39195047672, 0)
(2553, 1)
(39210406233, 1)
(2557, 3)
(39271840477, 3)
(2558, 4)
(39287199038, 1)
(2562, 1)
(39348633282, 4)
(2563, 4)
(39363991843, 4)
(2567, 1)
(39425426087, 4)
(2568, 0)
(39440784648, 0)
(2572, 1)
(39502218892, 1)
(2573, 1)
(39517577453, 1)
(2577, 0)
(39579011697, 0)
(2578, 1)
(39594370258, 4)
(2582, 0)
(39655804502, 0)
(2583, 2)
(39671163063, 3)
(2587, 3)
(39732597307, 2)
(2588, 4)
(39747955868, 4)
(2592, 3)
(39809390112, 3)
(2593, 1)
(39824748673, 4)
(2597, 4)
(39886182917, 1)
(2598, 4)
(39901541478, 1)
(2602, 4)
(39962975722, 4)
(2603, 0)
(39978334283, 0)
(2607, 2)
(40039768527, 2)
(2608, 2)
(40055127088, 2)
(2612, 0)
(40116561332, 0)
(2613, 1)
(40131919893, 4)
(2617, 2)
(40193354137, 2)
(2618, 0)
(40208712698, 0)
(2622, 1)
(40270146942, 4)
(2623, 2)
(40285505503, 3)
(2627, 2)
(40346939747, 2)
(2628, 0)
(40362298308, 0)
(2632, 0)
(40423732552, 0)
(2633, 3)
(40439091113, 2)
(2637, 4)
(40500525357, 1)
(2638, 0)
(40515883918, 0)
(2642, 3)
(40577318162, 3)
(2643, 0)
(40592676723, 0)
(2647, 0)
(40654110967, 0)
(2648, 0)
(40669469528, 0)
(2652, 2)
(40730903772, 2)
(2653, 1)
(40746262333, 4)
(2657, 2)
(40807696577, 2)
(2658, 4)
(40823055138, 1)
(2662, 1)
(40884489382, 4)
(2663, 3)
(40899847943, 3)
(2667, 3)
(40961282187, 2)
(2668, 2)
(40976640748, 3)
(2672, 4)
(41038074992, 4)
(2673, 3)
(41053433553, 3)
(2677, 2)
(41114867797, 3)
(2678, 0)
(41130226358, 0)
(2682, 0)
(41191660602, 0)
(2683, 0)
(41207019163, 0)
(2687, 4)
(41268453407, 4)
(2688, 1)
(41283811968, 4)
(2692, 0)
(41345246212, 0)
(2693, 3)
(41360604773, 3)
(2697, 4)
(41422039017, 1)
(2698, 4)
(41437397578, 1)
(2702, 2)
(41498831822, 2)
(2703, 3)
(41514190383, 3)
(2707, 2)
(41575624627, 2)
(2708, 0)
(41590983188, 0)
(2712, 0)
(41652417432, 0)
(2713, 1)
(41667775993, 1)
(2717, 2)
(41729210237, 3)
(2718, 1)
(41744568798, 4)
(2722, 0)
(41806003042, 0)
(2723, 3)
(41821361603, 2)
(2727, 0)
(41882795847, 0)
(2728, 0)
(41898154408, 0)
(2732, 0)
(41959588652, 0)
(2733, 3)
(41974947213, 2)
(2737, 1)
(42036381457, 4)
(2738, 4)
(42051740018, 4)
(2742, 3)
(42113174262, 3)
(2743, 0)
(42128532823, 0)
(2747, 3)
(42189967067, 3)
(2748, 1)
(42205325628, 4)
(2752, 0)
(42266759872, 0)
(2753, 2)
(42282118433, 3)
(2757, 4)
(42343552677, 1)
(2758, 4)
(42358911238, 1)
(2762, 4)
(42420345482, 1)
(2763, 0)
(42435704043, 0)
(2767, 4)
(42497138287, 1)
(2768, 2)
(42512496848, 2)
(2772, 0)
(42573931092, 0)
(2773, 4)
(42589289653, 4)
(2777, 0)
(42650723897, 0)
(2778, 1)
(42666082458, 4)
(2782, 2)
(42727516702, 3)
(2783, 4)
(42742875263, 1)
(2787, 1)
(42804309507, 1)
(2788, 0)
(42819668068, 0)
(2792, 0)
(42881102312, 0)
(2793, 4)
(42896460873, 4)
(2797, 3)
(42957895117, 2)
(2798, 4)
(42973253678, 1)
(2802, 1)
(43034687922, 4)
(2803, 1)
(43050046483, 4)
(2807, 3)
(43111480727, 2)
(2808, 0)
(43126839288, 0)
(2812, 3)
(43188273532, 2)
(2813, 0)
(43203632093, 0)
(2817, 0)
(43265066337, 0)
(2818, 0)
(43280424898, 0)
(2822, 2)
(43341859142, 2)
(2823, 1)
(43357217703, 1)
(2827, 3)
(43418651947, 2)
(2828, 3)
(43434010508, 3)
(2832, 3)
(43495444752, 3)
(2833, 3)
(43510803313, 2)
(2837, 1)
(43572237557, 1)
(2838, 0)
(43587596118, 0)
(2842, 2)
(43649030362, 2)
(2843, 0)
(43664388923, 0)
(2847, 3)
(43725823167, 3)
(2848, 4)
(43741181728, 1)
(2852, 0)
(43802615972, 0)
(2853, 0)
(43817974533, 0)
(2857, 0)
(43879408777, 0)
(2858, 3)
(43894767338, 3)
(2862, 2)
(43956201582, 2)
(2863, 2)
(43971560143, 3)
(2867, 2)
(44032994387, 3)
(2868, 0)
(44048352948, 0)
(2872, 0)
(44109787192, 0)
(2873, 3)
(44125145753, 3)
(2877, 0)
(44186579997, 0)
(2878, 1)
(44201938558, 4)
(2882, 1)
(44263372802, 4)
(2883, 3)
(44278731363, 2)
(2887, 0)
(44340165607, 0)
(2888, 0)
(44355524168, 0)
(2892, 3)
(44416958412, 3)
(2893, 4)
(44432316973, 1)
(2897, 1)
(44493751217, 4)
(2898, 0)
(44509109778, 0)
(2902, 2)
(44570544022, 3)
(2903, 4)
(44585902583, 1)
(2907, 2)
(44647336827, 3)
(2908, 4)
(44662695388, 1)
(2912, 4)
(44724129632, 1)
(2913, 2)
(44739488193, 2)
(2917, 2)
(44800922437, 2)
(2918, 4)
(44816280998, 1)
(2922, 1)
(44877715242, 4)
(2923, 4)
(44893073803, 4)
(2927, 4)
(44954508047, 1)
(2928, 3)
(44969866608, 2)
(2932, 0)
(45031300852, 0)
(2933, 1)
(45046659413, 4)
(2937, 4)
(45108093657, 1)
(2938, 4)
(45123452218, 1)
(2942, 0)
(45184886462, 0)
(2943, 3)
(45200245023, 2)
(2947, 3)
(45261679267, 3)
(2948, 0)
(45277037828, 0)
(2952, 0)
(45338472072, 0)
(2953, 1)
(45353830633, 4)
(2957, 4)
(45415264877, 4)
(2958, 2)
(45430623438, 3)
(2962, 4)
(45492057682, 1)
(2963, 2)
(45507416243, 3)
(2967, 1)
(45568850487, 4)
(2968, 0)
(45584209048, 0)
(2972, 2)
(45645643292, 2)
(2973, 2)
(45661001853, 3)
(2977, 4)
(45722436097, 1)
(2978, 0)
(45737794658, 0)
(2982, 1)
(45799228902, 4)
(2983, 0)
(45814587463, 0)
(2987, 0)
(45876021707, 0)
(2988, 2)
(45891380268, 2)
(2992, 1)
(45952814512, 4)
(2993, 2)
(45968173073, 3)
(2997, 4)
(46029607317, 4)
(2998, 3)
(46044965878, 2)
(3002, 4)
(46106400122, 1)
(3003, 2)
(46121758683, 3)
(3007, 0)
(46183192927, 0)
(3008, 0)
(46198551488, 0)
(3012, 0)
(46259985732, 0)
(3013, 3)
(46275344293, 2)
(3017, 3)
(46336778537, 2)
(3018, 4)
(46352137098, 4)
(3022, 2)
(46413571342, 2)
(3023, 2)
(46428929903, 3)
(3027, 2)
(46490364147, 2)
(3028, 0)
(46505722708, 0)
(3032, 0)
(46567156952, 0)
(3033, 0)
(46582515513, 0)
(3037, 3)
(46643949757, 2)
(3038, 1)
(46659308318, 1)
(3042, 0)
(46720742562, 0)
(3043, 3)
(46736101123, 3)
(3047, 2)
(46797535367, 3)
(3048, 0)
(46812893928, 0)
(3052, 3)
(46874328172, 3)
(3053, 0)
(46889686733, 0)
(3057, 3)
(46951120977, 3)
(3058, 2)
(46966479538, 3)
(3062, 4)
(47027913782, 4)
(3063, 1)
(47043272343, 4)
(3067, 2)
(47104706587, 2)
(3068, 1)
(47120065148, 1)
(3072, 4)
(47181499392, 1)
(3073, 1)
(47196857953, 1)
(3077, 4)
(47258292197, 1)
(3078, 4)
(47273650758, 1)
(3082, 0)
(47335085002, 0)
(3083, 2)
(47350443563, 3)
(3087, 0)
(47411877807, 0)
(3088, 2)
(47427236368, 2)
(3092, 0)
(47488670612, 0)
(3093, 2)
(47504029173, 2)
(3097, 3)
(47565463417, 2)
(3098, 4)
(47580821978, 4)
(3102, 1)
(47642256222, 4)
(3103, 0)
(47657614783, 0)
(3107, 3)
(47719049027, 2)
(3108, 0)
(47734407588, 0)
(3112, 0)
(47795841832, 0)
(3113, 1)
(47811200393, 1)
(3117, 0)
(47872634637, 0)
(3118, 0)
(47887993198, 0)
(3122, 3)
(47949427442, 2)
(3123, 0)
(47964786003, 0)
(3127, 1)
(48026220247, 1)
(3128, 0)
(48041578808, 0)
(3132, 3)
(48103013052, 2)
(3133, 0)
(48118371613, 0)
(3137, 1)
(48179805857, 1)
(3138, 4)
(48195164418, 4)
(3142, 0)
(48256598662, 0)
(3143, 1)
(48271957223, 1)
(3147, 0)
(48333391467, 0)
(3148, 0)
(48348750028, 0)
(3152, 0)
(48410184272, 0)
(3153, 4)
(48425542833, 1)
(3157, 4)
(48486977077, 4)
(3158, 2)
(48502335638, 2)
(3162, 0)
(48563769882, 0)
(3163, 1)
(48579128443, 1)
(3167, 2)
(48640562687, 2)
(3168, 0)
(48655921248, 0)
(3172, 0)
(48717355492, 0)
(3173, 0)
(48732714053, 0)
(3177, 3)
(48794148297, 3)
(3178, 0)
(48809506858, 0)
(3182, 2)
(48870941102, 3)
(3183, 4)
(48886299663, 4)
(3187, 2)
(48947733907, 2)
(3188, 0)
(48963092468, 0)
(3192, 0)
(49024526712, 0)
(3193, 4)
(49039885273, 4)
(3197, 4)
(49101319517, 1)
(3198, 2)
(49116678078, 3)
(3202, 1)
(49178112322, 1)
(3203, 4)
(49193470883, 1)
(3207, 3)
(49254905127, 3)
(3208, 0)
(49270263688, 0)
(3212, 0)
(49331697932, 0)
(3213, 3)
(49347056493, 2)
(3217, 1)
(49408490737, 4)
(3218, 1)
(49423849298, 4)
(3222, 0)
(49485283542, 0)
(3223, 0)
(49500642103, 0)
(3227, 4)
(49562076347, 1)
(3228, 2)
(49577434908, 2)
(3232, 2)
(49638869152, 2)
(3233, 4)
(49654227713, 1)
(3237, 2)
(49715661957, 2)
(3238, 3)
(49731020518, 3)
(3242, 3)
(49792454762, 3)
(3243, 2)
(49807813323, 3)
(3247, 3)
(49869247567, 3)
(3248, 3)
(49884606128, 3)
(3252, 0)
(49946040372, 0)
(3253, 1)
(49961398933, 4)
(3257, 1)
(50022833177, 4)
(3258, 4)
(50038191738, 1)
(3262, 3)
(50099625982, 2)
(3263, 3)
(50114984543, 3)
(3267, 4)
(50176418787, 1)
(3268, 0)
(50191777348, 0)
(3272, 0)
(50253211592, 0)
(3273, 4)
(50268570153, 4)
(3277, 3)
(50330004397, 3)
(3278, 1)
(50345362958, 4)
(3282, 0)
(50406797202, 0)
(3283, 1)
(50422155763, 4)
(3287, 1)
(50483590007, 4)
(3288, 0)
(50498948568, 0)
(3292, 3)
(50560382812, 3)
(3293, 1)
(50575741373, 4)
(3297, 0)
(50637175617, 0)
(3298, 1)
(50652534178, 4)
(3302, 1)
(50713968422, 4)
(3303, 0)
(50729326983, 0)
(3307, 4)
(50790761227, 1)
(3308, 1)
(50806119788, 4)
(3312, 1)
(50867554032, 4)
(3313, 1)
(50882912593, 1)
(3317, 1)
(50944346837, 1)
(3318, 2)
(50959705398, 3)
(3322, 4)
(51021139642, 4)
(3323, 3)
(51036498203, 2)
(3327, 4)
(51097932447, 1)
(3328, 2)
(51113291008, 3)
(3332, 0)
(51174725252, 0)
(3333, 3)
(51190083813, 3)
(3337, 4)
(51251518057, 1)
(3338, 0)
(51266876618, 0)
(3342, 4)
(51328310862, 4)
(3343, 4)
(51343669423, 1)
(3347, 1)
(51405103667, 4)
(3348, 0)
(51420462228, 0)
(3352, 0)
(51481896472, 0)
(3353, 0)
(51497255033, 0)
(3357, 0)
(51558689277, 0)
(3358, 2)
(51574047838, 3)
(3362, 4)
(51635482082, 4)
(3363, 4)
(51650840643, 1)
(3367, 0)
(51712274887, 0)
(3368, 0)
(51727633448, 0)
(3372, 2)
(51789067692, 2)
(3373, 4)
(51804426253, 1)
(3377, 3)
(51865860497, 3)
(3378, 4)
(51881219058, 4)
(3382, 0)
(51942653302, 0)
(3383, 1)
(51958011863, 1)
(3387, 2)
(52019446107, 2)
(3388, 3)
(52034804668, 3)
(3392, 1)
(52096238912, 4)
(3393, 2)
(52111597473, 3)
(3397, 0)
(52173031717, 0)
(3398, 3)
(52188390278, 3)
(3402, 3)
(52249824522, 2)
(3403, 2)
(52265183083, 3)
(3407, 3)
(52326617327, 2)
(3408, 4)
(52341975888, 1)
(3412, 0)
(52403410132, 0)
(3413, 3)
(52418768693, 2)
(3417, 4)
(52480202937, 4)
(3418, 2)
(52495561498, 2)
(3422, 3)
(52556995742, 2)
(3423, 0)
(52572354303, 0)
(3427, 1)
(52633788547, 4)
(3428, 0)
(52649147108, 0)
(3432, 0)
(52710581352, 0)
(3433, 1)
(52725939913, 1)
(3437, 2)
(52787374157, 2)
(3438, 0)
(52802732718, 0)
(3442, 0)
(52864166962, 0)
(3443, 4)
(52879525523, 1)
(3447, 4)
(52940959767, 4)
(3448, 0)
(52956318328, 0)
(3452, 2)
(53017752572, 3)
(3453, 3)
(53033111133, 3)
(3457, 3)
(53094545377, 2)
(3458, 0)
(53109903938, 0)
(3462, 3)
(53171338182, 3)
(3463, 4)
(53186696743, 1)
(3467, 4)
(53248130987, 1)
(3468, 4)
(53263489548, 1)
(3472, 1)
(53324923792, 1)
(3473, 0)
(53340282353, 0)
(3477, 2)
(53401716597, 2)
(3478, 4)
(53417075158, 1)
(3482, 4)
(53478509402, 1)
(3483, 3)
(53493867963, 2)
(3487, 2)
(53555302207, 2)
(3488, 0)
(53570660768, 0)
(3492, 0)
(53632095012, 0)
(3493, 3)
(53647453573, 3)
(3497, 2)
(53708887817, 2)
(3498, 0)
(53724246378, 0)
(3502, 4)
(53785680622, 4)
(3503, 2)
(53801039183, 2)
(3507, 3)
(53862473427, 2)
(3508, 0)
(53877831988, 0)
(3512, 0)
(53939266232, 0)
(3513, 4)
(53954624793, 1)
(3517, 0)
(54016059037, 0)
(3518, 3)
(54031417598, 3)
(3522, 3)
(54092851842, 3)
(3523, 4)
(54108210403, 4)
(3527, 0)
(54169644647, 0)
(3528, 0)
(54185003208, 0)
(3532, 1)
(54246437452, 1)
(3533, 0)
(54261796013, 0)
(3537, 3)
(54323230257, 2)
(3538, 3)
(54338588818, 3)
(3542, 2)
(54400023062, 2)
(3543, 3)
(54415381623, 3)
(3547, 4)
(54476815867, 4)
(3548, 2)
(54492174428, 2)
(3552, 4)
(54553608672, 1)
(3553, 1)
(54568967233, 1)
(3557, 4)
(54630401477, 4)
(3558, 3)
(54645760038, 2)
(3562, 2)
(54707194282, 2)
(3563, 3)
(54722552843, 3)
(3567, 0)
(54783987087, 0)
(3568, 2)
(54799345648, 3)
