(2, 4)
(68187842, 4)
(3, 3)
(102281763, 2)
(7, 4)
(238657447, 1)
(8, 0)
(272751368, 0)
(12, 4)
(409127052, 1)
(13, 3)
(443220973, 2)
(17, 4)
(579596657, 4)
(18, 3)
(613690578, 3)
(22, 3)
(750066262, 2)
(23, 3)
(784160183, 3)
(27, 3)
(920535867, 2)
(28, 3)
(954629788, 2)
(32, 2)
(1091005472, 2)
(33, 1)
(1125099393, 1)
(37, 2)
(1261475077, 2)
(38, 1)
(1295568998, 4)
(42, 1)
(1431944682, 1)
(43, 4)
(1466038603, 4)
(47, 0)
(1602414287, 0)
(48, 4)
(1636508208, 1)
(52, 0)
(1772883892, 0)
(53, 4)
(1806977813, 4)
(57, 4)
(1943353497, 4)
(58, 2)
(1977447418, 3)
(62, 2)
(2113823102, 2)
(63, 0)
(2147917023, 0)
(67, 1)
(2284292707, 4)
(68, 0)
(2318386628, 0)
(72, 0)
(2454762312, 0)
(73, 1)
(2488856233, 1)
(77, 3)
(2625231917, 3)
(78, 4)
(2659325838, 4)
(82, 1)
(2795701522, 4)
(83, 2)
(2829795443, 3)
(87, 4)
(2966171127, 4)
(88, 0)
(3000265048, 0)
(92, 1)
(3136640732, 1)
(93, 1)
(3170734653, 4)
(97, 4)
(3307110337, 1)
(98, 4)
(3341204258, 4)
(102, 1)
(3477579942, 4)
(103, 0)
(3511673863, 0)
(107, 3)
(3648049547, 2)
(108, 4)
(3682143468, 1)
(112, 4)
(3818519152, 1)
(113, 2)
(3852613073, 3)
(117, 0)
(3988988757, 0)
(118, 1)
(4023082678, 4)
(122, 0)
(4159458362, 0)
(123, 3)
(4193552283, 3)
(127, 0)
(4329927967, 0)
(128, 4)
(4364021888, 4)
(132, 0)
(4500397572, 0)
(133, 1)
(4534491493, 1)
(137, 3)
(4670867177, 2)
(138, 3)
(4704961098, 2)
(142, 1)
(4841336782, 1)
(143, 0)
(4875430703, 0)
(147, 4)
(5011806387, 1)
(148, 0)
(5045900308, 0)
(152, 0)
(5182275992, 0)
(153, 3)
(5216369913, 3)
(157, 1)
(5352745597, 1)
(158, 3)
(5386839518, 2)
(162, 1)
(5523215202, 1)
(163, 4)
(5557309123, 1)
(167, 4)
(5693684807, 4)
(168, 0)
(5727778728, 0)
(172, 2)
(5864154412, 2)
(173, 1)
(5898248333, 1)
(177, 4)
(6034624017, 4)
(178, 3)
(6068717938, 2)
(182, 3)
(6205093622, 3)
(183, 3)
(6239187543, 3)
(187, 2)
(6375563227, 3)
(188, 0)
(6409657148, 0)
(192, 0)
(6546032832, 0)
(193, 1)
(6580126753, 1)
(197, 0)
(6716502437, 0)
(198, 0)
(6750596358, 0)
(202, 4)
(6886972042, 4)
(203, 1)
(6921065963, 1)
(207, 1)
(7057441647, 1)
(208, 1)
(7091535568, 4)
(212, 0)
(7227911252, 0)
(213, 2)
(7262005173, 3)
(217, 3)
(7398380857, 2)
(218, 0)
(7432474778, 0)
(222, 3)
(7568850462, 2)
(223, 2)
(7602944383, 3)
(227, 0)
(7739320067, 0)
(228, 0)
(7773413988, 0)
(232, 0)
(7909789672, 0)
(233, 3)
(7943883593, 3)
(237, 2)
(8080259277, 2)
(238, 3)
(8114353198, 2)
(242, 4)
(8250728882, 4)
(243, 4)
(8284822803, 1)
(247, 4)
(8421198487, 4)
(248, 0)
(8455292408, 0)
(252, 0)
(8591668092, 0)
(253, 1)
(8625762013, 4)
(257, 1)
(8762137697, 1)
(258, 3)
(8796231618, 2)
(262, 4)
(8932607302, 1)
(263, 3)
(8966701223, 3)
(267, 2)
(9103076907, 2)
(268, 3)
(9137170828, 2)
(272, 3)
(9273546512, 3)
(273, 2)
(9307640433, 3)
(277, 1)
(9444016117, 1)
(278, 4)
(9478110038, 1)
(282, 2)
(9614485722, 3)
(283, 2)
(9648579643, 3)
(287, 1)
(9784955327, 1)
(288, 4)
(9819049248, 4)
(292, 0)
(9955424932, 0)
(293, 2)
(9989518853, 2)
(297, 1)
(10125894537, 1)
(298, 1)
(10159988458, 1)
(302, 3)
(10296364142, 3)
(303, 0)
(10330458063, 0)
(307, 3)
(10466833747, 2)
(308, 0)
(10500927668, 0)
(312, 0)
(10637303352, 0)
(313, 2)
(10671397273, 2)
(317, 0)
(10807772957, 0)
(318, 2)
(10841866878, 3)
(322, 2)
(10978242562, 3)
(323, 1)
(11012336483, 4)
(327, 3)
(11148712167, 3)
(328, 0)
(11182806088, 0)
(332, 1)
(11319181772, 4)
(333, 0)
(11353275693, 0)
(337, 3)
(11489651377, 3)
(338, 0)
(11523745298, 0)
(342, 2)
(11660120982, 3)
(343, 3)
(11694214903, 2)
(347, 0)
(11830590587, 0)
(348, 3)
(11864684508, 3)
(352, 4)
(12001060192, 1)
(353, 4)
(12035154113, 4)
(357, 3)
(12171529797, 3)
(358, 1)
(12205623718, 1)
(362, 2)
(12341999402, 3)
(363, 4)
(12376093323, 1)
(367, 1)
(12512469007, 1)
(368, 3)
(12546562928, 3)
(372, 0)
(12682938612, 0)
(373, 0)
(12717032533, 0)
(377, 1)
(12853408217, 1)
(378, 1)
(12887502138, 1)
(382, 2)
(13023877822, 3)
(383, 2)
(13057971743, 2)
(387, 0)
(13194347427, 0)
(388, 0)
(13228441348, 0)
(392, 0)
(13364817032, 0)
(393, 3)
(13398910953, 3)
(397, 1)
(13535286637, 1)
(398, 0)
(13569380558, 0)
(402, 4)
(13705756242, 4)
(403, 3)
(13739850163, 2)
(407, 4)
(13876225847, 1)
(408, 0)
(13910319768, 0)
(412, 0)
(14046695452, 0)
(413, 0)
(14080789373, 0)
(417, 2)
(14217165057, 2)
(418, 3)
(14251258978, 3)
(422, 0)
(14387634662, 0)
(423, 0)
(14421728583, 0)
(427, 2)
(14558104267, 2)
(428, 4)
(14592198188, 1)
(432, 4)
(14728573872, 1)
(433, 3)
(14762667793, 3)
(437, 0)
(14899043477, 0)
(438, 3)
(14933137398, 2)
(442, 2)
(15069513082, 3)
(443, 0)
(15103607003, 0)
(447, 1)
(15239982687, 4)
(448, 2)
(15274076608, 3)
(452, 0)
(15410452292, 0)
(453, 3)
(15444546213, 2)
(457, 3)
(15580921897, 3)
(458, 1)
(15615015818, 4)
(462, 2)
(15751391502, 3)
(463, 2)
(15785485423, 3)
(467, 2)
(15921861107, 2)
(468, 0)
(15955955028, 0)
(472, 0)
(16092330712, 0)
(473, 3)
(16126424633, 2)
(477, 3)
(16262800317, 3)
(478, 3)
(16296894238, 3)
(482, 0)
(16433269922, 0)
(483, 1)
(16467363843, 1)
(487, 3)
(16603739527, 2)
(488, 0)
(16637833448, 0)
(492, 4)
(16774209132, 4)
(493, 3)
(16808303053, 2)
(497, 4)
(16944678737, 1)
(498, 3)
(16978772658, 3)
(502, 1)
(17115148342, 4)
(503, 1)
(17149242263, 1)
(507, 1)
(17285617947, 4)
(508, 0)
(17319711868, 0)
(512, 4)
(17456087552, 4)
(513, 4)
(17490181473, 4)
(517, 2)
(17626557157, 3)
(518, 1)
(17660651078, 4)
(522, 0)
(17797026762, 0)
(523, 0)
(17831120683, 0)
(527, 2)
(17967496367, 2)
(528, 2)
(18001590288, 2)
(532, 0)
(18137965972, 0)
(533, 3)
(18172059893, 3)
(537, 2)
(18308435577, 3)
(538, 0)
(18342529498, 0)
(542, 1)
(18478905182, 4)
(543, 2)
(18512999103, 2)
(547, 3)
(18649374787, 3)
(548, 0)
(18683468708, 0)
(552, 0)
(18819844392, 0)
(553, 2)
(18853938313, 2)
(557, 3)
(18990313997, 2)
(558, 4)
(19024407918, 4)
(562, 2)
(19160783602, 2)
(563, 1)
(19194877523, 4)
(567, 3)
(19331253207, 2)
(568, 0)
(19365347128, 0)
(572, 0)
(19501722812, 0)
(573, 4)
(19535816733, 4)
(577, 3)
(19672192417, 3)
(578, 2)
(19706286338, 2)
(582, 4)
(19842662022, 4)
(583, 3)
(19876755943, 2)
(587, 2)
(20013131627, 2)
(588, 2)
(20047225548, 3)
(592, 4)
(20183601232, 4)
(593, 1)
(20217695153, 1)
(597, 2)
(20354070837, 3)
(598, 3)
(20388164758, 2)
(602, 1)
(20524540442, 4)
(603, 0)
(20558634363, 0)
(607, 2)
(20695010047, 3)
(608, 3)
(20729103968, 2)
(612, 0)
(20865479652, 0)
(613, 0)
(20899573573, 0)
(617, 2)
(21035949257, 3)
(618, 2)
(21070043178, 3)
(622, 3)
(21206418862, 3)
(623, 2)
(21240512783, 2)
(627, 4)
(21376888467, 1)
(628, 0)
(21410982388, 0)
(632, 0)
(21547358072, 0)
(633, 0)
(21581451993, 0)
(637, 4)
(21717827677, 1)
(638, 0)
(21751921598, 0)
(642, 4)
(21888297282, 4)
(643, 2)
(21922391203, 2)
(647, 2)
(22058766887, 3)
(648, 0)
(22092860808, 0)
(652, 2)
(22229236492, 3)
(653, 1)
(22263330413, 4)
(657, 0)
(22399706097, 0)
(658, 3)
(22433800018, 2)
(662, 3)
(22570175702, 2)
(663, 1)
(22604269623, 1)
(667, 4)
(22740645307, 1)
(668, 3)
(22774739228, 3)
(672, 3)
(22911114912, 3)
(673, 3)
(22945208833, 2)
(677, 0)
(23081584517, 0)
(678, 0)
(23115678438, 0)
(682, 3)
(23252054122, 2)
(683, 0)
(23286148043, 0)
(687, 3)
(23422523727, 3)
(688, 2)
(23456617648, 2)
(692, 0)
(23592993332, 0)
(693, 1)
(23627087253, 1)
(697, 3)
(23763462937, 2)
(698, 1)
(23797556858, 1)
(702, 4)
(23933932542, 4)
(703, 4)
(23968026463, 1)
(707, 1)
(24104402147, 4)
(708, 0)
(24138496068, 0)
(712, 0)
(24274871752, 0)
(713, 1)
(24308965673, 1)
(717, 1)
(24445341357, 4)
(718, 2)
(24479435278, 2)
(722, 1)
(24615810962, 1)
(723, 1)
(24649904883, 1)
(727, 2)
(24786280567, 3)
(728, 0)
(24820374488, 0)
(732, 1)
(24956750172, 1)
(733, 1)
(24990844093, 1)
(737, 0)
(25127219777, 0)
(738, 0)
(25161313698, 0)
(742, 2)
(25297689382, 3)
(743, 1)
(25331783303, 1)
(747, 4)
(25468158987, 1)
(748, 1)
(25502252908, 4)
(752, 0)
(25638628592, 0)
(753, 3)
(25672722513, 3)
(757, 0)
(25809098197, 0)
(758, 2)
(25843192118, 2)
(762, 3)
(25979567802, 3)
(763, 1)
(26013661723, 1)
(767, 3)
(26150037407, 3)
(768, 2)
(26184131328, 3)
(772, 0)
(26320507012, 0)
(773, 4)
(26354600933, 1)
(777, 1)
(26490976617, 1)
(778, 4)
(26525070538, 4)
(782, 1)
(26661446222, 1)
(783, 4)
(26695540143, 4)
(787, 0)
(26831915827, 0)
(788, 0)
(26866009748, 0)
(792, 0)
(27002385432, 0)
(793, 2)
(27036479353, 2)
(797, 0)
(27172855037, 0)
(798, 1)
(27206948958, 4)
(802, 3)
(27343324642, 3)
(803, 0)
(27377418563, 0)
(807, 1)
(27513794247, 4)
(808, 0)
(27547888168, 0)
(812, 3)
(27684263852, 3)
(813, 3)
(27718357773, 3)
(817, 2)
(27854733457, 3)
(818, 3)
(27888827378, 2)
(822, 0)
(28025203062, 0)
(823, 4)
(28059296983, 4)
(827, 2)
(28195672667, 2)
(828, 2)
(28229766588, 2)
(832, 2)
(28366142272, 3)
(833, 2)
(28400236193, 2)
(837, 1)
(28536611877, 4)
(838, 4)
(28570705798, 4)
(842, 4)
(28707081482, 4)
(843, 4)
(28741175403, 1)
(847, 4)
(28877551087, 1)
(848, 3)
(28911645008, 3)
(852, 0)
(29048020692, 0)
(853, 0)
(29082114613, 0)
(857, 2)
(29218490297, 3)
(858, 1)
(29252584218, 4)
(862, 2)
(29388959902, 3)
(863, 1)
(29423053823, 4)
(867, 3)
(29559429507, 2)
(868, 0)
(29593523428, 0)
(872, 0)
(29729899112, 0)
(873, 0)
(29763993033, 0)
(877, 0)
(29900368717, 0)
(878, 0)
(29934462638, 0)
(882, 3)
(30070838322, 3)
(883, 2)
(30104932243, 2)
(887, 1)
(30241307927, 4)
(888, 0)
(30275401848, 0)
(892, 4)
(30411777532, 1)
(893, 2)
(30445871453, 3)
(897, 1)
(30582247137, 1)
(898, 2)
(30616341058, 2)
(902, 2)
(30752716742, 2)
(903, 1)
(30786810663, 1)
(907, 3)
(30923186347, 3)
(908, 0)
(30957280268, 0)
(912, 3)
(31093655952, 3)
(913, 3)
(31127749873, 3)
(917, 0)
(31264125557, 0)
(918, 1)
(31298219478, 4)
(922, 2)
(31434595162, 3)
(923, 0)
(31468689083, 0)
(927, 0)
(31605064767, 0)
(928, 1)
(31639158688, 4)
(932, 0)
(31775534372, 0)
(933, 4)
(31809628293, 1)
(937, 0)
(31946003977, 0)
(938, 1)
(31980097898, 1)
(942, 3)
(32116473582, 2)
(943, 1)
(32150567503, 4)
(947, 0)
(32286943187, 0)
(948, 0)
(32321037108, 0)
(952, 0)
(32457412792, 0)
(953, 3)
(32491506713, 3)
(957, 1)
(32627882397, 4)
(958, 1)
(32661976318, 1)
(962, 2)
(32798352002, 3)
(963, 1)
(32832445923, 4)
(967, 4)
(32968821607, 4)
(968, 0)
(33002915528, 0)
(972, 2)
(33139291212, 3)
(973, 3)
(33173385133, 3)
(977, 0)
(33309760817, 0)
(978, 4)
(33343854738, 4)
(982, 0)
(33480230422, 0)
(983, 2)
(33514324343, 2)
(987, 3)
(33650700027, 3)
(988, 3)
(33684793948, 3)
(992, 1)
(33821169632, 1)
(993, 3)
(33855263553, 3)
(997, 4)
(33991639237, 1)
(998, 1)
(34025733158, 4)
(1002, 4)
(34162108842, 1)
(1003, 1)
(34196202763, 4)
(1007, 0)
(34332578447, 0)
(1008, 0)
(34366672368, 0)
(1012, 0)
(34503048052, 0)
(1013, 4)
(34537141973, 1)
(1017, 4)
(34673517657, 1)
(1018, 3)
(34707611578, 2)
(1022, 3)
(34843987262, 2)
(1023, 1)
(34878081183, 1)
(1027, 4)
(35014456867, 4)
(1028, 0)
(35048550788, 0)
(1032, 0)
(35184926472, 0)
(1033, 3)
(35219020393, 2)
(1037, 0)
(35355396077, 0)
(1038, 2)
(35389489998, 3)
(1042, 3)
(35525865682, 2)
(1043, 2)
(35559959603, 3)
(1047, 4)
(35696335287, 1)
(1048, 0)
(35730429208, 0)
(1052, 1)
(35866804892, 1)
(1053, 1)
(35900898813, 4)
(1057, 1)
(36037274497, 4)
(1058, 0)
(36071368418, 0)
(1062, 0)
(36207744102, 0)
(1063, 4)
(36241838023, 4)
(1067, 2)
(36378213707, 2)
(1068, 1)
(36412307628, 1)
(1072, 3)
(36548683312, 2)
(1073, 1)
(36582777233, 4)
(1077, 4)
(36719152917, 1)
(1078, 3)
(36753246838, 2)
(1082, 3)
(36889622522, 3)
(1083, 2)
(36923716443, 3)
(1087, 1)
(37060092127, 4)
(1088, 1)
(37094186048, 1)
(1092, 0)
(37230561732, 0)
(1093, 0)
(37264655653, 0)
(1097, 1)
(37401031337, 4)
(1098, 0)
(37435125258, 0)
(1102, 0)
(37571500942, 0)
(1103, 3)
(37605594863, 2)
(1107, 3)
(37741970547, 3)
(1108, 0)
(37776064468, 0)
(1112, 0)
(37912440152, 0)
(1113, 4)
(37946534073, 4)
(1117, 4)
(38082909757, 4)
(1118, 1)
(38117003678, 4)
(1122, 4)
(38253379362, 4)
(1123, 0)
(38287473283, 0)
(1127, 3)
(38423848967, 3)
(1128, 0)
(38457942888, 0)
(1132, 1)
(38594318572, 4)
(1133, 2)
(38628412493, 3)
(1137, 0)
(38764788177, 0)
(1138, 2)
(38798882098, 3)
(1142, 2)
(38935257782, 2)
(1143, 0)
(38969351703, 0)
(1147, 1)
(39105727387, 1)
(1148, 2)
(39139821308, 2)
(1152, 3)
(39276196992, 3)
(1153, 4)
(39310290913, 1)
(1157, 3)
(39446666597, 3)
(1158, 4)
(39480760518, 1)
(1162, 3)
(39617136202, 3)
(1163, 3)
(39651230123, 3)
(1167, 3)
(39787605807, 2)
(1168, 2)
(39821699728, 2)
(1172, 0)
(39958075412, 0)
(1173, 1)
(39992169333, 4)
(1177, 2)
(40128545017, 2)
(1178, 1)
(40162638938, 4)
(1182, 0)
(40299014622, 0)
(1183, 0)
(40333108543, 0)
(1187, 4)
(40469484227, 1)
(1188, 0)
(40503578148, 0)
(1192, 0)
(40639953832, 0)
(1193, 4)
(40674047753, 1)
(1197, 0)
(40810423437, 0)
(1198, 2)
(40844517358, 2)
(1202, 1)
(40980893042, 4)
(1203, 4)
(41014986963, 1)
(1207, 2)
(41151362647, 2)
(1208, 0)
(41185456568, 0)
(1212, 0)
(41321832252, 0)
(1213, 0)
(41355926173, 0)
(1217, 2)
(41492301857, 2)
(1218, 4)
(41526395778, 1)
(1222, 3)
(41662771462, 2)
(1223, 0)
(41696865383, 0)
(1227, 4)
(41833241067, 4)
(1228, 4)
(41867334988, 1)
(1232, 1)
(42003710672, 1)
(1233, 1)
(42037804593, 4)
(1237, 4)
(42174180277, 4)
(1238, 2)
(42208274198, 2)
(1242, 3)
(42344649882, 2)
(1243, 1)
(42378743803, 1)
(1247, 4)
(42515119487, 1)
(1248, 2)
(42549213408, 2)
(1252, 0)
(42685589092, 0)
(1253, 3)
(42719683013, 2)
(1257, 0)
(42856058697, 0)
(1258, 2)
(42890152618, 2)
(1262, 4)
(43026528302, 1)
(1263, 0)
(43060622223, 0)
(1267, 1)
(43196997907, 1)
(1268, 0)
(43231091828, 0)
(1272, 0)
(43367467512, 0)
(1273, 0)
(43401561433, 0)
(1277, 4)
(43537937117, 1)
(1278, 0)
(43572031038, 0)
(1282, 3)
(43708406722, 3)
(1283, 4)
(43742500643, 4)
(1287, 0)
(43878876327, 0)
(1288, 0)
(43912970248, 0)
(1292, 3)
(44049345932, 2)
(1293, 1)
(44083439853, 1)
(1297, 2)
(44219815537, 3)
(1298, 2)
(44253909458, 2)
(1302, 4)
(44390285142, 4)
(1303, 1)
(44424379063, 1)
(1307, 1)
(44560754747, 1)
(1308, 1)
(44594848668, 1)
(1312, 3)
(44731224352, 2)
(1313, 1)
(44765318273, 4)
(1317, 0)
(44901693957, 0)
(1318, 0)
(44935787878, 0)
(1322, 3)
(45072163562, 2)
(1323, 4)
(45106257483, 1)
(1327, 0)
(45242633167, 0)
(1328, 1)
(45276727088, 4)
(1332, 0)
(45413102772, 0)
(1333, 0)
(45447196693, 0)
(1337, 4)
(45583572377, 4)
(1338, 0)
(45617666298, 0)
(1342, 0)
(45754041982, 0)
(1343, 4)
(45788135903, 1)
(1347, 1)
(45924511587, 4)
(1348, 0)
(45958605508, 0)
(1352, 0)
(46094981192, 0)
(1353, 4)
(46129075113, 1)
(1357, 1)
(46265450797, 4)
(1358, 4)
(46299544718, 4)
(1362, 1)
(46435920402, 4)
(1363, 4)
(46470014323, 1)
(1367, 0)
(46606390007, 0)
(1368, 0)
(46640483928, 0)
(1372, 1)
(46776859612, 4)
(1373, 2)
(46810953533, 2)
(1377, 1)
(46947329217, 1)
(1378, 0)
(46981423138, 0)
(1382, 2)
(47117798822, 3)
(1383, 3)
(47151892743, 3)
(1387, 4)
(47288268427, 1)
(1388, 0)
(47322362348, 0)
(1392, 4)
(47458738032, 4)
(1393, 4)
(47492831953, 1)
(1397, 4)
(47629207637, 4)
(1398, 0)
(47663301558, 0)
(1402, 1)
(47799677242, 1)
(1403, 1)
(47833771163, 4)
(1407, 1)
(47970146847, 4)
(1408, 3)
(48004240768, 2)
(1412, 0)
(48140616452, 0)
(1413, 0)
(48174710373, 0)
(1417, 1)
(48311086057, 1)
(1418, 4)
(48345179978, 1)
(1422, 1)
(48481555662, 4)
(1423, 4)
(48515649583, 4)
(1427, 0)
(48652025267, 0)
(1428, 0)
(48686119188, 0)
(1432, 0)
(48822494872, 0)
(1433, 4)
(48856588793, 4)
(1437, 4)
(48992964477, 1)
(1438, 1)
(49027058398, 4)
(1442, 1)
(49163434082, 4)
(1443, 2)
(49197528003, 2)
(1447, 2)
(49333903687, 2)
(1448, 0)
(49367997608, 0)
(1452, 2)
(49504373292, 3)
(1453, 1)
(49538467213, 1)
(1457, 4)
(49674842897, 4)
(1458, 2)
(49708936818, 2)
(1462, 4)
(49845312502, 4)
(1463, 2)
(49879406423, 3)
(1467, 0)
(50015782107, 0)
(1468, 2)
(50049876028, 2)
(1472, 4)
(50186251712, 4)
(1473, 2)
(50220345633, 2)
(1477, 1)
(50356721317, 4)
(1478, 0)
(50390815238, 0)
(1482, 1)
(50527190922, 4)
(1483, 3)
(50561284843, 2)
(1487, 3)
(50697660527, 2)
(1488, 2)
(50731754448, 3)
(1492, 0)
(50868130132, 0)
(1493, 3)
(50902224053, 3)
(1497, 0)
(51038599737, 0)
(1498, 1)
(51072693658, 1)
(1502, 1)
(51209069342, 1)
(1503, 3)
(51243163263, 3)
(1507, 4)
(51379538947, 4)
(1508, 0)
(51413632868, 0)
(1512, 0)
(51550008552, 0)
(1513, 4)
(51584102473, 1)
(1517, 3)
(51720478157, 2)
(1518, 4)
(51754572078, 4)
(1522, 0)
(51890947762, 0)
(1523, 3)
(51925041683, 2)
(1527, 1)
(52061417367, 1)
(1528, 0)
(52095511288, 0)
(1532, 4)
(52231886972, 4)
(1533, 1)
(52265980893, 1)
(1537, 1)
(52402356577, 4)
(1538, 4)
(52436450498, 4)
(1542, 0)
(52572826182, 0)
(1543, 4)
(52606920103, 4)
(1547, 2)
(52743295787, 2)
(1548, 0)
(52777389708, 0)
(1552, 3)
(52913765392, 2)
(1553, 0)
(52947859313, 0)
(1557, 2)
(53084234997, 2)
(1558, 2)
(53118328918, 2)
(1562, 2)
(53254704602, 3)
(1563, 4)
(53288798523, 4)
(1567, 0)
(53425174207, 0)
(1568, 2)
(53459268128, 2)
(1572, 0)
(53595643812, 0)
(1573, 3)
(53629737733, 2)
(1577, 3)
(53766113417, 3)
(1578, 1)
(53800207338, 4)
(1582, 4)
(53936583022, 4)
(1583, 3)
(53970676943, 2)
(1587, 0)
(54107052627, 0)
(1588, 0)
(54141146548, 0)
(1592, 0)
(54277522232, 0)
(1593, 4)
(54311616153, 4)
(1597, 4)
(54447991837, 1)
(1598, 2)
(54482085758, 2)
(1602, 0)
(54618461442, 0)
(1603, 4)
(54652555363, 4)
(1607, 3)
(54788931047, 2)
(1608, 0)
(54823024968, 0)
(1612, 4)
(54959400652, 1)
(1613, 3)
(54993494573, 3)
(1617, 3)
(55129870257, 3)
(1618, 2)
(55163964178, 3)
(1622, 0)
(55300339862, 0)
(1623, 3)
(55334433783, 2)
(1627, 2)
(55470809467, 2)
(1628, 3)
(55504903388, 2)
(1632, 3)
(55641279072, 2)
(1633, 4)
(55675372993, 4)
(1637, 3)
(55811748677, 2)
(1638, 1)
(55845842598, 1)
(1642, 1)
(55982218282, 1)
(1643, 0)
(56016312203, 0)
(1647, 3)
(56152687887, 3)
(1648, 0)
(56186781808, 0)
(1652, 0)
(56323157492, 0)
(1653, 4)
(56357251413, 1)
(1657, 1)
(56493627097, 4)
(1658, 2)
(56527721018, 2)
(1662, 0)
(56664096702, 0)
(1663, 2)
(56698190623, 2)
(1667, 3)
(56834566307, 3)
(1668, 0)
(56868660228, 0)
(1672, 0)
(57005035912, 0)
(1673, 3)
(57039129833, 2)
(1677, 1)
(57175505517, 1)
(1678, 0)
(57209599438, 0)
(1682, 4)
(57345975122, 4)
(1683, 0)
(57380069043, 0)
(1687, 2)
(57516444727, 2)
(1688, 0)
(57550538648, 0)
(1692, 0)
(57686914332, 0)
(1693, 3)
(57721008253, 2)
(1697, 3)
(57857383937, 2)
(1698, 1)
(57891477858, 1)
(1702, 0)
(58027853542, 0)
(1703, 3)
(58061947463, 3)
(1707, 0)
(58198323147, 0)
(1708, 1)
(58232417068, 1)
(1712, 4)
(58368792752, 1)
(1713, 4)
(58402886673, 1)
(1717, 1)
(58539262357, 1)
(1718, 1)
(58573356278, 4)
(1722, 1)
(58709731962, 4)
(1723, 0)
(58743825883, 0)
(1727, 4)
(58880201567, 1)
(1728, 0)
(58914295488, 0)
(1732, 0)
(59050671172, 0)
(1733, 1)
(59084765093, 1)
(1737, 0)
(59221140777, 0)
(1738, 1)
(59255234698, 1)
(1742, 1)
(59391610382, 1)
(1743, 4)
(59425704303, 1)
(1747, 0)
(59562079987, 0)
(1748, 0)
(59596173908, 0)
(1752, 0)
(59732549592, 0)
(1753, 0)
(59766643513, 0)
(1757, 3)
(59903019197, 3)
(1758, 0)
(59937113118, 0)
(1762, 1)
(60073488802, 1)
(1763, 3)
(60107582723, 2)
(1767, 3)
(60243958407, 3)
(1768, 0)
(60278052328, 0)
(1772, 0)
(60414428012, 0)
(1773, 0)
(60448521933, 0)
(1777, 4)
(60584897617, 1)
(1778, 0)
(60618991538, 0)
(1782, 1)
(60755367222, 4)
(1783, 2)
(60789461143, 2)
(1787, 2)
(60925836827, 2)
(1788, 2)
(60959930748, 3)
(1792, 1)
(61096306432, 4)
(1793, 4)
(61130400353, 4)
(1797, 4)
(61266776037, 1)
(1798, 0)
(61300869958, 0)
(1802, 3)
(61437245642, 3)
(1803, 2)
(61471339563, 2)
(1807, 3)
(61607715247, 3)
(1808, 4)
(61641809168, 1)
(1812, 0)
(61778184852, 0)
(1813, 2)
(61812278773, 2)
(1817, 0)
(61948654457, 0)
(1818, 0)
(61982748378, 0)
(1822, 4)
(62119124062, 1)
(1823, 0)
(62153217983, 0)
(1827, 2)
(62289593667, 2)
(1828, 0)
(62323687588, 0)
(1832, 0)
(62460063272, 0)
(1833, 1)
(62494157193, 1)
(1837, 4)
(62630532877, 1)
(1838, 3)
(62664626798, 2)
(1842, 4)
(62801002482, 4)
(1843, 4)
(62835096403, 4)
(1847, 2)
(62971472087, 2)
(1848, 0)
(63005566008, 0)
(1852, 4)
(63141941692, 1)
(1853, 4)
(63176035613, 1)
(1857, 0)
(63312411297, 0)
(1858, 0)
(63346505218, 0)
(1862, 3)
(63482880902, 2)
(1863, 2)
(63516974823, 2)
(1867, 0)
(63653350507, 0)
(1868, 1)
(63687444428, 1)
(1872, 0)
(63823820112, 0)
(1873, 3)
(63857914033, 2)
(1877, 4)
(63994289717, 1)
(1878, 4)
(64028383638, 1)
(1882, 2)
(64164759322, 2)
(1883, 1)
(64198853243, 4)
(1887, 0)
(64335228927, 0)
(1888, 3)
(64369322848, 2)
(1892, 0)
(64505698532, 0)
(1893, 0)
(64539792453, 0)
(1897, 1)
(64676168137, 1)
(1898, 3)
(64710262058, 2)
(1902, 4)
(64846637742, 4)
(1903, 2)
(64880731663, 3)
(1907, 3)
(65017107347, 2)
(1908, 0)
(65051201268, 0)
(1912, 0)
(65187576952, 0)
(1913, 4)
(65221670873, 4)
(1917, 2)
(65358046557, 3)
(1918, 1)
(65392140478, 1)
(1922, 2)
(65528516162, 2)
(1923, 0)
(65562610083, 0)
(1927, 2)
(65698985767, 3)
(1928, 0)
(65733079688, 0)
(1932, 3)
(65869455372, 3)
(1933, 2)
(65903549293, 2)
(1937, 3)
(66039924977, 2)
(1938, 2)
(66074018898, 2)
(1942, 3)
(66210394582, 2)
(1943, 2)
(66244488503, 2)
(1947, 3)
(66380864187, 2)
(1948, 1)
(66414958108, 4)
(1952, 0)
(66551333792, 0)
(1953, 0)
(66585427713, 0)
(1957, 1)
(66721803397, 4)
(1958, 2)
(66755897318, 2)
(1962, 0)
(66892273002, 0)
(1963, 4)
(66926366923, 1)
(1967, 4)
(67062742607, 1)
(1968, 4)
(67096836528, 4)
(1972, 0)
(67233212212, 0)
(1973, 3)
(67267306133, 2)
(1977, 1)
(67403681817, 4)
(1978, 2)
(67437775738, 2)
(1982, 1)
(67574151422, 1)
(1983, 1)
(67608245343, 1)
(1987, 2)
(67744621027, 2)
(1988, 0)
(67778714948, 0)
(1992, 0)
(67915090632, 0)
(1993, 1)
(67949184553, 1)
(1997, 2)
(68085560237, 2)
(1998, 3)
(68119654158, 2)
(2002, 4)
(68256029842, 1)
(2003, 1)
(68290123763, 4)
(2007, 0)
(68426499447, 0)
(2008, 0)
(68460593368, 0)
(2012, 2)
(68596969052, 2)
(2013, 4)
(68631062973, 1)
(2017, 2)
(68767438657, 3)
(2018, 3)
(68801532578, 2)
(2022, 1)
(68937908262, 4)
(2023, 4)
(68972002183, 1)
(2027, 1)
(69108377867, 4)
(2028, 3)
(69142471788, 2)
(2032, 0)
(69278847472, 0)
(2033, 2)
(69312941393, 2)
(2037, 4)
(69449317077, 1)
(2038, 3)
(69483410998, 3)
(2042, 0)
(69619786682, 0)
(2043, 0)
(69653880603, 0)
(2047, 2)
(69790256287, 3)
(2048, 0)
(69824350208, 0)
(2052, 0)
(69960725892, 0)
(2053, 2)
(69994819813, 3)
(2057, 4)
(70131195497, 4)
(2058, 2)
(70165289418, 2)
(2062, 3)
(70301665102, 3)
(2063, 0)
(70335759023, 0)
(2067, 3)
(70472134707, 3)
(2068, 0)
(70506228628, 0)
(2072, 0)
(70642604312, 0)
(2073, 0)
(70676698233, 0)
(2077, 1)
(70813073917, 4)
(2078, 0)
(70847167838, 0)
(2082, 1)
(70983543522, 1)
(2083, 3)
(71017637443, 3)
(2087, 0)
(71154013127, 0)
(2088, 0)
(71188107048, 0)
(2092, 0)
(71324482732, 0)
(2093, 0)
(71358576653, 0)
(2097, 1)
(71494952337, 1)
(2098, 4)
(71529046258, 1)
(2102, 4)
(71665421942, 1)
(2103, 4)
(71699515863, 1)
(2107, 4)
(71835891547, 4)
(2108, 4)
(71869985468, 4)
(2112, 4)
(72006361152, 4)
(2113, 4)
(72040455073, 1)
(2117, 1)
(72176830757, 4)
(2118, 0)
(72210924678, 0)
(2122, 2)
(72347300362, 3)
(2123, 1)
(72381394283, 4)
(2127, 2)
(72517769967, 2)
(2128, 2)
(72551863888, 2)
(2132, 0)
(72688239572, 0)
(2133, 2)
(72722333493, 2)
(2137, 1)
(72858709177, 4)
(2138, 2)
(72892803098, 3)
(2142, 0)
(73029178782, 0)
(2143, 3)
(73063272703, 3)
(2147, 4)
(73199648387, 4)
(2148, 0)
(73233742308, 0)
(2152, 0)
(73370117992, 0)
(2153, 3)
(73404211913, 2)
(2157, 4)
(73540587597, 4)
(2158, 0)
(73574681518, 0)
(2162, 4)
(73711057202, 4)
(2163, 2)
(73745151123, 2)
(2167, 2)
(73881526807, 2)
(2168, 0)
(73915620728, 0)
(2172, 4)
(74051996412, 4)
(2173, 0)
(74086090333, 0)
(2177, 0)
(74222466017, 0)
(2178, 3)
(74256559938, 3)
(2182, 3)
(74392935622, 3)
(2183, 2)
(74427029543, 3)
(2187, 0)
(74563405227, 0)
(2188, 4)
(74597499148, 4)
(2192, 1)
(74733874832, 4)
(2193, 1)
(74767968753, 4)
(2197, 3)
(74904344437, 2)
(2198, 1)
(74938438358, 4)
(2202, 0)
(75074814042, 0)
(2203, 0)
(75108907963, 0)
(2207, 1)
(75245283647, 4)
(2208, 4)
(75279377568, 1)
(2212, 0)
(75415753252, 0)
(2213, 3)
(75449847173, 2)
(2217, 3)
(75586222857, 2)
(2218, 1)
(75620316778, 1)
(2222, 3)
(75756692462, 2)
(2223, 0)
(75790786383, 0)
(2227, 1)
(75927162067, 4)
(2228, 0)
(75961255988, 0)
(2232, 0)
(76097631672, 0)
(2233, 4)
(76131725593, 1)
(2237, 0)
(76268101277, 0)
(2238, 3)
(76302195198, 3)
(2242, 4)
(76438570882, 4)
(2243, 0)
(76472664803, 0)
(2247, 0)
(76609040487, 0)
(2248, 0)
(76643134408, 0)
(2252, 3)
(76779510092, 2)
(2253, 4)
(76813604013, 1)
(2257, 4)
(76949979697, 1)
(2258, 3)
(76984073618, 3)
(2262, 1)
(77120449302, 4)
(2263, 2)
(77154543223, 2)
(2267, 1)
(77290918907, 1)
(2268, 1)
(77325012828, 4)
(2272, 3)
(77461388512, 3)
(2273, 2)
(77495482433, 3)
(2277, 0)
(77631858117, 0)
(2278, 4)
(77665952038, 1)
(2282, 0)
(77802327722, 0)
(2283, 4)
(77836421643, 1)
(2287, 1)
(77972797327, 1)
(2288, 0)
(78006891248, 0)
(2292, 0)
(78143266932, 0)
(2293, 1)
(78177360853, 1)
(2297, 0)
(78313736537, 0)
(2298, 2)
(78347830458, 3)
(2302, 4)
(78484206142, 1)
(2303, 0)
(78518300063, 0)
(2307, 3)
(78654675747, 2)
(2308, 0)
(78688769668, 0)
(2312, 0)
(78825145352, 0)
(2313, 2)
(78859239273, 2)
(2317, 4)
(78995614957, 4)
(2318, 1)
(79029708878, 1)
(2322, 3)
(79166084562, 2)
(2323, 2)
(79200178483, 2)
(2327, 2)
(79336554167, 3)
(2328, 0)
(79370648088, 0)
(2332, 1)
(79507023772, 4)
(2333, 1)
(79541117693, 1)
(2337, 2)
(79677493377, 3)
(2338, 4)
(79711587298, 1)
(2342, 3)
(79847962982, 3)
(2343, 2)
(79882056903, 2)
(2347, 0)
(80018432587, 0)
(2348, 1)
(80052526508, 1)
(2352, 2)
(80188902192, 3)
(2353, 4)
(80222996113, 4)
(2357, 2)
(80359371797, 3)
(2358, 0)
(80393465718, 0)
(2362, 4)
(80529841402, 4)
(2363, 0)
(80563935323, 0)
(2367, 1)
(80700311007, 1)
(2368, 3)
(80734404928, 3)
(2372, 0)
(80870780612, 0)
(2373, 1)
(80904874533, 4)
(2377, 1)
(81041250217, 1)
(2378, 0)
(81075344138, 0)
(2382, 2)
(81211719822, 3)
(2383, 4)
(81245813743, 4)
(2387, 2)
(81382189427, 2)
(2388, 0)
(81416283348, 0)
(2392, 0)
(81552659032, 0)
(2393, 0)
(81586752953, 0)
(2397, 2)
(81723128637, 3)
(2398, 0)
(81757222558, 0)
(2402, 0)
(81893598242, 0)
(2403, 2)
(81927692163, 2)
(2407, 0)
(82064067847, 0)
(2408, 0)
(82098161768, 0)
(2412, 0)
(82234537452, 0)
(2413, 1)
(82268631373, 1)
(2417, 1)
(82405007057, 4)
(2418, 4)
(82439100978, 4)
(2422, 0)
(82575476662, 0)
(2423, 3)
(82609570583, 2)
(2427, 4)
(82745946267, 4)
(2428, 4)
(82780040188, 1)
(2432, 1)
(82916415872, 4)
(2433, 0)
(82950509793, 0)
(2437, 3)
(83086885477, 2)
(2438, 3)
(83120979398, 3)
(2442, 3)
(83257355082, 3)
(2443, 4)
(83291449003, 1)
(2447, 3)
(83427824687, 2)
(2448, 1)
(83461918608, 1)
(2452, 0)
(83598294292, 0)
(2453, 3)
(83632388213, 3)
(2457, 2)
(83768763897, 3)
(2458, 3)
(83802857818, 3)
(2462, 3)
(83939233502, 2)
(2463, 4)
(83973327423, 1)
(2467, 2)
(84109703107, 2)
(2468, 0)
(84143797028, 0)
(2472, 0)
(84280172712, 0)
(2473, 0)
(84314266633, 0)
(2477, 3)
(84450642317, 2)
(2478, 2)
(84484736238, 3)
(2482, 1)
(84621111922, 1)
(2483, 0)
(84655205843, 0)
(2487, 0)
(84791581527, 0)
(2488, 0)
(84825675448, 0)
(2492, 4)
(84962051132, 4)
(2493, 0)
(84996145053, 0)
(2497, 3)
(85132520737, 2)
(2498, 0)
(85166614658, 0)
(2502, 3)
(85302990342, 2)
(2503, 1)
(85337084263, 4)
(2507, 4)
(85473459947, 1)
(2508, 2)
(85507553868, 3)
(2512, 2)
(85643929552, 2)
(2513, 3)
(85678023473, 2)
(2517, 4)
(85814399157, 4)
(2518, 0)
(85848493078, 0)
(2522, 4)
(85984868762, 4)
(2523, 3)
(86018962683, 2)
(2527, 4)
(86155338367, 1)
(2528, 4)
(86189432288, 1)
(2532, 0)
(86325807972, 0)
(2533, 4)
(86359901893, 4)
(2537, 0)
(86496277577, 0)
(2538, 2)
(86530371498, 3)
(2542, 4)
(86666747182, 1)
(2543, 0)
(86700841103, 0)
(2547, 0)
(86837216787, 0)
(2548, 0)
(86871310708, 0)
(2552, 0)
(87007686392, 0)
(2553, 1)
(87041780313, 4)
(2557, 3)
(87178155997, 3)
(2558, 4)
(87212249918, 1)
(2562, 1)
(87348625602, 4)
(2563, 4)
(87382719523, 1)
(2567, 1)
(87519095207, 1)
(2568, 0)
(87553189128, 0)
(2572, 1)
(87689564812, 1)
(2573, 1)
(87723658733, 4)
(2577, 0)
(87860034417, 0)
(2578, 1)
(87894128338, 4)
(2582, 0)
(88030504022, 0)
(2583, 2)
(88064597943, 2)
(2587, 3)
(88200973627, 2)
(2588, 4)
(88235067548, 1)
(2592, 3)
(88371443232, 3)
(2593, 1)
(88405537153, 1)
(2597, 4)
(88541912837, 4)
(2598, 4)
(88576006758, 1)
(2602, 4)
(88712382442, 4)
(2603, 0)
(88746476363, 0)
(2607, 2)
(88882852047, 3)
(2608, 2)
(88916945968, 3)
(2612, 0)
(89053321652, 0)
(2613, 1)
(89087415573, 4)
(2617, 2)
(89223791257, 3)
(2618, 0)
(89257885178, 0)
(2622, 1)
(89394260862, 1)
(2623, 2)
(89428354783, 3)
(2627, 2)
(89564730467, 2)
(2628, 0)
(89598824388, 0)
(2632, 0)
(89735200072, 0)
(2633, 3)
(89769293993, 2)
(2637, 4)
(89905669677, 4)
(2638, 0)
(89939763598, 0)
(2642, 3)
(90076139282, 3)
(2643, 0)
(90110233203, 0)
(2647, 0)
(90246608887, 0)
(2648, 0)
(90280702808, 0)
(2652, 2)
(90417078492, 2)
(2653, 1)
(90451172413, 4)
(2657, 2)
(90587548097, 3)
(2658, 4)
(90621642018, 1)
(2662, 1)
(90758017702, 4)
(2663, 3)
(90792111623, 2)
(2667, 3)
(90928487307, 2)
(2668, 2)
(90962581228, 3)
(2672, 4)
(91098956912, 4)
(2673, 3)
(91133050833, 3)
(2677, 2)
(91269426517, 2)
(2678, 0)
(91303520438, 0)
(2682, 0)
(91439896122, 0)
(2683, 0)
(91473990043, 0)
(2687, 4)
(91610365727, 4)
(2688, 1)
(91644459648, 1)
(2692, 0)
(91780835332, 0)
(2693, 3)
(91814929253, 3)
(2697, 4)
(91951304937, 4)
(2698, 4)
(91985398858, 1)
(2702, 2)
(92121774542, 3)
(2703, 3)
(92155868463, 2)
(2707, 2)
(92292244147, 3)
(2708, 0)
(92326338068, 0)
(2712, 0)
(92462713752, 0)
(2713, 1)
(92496807673, 4)
(2717, 2)
(92633183357, 3)
(2718, 1)
(92667277278, 1)
(2722, 0)
(92803652962, 0)
(2723, 3)
(92837746883, 2)
(2727, 0)
(92974122567, 0)
(2728, 0)
(93008216488, 0)
(2732, 0)
(93144592172, 0)
(2733, 3)
(93178686093, 3)
(2737, 1)
(93315061777, 4)
(2738, 4)
(93349155698, 4)
(2742, 3)
(93485531382, 2)
(2743, 0)
(93519625303, 0)
(2747, 3)
(93656000987, 3)
(2748, 1)
(93690094908, 1)
(2752, 0)
(93826470592, 0)
(2753, 2)
(93860564513, 3)
(2757, 4)
(93996940197, 4)
(2758, 4)
(94031034118, 4)
(2762, 4)
(94167409802, 4)
(2763, 0)
(94201503723, 0)
(2767, 4)
(94337879407, 4)
(2768, 2)
(94371973328, 2)
(2772, 0)
(94508349012, 0)
(2773, 4)
(94542442933, 1)
(2777, 0)
(94678818617, 0)
(2778, 1)
(94712912538, 1)
(2782, 2)
(94849288222, 2)
(2783, 4)
(94883382143, 4)
(2787, 1)
(95019757827, 4)
(2788, 0)
(95053851748, 0)
(2792, 0)
(95190227432, 0)
(2793, 4)
(95224321353, 4)
(2797, 3)
(95360697037, 2)
(2798, 4)
(95394790958, 4)
(2802, 1)
(95531166642, 4)
(2803, 1)
(95565260563, 4)
(2807, 3)
(95701636247, 2)
(2808, 0)
(95735730168, 0)
(2812, 3)
(95872105852, 2)
(2813, 0)
(95906199773, 0)
(2817, 0)
(96042575457, 0)
(2818, 0)
(96076669378, 0)
(2822, 2)
(96213045062, 3)
(2823, 1)
(96247138983, 4)
(2827, 3)
(96383514667, 2)
(2828, 3)
(96417608588, 2)
(2832, 3)
(96553984272, 3)
(2833, 3)
(96588078193, 2)
(2837, 1)
(96724453877, 4)
(2838, 0)
(96758547798, 0)
(2842, 2)
(96894923482, 3)
(2843, 0)
(96929017403, 0)
(2847, 3)
(97065393087, 3)
(2848, 4)
(97099487008, 1)
(2852, 0)
(97235862692, 0)
(2853, 0)
(97269956613, 0)
(2857, 0)
(97406332297, 0)
(2858, 3)
(97440426218, 2)
(2862, 2)
(97576801902, 3)
(2863, 2)
(97610895823, 2)
(2867, 2)
(97747271507, 3)
(2868, 0)
(97781365428, 0)
(2872, 0)
(97917741112, 0)
(2873, 3)
(97951835033, 3)
(2877, 0)
(98088210717, 0)
(2878, 1)
(98122304638, 1)
(2882, 1)
(98258680322, 1)
(2883, 3)
(98292774243, 2)
(2887, 0)
(98429149927, 0)
(2888, 0)
(98463243848, 0)
(2892, 3)
(98599619532, 3)
(2893, 4)
(98633713453, 1)
(2897, 1)
(98770089137, 4)
(2898, 0)
(98804183058, 0)
(2902, 2)
(98940558742, 2)
(2903, 4)
(98974652663, 1)
(2907, 2)
(99111028347, 3)
(2908, 4)
(99145122268, 1)
(2912, 4)
(99281497952, 4)
(2913, 2)
(99315591873, 2)
(2917, 2)
(99451967557, 3)
(2918, 4)
(99486061478, 4)
(2922, 1)
(99622437162, 1)
(2923, 4)
(99656531083, 1)
(2927, 4)
(99792906767, 1)
(2928, 3)
(99827000688, 3)
(2932, 0)
(99963376372, 0)
(2933, 1)
(99997470293, 4)
(2937, 4)
(100133845977, 1)
(2938, 4)
(100167939898, 4)
(2942, 0)
(100304315582, 0)
(2943, 3)
(100338409503, 3)
(2947, 3)
(100474785187, 2)
(2948, 0)
(100508879108, 0)
(2952, 0)
(100645254792, 0)
(2953, 1)
(100679348713, 4)
(2957, 4)
(100815724397, 1)
(2958, 2)
(100849818318, 2)
(2962, 4)
(100986194002, 4)
(2963, 2)
(101020287923, 2)
(2967, 1)
(101156663607, 4)
(2968, 0)
(101190757528, 0)
(2972, 2)
(101327133212, 2)
(2973, 2)
(101361227133, 3)
(2977, 4)
(101497602817, 4)
(2978, 0)
(101531696738, 0)
(2982, 1)
(101668072422, 1)
(2983, 0)
(101702166343, 0)
(2987, 0)
(101838542027, 0)
(2988, 2)
(101872635948, 3)
(2992, 1)
(102009011632, 4)
(2993, 2)
(102043105553, 3)
(2997, 4)
(102179481237, 4)
(2998, 3)
(102213575158, 3)
(3002, 4)
(102349950842, 4)
(3003, 2)
(102384044763, 2)
(3007, 0)
(102520420447, 0)
(3008, 0)
(102554514368, 0)
(3012, 0)
(102690890052, 0)
(3013, 3)
(102724983973, 2)
(3017, 3)
(102861359657, 3)
(3018, 4)
(102895453578, 1)
(3022, 2)
(103031829262, 3)
(3023, 2)
(103065923183, 2)
(3027, 2)
(103202298867, 2)
(3028, 0)
(103236392788, 0)
(3032, 0)
(103372768472, 0)
(3033, 0)
(103406862393, 0)
(3037, 3)
(103543238077, 3)
(3038, 1)
(103577331998, 1)
(3042, 0)
(103713707682, 0)
(3043, 3)
(103747801603, 3)
(3047, 2)
(103884177287, 3)
(3048, 0)
(103918271208, 0)
(3052, 3)
(104054646892, 3)
(3053, 0)
(104088740813, 0)
(3057, 3)
(104225116497, 2)
(3058, 2)
(104259210418, 2)
(3062, 4)
(104395586102, 4)
(3063, 1)
(104429680023, 1)
(3067, 2)
(104566055707, 3)
(3068, 1)
(104600149628, 1)
(3072, 4)
(104736525312, 1)
(3073, 1)
(104770619233, 4)
(3077, 4)
(104906994917, 1)
(3078, 4)
(104941088838, 1)
(3082, 0)
(105077464522, 0)
(3083, 2)
(105111558443, 2)
(3087, 0)
(105247934127, 0)
(3088, 2)
(105282028048, 2)
(3092, 0)
(105418403732, 0)
(3093, 2)
(105452497653, 3)
(3097, 3)
(105588873337, 3)
(3098, 4)
(105622967258, 4)
(3102, 1)
(105759342942, 1)
(3103, 0)
(105793436863, 0)
(3107, 3)
(105929812547, 2)
(3108, 0)
(105963906468, 0)
(3112, 0)
(106100282152, 0)
(3113, 1)
(106134376073, 1)
(3117, 0)
(106270751757, 0)
(3118, 0)
(106304845678, 0)
(3122, 3)
(106441221362, 3)
(3123, 0)
(106475315283, 0)
(3127, 1)
(106611690967, 4)
(3128, 0)
(106645784888, 0)
(3132, 3)
(106782160572, 3)
(3133, 0)
(106816254493, 0)
(3137, 1)
(106952630177, 1)
(3138, 4)
(106986724098, 1)
(3142, 0)
(107123099782, 0)
(3143, 1)
(107157193703, 4)
(3147, 0)
(107293569387, 0)
(3148, 0)
(107327663308, 0)
(3152, 0)
(107464038992, 0)
(3153, 4)
(107498132913, 4)
(3157, 4)
(107634508597, 1)
(3158, 2)
(107668602518, 2)
(3162, 0)
(107804978202, 0)
(3163, 1)
(107839072123, 4)
(3167, 2)
(107975447807, 3)
(3168, 0)
(108009541728, 0)
(3172, 0)
(108145917412, 0)
(3173, 0)
(108180011333, 0)
(3177, 3)
(108316387017, 3)
(3178, 0)
(108350480938, 0)
(3182, 2)
(108486856622, 2)
(3183, 4)
(108520950543, 4)
(3187, 2)
(108657326227, 3)
(3188, 0)
(108691420148, 0)
(3192, 0)
(108827795832, 0)
(3193, 4)
(108861889753, 4)
(3197, 4)
(108998265437, 1)
(3198, 2)
(109032359358, 3)
(3202, 1)
(109168735042, 4)
(3203, 4)
(109202828963, 1)
(3207, 3)
(109339204647, 3)
(3208, 0)
(109373298568, 0)
(3212, 0)
(109509674252, 0)
(3213, 3)
(109543768173, 3)
(3217, 1)
(109680143857, 4)
(3218, 1)
(109714237778, 4)
(3222, 0)
(109850613462, 0)
(3223, 0)
(109884707383, 0)
(3227, 4)
(110021083067, 4)
(3228, 2)
(110055176988, 3)
(3232, 2)
(110191552672, 2)
(3233, 4)
(110225646593, 1)
(3237, 2)
(110362022277, 3)
(3238, 3)
(110396116198, 2)
(3242, 3)
(110532491882, 2)
(3243, 2)
(110566585803, 3)
(3247, 3)
(110702961487, 2)
(3248, 3)
(110737055408, 3)
(3252, 0)
(110873431092, 0)
(3253, 1)
(110907525013, 4)
(3257, 1)
(111043900697, 4)
(3258, 4)
(111077994618, 1)
(3262, 3)
(111214370302, 2)
(3263, 3)
(111248464223, 3)
(3267, 4)
(111384839907, 1)
(3268, 0)
(111418933828, 0)
(3272, 0)
(111555309512, 0)
(3273, 4)
(111589403433, 1)
(3277, 3)
(111725779117, 3)
(3278, 1)
(111759873038, 4)
(3282, 0)
(111896248722, 0)
(3283, 1)
(111930342643, 4)
(3287, 1)
(112066718327, 4)
(3288, 0)
(112100812248, 0)
(3292, 3)
(112237187932, 3)
(3293, 1)
(112271281853, 4)
(3297, 0)
(112407657537, 0)
(3298, 1)
(112441751458, 4)
(3302, 1)
(112578127142, 1)
(3303, 0)
(112612221063, 0)
(3307, 4)
(112748596747, 4)
(3308, 1)
(112782690668, 1)
(3312, 1)
(112919066352, 1)
(3313, 1)
(112953160273, 1)
(3317, 1)
(113089535957, 4)
(3318, 2)
(113123629878, 3)
(3322, 4)
(113260005562, 1)
(3323, 3)
(113294099483, 2)
(3327, 4)
(113430475167, 1)
(3328, 2)
(113464569088, 3)
(3332, 0)
(113600944772, 0)
(3333, 3)
(113635038693, 3)
(3337, 4)
(113771414377, 4)
(3338, 0)
(113805508298, 0)
(3342, 4)
(113941883982, 4)
(3343, 4)
(113975977903, 1)
(3347, 1)
(114112353587, 4)
(3348, 0)
(114146447508, 0)
(3352, 0)
(114282823192, 0)
(3353, 0)
(114316917113, 0)
(3357, 0)
(114453292797, 0)
(3358, 2)
(114487386718, 2)
(3362, 4)
(114623762402, 4)
(3363, 4)
(114657856323, 1)
(3367, 0)
(114794232007, 0)
(3368, 0)
(114828325928, 0)
(3372, 2)
(114964701612, 3)
(3373, 4)
(114998795533, 4)
(3377, 3)
(115135171217, 3)
(3378, 4)
(115169265138, 4)
(3382, 0)
(115305640822, 0)
(3383, 1)
(115339734743, 1)
(3387, 2)
(115476110427, 3)
(3388, 3)
(115510204348, 2)
(3392, 1)
(115646580032, 1)
(3393, 2)
(115680673953, 2)
(3397, 0)
(115817049637, 0)
(3398, 3)
(115851143558, 2)
(3402, 3)
(115987519242, 3)
(3403, 2)
(116021613163, 2)
(3407, 3)
(116157988847, 3)
(3408, 4)
(116192082768, 1)
(3412, 0)
(116328458452, 0)
(3413, 3)
(116362552373, 3)
(3417, 4)
(116498928057, 4)
(3418, 2)
(116533021978, 3)
(3422, 3)
(116669397662, 3)
(3423, 0)
(116703491583, 0)
(3427, 1)
(116839867267, 1)
(3428, 0)
(116873961188, 0)
(3432, 0)
(117010336872, 0)
(3433, 1)
(117044430793, 1)
(3437, 2)
(117180806477, 2)
(3438, 0)
(117214900398, 0)
(3442, 0)
(117351276082, 0)
(3443, 4)
(117385370003, 1)
(3447, 4)
(117521745687, 4)
(3448, 0)
(117555839608, 0)
(3452, 2)
(117692215292, 3)
(3453, 3)
(117726309213, 3)
(3457, 3)
(117862684897, 3)
(3458, 0)
(117896778818, 0)
(3462, 3)
(118033154502, 2)
(3463, 4)
(118067248423, 1)
(3467, 4)
(118203624107, 1)
(3468, 4)
(118237718028, 1)
(3472, 1)
(118374093712, 4)
(3473, 0)
(118408187633, 0)
(3477, 2)
(118544563317, 3)
(3478, 4)
(118578657238, 4)
(3482, 4)
(118715032922, 4)
(3483, 3)
(118749126843, 3)
(3487, 2)
(118885502527, 2)
(3488, 0)
(118919596448, 0)
(3492, 0)
(119055972132, 0)
(3493, 3)
(119090066053, 3)
(3497, 2)
(119226441737, 3)
(3498, 0)
(119260535658, 0)
(3502, 4)
(119396911342, 4)
(3503, 2)
(119431005263, 3)
(3507, 3)
(119567380947, 3)
(3508, 0)
(119601474868, 0)
(3512, 0)
(119737850552, 0)
(3513, 4)
(119771944473, 1)
(3517, 0)
(119908320157, 0)
(3518, 3)
(119942414078, 3)
(3522, 3)
(120078789762, 2)
(3523, 4)
(120112883683, 4)
(3527, 0)
(120249259367, 0)
(3528, 0)
(120283353288, 0)
(3532, 1)
(120419728972, 1)
(3533, 0)
(120453822893, 0)
(3537, 3)
(120590198577, 3)
(3538, 3)
(120624292498, 3)
(3542, 2)
(120760668182, 2)
(3543, 3)
(120794762103, 2)
(3547, 4)
(120931137787, 1)
(3548, 2)
(120965231708, 3)
(3552, 4)
(121101607392, 1)
(3553, 1)
(121135701313, 1)
(3557, 4)
(121272076997, 1)
(3558, 3)
(121306170918, 2)
(3562, 2)
(121442546602, 2)
(3563, 3)
(121476640523, 3)
(3567, 0)
(121613016207, 0)
(3568, 2)
(121647110128, 3)
