(2, 4)
(193611842, 4)
(3, 3)
(290417763, 3)
(7, 4)
(677641447, 1)
(8, 0)
(774447368, 0)
(12, 4)
(1161671052, 4)
(13, 3)
(1258476973, 2)
(17, 4)
(1645700657, 4)
(18, 3)
(1742506578, 3)
(22, 3)
(2129730262, 2)
(23, 3)
(2226536183, 2)
(27, 3)
(2613759867, 3)
(28, 3)
(2710565788, 2)
(32, 2)
(3097789472, 2)
(33, 1)
(3194595393, 4)
(37, 2)
(3581819077, 2)
(38, 1)
(3678624998, 4)
(42, 1)
(4065848682, 4)
(43, 4)
(4162654603, 1)
(47, 0)
(4549878287, 0)
(48, 4)
(4646684208, 4)
(52, 0)
(5033907892, 0)
(53, 4)
(5130713813, 1)
(57, 4)
(5517937497, 1)
(58, 2)
(5614743418, 3)
(62, 2)
(6001967102, 2)
(63, 0)
(6098773023, 0)
(67, 1)
(6485996707, 1)
(68, 0)
(6582802628, 0)
(72, 0)
(6970026312, 0)
(73, 1)
(7066832233, 1)
(77, 3)
(7454055917, 3)
(78, 4)
(7550861838, 1)
(82, 1)
(7938085522, 1)
(83, 2)
(8034891443, 2)
(87, 4)
(8422115127, 1)
(88, 0)
(8518921048, 0)
(92, 1)
(8906144732, 4)
(93, 1)
(9002950653, 1)
(97, 4)
(9390174337, 1)
(98, 4)
(9486980258, 4)
(102, 1)
(9874203942, 1)
(103, 0)
(9971009863, 0)
(107, 3)
(10358233547, 2)
(108, 4)
(10455039468, 4)
(112, 4)
(10842263152, 1)
(113, 2)
(10939069073, 2)
(117, 0)
(11326292757, 0)
(118, 1)
(11423098678, 4)
(122, 0)
(11810322362, 0)
(123, 3)
(11907128283, 3)
(127, 0)
(12294351967, 0)
(128, 4)
(12391157888, 4)
(132, 0)
(12778381572, 0)
(133, 1)
(12875187493, 1)
(137, 3)
(13262411177, 3)
(138, 3)
(13359217098, 2)
(142, 1)
(13746440782, 1)
(143, 0)
(13843246703, 0)
(147, 4)
(14230470387, 4)
(148, 0)
(14327276308, 0)
(152, 0)
(14714499992, 0)
(153, 3)
(14811305913, 3)
(157, 1)
(15198529597, 1)
(158, 3)
(15295335518, 3)
(162, 1)
(15682559202, 1)
(163, 4)
(15779365123, 4)
(167, 4)
(16166588807, 4)
(168, 0)
(16263394728, 0)
(172, 2)
(16650618412, 3)
(173, 1)
(16747424333, 1)
(177, 4)
(17134648017, 1)
(178, 3)
(17231453938, 3)
(182, 3)
(17618677622, 3)
(183, 3)
(17715483543, 2)
(187, 2)
(18102707227, 3)
(188, 0)
(18199513148, 0)
(192, 0)
(18586736832, 0)
(193, 1)
(18683542753, 1)
(197, 0)
(19070766437, 0)
(198, 0)
(19167572358, 0)
(202, 4)
(19554796042, 1)
(203, 1)
(19651601963, 1)
(207, 1)
(20038825647, 4)
(208, 1)
(20135631568, 4)
(212, 0)
(20522855252, 0)
(213, 2)
(20619661173, 2)
(217, 3)
(21006884857, 2)
(218, 0)
(21103690778, 0)
(222, 3)
(21490914462, 3)
(223, 2)
(21587720383, 2)
(227, 0)
(21974944067, 0)
(228, 0)
(22071749988, 0)
(232, 0)
(22458973672, 0)
(233, 3)
(22555779593, 2)
(237, 2)
(22943003277, 2)
(238, 3)
(23039809198, 2)
(242, 4)
(23427032882, 4)
(243, 4)
(23523838803, 4)
(247, 4)
(23911062487, 4)
(248, 0)
(24007868408, 0)
(252, 0)
(24395092092, 0)
(253, 1)
(24491898013, 1)
(257, 1)
(24879121697, 1)
(258, 3)
(24975927618, 2)
(262, 4)
(25363151302, 4)
(263, 3)
(25459957223, 2)
(267, 2)
(25847180907, 2)
(268, 3)
(25943986828, 3)
(272, 3)
(26331210512, 3)
(273, 2)
(26428016433, 2)
(277, 1)
(26815240117, 1)
(278, 4)
(26912046038, 4)
(282, 2)
(27299269722, 3)
(283, 2)
(27396075643, 2)
(287, 1)
(27783299327, 4)
(288, 4)
(27880105248, 4)
(292, 0)
(28267328932, 0)
(293, 2)
(28364134853, 2)
(297, 1)
(28751358537, 4)
(298, 1)
(28848164458, 1)
(302, 3)
(29235388142, 3)
(303, 0)
(29332194063, 0)
(307, 3)
(29719417747, 2)
(308, 0)
(29816223668, 0)
(312, 0)
(30203447352, 0)
(313, 2)
(30300253273, 3)
(317, 0)
(30687476957, 0)
(318, 2)
(30784282878, 3)
(322, 2)
(31171506562, 2)
(323, 1)
(31268312483, 4)
(327, 3)
(31655536167, 3)
(328, 0)
(31752342088, 0)
(332, 1)
(32139565772, 1)
(333, 0)
(32236371693, 0)
(337, 3)
(32623595377, 2)
(338, 0)
(32720401298, 0)
(342, 2)
(33107624982, 3)
(343, 3)
(33204430903, 2)
(347, 0)
(33591654587, 0)
(348, 3)
(33688460508, 2)
(352, 4)
(34075684192, 1)
(353, 4)
(34172490113, 1)
(357, 3)
(34559713797, 2)
(358, 1)
(34656519718, 4)
(362, 2)
(35043743402, 2)
(363, 4)
(35140549323, 4)
(367, 1)
(35527773007, 4)
(368, 3)
(35624578928, 2)
(372, 0)
(36011802612, 0)
(373, 0)
(36108608533, 0)
(377, 1)
(36495832217, 1)
(378, 1)
(36592638138, 4)
(382, 2)
(36979861822, 3)
(383, 2)
(37076667743, 2)
(387, 0)
(37463891427, 0)
(388, 0)
(37560697348, 0)
(392, 0)
(37947921032, 0)
(393, 3)
(38044726953, 3)
(397, 1)
(38431950637, 4)
(398, 0)
(38528756558, 0)
(402, 4)
(38915980242, 4)
(403, 3)
(39012786163, 2)
(407, 4)
(39400009847, 1)
(408, 0)
(39496815768, 0)
(412, 0)
(39884039452, 0)
(413, 0)
(39980845373, 0)
(417, 2)
(40368069057, 2)
(418, 3)
(40464874978, 3)
(422, 0)
(40852098662, 0)
(423, 0)
(40948904583, 0)
(427, 2)
(41336128267, 2)
(428, 4)
(41432934188, 1)
(432, 4)
(41820157872, 4)
(433, 3)
(41916963793, 2)
(437, 0)
(42304187477, 0)
(438, 3)
(42400993398, 3)
(442, 2)
(42788217082, 3)
(443, 0)
(42885023003, 0)
(447, 1)
(43272246687, 1)
(448, 2)
(43369052608, 3)
(452, 0)
(43756276292, 0)
(453, 3)
(43853082213, 3)
(457, 3)
(44240305897, 3)
(458, 1)
(44337111818, 4)
(462, 2)
(44724335502, 2)
(463, 2)
(44821141423, 3)
(467, 2)
(45208365107, 2)
(468, 0)
(45305171028, 0)
(472, 0)
(45692394712, 0)
(473, 3)
(45789200633, 3)
(477, 3)
(46176424317, 2)
(478, 3)
(46273230238, 2)
(482, 0)
(46660453922, 0)
(483, 1)
(46757259843, 1)
(487, 3)
(47144483527, 3)
(488, 0)
(47241289448, 0)
(492, 4)
(47628513132, 4)
(493, 3)
(47725319053, 2)
(497, 4)
(48112542737, 1)
(498, 3)
(48209348658, 3)
(502, 1)
(48596572342, 1)
(503, 1)
(48693378263, 4)
(507, 1)
(49080601947, 1)
(508, 0)
(49177407868, 0)
(512, 4)
(49564631552, 4)
(513, 4)
(49661437473, 1)
(517, 2)
(50048661157, 2)
(518, 1)
(50145467078, 4)
(522, 0)
(50532690762, 0)
(523, 0)
(50629496683, 0)
(527, 2)
(51016720367, 2)
(528, 2)
(51113526288, 3)
(532, 0)
(51500749972, 0)
(533, 3)
(51597555893, 2)
(537, 2)
(51984779577, 3)
(538, 0)
(52081585498, 0)
(542, 1)
(52468809182, 4)
(543, 2)
(52565615103, 2)
(547, 3)
(52952838787, 2)
(548, 0)
(53049644708, 0)
(552, 0)
(53436868392, 0)
(553, 2)
(53533674313, 3)
(557, 3)
(53920897997, 2)
(558, 4)
(54017703918, 4)
(562, 2)
(54404927602, 2)
(563, 1)
(54501733523, 4)
(567, 3)
(54888957207, 2)
(568, 0)
(54985763128, 0)
(572, 0)
(55372986812, 0)
(573, 4)
(55469792733, 1)
(577, 3)
(55857016417, 2)
(578, 2)
(55953822338, 2)
(582, 4)
(56341046022, 1)
(583, 3)
(56437851943, 3)
(587, 2)
(56825075627, 3)
(588, 2)
(56921881548, 2)
(592, 4)
(57309105232, 4)
(593, 1)
(57405911153, 1)
(597, 2)
(57793134837, 2)
(598, 3)
(57889940758, 3)
(602, 1)
(58277164442, 1)
(603, 0)
(58373970363, 0)
(607, 2)
(58761194047, 2)
(608, 3)
(58857999968, 2)
(612, 0)
(59245223652, 0)
(613, 0)
(59342029573, 0)
(617, 2)
(59729253257, 3)
(618, 2)
(59826059178, 2)
(622, 3)
(60213282862, 3)
(623, 2)
(60310088783, 3)
(627, 4)
(60697312467, 4)
(628, 0)
(60794118388, 0)
(632, 0)
(61181342072, 0)
(633, 0)
(61278147993, 0)
(637, 4)
(61665371677, 1)
(638, 0)
(61762177598, 0)
(642, 4)
(62149401282, 1)
(643, 2)
(62246207203, 2)
(647, 2)
(62633430887, 3)
(648, 0)
(62730236808, 0)
(652, 2)
(63117460492, 2)
(653, 1)
(63214266413, 1)
(657, 0)
(63601490097, 0)
(658, 3)
(63698296018, 3)
(662, 3)
(64085519702, 3)
(663, 1)
(64182325623, 4)
(667, 4)
(64569549307, 4)
(668, 3)
(64666355228, 3)
(672, 3)
(65053578912, 2)
(673, 3)
(65150384833, 3)
(677, 0)
(65537608517, 0)
(678, 0)
(65634414438, 0)
(682, 3)
(66021638122, 2)
(683, 0)
(66118444043, 0)
(687, 3)
(66505667727, 2)
(688, 2)
(66602473648, 3)
(692, 0)
(66989697332, 0)
(693, 1)
(67086503253, 1)
(697, 3)
(67473726937, 3)
(698, 1)
(67570532858, 1)
(702, 4)
(67957756542, 1)
(703, 4)
(68054562463, 1)
(707, 1)
(68441786147, 1)
(708, 0)
(68538592068, 0)
(712, 0)
(68925815752, 0)
(713, 1)
(69022621673, 4)
(717, 1)
(69409845357, 4)
(718, 2)
(69506651278, 3)
(722, 1)
(69893874962, 1)
(723, 1)
(69990680883, 4)
(727, 2)
(70377904567, 3)
(728, 0)
(70474710488, 0)
(732, 1)
(70861934172, 4)
(733, 1)
(70958740093, 1)
(737, 0)
(71345963777, 0)
(738, 0)
(71442769698, 0)
(742, 2)
(71829993382, 2)
(743, 1)
(71926799303, 1)
(747, 4)
(72314022987, 4)
(748, 1)
(72410828908, 4)
(752, 0)
(72798052592, 0)
(753, 3)
(72894858513, 3)
(757, 0)
(73282082197, 0)
(758, 2)
(73378888118, 3)
(762, 3)
(73766111802, 2)
(763, 1)
(73862917723, 4)
(767, 3)
(74250141407, 3)
(768, 2)
(74346947328, 2)
(772, 0)
(74734171012, 0)
(773, 4)
(74830976933, 4)
(777, 1)
(75218200617, 4)
(778, 4)
(75315006538, 4)
(782, 1)
(75702230222, 4)
(783, 4)
(75799036143, 1)
(787, 0)
(76186259827, 0)
(788, 0)
(76283065748, 0)
(792, 0)
(76670289432, 0)
(793, 2)
(76767095353, 2)
(797, 0)
(77154319037, 0)
(798, 1)
(77251124958, 1)
(802, 3)
(77638348642, 3)
(803, 0)
(77735154563, 0)
(807, 1)
(78122378247, 4)
(808, 0)
(78219184168, 0)
(812, 3)
(78606407852, 3)
(813, 3)
(78703213773, 2)
(817, 2)
(79090437457, 2)
(818, 3)
(79187243378, 3)
(822, 0)
(79574467062, 0)
(823, 4)
(79671272983, 4)
(827, 2)
(80058496667, 2)
(828, 2)
(80155302588, 3)
(832, 2)
(80542526272, 3)
(833, 2)
(80639332193, 2)
(837, 1)
(81026555877, 1)
(838, 4)
(81123361798, 1)
(842, 4)
(81510585482, 1)
(843, 4)
(81607391403, 4)
(847, 4)
(81994615087, 1)
(848, 3)
(82091421008, 2)
(852, 0)
(82478644692, 0)
(853, 0)
(82575450613, 0)
(857, 2)
(82962674297, 2)
(858, 1)
(83059480218, 1)
(862, 2)
(83446703902, 3)
(863, 1)
(83543509823, 1)
(867, 3)
(83930733507, 3)
(868, 0)
(84027539428, 0)
(872, 0)
(84414763112, 0)
(873, 0)
(84511569033, 0)
(877, 0)
(84898792717, 0)
(878, 0)
(84995598638, 0)
(882, 3)
(85382822322, 3)
(883, 2)
(85479628243, 3)
(887, 1)
(85866851927, 1)
(888, 0)
(85963657848, 0)
(892, 4)
(86350881532, 4)
(893, 2)
(86447687453, 2)
(897, 1)
(86834911137, 1)
(898, 2)
(86931717058, 2)
(902, 2)
(87318940742, 3)
(903, 1)
(87415746663, 1)
(907, 3)
(87802970347, 3)
(908, 0)
(87899776268, 0)
(912, 3)
(88286999952, 2)
(913, 3)
(88383805873, 2)
(917, 0)
(88771029557, 0)
(918, 1)
(88867835478, 1)
(922, 2)
(89255059162, 2)
(923, 0)
(89351865083, 0)
(927, 0)
(89739088767, 0)
(928, 1)
(89835894688, 4)
(932, 0)
(90223118372, 0)
(933, 4)
(90319924293, 4)
(937, 0)
(90707147977, 0)
(938, 1)
(90803953898, 4)
(942, 3)
(91191177582, 3)
(943, 1)
(91287983503, 4)
(947, 0)
(91675207187, 0)
(948, 0)
(91772013108, 0)
(952, 0)
(92159236792, 0)
(953, 3)
(92256042713, 2)
(957, 1)
(92643266397, 1)
(958, 1)
(92740072318, 1)
(962, 2)
(93127296002, 3)
(963, 1)
(93224101923, 4)
(967, 4)
(93611325607, 1)
(968, 0)
(93708131528, 0)
(972, 2)
(94095355212, 2)
(973, 3)
(94192161133, 2)
(977, 0)
(94579384817, 0)
(978, 4)
(94676190738, 4)
(982, 0)
(95063414422, 0)
(983, 2)
(95160220343, 3)
(987, 3)
(95547444027, 3)
(988, 3)
(95644249948, 3)
(992, 1)
(96031473632, 1)
(993, 3)
(96128279553, 3)
(997, 4)
(96515503237, 4)
(998, 1)
(96612309158, 4)
(1002, 4)
(96999532842, 4)
(1003, 1)
(97096338763, 4)
(1007, 0)
(97483562447, 0)
(1008, 0)
(97580368368, 0)
(1012, 0)
(97967592052, 0)
(1013, 4)
(98064397973, 1)
(1017, 4)
(98451621657, 4)
(1018, 3)
(98548427578, 2)
(1022, 3)
(98935651262, 2)
(1023, 1)
(99032457183, 4)
(1027, 4)
(99419680867, 1)
(1028, 0)
(99516486788, 0)
(1032, 0)
(99903710472, 0)
(1033, 3)
(100000516393, 3)
(1037, 0)
(100387740077, 0)
(1038, 2)
(100484545998, 2)
(1042, 3)
(100871769682, 2)
(1043, 2)
(100968575603, 3)
(1047, 4)
(101355799287, 4)
(1048, 0)
(101452605208, 0)
(1052, 1)
(101839828892, 4)
(1053, 1)
(101936634813, 4)
(1057, 1)
(102323858497, 4)
(1058, 0)
(102420664418, 0)
(1062, 0)
(102807888102, 0)
(1063, 4)
(102904694023, 1)
(1067, 2)
(103291917707, 2)
(1068, 1)
(103388723628, 1)
(1072, 3)
(103775947312, 3)
(1073, 1)
(103872753233, 4)
(1077, 4)
(104259976917, 1)
(1078, 3)
(104356782838, 2)
(1082, 3)
(104744006522, 3)
(1083, 2)
(104840812443, 2)
(1087, 1)
(105228036127, 1)
(1088, 1)
(105324842048, 1)
(1092, 0)
(105712065732, 0)
(1093, 0)
(105808871653, 0)
(1097, 1)
(106196095337, 1)
(1098, 0)
(106292901258, 0)
(1102, 0)
(106680124942, 0)
(1103, 3)
(106776930863, 2)
(1107, 3)
(107164154547, 3)
(1108, 0)
(107260960468, 0)
(1112, 0)
(107648184152, 0)
(1113, 4)
(107744990073, 4)
(1117, 4)
(108132213757, 1)
(1118, 1)
(108229019678, 1)
(1122, 4)
(108616243362, 1)
(1123, 0)
(108713049283, 0)
(1127, 3)
(109100272967, 2)
(1128, 0)
(109197078888, 0)
(1132, 1)
(109584302572, 1)
(1133, 2)
(109681108493, 3)
(1137, 0)
(110068332177, 0)
(1138, 2)
(110165138098, 3)
(1142, 2)
(110552361782, 2)
(1143, 0)
(110649167703, 0)
(1147, 1)
(111036391387, 1)
(1148, 2)
(111133197308, 3)
(1152, 3)
(111520420992, 3)
(1153, 4)
(111617226913, 1)
(1157, 3)
(112004450597, 2)
(1158, 4)
(112101256518, 4)
(1162, 3)
(112488480202, 2)
(1163, 3)
(112585286123, 3)
(1167, 3)
(112972509807, 3)
(1168, 2)
(113069315728, 2)
(1172, 0)
(113456539412, 0)
(1173, 1)
(113553345333, 4)
(1177, 2)
(113940569017, 2)
(1178, 1)
(114037374938, 4)
(1182, 0)
(114424598622, 0)
(1183, 0)
(114521404543, 0)
(1187, 4)
(114908628227, 4)
(1188, 0)
(115005434148, 0)
(1192, 0)
(115392657832, 0)
(1193, 4)
(115489463753, 4)
(1197, 0)
(115876687437, 0)
(1198, 2)
(115973493358, 3)
(1202, 1)
(116360717042, 4)
(1203, 4)
(116457522963, 4)
(1207, 2)
(116844746647, 2)
(1208, 0)
(116941552568, 0)
(1212, 0)
(117328776252, 0)
(1213, 0)
(117425582173, 0)
(1217, 2)
(117812805857, 3)
(1218, 4)
(117909611778, 4)
(1222, 3)
(118296835462, 3)
(1223, 0)
(118393641383, 0)
(1227, 4)
(118780865067, 4)
(1228, 4)
(118877670988, 1)
(1232, 1)
(119264894672, 1)
(1233, 1)
(119361700593, 1)
(1237, 4)
(119748924277, 1)
(1238, 2)
(119845730198, 3)
(1242, 3)
(120232953882, 2)
(1243, 1)
(120329759803, 4)
(1247, 4)
(120716983487, 4)
(1248, 2)
(120813789408, 3)
(1252, 0)
(121201013092, 0)
(1253, 3)
(121297819013, 3)
(1257, 0)
(121685042697, 0)
(1258, 2)
(121781848618, 2)
(1262, 4)
(122169072302, 4)
(1263, 0)
(122265878223, 0)
(1267, 1)
(122653101907, 4)
(1268, 0)
(122749907828, 0)
(1272, 0)
(123137131512, 0)
(1273, 0)
(123233937433, 0)
(1277, 4)
(123621161117, 4)
(1278, 0)
(123717967038, 0)
(1282, 3)
(124105190722, 3)
(1283, 4)
(124201996643, 4)
(1287, 0)
(124589220327, 0)
(1288, 0)
(124686026248, 0)
(1292, 3)
(125073249932, 2)
(1293, 1)
(125170055853, 4)
(1297, 2)
(125557279537, 3)
(1298, 2)
(125654085458, 2)
(1302, 4)
(126041309142, 1)
(1303, 1)
(126138115063, 4)
(1307, 1)
(126525338747, 4)
(1308, 1)
(126622144668, 1)
(1312, 3)
(127009368352, 3)
(1313, 1)
(127106174273, 1)
(1317, 0)
(127493397957, 0)
(1318, 0)
(127590203878, 0)
(1322, 3)
(127977427562, 2)
(1323, 4)
(128074233483, 4)
(1327, 0)
(128461457167, 0)
(1328, 1)
(128558263088, 1)
(1332, 0)
(128945486772, 0)
(1333, 0)
(129042292693, 0)
(1337, 4)
(129429516377, 4)
(1338, 0)
(129526322298, 0)
(1342, 0)
(129913545982, 0)
(1343, 4)
(130010351903, 4)
(1347, 1)
(130397575587, 1)
(1348, 0)
(130494381508, 0)
(1352, 0)
(130881605192, 0)
(1353, 4)
(130978411113, 1)
(1357, 1)
(131365634797, 1)
(1358, 4)
(131462440718, 4)
(1362, 1)
(131849664402, 4)
(1363, 4)
(131946470323, 4)
(1367, 0)
(132333694007, 0)
(1368, 0)
(132430499928, 0)
(1372, 1)
(132817723612, 4)
(1373, 2)
(132914529533, 3)
(1377, 1)
(133301753217, 1)
(1378, 0)
(133398559138, 0)
(1382, 2)
(133785782822, 3)
(1383, 3)
(133882588743, 3)
(1387, 4)
(134269812427, 1)
(1388, 0)
(134366618348, 0)
(1392, 4)
(134753842032, 1)
(1393, 4)
(134850647953, 1)
(1397, 4)
(135237871637, 4)
(1398, 0)
(135334677558, 0)
(1402, 1)
(135721901242, 1)
(1403, 1)
(135818707163, 1)
(1407, 1)
(136205930847, 4)
(1408, 3)
(136302736768, 2)
(1412, 0)
(136689960452, 0)
(1413, 0)
(136786766373, 0)
(1417, 1)
(137173990057, 4)
(1418, 4)
(137270795978, 4)
(1422, 1)
(137658019662, 1)
(1423, 4)
(137754825583, 4)
(1427, 0)
(138142049267, 0)
(1428, 0)
(138238855188, 0)
(1432, 0)
(138626078872, 0)
(1433, 4)
(138722884793, 1)
(1437, 4)
(139110108477, 4)
(1438, 1)
(139206914398, 1)
(1442, 1)
(139594138082, 4)
(1443, 2)
(139690944003, 3)
(1447, 2)
(140078167687, 2)
(1448, 0)
(140174973608, 0)
(1452, 2)
(140562197292, 2)
(1453, 1)
(140659003213, 4)
(1457, 4)
(141046226897, 1)
(1458, 2)
(141143032818, 2)
(1462, 4)
(141530256502, 1)
(1463, 2)
(141627062423, 3)
(1467, 0)
(142014286107, 0)
(1468, 2)
(142111092028, 3)
(1472, 4)
(142498315712, 1)
(1473, 2)
(142595121633, 2)
(1477, 1)
(142982345317, 4)
(1478, 0)
(143079151238, 0)
(1482, 1)
(143466374922, 1)
(1483, 3)
(143563180843, 3)
(1487, 3)
(143950404527, 3)
(1488, 2)
(144047210448, 2)
(1492, 0)
(144434434132, 0)
(1493, 3)
(144531240053, 2)
(1497, 0)
(144918463737, 0)
(1498, 1)
(145015269658, 1)
(1502, 1)
(145402493342, 4)
(1503, 3)
(145499299263, 3)
(1507, 4)
(145886522947, 1)
(1508, 0)
(145983328868, 0)
(1512, 0)
(146370552552, 0)
(1513, 4)
(146467358473, 4)
(1517, 3)
(146854582157, 3)
(1518, 4)
(146951388078, 4)
(1522, 0)
(147338611762, 0)
(1523, 3)
(147435417683, 2)
(1527, 1)
(147822641367, 4)
(1528, 0)
(147919447288, 0)
(1532, 4)
(148306670972, 4)
(1533, 1)
(148403476893, 4)
(1537, 1)
(148790700577, 1)
(1538, 4)
(148887506498, 1)
(1542, 0)
(149274730182, 0)
(1543, 4)
(149371536103, 4)
(1547, 2)
(149758759787, 2)
(1548, 0)
(149855565708, 0)
(1552, 3)
(150242789392, 2)
(1553, 0)
(150339595313, 0)
(1557, 2)
(150726818997, 2)
(1558, 2)
(150823624918, 3)
(1562, 2)
(151210848602, 3)
(1563, 4)
(151307654523, 1)
(1567, 0)
(151694878207, 0)
(1568, 2)
(151791684128, 2)
(1572, 0)
(152178907812, 0)
(1573, 3)
(152275713733, 2)
(1577, 3)
(152662937417, 2)
(1578, 1)
(152759743338, 4)
(1582, 4)
(153146967022, 1)
(1583, 3)
(153243772943, 3)
(1587, 0)
(153630996627, 0)
(1588, 0)
(153727802548, 0)
(1592, 0)
(154115026232, 0)
(1593, 4)
(154211832153, 1)
(1597, 4)
(154599055837, 1)
(1598, 2)
(154695861758, 3)
(1602, 0)
(155083085442, 0)
(1603, 4)
(155179891363, 4)
(1607, 3)
(155567115047, 3)
(1608, 0)
(155663920968, 0)
(1612, 4)
(156051144652, 1)
(1613, 3)
(156147950573, 2)
(1617, 3)
(156535174257, 2)
(1618, 2)
(156631980178, 3)
(1622, 0)
(157019203862, 0)
(1623, 3)
(157116009783, 3)
(1627, 2)
(157503233467, 3)
(1628, 3)
(157600039388, 2)
(1632, 3)
(157987263072, 3)
(1633, 4)
(158084068993, 1)
(1637, 3)
(158471292677, 2)
(1638, 1)
(158568098598, 1)
(1642, 1)
(158955322282, 4)
(1643, 0)
(159052128203, 0)
(1647, 3)
(159439351887, 2)
(1648, 0)
(159536157808, 0)
(1652, 0)
(159923381492, 0)
(1653, 4)
(160020187413, 4)
(1657, 1)
(160407411097, 1)
(1658, 2)
(160504217018, 2)
(1662, 0)
(160891440702, 0)
(1663, 2)
(160988246623, 2)
(1667, 3)
(161375470307, 3)
(1668, 0)
(161472276228, 0)
(1672, 0)
(161859499912, 0)
(1673, 3)
(161956305833, 3)
(1677, 1)
(162343529517, 1)
(1678, 0)
(162440335438, 0)
(1682, 4)
(162827559122, 4)
(1683, 0)
(162924365043, 0)
(1687, 2)
(163311588727, 2)
(1688, 0)
(163408394648, 0)
(1692, 0)
(163795618332, 0)
(1693, 3)
(163892424253, 3)
(1697, 3)
(164279647937, 2)
(1698, 1)
(164376453858, 1)
(1702, 0)
(164763677542, 0)
(1703, 3)
(164860483463, 2)
(1707, 0)
(165247707147, 0)
(1708, 1)
(165344513068, 1)
(1712, 4)
(165731736752, 1)
(1713, 4)
(165828542673, 4)
(1717, 1)
(166215766357, 4)
(1718, 1)
(166312572278, 4)
(1722, 1)
(166699795962, 4)
(1723, 0)
(166796601883, 0)
(1727, 4)
(167183825567, 1)
(1728, 0)
(167280631488, 0)
(1732, 0)
(167667855172, 0)
(1733, 1)
(167764661093, 1)
(1737, 0)
(168151884777, 0)
(1738, 1)
(168248690698, 4)
(1742, 1)
(168635914382, 4)
(1743, 4)
(168732720303, 1)
(1747, 0)
(169119943987, 0)
(1748, 0)
(169216749908, 0)
(1752, 0)
(169603973592, 0)
(1753, 0)
(169700779513, 0)
(1757, 3)
(170088003197, 2)
(1758, 0)
(170184809118, 0)
(1762, 1)
(170572032802, 1)
(1763, 3)
(170668838723, 2)
(1767, 3)
(171056062407, 2)
(1768, 0)
(171152868328, 0)
(1772, 0)
(171540092012, 0)
(1773, 0)
(171636897933, 0)
(1777, 4)
(172024121617, 4)
(1778, 0)
(172120927538, 0)
(1782, 1)
(172508151222, 4)
(1783, 2)
(172604957143, 3)
(1787, 2)
(172992180827, 3)
(1788, 2)
(173088986748, 2)
(1792, 1)
(173476210432, 4)
(1793, 4)
(173573016353, 1)
(1797, 4)
(173960240037, 1)
(1798, 0)
(174057045958, 0)
(1802, 3)
(174444269642, 2)
(1803, 2)
(174541075563, 3)
(1807, 3)
(174928299247, 2)
(1808, 4)
(175025105168, 4)
(1812, 0)
(175412328852, 0)
(1813, 2)
(175509134773, 2)
(1817, 0)
(175896358457, 0)
(1818, 0)
(175993164378, 0)
(1822, 4)
(176380388062, 1)
(1823, 0)
(176477193983, 0)
(1827, 2)
(176864417667, 2)
(1828, 0)
(176961223588, 0)
(1832, 0)
(177348447272, 0)
(1833, 1)
(177445253193, 1)
(1837, 4)
(177832476877, 1)
(1838, 3)
(177929282798, 2)
(1842, 4)
(178316506482, 1)
(1843, 4)
(178413312403, 4)
(1847, 2)
(178800536087, 3)
(1848, 0)
(178897342008, 0)
(1852, 4)
(179284565692, 1)
(1853, 4)
(179381371613, 4)
(1857, 0)
(179768595297, 0)
(1858, 0)
(179865401218, 0)
(1862, 3)
(180252624902, 2)
(1863, 2)
(180349430823, 3)
(1867, 0)
(180736654507, 0)
(1868, 1)
(180833460428, 1)
(1872, 0)
(181220684112, 0)
(1873, 3)
(181317490033, 2)
(1877, 4)
(181704713717, 4)
(1878, 4)
(181801519638, 1)
(1882, 2)
(182188743322, 3)
(1883, 1)
(182285549243, 1)
(1887, 0)
(182672772927, 0)
(1888, 3)
(182769578848, 2)
(1892, 0)
(183156802532, 0)
(1893, 0)
(183253608453, 0)
(1897, 1)
(183640832137, 1)
(1898, 3)
(183737638058, 2)
(1902, 4)
(184124861742, 1)
(1903, 2)
(184221667663, 3)
(1907, 3)
(184608891347, 3)
(1908, 0)
(184705697268, 0)
(1912, 0)
(185092920952, 0)
(1913, 4)
(185189726873, 1)
(1917, 2)
(185576950557, 2)
(1918, 1)
(185673756478, 4)
(1922, 2)
(186060980162, 2)
(1923, 0)
(186157786083, 0)
(1927, 2)
(186545009767, 3)
(1928, 0)
(186641815688, 0)
(1932, 3)
(187029039372, 3)
(1933, 2)
(187125845293, 2)
(1937, 3)
(187513068977, 2)
(1938, 2)
(187609874898, 3)
(1942, 3)
(187997098582, 3)
(1943, 2)
(188093904503, 3)
(1947, 3)
(188481128187, 3)
(1948, 1)
(188577934108, 1)
(1952, 0)
(188965157792, 0)
(1953, 0)
(189061963713, 0)
(1957, 1)
(189449187397, 4)
(1958, 2)
(189545993318, 3)
(1962, 0)
(189933217002, 0)
(1963, 4)
(190030022923, 1)
(1967, 4)
(190417246607, 1)
(1968, 4)
(190514052528, 4)
(1972, 0)
(190901276212, 0)
(1973, 3)
(190998082133, 2)
(1977, 1)
(191385305817, 4)
(1978, 2)
(191482111738, 2)
(1982, 1)
(191869335422, 1)
(1983, 1)
(191966141343, 4)
(1987, 2)
(192353365027, 2)
(1988, 0)
(192450170948, 0)
(1992, 0)
(192837394632, 0)
(1993, 1)
(192934200553, 4)
(1997, 2)
(193321424237, 2)
(1998, 3)
(193418230158, 3)
(2002, 4)
(193805453842, 1)
(2003, 1)
(193902259763, 4)
(2007, 0)
(194289483447, 0)
(2008, 0)
(194386289368, 0)
(2012, 2)
(194773513052, 3)
(2013, 4)
(194870318973, 4)
(2017, 2)
(195257542657, 2)
(2018, 3)
(195354348578, 3)
(2022, 1)
(195741572262, 4)
(2023, 4)
(195838378183, 1)
(2027, 1)
(196225601867, 1)
(2028, 3)
(196322407788, 3)
(2032, 0)
(196709631472, 0)
(2033, 2)
(196806437393, 2)
(2037, 4)
(197193661077, 4)
(2038, 3)
(197290466998, 2)
(2042, 0)
(197677690682, 0)
(2043, 0)
(197774496603, 0)
(2047, 2)
(198161720287, 3)
(2048, 0)
(198258526208, 0)
(2052, 0)
(198645749892, 0)
(2053, 2)
(198742555813, 2)
(2057, 4)
(199129779497, 4)
(2058, 2)
(199226585418, 3)
(2062, 3)
(199613809102, 3)
(2063, 0)
(199710615023, 0)
(2067, 3)
(200097838707, 3)
(2068, 0)
(200194644628, 0)
(2072, 0)
(200581868312, 0)
(2073, 0)
(200678674233, 0)
(2077, 1)
(201065897917, 1)
(2078, 0)
(201162703838, 0)
(2082, 1)
(201549927522, 1)
(2083, 3)
(201646733443, 3)
(2087, 0)
(202033957127, 0)
(2088, 0)
(202130763048, 0)
(2092, 0)
(202517986732, 0)
(2093, 0)
(202614792653, 0)
(2097, 1)
(203002016337, 4)
(2098, 4)
(203098822258, 1)
(2102, 4)
(203486045942, 4)
(2103, 4)
(203582851863, 4)
(2107, 4)
(203970075547, 1)
(2108, 4)
(204066881468, 4)
(2112, 4)
(204454105152, 1)
(2113, 4)
(204550911073, 4)
(2117, 1)
(204938134757, 4)
(2118, 0)
(205034940678, 0)
(2122, 2)
(205422164362, 2)
(2123, 1)
(205518970283, 4)
(2127, 2)
(205906193967, 2)
(2128, 2)
(206002999888, 2)
(2132, 0)
(206390223572, 0)
(2133, 2)
(206487029493, 2)
(2137, 1)
(206874253177, 4)
(2138, 2)
(206971059098, 3)
(2142, 0)
(207358282782, 0)
(2143, 3)
(207455088703, 3)
(2147, 4)
(207842312387, 1)
(2148, 0)
(207939118308, 0)
(2152, 0)
(208326341992, 0)
(2153, 3)
(208423147913, 2)
(2157, 4)
(208810371597, 4)
(2158, 0)
(208907177518, 0)
(2162, 4)
(209294401202, 4)
(2163, 2)
(209391207123, 3)
(2167, 2)
(209778430807, 2)
(2168, 0)
(209875236728, 0)
(2172, 4)
(210262460412, 4)
(2173, 0)
(210359266333, 0)
(2177, 0)
(210746490017, 0)
(2178, 3)
(210843295938, 3)
(2182, 3)
(211230519622, 2)
(2183, 2)
(211327325543, 3)
(2187, 0)
(211714549227, 0)
(2188, 4)
(211811355148, 1)
(2192, 1)
(212198578832, 1)
(2193, 1)
(212295384753, 4)
(2197, 3)
(212682608437, 2)
(2198, 1)
(212779414358, 4)
(2202, 0)
(213166638042, 0)
(2203, 0)
(213263443963, 0)
(2207, 1)
(213650667647, 1)
(2208, 4)
(213747473568, 1)
(2212, 0)
(214134697252, 0)
(2213, 3)
(214231503173, 2)
(2217, 3)
(214618726857, 2)
(2218, 1)
(214715532778, 1)
(2222, 3)
(215102756462, 3)
(2223, 0)
(215199562383, 0)
(2227, 1)
(215586786067, 1)
(2228, 0)
(215683591988, 0)
(2232, 0)
(216070815672, 0)
(2233, 4)
(216167621593, 1)
(2237, 0)
(216554845277, 0)
(2238, 3)
(216651651198, 2)
(2242, 4)
(217038874882, 4)
(2243, 0)
(217135680803, 0)
(2247, 0)
(217522904487, 0)
(2248, 0)
(217619710408, 0)
(2252, 3)
(218006934092, 2)
(2253, 4)
(218103740013, 1)
(2257, 4)
(218490963697, 1)
(2258, 3)
(218587769618, 3)
(2262, 1)
(218974993302, 1)
(2263, 2)
(219071799223, 2)
(2267, 1)
(219459022907, 4)
(2268, 1)
(219555828828, 4)
(2272, 3)
(219943052512, 3)
(2273, 2)
(220039858433, 3)
(2277, 0)
(220427082117, 0)
(2278, 4)
(220523888038, 4)
(2282, 0)
(220911111722, 0)
(2283, 4)
(221007917643, 1)
(2287, 1)
(221395141327, 1)
(2288, 0)
(221491947248, 0)
(2292, 0)
(221879170932, 0)
(2293, 1)
(221975976853, 4)
(2297, 0)
(222363200537, 0)
(2298, 2)
(222460006458, 2)
(2302, 4)
(222847230142, 1)
(2303, 0)
(222944036063, 0)
(2307, 3)
(223331259747, 2)
(2308, 0)
(223428065668, 0)
(2312, 0)
(223815289352, 0)
(2313, 2)
(223912095273, 2)
(2317, 4)
(224299318957, 1)
(2318, 1)
(224396124878, 1)
(2322, 3)
(224783348562, 2)
(2323, 2)
(224880154483, 2)
(2327, 2)
(225267378167, 2)
(2328, 0)
(225364184088, 0)
(2332, 1)
(225751407772, 1)
(2333, 1)
(225848213693, 4)
(2337, 2)
(226235437377, 3)
(2338, 4)
(226332243298, 1)
(2342, 3)
(226719466982, 2)
(2343, 2)
(226816272903, 3)
(2347, 0)
(227203496587, 0)
(2348, 1)
(227300302508, 4)
(2352, 2)
(227687526192, 2)
(2353, 4)
(227784332113, 1)
(2357, 2)
(228171555797, 3)
(2358, 0)
(228268361718, 0)
(2362, 4)
(228655585402, 4)
(2363, 0)
(228752391323, 0)
(2367, 1)
(229139615007, 4)
(2368, 3)
(229236420928, 3)
(2372, 0)
(229623644612, 0)
(2373, 1)
(229720450533, 4)
(2377, 1)
(230107674217, 4)
(2378, 0)
(230204480138, 0)
(2382, 2)
(230591703822, 3)
(2383, 4)
(230688509743, 4)
(2387, 2)
(231075733427, 2)
(2388, 0)
(231172539348, 0)
(2392, 0)
(231559763032, 0)
(2393, 0)
(231656568953, 0)
(2397, 2)
(232043792637, 3)
(2398, 0)
(232140598558, 0)
(2402, 0)
(232527822242, 0)
(2403, 2)
(232624628163, 2)
(2407, 0)
(233011851847, 0)
(2408, 0)
(233108657768, 0)
(2412, 0)
(233495881452, 0)
(2413, 1)
(233592687373, 1)
(2417, 1)
(233979911057, 1)
(2418, 4)
(234076716978, 1)
(2422, 0)
(234463940662, 0)
(2423, 3)
(234560746583, 2)
(2427, 4)
(234947970267, 1)
(2428, 4)
(235044776188, 4)
(2432, 1)
(235431999872, 4)
(2433, 0)
(235528805793, 0)
(2437, 3)
(235916029477, 2)
(2438, 3)
(236012835398, 3)
(2442, 3)
(236400059082, 2)
(2443, 4)
(236496865003, 1)
(2447, 3)
(236884088687, 2)
(2448, 1)
(236980894608, 1)
(2452, 0)
(237368118292, 0)
(2453, 3)
(237464924213, 2)
(2457, 2)
(237852147897, 2)
(2458, 3)
(237948953818, 3)
(2462, 3)
(238336177502, 3)
(2463, 4)
(238432983423, 1)
(2467, 2)
(238820207107, 3)
(2468, 0)
(238917013028, 0)
(2472, 0)
(239304236712, 0)
(2473, 0)
(239401042633, 0)
(2477, 3)
(239788266317, 2)
(2478, 2)
(239885072238, 2)
(2482, 1)
(240272295922, 1)
(2483, 0)
(240369101843, 0)
(2487, 0)
(240756325527, 0)
(2488, 0)
(240853131448, 0)
(2492, 4)
(241240355132, 1)
(2493, 0)
(241337161053, 0)
(2497, 3)
(241724384737, 3)
(2498, 0)
(241821190658, 0)
(2502, 3)
(242208414342, 3)
(2503, 1)
(242305220263, 1)
(2507, 4)
(242692443947, 1)
(2508, 2)
(242789249868, 2)
(2512, 2)
(243176473552, 2)
(2513, 3)
(243273279473, 3)
(2517, 4)
(243660503157, 1)
(2518, 0)
(243757309078, 0)
(2522, 4)
(244144532762, 4)
(2523, 3)
(244241338683, 3)
(2527, 4)
(244628562367, 1)
(2528, 4)
(244725368288, 4)
(2532, 0)
(245112591972, 0)
(2533, 4)
(245209397893, 4)
(2537, 0)
(245596621577, 0)
(2538, 2)
(245693427498, 3)
(2542, 4)
(246080651182, 4)
(2543, 0)
(246177457103, 0)
(2547, 0)
(246564680787, 0)
(2548, 0)
(246661486708, 0)
(2552, 0)
(247048710392, 0)
(2553, 1)
(247145516313, 4)
(2557, 3)
(247532739997, 3)
(2558, 4)
(247629545918, 4)
(2562, 1)
(248016769602, 1)
(2563, 4)
(248113575523, 4)
(2567, 1)
(248500799207, 1)
(2568, 0)
(248597605128, 0)
(2572, 1)
(248984828812, 1)
(2573, 1)
(249081634733, 1)
(2577, 0)
(249468858417, 0)
(2578, 1)
(249565664338, 1)
(2582, 0)
(249952888022, 0)
(2583, 2)
(250049693943, 3)
(2587, 3)
(250436917627, 2)
(2588, 4)
(250533723548, 1)
(2592, 3)
(250920947232, 3)
(2593, 1)
(251017753153, 4)
(2597, 4)
(251404976837, 1)
(2598, 4)
(251501782758, 1)
(2602, 4)
(251889006442, 1)
(2603, 0)
(251985812363, 0)
(2607, 2)
(252373036047, 3)
(2608, 2)
(252469841968, 2)
(2612, 0)
(252857065652, 0)
(2613, 1)
(252953871573, 4)
(2617, 2)
(253341095257, 2)
(2618, 0)
(253437901178, 0)
(2622, 1)
(253825124862, 1)
(2623, 2)
(253921930783, 2)
(2627, 2)
(254309154467, 2)
(2628, 0)
(254405960388, 0)
(2632, 0)
(254793184072, 0)
(2633, 3)
(254889989993, 3)
(2637, 4)
(255277213677, 4)
(2638, 0)
(255374019598, 0)
(2642, 3)
(255761243282, 3)
(2643, 0)
(255858049203, 0)
(2647, 0)
(256245272887, 0)
(2648, 0)
(256342078808, 0)
(2652, 2)
(256729302492, 3)
(2653, 1)
(256826108413, 1)
(2657, 2)
(257213332097, 3)
(2658, 4)
(257310138018, 4)
(2662, 1)
(257697361702, 4)
(2663, 3)
(257794167623, 2)
(2667, 3)
(258181391307, 3)
(2668, 2)
(258278197228, 2)
(2672, 4)
(258665420912, 4)
(2673, 3)
(258762226833, 2)
(2677, 2)
(259149450517, 3)
(2678, 0)
(259246256438, 0)
(2682, 0)
(259633480122, 0)
(2683, 0)
(259730286043, 0)
(2687, 4)
(260117509727, 1)
(2688, 1)
(260214315648, 4)
(2692, 0)
(260601539332, 0)
(2693, 3)
(260698345253, 3)
(2697, 4)
(261085568937, 1)
(2698, 4)
(261182374858, 1)
(2702, 2)
(261569598542, 3)
(2703, 3)
(261666404463, 2)
(2707, 2)
(262053628147, 2)
(2708, 0)
(262150434068, 0)
(2712, 0)
(262537657752, 0)
(2713, 1)
(262634463673, 4)
(2717, 2)
(263021687357, 3)
(2718, 1)
(263118493278, 1)
(2722, 0)
(263505716962, 0)
(2723, 3)
(263602522883, 2)
(2727, 0)
(263989746567, 0)
(2728, 0)
(264086552488, 0)
(2732, 0)
(264473776172, 0)
(2733, 3)
(264570582093, 2)
(2737, 1)
(264957805777, 1)
(2738, 4)
(265054611698, 4)
(2742, 3)
(265441835382, 3)
(2743, 0)
(265538641303, 0)
(2747, 3)
(265925864987, 3)
(2748, 1)
(266022670908, 4)
(2752, 0)
(266409894592, 0)
(2753, 2)
(266506700513, 3)
(2757, 4)
(266893924197, 1)
(2758, 4)
(266990730118, 4)
(2762, 4)
(267377953802, 1)
(2763, 0)
(267474759723, 0)
(2767, 4)
(267861983407, 4)
(2768, 2)
(267958789328, 2)
(2772, 0)
(268346013012, 0)
(2773, 4)
(268442818933, 4)
(2777, 0)
(268830042617, 0)
(2778, 1)
(268926848538, 4)
(2782, 2)
(269314072222, 2)
(2783, 4)
(269410878143, 1)
(2787, 1)
(269798101827, 1)
(2788, 0)
(269894907748, 0)
(2792, 0)
(270282131432, 0)
(2793, 4)
(270378937353, 1)
(2797, 3)
(270766161037, 2)
(2798, 4)
(270862966958, 1)
(2802, 1)
(271250190642, 1)
(2803, 1)
(271346996563, 4)
(2807, 3)
(271734220247, 2)
(2808, 0)
(271831026168, 0)
(2812, 3)
(272218249852, 2)
(2813, 0)
(272315055773, 0)
(2817, 0)
(272702279457, 0)
(2818, 0)
(272799085378, 0)
(2822, 2)
(273186309062, 2)
(2823, 1)
(273283114983, 4)
(2827, 3)
(273670338667, 2)
(2828, 3)
(273767144588, 3)
(2832, 3)
(274154368272, 2)
(2833, 3)
(274251174193, 2)
(2837, 1)
(274638397877, 4)
(2838, 0)
(274735203798, 0)
(2842, 2)
(275122427482, 3)
(2843, 0)
(275219233403, 0)
(2847, 3)
(275606457087, 2)
(2848, 4)
(275703263008, 4)
(2852, 0)
(276090486692, 0)
(2853, 0)
(276187292613, 0)
(2857, 0)
(276574516297, 0)
(2858, 3)
(276671322218, 2)
(2862, 2)
(277058545902, 3)
(2863, 2)
(277155351823, 3)
(2867, 2)
(277542575507, 2)
(2868, 0)
(277639381428, 0)
(2872, 0)
(278026605112, 0)
(2873, 3)
(278123411033, 3)
(2877, 0)
(278510634717, 0)
(2878, 1)
(278607440638, 1)
(2882, 1)
(278994664322, 4)
(2883, 3)
(279091470243, 3)
(2887, 0)
(279478693927, 0)
(2888, 0)
(279575499848, 0)
(2892, 3)
(279962723532, 2)
(2893, 4)
(280059529453, 4)
(2897, 1)
(280446753137, 1)
(2898, 0)
(280543559058, 0)
(2902, 2)
(280930782742, 2)
(2903, 4)
(281027588663, 1)
(2907, 2)
(281414812347, 3)
(2908, 4)
(281511618268, 1)
(2912, 4)
(281898841952, 4)
(2913, 2)
(281995647873, 2)
(2917, 2)
(282382871557, 3)
(2918, 4)
(282479677478, 4)
(2922, 1)
(282866901162, 1)
(2923, 4)
(282963707083, 4)
(2927, 4)
(283350930767, 1)
(2928, 3)
(283447736688, 2)
(2932, 0)
(283834960372, 0)
(2933, 1)
(283931766293, 1)
(2937, 4)
(284318989977, 1)
(2938, 4)
(284415795898, 1)
(2942, 0)
(284803019582, 0)
(2943, 3)
(284899825503, 3)
(2947, 3)
(285287049187, 3)
(2948, 0)
(285383855108, 0)
(2952, 0)
(285771078792, 0)
(2953, 1)
(285867884713, 4)
(2957, 4)
(286255108397, 1)
(2958, 2)
(286351914318, 3)
(2962, 4)
(286739138002, 4)
(2963, 2)
(286835943923, 2)
(2967, 1)
(287223167607, 1)
(2968, 0)
(287319973528, 0)
(2972, 2)
(287707197212, 2)
(2973, 2)
(287804003133, 2)
(2977, 4)
(288191226817, 4)
(2978, 0)
(288288032738, 0)
(2982, 1)
(288675256422, 4)
(2983, 0)
(288772062343, 0)
(2987, 0)
(289159286027, 0)
(2988, 2)
(289256091948, 2)
(2992, 1)
(289643315632, 4)
(2993, 2)
(289740121553, 2)
(2997, 4)
(290127345237, 4)
(2998, 3)
(290224151158, 2)
(3002, 4)
(290611374842, 1)
(3003, 2)
(290708180763, 3)
(3007, 0)
(291095404447, 0)
(3008, 0)
(291192210368, 0)
(3012, 0)
(291579434052, 0)
(3013, 3)
(291676239973, 2)
(3017, 3)
(292063463657, 3)
(3018, 4)
(292160269578, 1)
(3022, 2)
(292547493262, 3)
(3023, 2)
(292644299183, 3)
(3027, 2)
(293031522867, 2)
(3028, 0)
(293128328788, 0)
(3032, 0)
(293515552472, 0)
(3033, 0)
(293612358393, 0)
(3037, 3)
(293999582077, 2)
(3038, 1)
(294096387998, 1)
(3042, 0)
(294483611682, 0)
(3043, 3)
(294580417603, 2)
(3047, 2)
(294967641287, 3)
(3048, 0)
(295064447208, 0)
(3052, 3)
(295451670892, 2)
(3053, 0)
(295548476813, 0)
(3057, 3)
(295935700497, 2)
(3058, 2)
(296032506418, 3)
(3062, 4)
(296419730102, 1)
(3063, 1)
(296516536023, 1)
(3067, 2)
(296903759707, 3)
(3068, 1)
(297000565628, 1)
(3072, 4)
(297387789312, 4)
(3073, 1)
(297484595233, 4)
(3077, 4)
(297871818917, 4)
(3078, 4)
(297968624838, 1)
(3082, 0)
(298355848522, 0)
(3083, 2)
(298452654443, 2)
(3087, 0)
(298839878127, 0)
(3088, 2)
(298936684048, 2)
(3092, 0)
(299323907732, 0)
(3093, 2)
(299420713653, 2)
(3097, 3)
(299807937337, 2)
(3098, 4)
(299904743258, 1)
(3102, 1)
(300291966942, 1)
(3103, 0)
(300388772863, 0)
(3107, 3)
(300775996547, 3)
(3108, 0)
(300872802468, 0)
(3112, 0)
(301260026152, 0)
(3113, 1)
(301356832073, 4)
(3117, 0)
(301744055757, 0)
(3118, 0)
(301840861678, 0)
(3122, 3)
(302228085362, 2)
(3123, 0)
(302324891283, 0)
(3127, 1)
(302712114967, 1)
(3128, 0)
(302808920888, 0)
(3132, 3)
(303196144572, 2)
(3133, 0)
(303292950493, 0)
(3137, 1)
(303680174177, 1)
(3138, 4)
(303776980098, 1)
(3142, 0)
(304164203782, 0)
(3143, 1)
(304261009703, 4)
(3147, 0)
(304648233387, 0)
(3148, 0)
(304745039308, 0)
(3152, 0)
(305132262992, 0)
(3153, 4)
(305229068913, 4)
(3157, 4)
(305616292597, 4)
(3158, 2)
(305713098518, 3)
(3162, 0)
(306100322202, 0)
(3163, 1)
(306197128123, 1)
(3167, 2)
(306584351807, 3)
(3168, 0)
(306681157728, 0)
(3172, 0)
(307068381412, 0)
(3173, 0)
(307165187333, 0)
(3177, 3)
(307552411017, 2)
(3178, 0)
(307649216938, 0)
(3182, 2)
(308036440622, 3)
(3183, 4)
(308133246543, 4)
(3187, 2)
(308520470227, 3)
(3188, 0)
(308617276148, 0)
(3192, 0)
(309004499832, 0)
(3193, 4)
(309101305753, 4)
(3197, 4)
(309488529437, 1)
(3198, 2)
(309585335358, 3)
(3202, 1)
(309972559042, 1)
(3203, 4)
(310069364963, 4)
(3207, 3)
(310456588647, 2)
(3208, 0)
(310553394568, 0)
(3212, 0)
(310940618252, 0)
(3213, 3)
(311037424173, 2)
(3217, 1)
(311424647857, 1)
(3218, 1)
(311521453778, 4)
(3222, 0)
(311908677462, 0)
(3223, 0)
(312005483383, 0)
(3227, 4)
(312392707067, 1)
(3228, 2)
(312489512988, 3)
(3232, 2)
(312876736672, 3)
(3233, 4)
(312973542593, 4)
(3237, 2)
(313360766277, 3)
(3238, 3)
(313457572198, 2)
(3242, 3)
(313844795882, 2)
(3243, 2)
(313941601803, 2)
(3247, 3)
(314328825487, 2)
(3248, 3)
(314425631408, 3)
(3252, 0)
(314812855092, 0)
(3253, 1)
(314909661013, 4)
(3257, 1)
(315296884697, 4)
(3258, 4)
(315393690618, 4)
(3262, 3)
(315780914302, 3)
(3263, 3)
(315877720223, 2)
(3267, 4)
(316264943907, 4)
(3268, 0)
(316361749828, 0)
(3272, 0)
(316748973512, 0)
(3273, 4)
(316845779433, 1)
(3277, 3)
(317233003117, 2)
(3278, 1)
(317329809038, 4)
(3282, 0)
(317717032722, 0)
(3283, 1)
(317813838643, 1)
(3287, 1)
(318201062327, 4)
(3288, 0)
(318297868248, 0)
(3292, 3)
(318685091932, 3)
(3293, 1)
(318781897853, 1)
(3297, 0)
(319169121537, 0)
(3298, 1)
(319265927458, 4)
(3302, 1)
(319653151142, 1)
(3303, 0)
(319749957063, 0)
(3307, 4)
(320137180747, 4)
(3308, 1)
(320233986668, 1)
(3312, 1)
(320621210352, 4)
(3313, 1)
(320718016273, 1)
(3317, 1)
(321105239957, 4)
(3318, 2)
(321202045878, 3)
(3322, 4)
(321589269562, 1)
(3323, 3)
(321686075483, 2)
(3327, 4)
(322073299167, 4)
(3328, 2)
(322170105088, 3)
(3332, 0)
(322557328772, 0)
(3333, 3)
(322654134693, 3)
(3337, 4)
(323041358377, 1)
(3338, 0)
(323138164298, 0)
(3342, 4)
(323525387982, 1)
(3343, 4)
(323622193903, 1)
(3347, 1)
(324009417587, 4)
(3348, 0)
(324106223508, 0)
(3352, 0)
(324493447192, 0)
(3353, 0)
(324590253113, 0)
(3357, 0)
(324977476797, 0)
(3358, 2)
(325074282718, 3)
(3362, 4)
(325461506402, 4)
(3363, 4)
(325558312323, 4)
(3367, 0)
(325945536007, 0)
(3368, 0)
(326042341928, 0)
(3372, 2)
(326429565612, 2)
(3373, 4)
(326526371533, 1)
(3377, 3)
(326913595217, 3)
(3378, 4)
(327010401138, 1)
(3382, 0)
(327397624822, 0)
(3383, 1)
(327494430743, 1)
(3387, 2)
(327881654427, 2)
(3388, 3)
(327978460348, 2)
(3392, 1)
(328365684032, 4)
(3393, 2)
(328462489953, 2)
(3397, 0)
(328849713637, 0)
(3398, 3)
(328946519558, 3)
(3402, 3)
(329333743242, 2)
(3403, 2)
(329430549163, 2)
(3407, 3)
(329817772847, 2)
(3408, 4)
(329914578768, 4)
(3412, 0)
(330301802452, 0)
(3413, 3)
(330398608373, 3)
(3417, 4)
(330785832057, 4)
(3418, 2)
(330882637978, 2)
(3422, 3)
(331269861662, 3)
(3423, 0)
(331366667583, 0)
(3427, 1)
(331753891267, 4)
(3428, 0)
(331850697188, 0)
(3432, 0)
(332237920872, 0)
(3433, 1)
(332334726793, 4)
(3437, 2)
(332721950477, 3)
(3438, 0)
(332818756398, 0)
(3442, 0)
(333205980082, 0)
(3443, 4)
(333302786003, 4)
(3447, 4)
(333690009687, 4)
(3448, 0)
(333786815608, 0)
(3452, 2)
(334174039292, 2)
(3453, 3)
(334270845213, 2)
(3457, 3)
(334658068897, 3)
(3458, 0)
(334754874818, 0)
(3462, 3)
(335142098502, 2)
(3463, 4)
(335238904423, 1)
(3467, 4)
(335626128107, 4)
(3468, 4)
(335722934028, 4)
(3472, 1)
(336110157712, 4)
(3473, 0)
(336206963633, 0)
(3477, 2)
(336594187317, 2)
(3478, 4)
(336690993238, 1)
(3482, 4)
(337078216922, 4)
(3483, 3)
(337175022843, 2)
(3487, 2)
(337562246527, 2)
(3488, 0)
(337659052448, 0)
(3492, 0)
(338046276132, 0)
(3493, 3)
(338143082053, 3)
(3497, 2)
(338530305737, 2)
(3498, 0)
(338627111658, 0)
(3502, 4)
(339014335342, 4)
(3503, 2)
(339111141263, 2)
(3507, 3)
(339498364947, 2)
(3508, 0)
(339595170868, 0)
(3512, 0)
(339982394552, 0)
(3513, 4)
(340079200473, 1)
(3517, 0)
(340466424157, 0)
(3518, 3)
(340563230078, 3)
(3522, 3)
(340950453762, 2)
(3523, 4)
(341047259683, 4)
(3527, 0)
(341434483367, 0)
(3528, 0)
(341531289288, 0)
(3532, 1)
(341918512972, 4)
(3533, 0)
(342015318893, 0)
(3537, 3)
(342402542577, 3)
(3538, 3)
(342499348498, 3)
(3542, 2)
(342886572182, 3)
(3543, 3)
(342983378103, 3)
(3547, 4)
(343370601787, 4)
(3548, 2)
(343467407708, 2)
(3552, 4)
(343854631392, 4)
(3553, 1)
(343951437313, 1)
(3557, 4)
(344338660997, 1)
(3558, 3)
(344435466918, 3)
(3562, 2)
(344822690602, 3)
(3563, 3)
(344919496523, 3)
(3567, 0)
(345306720207, 0)
(3568, 2)
(345403526128, 2)
