(2, 4)
(55735682, 4)
(3, 3)
(83603523, 3)
(7, 4)
(195074887, 1)
(8, 0)
(222942728, 0)
(12, 4)
(334414092, 4)
(13, 3)
(362281933, 3)
(17, 4)
(473753297, 4)
(18, 3)
(501621138, 3)
(22, 3)
(613092502, 3)
(23, 3)
(640960343, 2)
(27, 3)
(752431707, 3)
(28, 3)
(780299548, 2)
(32, 2)
(891770912, 2)
(33, 1)
(919638753, 1)
(37, 2)
(1031110117, 2)
(38, 1)
(1058977958, 4)
(42, 1)
(1170449322, 4)
(43, 4)
(1198317163, 4)
(47, 0)
(1309788527, 0)
(48, 4)
(1337656368, 4)
(52, 0)
(1449127732, 0)
(53, 4)
(1476995573, 1)
(57, 4)
(1588466937, 1)
(58, 2)
(1616334778, 2)
(62, 2)
(1727806142, 3)
(63, 0)
(1755673983, 0)
(67, 1)
(1867145347, 1)
(68, 0)
(1895013188, 0)
(72, 0)
(2006484552, 0)
(73, 1)
(2034352393, 1)
(77, 3)
(2145823757, 2)
(78, 4)
(2173691598, 4)
(82, 1)
(2285162962, 1)
(83, 2)
(2313030803, 2)
(87, 4)
(2424502167, 4)
(88, 0)
(2452370008, 0)
(92, 1)
(2563841372, 4)
(93, 1)
(2591709213, 4)
(97, 4)
(2703180577, 1)
(98, 4)
(2731048418, 4)
(102, 1)
(2842519782, 1)
(103, 0)
(2870387623, 0)
(107, 3)
(2981858987, 2)
(108, 4)
(3009726828, 4)
(112, 4)
(3121198192, 1)
(113, 2)
(3149066033, 2)
(117, 0)
(3260537397, 0)
(118, 1)
(3288405238, 4)
(122, 0)
(3399876602, 0)
(123, 3)
(3427744443, 3)
(127, 0)
(3539215807, 0)
(128, 4)
(3567083648, 4)
(132, 0)
(3678555012, 0)
(133, 1)
(3706422853, 1)
(137, 3)
(3817894217, 3)
(138, 3)
(3845762058, 2)
(142, 1)
(3957233422, 4)
(143, 0)
(3985101263, 0)
(147, 4)
(4096572627, 4)
(148, 0)
(4124440468, 0)
(152, 0)
(4235911832, 0)
(153, 3)
(4263779673, 3)
(157, 1)
(4375251037, 4)
(158, 3)
(4403118878, 2)
(162, 1)
(4514590242, 1)
(163, 4)
(4542458083, 4)
(167, 4)
(4653929447, 4)
(168, 0)
(4681797288, 0)
(172, 2)
(4793268652, 2)
(173, 1)
(4821136493, 1)
(177, 4)
(4932607857, 1)
(178, 3)
(4960475698, 2)
(182, 3)
(5071947062, 2)
(183, 3)
(5099814903, 2)
(187, 2)
(5211286267, 2)
(188, 0)
(5239154108, 0)
(192, 0)
(5350625472, 0)
(193, 1)
(5378493313, 4)
(197, 0)
(5489964677, 0)
(198, 0)
(5517832518, 0)
(202, 4)
(5629303882, 1)
(203, 1)
(5657171723, 4)
(207, 1)
(5768643087, 4)
(208, 1)
(5796510928, 1)
(212, 0)
(5907982292, 0)
(213, 2)
(5935850133, 3)
(217, 3)
(6047321497, 3)
(218, 0)
(6075189338, 0)
(222, 3)
(6186660702, 3)
(223, 2)
(6214528543, 2)
(227, 0)
(6325999907, 0)
(228, 0)
(6353867748, 0)
(232, 0)
(6465339112, 0)
(233, 3)
(6493206953, 2)
(237, 2)
(6604678317, 3)
(238, 3)
(6632546158, 2)
(242, 4)
(6744017522, 4)
(243, 4)
(6771885363, 4)
(247, 4)
(6883356727, 1)
(248, 0)
(6911224568, 0)
(252, 0)
(7022695932, 0)
(253, 1)
(7050563773, 4)
(257, 1)
(7162035137, 1)
(258, 3)
(7189902978, 3)
(262, 4)
(7301374342, 1)
(263, 3)
(7329242183, 3)
(267, 2)
(7440713547, 3)
(268, 3)
(7468581388, 3)
(272, 3)
(7580052752, 3)
(273, 2)
(7607920593, 3)
(277, 1)
(7719391957, 1)
(278, 4)
(7747259798, 1)
(282, 2)
(7858731162, 2)
(283, 2)
(7886599003, 3)
(287, 1)
(7998070367, 4)
(288, 4)
(8025938208, 4)
(292, 0)
(8137409572, 0)
(293, 2)
(8165277413, 3)
(297, 1)
(8276748777, 1)
(298, 1)
(8304616618, 1)
(302, 3)
(8416087982, 2)
(303, 0)
(8443955823, 0)
(307, 3)
(8555427187, 2)
(308, 0)
(8583295028, 0)
(312, 0)
(8694766392, 0)
(313, 2)
(8722634233, 3)
(317, 0)
(8834105597, 0)
(318, 2)
(8861973438, 3)
(322, 2)
(8973444802, 2)
(323, 1)
(9001312643, 4)
(327, 3)
(9112784007, 2)
(328, 0)
(9140651848, 0)
(332, 1)
(9252123212, 1)
(333, 0)
(9279991053, 0)
(337, 3)
(9391462417, 3)
(338, 0)
(9419330258, 0)
(342, 2)
(9530801622, 3)
(343, 3)
(9558669463, 2)
(347, 0)
(9670140827, 0)
(348, 3)
(9698008668, 3)
(352, 4)
(9809480032, 4)
(353, 4)
(9837347873, 4)
(357, 3)
(9948819237, 2)
(358, 1)
(9976687078, 4)
(362, 2)
(10088158442, 3)
(363, 4)
(10116026283, 4)
(367, 1)
(10227497647, 1)
(368, 3)
(10255365488, 2)
(372, 0)
(10366836852, 0)
(373, 0)
(10394704693, 0)
(377, 1)
(10506176057, 1)
(378, 1)
(10534043898, 4)
(382, 2)
(10645515262, 2)
(383, 2)
(10673383103, 3)
(387, 0)
(10784854467, 0)
(388, 0)
(10812722308, 0)
(392, 0)
(10924193672, 0)
(393, 3)
(10952061513, 2)
(397, 1)
(11063532877, 1)
(398, 0)
(11091400718, 0)
(402, 4)
(11202872082, 4)
(403, 3)
(11230739923, 2)
(407, 4)
(11342211287, 4)
(408, 0)
(11370079128, 0)
(412, 0)
(11481550492, 0)
(413, 0)
(11509418333, 0)
(417, 2)
(11620889697, 3)
(418, 3)
(11648757538, 2)
(422, 0)
(11760228902, 0)
(423, 0)
(11788096743, 0)
(427, 2)
(11899568107, 2)
(428, 4)
(11927435948, 1)
(432, 4)
(12038907312, 4)
(433, 3)
(12066775153, 2)
(437, 0)
(12178246517, 0)
(438, 3)
(12206114358, 3)
(442, 2)
(12317585722, 2)
(443, 0)
(12345453563, 0)
(447, 1)
(12456924927, 1)
(448, 2)
(12484792768, 3)
(452, 0)
(12596264132, 0)
(453, 3)
(12624131973, 2)
(457, 3)
(12735603337, 3)
(458, 1)
(12763471178, 1)
(462, 2)
(12874942542, 3)
(463, 2)
(12902810383, 2)
(467, 2)
(13014281747, 2)
(468, 0)
(13042149588, 0)
(472, 0)
(13153620952, 0)
(473, 3)
(13181488793, 3)
(477, 3)
(13292960157, 2)
(478, 3)
(13320827998, 3)
(482, 0)
(13432299362, 0)
(483, 1)
(13460167203, 1)
(487, 3)
(13571638567, 3)
(488, 0)
(13599506408, 0)
(492, 4)
(13710977772, 4)
(493, 3)
(13738845613, 3)
(497, 4)
(13850316977, 4)
(498, 3)
(13878184818, 3)
(502, 1)
(13989656182, 1)
(503, 1)
(14017524023, 4)
(507, 1)
(14128995387, 1)
(508, 0)
(14156863228, 0)
(512, 4)
(14268334592, 4)
(513, 4)
(14296202433, 1)
(517, 2)
(14407673797, 2)
(518, 1)
(14435541638, 4)
(522, 0)
(14547013002, 0)
(523, 0)
(14574880843, 0)
(527, 2)
(14686352207, 3)
(528, 2)
(14714220048, 2)
(532, 0)
(14825691412, 0)
(533, 3)
(14853559253, 3)
(537, 2)
(14965030617, 3)
(538, 0)
(14992898458, 0)
(542, 1)
(15104369822, 1)
(543, 2)
(15132237663, 3)
(547, 3)
(15243709027, 3)
(548, 0)
(15271576868, 0)
(552, 0)
(15383048232, 0)
(553, 2)
(15410916073, 2)
(557, 3)
(15522387437, 2)
(558, 4)
(15550255278, 1)
(562, 2)
(15661726642, 3)
(563, 1)
(15689594483, 1)
(567, 3)
(15801065847, 2)
(568, 0)
(15828933688, 0)
(572, 0)
(15940405052, 0)
(573, 4)
(15968272893, 4)
(577, 3)
(16079744257, 2)
(578, 2)
(16107612098, 2)
(582, 4)
(16219083462, 1)
(583, 3)
(16246951303, 2)
(587, 2)
(16358422667, 2)
(588, 2)
(16386290508, 2)
(592, 4)
(16497761872, 4)
(593, 1)
(16525629713, 1)
(597, 2)
(16637101077, 2)
(598, 3)
(16664968918, 2)
(602, 1)
(16776440282, 4)
(603, 0)
(16804308123, 0)
(607, 2)
(16915779487, 3)
(608, 3)
(16943647328, 2)
(612, 0)
(17055118692, 0)
(613, 0)
(17082986533, 0)
(617, 2)
(17194457897, 2)
(618, 2)
(17222325738, 3)
(622, 3)
(17333797102, 3)
(623, 2)
(17361664943, 2)
(627, 4)
(17473136307, 1)
(628, 0)
(17501004148, 0)
(632, 0)
(17612475512, 0)
(633, 0)
(17640343353, 0)
(637, 4)
(17751814717, 4)
(638, 0)
(17779682558, 0)
(642, 4)
(17891153922, 1)
(643, 2)
(17919021763, 3)
(647, 2)
(18030493127, 2)
(648, 0)
(18058360968, 0)
(652, 2)
(18169832332, 2)
(653, 1)
(18197700173, 4)
(657, 0)
(18309171537, 0)
(658, 3)
(18337039378, 2)
(662, 3)
(18448510742, 3)
(663, 1)
(18476378583, 1)
(667, 4)
(18587849947, 1)
(668, 3)
(18615717788, 3)
(672, 3)
(18727189152, 2)
(673, 3)
(18755056993, 2)
(677, 0)
(18866528357, 0)
(678, 0)
(18894396198, 0)
(682, 3)
(19005867562, 2)
(683, 0)
(19033735403, 0)
(687, 3)
(19145206767, 3)
(688, 2)
(19173074608, 2)
(692, 0)
(19284545972, 0)
(693, 1)
(19312413813, 4)
(697, 3)
(19423885177, 3)
(698, 1)
(19451753018, 4)
(702, 4)
(19563224382, 4)
(703, 4)
(19591092223, 1)
(707, 1)
(19702563587, 1)
(708, 0)
(19730431428, 0)
(712, 0)
(19841902792, 0)
(713, 1)
(19869770633, 1)
(717, 1)
(19981241997, 1)
(718, 2)
(20009109838, 3)
(722, 1)
(20120581202, 1)
(723, 1)
(20148449043, 4)
(727, 2)
(20259920407, 3)
(728, 0)
(20287788248, 0)
(732, 1)
(20399259612, 4)
(733, 1)
(20427127453, 1)
(737, 0)
(20538598817, 0)
(738, 0)
(20566466658, 0)
(742, 2)
(20677938022, 2)
(743, 1)
(20705805863, 1)
(747, 4)
(20817277227, 4)
(748, 1)
(20845145068, 1)
(752, 0)
(20956616432, 0)
(753, 3)
(20984484273, 3)
(757, 0)
(21095955637, 0)
(758, 2)
(21123823478, 3)
(762, 3)
(21235294842, 2)
(763, 1)
(21263162683, 1)
(767, 3)
(21374634047, 2)
(768, 2)
(21402501888, 2)
(772, 0)
(21513973252, 0)
(773, 4)
(21541841093, 1)
(777, 1)
(21653312457, 4)
(778, 4)
(21681180298, 1)
(782, 1)
(21792651662, 4)
(783, 4)
(21820519503, 4)
(787, 0)
(21931990867, 0)
(788, 0)
(21959858708, 0)
(792, 0)
(22071330072, 0)
(793, 2)
(22099197913, 3)
(797, 0)
(22210669277, 0)
(798, 1)
(22238537118, 1)
(802, 3)
(22350008482, 2)
(803, 0)
(22377876323, 0)
(807, 1)
(22489347687, 4)
(808, 0)
(22517215528, 0)
(812, 3)
(22628686892, 2)
(813, 3)
(22656554733, 3)
(817, 2)
(22768026097, 3)
(818, 3)
(22795893938, 2)
(822, 0)
(22907365302, 0)
(823, 4)
(22935233143, 4)
(827, 2)
(23046704507, 3)
(828, 2)
(23074572348, 3)
(832, 2)
(23186043712, 2)
(833, 2)
(23213911553, 2)
(837, 1)
(23325382917, 4)
(838, 4)
(23353250758, 1)
(842, 4)
(23464722122, 1)
(843, 4)
(23492589963, 1)
(847, 4)
(23604061327, 1)
(848, 3)
(23631929168, 2)
(852, 0)
(23743400532, 0)
(853, 0)
(23771268373, 0)
(857, 2)
(23882739737, 3)
(858, 1)
(23910607578, 1)
(862, 2)
(24022078942, 2)
(863, 1)
(24049946783, 1)
(867, 3)
(24161418147, 3)
(868, 0)
(24189285988, 0)
(872, 0)
(24300757352, 0)
(873, 0)
(24328625193, 0)
(877, 0)
(24440096557, 0)
(878, 0)
(24467964398, 0)
(882, 3)
(24579435762, 3)
(883, 2)
(24607303603, 3)
(887, 1)
(24718774967, 1)
(888, 0)
(24746642808, 0)
(892, 4)
(24858114172, 4)
(893, 2)
(24885982013, 3)
(897, 1)
(24997453377, 4)
(898, 2)
(25025321218, 3)
(902, 2)
(25136792582, 2)
(903, 1)
(25164660423, 4)
(907, 3)
(25276131787, 3)
(908, 0)
(25303999628, 0)
(912, 3)
(25415470992, 2)
(913, 3)
(25443338833, 3)
(917, 0)
(25554810197, 0)
(918, 1)
(25582678038, 1)
(922, 2)
(25694149402, 3)
(923, 0)
(25722017243, 0)
(927, 0)
(25833488607, 0)
(928, 1)
(25861356448, 1)
(932, 0)
(25972827812, 0)
(933, 4)
(26000695653, 4)
(937, 0)
(26112167017, 0)
(938, 1)
(26140034858, 4)
(942, 3)
(26251506222, 2)
(943, 1)
(26279374063, 4)
(947, 0)
(26390845427, 0)
(948, 0)
(26418713268, 0)
(952, 0)
(26530184632, 0)
(953, 3)
(26558052473, 2)
(957, 1)
(26669523837, 1)
(958, 1)
(26697391678, 4)
(962, 2)
(26808863042, 2)
(963, 1)
(26836730883, 4)
(967, 4)
(26948202247, 1)
(968, 0)
(26976070088, 0)
(972, 2)
(27087541452, 2)
(973, 3)
(27115409293, 3)
(977, 0)
(27226880657, 0)
(978, 4)
(27254748498, 4)
(982, 0)
(27366219862, 0)
(983, 2)
(27394087703, 2)
(987, 3)
(27505559067, 2)
(988, 3)
(27533426908, 2)
(992, 1)
(27644898272, 4)
(993, 3)
(27672766113, 3)
(997, 4)
(27784237477, 1)
(998, 1)
(27812105318, 4)
(1002, 4)
(27923576682, 4)
(1003, 1)
(27951444523, 4)
(1007, 0)
(28062915887, 0)
(1008, 0)
(28090783728, 0)
(1012, 0)
(28202255092, 0)
(1013, 4)
(28230122933, 4)
(1017, 4)
(28341594297, 4)
(1018, 3)
(28369462138, 3)
(1022, 3)
(28480933502, 2)
(1023, 1)
(28508801343, 4)
(1027, 4)
(28620272707, 1)
(1028, 0)
(28648140548, 0)
(1032, 0)
(28759611912, 0)
(1033, 3)
(28787479753, 3)
(1037, 0)
(28898951117, 0)
(1038, 2)
(28926818958, 2)
(1042, 3)
(29038290322, 3)
(1043, 2)
(29066158163, 3)
(1047, 4)
(29177629527, 1)
(1048, 0)
(29205497368, 0)
(1052, 1)
(29316968732, 1)
(1053, 1)
(29344836573, 1)
(1057, 1)
(29456307937, 1)
(1058, 0)
(29484175778, 0)
(1062, 0)
(29595647142, 0)
(1063, 4)
(29623514983, 4)
(1067, 2)
(29734986347, 3)
(1068, 1)
(29762854188, 4)
(1072, 3)
(29874325552, 3)
(1073, 1)
(29902193393, 1)
(1077, 4)
(30013664757, 1)
(1078, 3)
(30041532598, 3)
(1082, 3)
(30153003962, 2)
(1083, 2)
(30180871803, 2)
(1087, 1)
(30292343167, 1)
(1088, 1)
(30320211008, 1)
(1092, 0)
(30431682372, 0)
(1093, 0)
(30459550213, 0)
(1097, 1)
(30571021577, 4)
(1098, 0)
(30598889418, 0)
(1102, 0)
(30710360782, 0)
(1103, 3)
(30738228623, 2)
(1107, 3)
(30849699987, 3)
(1108, 0)
(30877567828, 0)
(1112, 0)
(30989039192, 0)
(1113, 4)
(31016907033, 4)
(1117, 4)
(31128378397, 4)
(1118, 1)
(31156246238, 1)
(1122, 4)
(31267717602, 4)
(1123, 0)
(31295585443, 0)
(1127, 3)
(31407056807, 2)
(1128, 0)
(31434924648, 0)
(1132, 1)
(31546396012, 4)
(1133, 2)
(31574263853, 3)
(1137, 0)
(31685735217, 0)
(1138, 2)
(31713603058, 2)
(1142, 2)
(31825074422, 2)
(1143, 0)
(31852942263, 0)
(1147, 1)
(31964413627, 4)
(1148, 2)
(31992281468, 3)
(1152, 3)
(32103752832, 3)
(1153, 4)
(32131620673, 4)
(1157, 3)
(32243092037, 2)
(1158, 4)
(32270959878, 1)
(1162, 3)
(32382431242, 2)
(1163, 3)
(32410299083, 3)
(1167, 3)
(32521770447, 2)
(1168, 2)
(32549638288, 2)
(1172, 0)
(32661109652, 0)
(1173, 1)
(32688977493, 4)
(1177, 2)
(32800448857, 3)
(1178, 1)
(32828316698, 1)
(1182, 0)
(32939788062, 0)
(1183, 0)
(32967655903, 0)
(1187, 4)
(33079127267, 4)
(1188, 0)
(33106995108, 0)
(1192, 0)
(33218466472, 0)
(1193, 4)
(33246334313, 1)
(1197, 0)
(33357805677, 0)
(1198, 2)
(33385673518, 3)
(1202, 1)
(33497144882, 1)
(1203, 4)
(33525012723, 1)
(1207, 2)
(33636484087, 3)
(1208, 0)
(33664351928, 0)
(1212, 0)
(33775823292, 0)
(1213, 0)
(33803691133, 0)
(1217, 2)
(33915162497, 3)
(1218, 4)
(33943030338, 1)
(1222, 3)
(34054501702, 3)
(1223, 0)
(34082369543, 0)
(1227, 4)
(34193840907, 1)
(1228, 4)
(34221708748, 1)
(1232, 1)
(34333180112, 4)
(1233, 1)
(34361047953, 1)
(1237, 4)
(34472519317, 1)
(1238, 2)
(34500387158, 2)
(1242, 3)
(34611858522, 2)
(1243, 1)
(34639726363, 1)
(1247, 4)
(34751197727, 4)
(1248, 2)
(34779065568, 2)
(1252, 0)
(34890536932, 0)
(1253, 3)
(34918404773, 3)
(1257, 0)
(35029876137, 0)
(1258, 2)
(35057743978, 2)
(1262, 4)
(35169215342, 4)
(1263, 0)
(35197083183, 0)
(1267, 1)
(35308554547, 1)
(1268, 0)
(35336422388, 0)
(1272, 0)
(35447893752, 0)
(1273, 0)
(35475761593, 0)
(1277, 4)
(35587232957, 4)
(1278, 0)
(35615100798, 0)
(1282, 3)
(35726572162, 3)
(1283, 4)
(35754440003, 1)
(1287, 0)
(35865911367, 0)
(1288, 0)
(35893779208, 0)
(1292, 3)
(36005250572, 2)
(1293, 1)
(36033118413, 1)
(1297, 2)
(36144589777, 2)
(1298, 2)
(36172457618, 3)
(1302, 4)
(36283928982, 4)
(1303, 1)
(36311796823, 4)
(1307, 1)
(36423268187, 4)
(1308, 1)
(36451136028, 4)
(1312, 3)
(36562607392, 3)
(1313, 1)
(36590475233, 4)
(1317, 0)
(36701946597, 0)
(1318, 0)
(36729814438, 0)
(1322, 3)
(36841285802, 3)
(1323, 4)
(36869153643, 4)
(1327, 0)
(36980625007, 0)
(1328, 1)
(37008492848, 1)
(1332, 0)
(37119964212, 0)
(1333, 0)
(37147832053, 0)
(1337, 4)
(37259303417, 1)
(1338, 0)
(37287171258, 0)
(1342, 0)
(37398642622, 0)
(1343, 4)
(37426510463, 1)
(1347, 1)
(37537981827, 4)
(1348, 0)
(37565849668, 0)
(1352, 0)
(37677321032, 0)
(1353, 4)
(37705188873, 4)
(1357, 1)
(37816660237, 1)
(1358, 4)
(37844528078, 4)
(1362, 1)
(37955999442, 1)
(1363, 4)
(37983867283, 4)
(1367, 0)
(38095338647, 0)
(1368, 0)
(38123206488, 0)
(1372, 1)
(38234677852, 4)
(1373, 2)
(38262545693, 3)
(1377, 1)
(38374017057, 1)
(1378, 0)
(38401884898, 0)
(1382, 2)
(38513356262, 2)
(1383, 3)
(38541224103, 2)
(1387, 4)
(38652695467, 1)
(1388, 0)
(38680563308, 0)
(1392, 4)
(38792034672, 4)
(1393, 4)
(38819902513, 1)
(1397, 4)
(38931373877, 1)
(1398, 0)
(38959241718, 0)
(1402, 1)
(39070713082, 4)
(1403, 1)
(39098580923, 1)
(1407, 1)
(39210052287, 4)
(1408, 3)
(39237920128, 3)
(1412, 0)
(39349391492, 0)
(1413, 0)
(39377259333, 0)
(1417, 1)
(39488730697, 4)
(1418, 4)
(39516598538, 1)
(1422, 1)
(39628069902, 4)
(1423, 4)
(39655937743, 4)
(1427, 0)
(39767409107, 0)
(1428, 0)
(39795276948, 0)
(1432, 0)
(39906748312, 0)
(1433, 4)
(39934616153, 1)
(1437, 4)
(40046087517, 1)
(1438, 1)
(40073955358, 1)
(1442, 1)
(40185426722, 1)
(1443, 2)
(40213294563, 2)
(1447, 2)
(40324765927, 2)
(1448, 0)
(40352633768, 0)
(1452, 2)
(40464105132, 2)
(1453, 1)
(40491972973, 1)
(1457, 4)
(40603444337, 1)
(1458, 2)
(40631312178, 2)
(1462, 4)
(40742783542, 4)
(1463, 2)
(40770651383, 2)
(1467, 0)
(40882122747, 0)
(1468, 2)
(40909990588, 2)
(1472, 4)
(41021461952, 1)
(1473, 2)
(41049329793, 3)
(1477, 1)
(41160801157, 1)
(1478, 0)
(41188668998, 0)
(1482, 1)
(41300140362, 4)
(1483, 3)
(41328008203, 2)
(1487, 3)
(41439479567, 3)
(1488, 2)
(41467347408, 3)
(1492, 0)
(41578818772, 0)
(1493, 3)
(41606686613, 2)
(1497, 0)
(41718157977, 0)
(1498, 1)
(41746025818, 1)
(1502, 1)
(41857497182, 1)
(1503, 3)
(41885365023, 3)
(1507, 4)
(41996836387, 4)
(1508, 0)
(42024704228, 0)
(1512, 0)
(42136175592, 0)
(1513, 4)
(42164043433, 1)
(1517, 3)
(42275514797, 3)
(1518, 4)
(42303382638, 1)
(1522, 0)
(42414854002, 0)
(1523, 3)
(42442721843, 3)
(1527, 1)
(42554193207, 1)
(1528, 0)
(42582061048, 0)
(1532, 4)
(42693532412, 1)
(1533, 1)
(42721400253, 4)
(1537, 1)
(42832871617, 4)
(1538, 4)
(42860739458, 1)
(1542, 0)
(42972210822, 0)
(1543, 4)
(43000078663, 1)
(1547, 2)
(43111550027, 3)
(1548, 0)
(43139417868, 0)
(1552, 3)
(43250889232, 2)
(1553, 0)
(43278757073, 0)
(1557, 2)
(43390228437, 2)
(1558, 2)
(43418096278, 3)
(1562, 2)
(43529567642, 3)
(1563, 4)
(43557435483, 4)
(1567, 0)
(43668906847, 0)
(1568, 2)
(43696774688, 2)
(1572, 0)
(43808246052, 0)
(1573, 3)
(43836113893, 3)
(1577, 3)
(43947585257, 2)
(1578, 1)
(43975453098, 1)
(1582, 4)
(44086924462, 1)
(1583, 3)
(44114792303, 3)
(1587, 0)
(44226263667, 0)
(1588, 0)
(44254131508, 0)
(1592, 0)
(44365602872, 0)
(1593, 4)
(44393470713, 1)
(1597, 4)
(44504942077, 4)
(1598, 2)
(44532809918, 2)
(1602, 0)
(44644281282, 0)
(1603, 4)
(44672149123, 1)
(1607, 3)
(44783620487, 2)
(1608, 0)
(44811488328, 0)
(1612, 4)
(44922959692, 1)
(1613, 3)
(44950827533, 2)
(1617, 3)
(45062298897, 3)
(1618, 2)
(45090166738, 3)
(1622, 0)
(45201638102, 0)
(1623, 3)
(45229505943, 2)
(1627, 2)
(45340977307, 3)
(1628, 3)
(45368845148, 3)
(1632, 3)
(45480316512, 3)
(1633, 4)
(45508184353, 4)
(1637, 3)
(45619655717, 3)
(1638, 1)
(45647523558, 4)
(1642, 1)
(45758994922, 4)
(1643, 0)
(45786862763, 0)
(1647, 3)
(45898334127, 2)
(1648, 0)
(45926201968, 0)
(1652, 0)
(46037673332, 0)
(1653, 4)
(46065541173, 1)
(1657, 1)
(46177012537, 1)
(1658, 2)
(46204880378, 2)
(1662, 0)
(46316351742, 0)
(1663, 2)
(46344219583, 3)
(1667, 3)
(46455690947, 3)
(1668, 0)
(46483558788, 0)
(1672, 0)
(46595030152, 0)
(1673, 3)
(46622897993, 2)
(1677, 1)
(46734369357, 1)
(1678, 0)
(46762237198, 0)
(1682, 4)
(46873708562, 4)
(1683, 0)
(46901576403, 0)
(1687, 2)
(47013047767, 2)
(1688, 0)
(47040915608, 0)
(1692, 0)
(47152386972, 0)
(1693, 3)
(47180254813, 2)
(1697, 3)
(47291726177, 2)
(1698, 1)
(47319594018, 4)
(1702, 0)
(47431065382, 0)
(1703, 3)
(47458933223, 2)
(1707, 0)
(47570404587, 0)
(1708, 1)
(47598272428, 1)
(1712, 4)
(47709743792, 1)
(1713, 4)
(47737611633, 4)
(1717, 1)
(47849082997, 4)
(1718, 1)
(47876950838, 4)
(1722, 1)
(47988422202, 4)
(1723, 0)
(48016290043, 0)
(1727, 4)
(48127761407, 1)
(1728, 0)
(48155629248, 0)
(1732, 0)
(48267100612, 0)
(1733, 1)
(48294968453, 4)
(1737, 0)
(48406439817, 0)
(1738, 1)
(48434307658, 4)
(1742, 1)
(48545779022, 1)
(1743, 4)
(48573646863, 1)
(1747, 0)
(48685118227, 0)
(1748, 0)
(48712986068, 0)
(1752, 0)
(48824457432, 0)
(1753, 0)
(48852325273, 0)
(1757, 3)
(48963796637, 2)
(1758, 0)
(48991664478, 0)
(1762, 1)
(49103135842, 4)
(1763, 3)
(49131003683, 3)
(1767, 3)
(49242475047, 3)
(1768, 0)
(49270342888, 0)
(1772, 0)
(49381814252, 0)
(1773, 0)
(49409682093, 0)
(1777, 4)
(49521153457, 4)
(1778, 0)
(49549021298, 0)
(1782, 1)
(49660492662, 1)
(1783, 2)
(49688360503, 3)
(1787, 2)
(49799831867, 2)
(1788, 2)
(49827699708, 2)
(1792, 1)
(49939171072, 4)
(1793, 4)
(49967038913, 4)
(1797, 4)
(50078510277, 1)
(1798, 0)
(50106378118, 0)
(1802, 3)
(50217849482, 2)
(1803, 2)
(50245717323, 2)
(1807, 3)
(50357188687, 2)
(1808, 4)
(50385056528, 4)
(1812, 0)
(50496527892, 0)
(1813, 2)
(50524395733, 2)
(1817, 0)
(50635867097, 0)
(1818, 0)
(50663734938, 0)
(1822, 4)
(50775206302, 4)
(1823, 0)
(50803074143, 0)
(1827, 2)
(50914545507, 3)
(1828, 0)
(50942413348, 0)
(1832, 0)
(51053884712, 0)
(1833, 1)
(51081752553, 1)
(1837, 4)
(51193223917, 4)
(1838, 3)
(51221091758, 3)
(1842, 4)
(51332563122, 1)
(1843, 4)
(51360430963, 4)
(1847, 2)
(51471902327, 3)
(1848, 0)
(51499770168, 0)
(1852, 4)
(51611241532, 4)
(1853, 4)
(51639109373, 1)
(1857, 0)
(51750580737, 0)
(1858, 0)
(51778448578, 0)
(1862, 3)
(51889919942, 2)
(1863, 2)
(51917787783, 3)
(1867, 0)
(52029259147, 0)
(1868, 1)
(52057126988, 1)
(1872, 0)
(52168598352, 0)
(1873, 3)
(52196466193, 3)
(1877, 4)
(52307937557, 4)
(1878, 4)
(52335805398, 1)
(1882, 2)
(52447276762, 2)
(1883, 1)
(52475144603, 1)
(1887, 0)
(52586615967, 0)
(1888, 3)
(52614483808, 2)
(1892, 0)
(52725955172, 0)
(1893, 0)
(52753823013, 0)
(1897, 1)
(52865294377, 4)
(1898, 3)
(52893162218, 3)
(1902, 4)
(53004633582, 4)
(1903, 2)
(53032501423, 2)
(1907, 3)
(53143972787, 3)
(1908, 0)
(53171840628, 0)
(1912, 0)
(53283311992, 0)
(1913, 4)
(53311179833, 1)
(1917, 2)
(53422651197, 3)
(1918, 1)
(53450519038, 4)
(1922, 2)
(53561990402, 2)
(1923, 0)
(53589858243, 0)
(1927, 2)
(53701329607, 2)
(1928, 0)
(53729197448, 0)
(1932, 3)
(53840668812, 3)
(1933, 2)
(53868536653, 2)
(1937, 3)
(53980008017, 3)
(1938, 2)
(54007875858, 3)
(1942, 3)
(54119347222, 3)
(1943, 2)
(54147215063, 2)
(1947, 3)
(54258686427, 2)
(1948, 1)
(54286554268, 1)
(1952, 0)
(54398025632, 0)
(1953, 0)
(54425893473, 0)
(1957, 1)
(54537364837, 1)
(1958, 2)
(54565232678, 3)
(1962, 0)
(54676704042, 0)
(1963, 4)
(54704571883, 1)
(1967, 4)
(54816043247, 4)
(1968, 4)
(54843911088, 4)
(1972, 0)
(54955382452, 0)
(1973, 3)
(54983250293, 3)
(1977, 1)
(55094721657, 1)
(1978, 2)
(55122589498, 3)
(1982, 1)
(55234060862, 4)
(1983, 1)
(55261928703, 1)
(1987, 2)
(55373400067, 3)
(1988, 0)
(55401267908, 0)
(1992, 0)
(55512739272, 0)
(1993, 1)
(55540607113, 4)
(1997, 2)
(55652078477, 3)
(1998, 3)
(55679946318, 3)
(2002, 4)
(55791417682, 1)
(2003, 1)
(55819285523, 1)
(2007, 0)
(55930756887, 0)
(2008, 0)
(55958624728, 0)
(2012, 2)
(56070096092, 3)
(2013, 4)
(56097963933, 1)
(2017, 2)
(56209435297, 3)
(2018, 3)
(56237303138, 2)
(2022, 1)
(56348774502, 1)
(2023, 4)
(56376642343, 1)
(2027, 1)
(56488113707, 4)
(2028, 3)
(56515981548, 3)
(2032, 0)
(56627452912, 0)
(2033, 2)
(56655320753, 2)
(2037, 4)
(56766792117, 4)
(2038, 3)
(56794659958, 3)
(2042, 0)
(56906131322, 0)
(2043, 0)
(56933999163, 0)
(2047, 2)
(57045470527, 2)
(2048, 0)
(57073338368, 0)
(2052, 0)
(57184809732, 0)
(2053, 2)
(57212677573, 2)
(2057, 4)
(57324148937, 4)
(2058, 2)
(57352016778, 3)
(2062, 3)
(57463488142, 3)
(2063, 0)
(57491355983, 0)
(2067, 3)
(57602827347, 2)
(2068, 0)
(57630695188, 0)
(2072, 0)
(57742166552, 0)
(2073, 0)
(57770034393, 0)
(2077, 1)
(57881505757, 4)
(2078, 0)
(57909373598, 0)
(2082, 1)
(58020844962, 4)
(2083, 3)
(58048712803, 2)
(2087, 0)
(58160184167, 0)
(2088, 0)
(58188052008, 0)
(2092, 0)
(58299523372, 0)
(2093, 0)
(58327391213, 0)
(2097, 1)
(58438862577, 4)
(2098, 4)
(58466730418, 1)
(2102, 4)
(58578201782, 1)
(2103, 4)
(58606069623, 1)
(2107, 4)
(58717540987, 4)
(2108, 4)
(58745408828, 1)
(2112, 4)
(58856880192, 4)
(2113, 4)
(58884748033, 1)
(2117, 1)
(58996219397, 1)
(2118, 0)
(59024087238, 0)
(2122, 2)
(59135558602, 2)
(2123, 1)
(59163426443, 4)
(2127, 2)
(59274897807, 3)
(2128, 2)
(59302765648, 2)
(2132, 0)
(59414237012, 0)
(2133, 2)
(59442104853, 3)
(2137, 1)
(59553576217, 4)
(2138, 2)
(59581444058, 2)
(2142, 0)
(59692915422, 0)
(2143, 3)
(59720783263, 2)
(2147, 4)
(59832254627, 1)
(2148, 0)
(59860122468, 0)
(2152, 0)
(59971593832, 0)
(2153, 3)
(59999461673, 2)
(2157, 4)
(60110933037, 4)
(2158, 0)
(60138800878, 0)
(2162, 4)
(60250272242, 1)
(2163, 2)
(60278140083, 2)
(2167, 2)
(60389611447, 2)
(2168, 0)
(60417479288, 0)
(2172, 4)
(60528950652, 1)
(2173, 0)
(60556818493, 0)
(2177, 0)
(60668289857, 0)
(2178, 3)
(60696157698, 3)
(2182, 3)
(60807629062, 3)
(2183, 2)
(60835496903, 3)
(2187, 0)
(60946968267, 0)
(2188, 4)
(60974836108, 4)
(2192, 1)
(61086307472, 1)
(2193, 1)
(61114175313, 1)
(2197, 3)
(61225646677, 3)
(2198, 1)
(61253514518, 1)
(2202, 0)
(61364985882, 0)
(2203, 0)
(61392853723, 0)
(2207, 1)
(61504325087, 4)
(2208, 4)
(61532192928, 1)
(2212, 0)
(61643664292, 0)
(2213, 3)
(61671532133, 3)
(2217, 3)
(61783003497, 2)
(2218, 1)
(61810871338, 1)
(2222, 3)
(61922342702, 2)
(2223, 0)
(61950210543, 0)
(2227, 1)
(62061681907, 4)
(2228, 0)
(62089549748, 0)
(2232, 0)
(62201021112, 0)
(2233, 4)
(62228888953, 1)
(2237, 0)
(62340360317, 0)
(2238, 3)
(62368228158, 2)
(2242, 4)
(62479699522, 4)
(2243, 0)
(62507567363, 0)
(2247, 0)
(62619038727, 0)
(2248, 0)
(62646906568, 0)
(2252, 3)
(62758377932, 3)
(2253, 4)
(62786245773, 4)
(2257, 4)
(62897717137, 1)
(2258, 3)
(62925584978, 2)
(2262, 1)
(63037056342, 1)
(2263, 2)
(63064924183, 3)
(2267, 1)
(63176395547, 4)
(2268, 1)
(63204263388, 4)
(2272, 3)
(63315734752, 2)
(2273, 2)
(63343602593, 3)
(2277, 0)
(63455073957, 0)
(2278, 4)
(63482941798, 4)
(2282, 0)
(63594413162, 0)
(2283, 4)
(63622281003, 1)
(2287, 1)
(63733752367, 4)
(2288, 0)
(63761620208, 0)
(2292, 0)
(63873091572, 0)
(2293, 1)
(63900959413, 1)
(2297, 0)
(64012430777, 0)
(2298, 2)
(64040298618, 3)
(2302, 4)
(64151769982, 1)
(2303, 0)
(64179637823, 0)
(2307, 3)
(64291109187, 2)
(2308, 0)
(64318977028, 0)
(2312, 0)
(64430448392, 0)
(2313, 2)
(64458316233, 2)
(2317, 4)
(64569787597, 1)
(2318, 1)
(64597655438, 1)
(2322, 3)
(64709126802, 3)
(2323, 2)
(64736994643, 2)
(2327, 2)
(64848466007, 3)
(2328, 0)
(64876333848, 0)
(2332, 1)
(64987805212, 4)
(2333, 1)
(65015673053, 1)
(2337, 2)
(65127144417, 3)
(2338, 4)
(65155012258, 1)
(2342, 3)
(65266483622, 3)
(2343, 2)
(65294351463, 3)
(2347, 0)
(65405822827, 0)
(2348, 1)
(65433690668, 1)
(2352, 2)
(65545162032, 2)
(2353, 4)
(65573029873, 1)
(2357, 2)
(65684501237, 3)
(2358, 0)
(65712369078, 0)
(2362, 4)
(65823840442, 1)
(2363, 0)
(65851708283, 0)
(2367, 1)
(65963179647, 1)
(2368, 3)
(65991047488, 3)
(2372, 0)
(66102518852, 0)
(2373, 1)
(66130386693, 4)
(2377, 1)
(66241858057, 1)
(2378, 0)
(66269725898, 0)
(2382, 2)
(66381197262, 2)
(2383, 4)
(66409065103, 4)
(2387, 2)
(66520536467, 2)
(2388, 0)
(66548404308, 0)
(2392, 0)
(66659875672, 0)
(2393, 0)
(66687743513, 0)
(2397, 2)
(66799214877, 2)
(2398, 0)
(66827082718, 0)
(2402, 0)
(66938554082, 0)
(2403, 2)
(66966421923, 3)
(2407, 0)
(67077893287, 0)
(2408, 0)
(67105761128, 0)
(2412, 0)
(67217232492, 0)
(2413, 1)
(67245100333, 1)
(2417, 1)
(67356571697, 1)
(2418, 4)
(67384439538, 1)
(2422, 0)
(67495910902, 0)
(2423, 3)
(67523778743, 3)
(2427, 4)
(67635250107, 1)
(2428, 4)
(67663117948, 1)
(2432, 1)
(67774589312, 4)
(2433, 0)
(67802457153, 0)
(2437, 3)
(67913928517, 2)
(2438, 3)
(67941796358, 3)
(2442, 3)
(68053267722, 3)
(2443, 4)
(68081135563, 4)
(2447, 3)
(68192606927, 3)
(2448, 1)
(68220474768, 1)
(2452, 0)
(68331946132, 0)
(2453, 3)
(68359813973, 3)
(2457, 2)
(68471285337, 3)
(2458, 3)
(68499153178, 2)
(2462, 3)
(68610624542, 3)
(2463, 4)
(68638492383, 1)
(2467, 2)
(68749963747, 2)
(2468, 0)
(68777831588, 0)
(2472, 0)
(68889302952, 0)
(2473, 0)
(68917170793, 0)
(2477, 3)
(69028642157, 2)
(2478, 2)
(69056509998, 2)
(2482, 1)
(69167981362, 1)
(2483, 0)
(69195849203, 0)
(2487, 0)
(69307320567, 0)
(2488, 0)
(69335188408, 0)
(2492, 4)
(69446659772, 4)
(2493, 0)
(69474527613, 0)
(2497, 3)
(69585998977, 3)
(2498, 0)
(69613866818, 0)
(2502, 3)
(69725338182, 2)
(2503, 1)
(69753206023, 1)
(2507, 4)
(69864677387, 4)
(2508, 2)
(69892545228, 3)
(2512, 2)
(70004016592, 3)
(2513, 3)
(70031884433, 3)
(2517, 4)
(70143355797, 1)
(2518, 0)
(70171223638, 0)
(2522, 4)
(70282695002, 1)
(2523, 3)
(70310562843, 3)
(2527, 4)
(70422034207, 1)
(2528, 4)
(70449902048, 1)
(2532, 0)
(70561373412, 0)
(2533, 4)
(70589241253, 4)
(2537, 0)
(70700712617, 0)
(2538, 2)
(70728580458, 2)
(2542, 4)
(70840051822, 1)
(2543, 0)
(70867919663, 0)
(2547, 0)
(70979391027, 0)
(2548, 0)
(71007258868, 0)
(2552, 0)
(71118730232, 0)
(2553, 1)
(71146598073, 4)
(2557, 3)
(71258069437, 2)
(2558, 4)
(71285937278, 1)
(2562, 1)
(71397408642, 1)
(2563, 4)
(71425276483, 1)
(2567, 1)
(71536747847, 4)
(2568, 0)
(71564615688, 0)
(2572, 1)
(71676087052, 4)
(2573, 1)
(71703954893, 4)
(2577, 0)
(71815426257, 0)
(2578, 1)
(71843294098, 4)
(2582, 0)
(71954765462, 0)
(2583, 2)
(71982633303, 3)
(2587, 3)
(72094104667, 3)
(2588, 4)
(72121972508, 4)
(2592, 3)
(72233443872, 3)
(2593, 1)
(72261311713, 1)
(2597, 4)
(72372783077, 1)
(2598, 4)
(72400650918, 1)
(2602, 4)
(72512122282, 1)
(2603, 0)
(72539990123, 0)
(2607, 2)
(72651461487, 3)
(2608, 2)
(72679329328, 2)
(2612, 0)
(72790800692, 0)
(2613, 1)
(72818668533, 1)
(2617, 2)
(72930139897, 3)
(2618, 0)
(72958007738, 0)
(2622, 1)
(73069479102, 1)
(2623, 2)
(73097346943, 3)
(2627, 2)
(73208818307, 3)
(2628, 0)
(73236686148, 0)
(2632, 0)
(73348157512, 0)
(2633, 3)
(73376025353, 2)
(2637, 4)
(73487496717, 1)
(2638, 0)
(73515364558, 0)
(2642, 3)
(73626835922, 3)
(2643, 0)
(73654703763, 0)
(2647, 0)
(73766175127, 0)
(2648, 0)
(73794042968, 0)
(2652, 2)
(73905514332, 2)
(2653, 1)
(73933382173, 1)
(2657, 2)
(74044853537, 3)
(2658, 4)
(74072721378, 4)
(2662, 1)
(74184192742, 1)
(2663, 3)
(74212060583, 3)
(2667, 3)
(74323531947, 3)
(2668, 2)
(74351399788, 3)
(2672, 4)
(74462871152, 4)
(2673, 3)
(74490738993, 3)
(2677, 2)
(74602210357, 2)
(2678, 0)
(74630078198, 0)
(2682, 0)
(74741549562, 0)
(2683, 0)
(74769417403, 0)
(2687, 4)
(74880888767, 1)
(2688, 1)
(74908756608, 4)
(2692, 0)
(75020227972, 0)
(2693, 3)
(75048095813, 2)
(2697, 4)
(75159567177, 1)
(2698, 4)
(75187435018, 4)
(2702, 2)
(75298906382, 2)
(2703, 3)
(75326774223, 2)
(2707, 2)
(75438245587, 2)
(2708, 0)
(75466113428, 0)
(2712, 0)
(75577584792, 0)
(2713, 1)
(75605452633, 1)
(2717, 2)
(75716923997, 3)
(2718, 1)
(75744791838, 4)
(2722, 0)
(75856263202, 0)
(2723, 3)
(75884131043, 3)
(2727, 0)
(75995602407, 0)
(2728, 0)
(76023470248, 0)
(2732, 0)
(76134941612, 0)
(2733, 3)
(76162809453, 3)
(2737, 1)
(76274280817, 1)
(2738, 4)
(76302148658, 4)
(2742, 3)
(76413620022, 3)
(2743, 0)
(76441487863, 0)
(2747, 3)
(76552959227, 3)
(2748, 1)
(76580827068, 1)
(2752, 0)
(76692298432, 0)
(2753, 2)
(76720166273, 2)
(2757, 4)
(76831637637, 4)
(2758, 4)
(76859505478, 1)
(2762, 4)
(76970976842, 4)
(2763, 0)
(76998844683, 0)
(2767, 4)
(77110316047, 4)
(2768, 2)
(77138183888, 2)
(2772, 0)
(77249655252, 0)
(2773, 4)
(77277523093, 1)
(2777, 0)
(77388994457, 0)
(2778, 1)
(77416862298, 1)
(2782, 2)
(77528333662, 3)
(2783, 4)
(77556201503, 1)
(2787, 1)
(77667672867, 4)
(2788, 0)
(77695540708, 0)
(2792, 0)
(77807012072, 0)
(2793, 4)
(77834879913, 1)
(2797, 3)
(77946351277, 2)
(2798, 4)
(77974219118, 4)
(2802, 1)
(78085690482, 1)
(2803, 1)
(78113558323, 4)
(2807, 3)
(78225029687, 3)
(2808, 0)
(78252897528, 0)
(2812, 3)
(78364368892, 2)
(2813, 0)
(78392236733, 0)
(2817, 0)
(78503708097, 0)
(2818, 0)
(78531575938, 0)
(2822, 2)
(78643047302, 2)
(2823, 1)
(78670915143, 1)
(2827, 3)
(78782386507, 3)
(2828, 3)
(78810254348, 3)
(2832, 3)
(78921725712, 2)
(2833, 3)
(78949593553, 3)
(2837, 1)
(79061064917, 4)
(2838, 0)
(79088932758, 0)
(2842, 2)
(79200404122, 2)
(2843, 0)
(79228271963, 0)
(2847, 3)
(79339743327, 3)
(2848, 4)
(79367611168, 1)
(2852, 0)
(79479082532, 0)
(2853, 0)
(79506950373, 0)
(2857, 0)
(79618421737, 0)
(2858, 3)
(79646289578, 3)
(2862, 2)
(79757760942, 3)
(2863, 2)
(79785628783, 2)
(2867, 2)
(79897100147, 3)
(2868, 0)
(79924967988, 0)
(2872, 0)
(80036439352, 0)
(2873, 3)
(80064307193, 3)
(2877, 0)
(80175778557, 0)
(2878, 1)
(80203646398, 4)
(2882, 1)
(80315117762, 4)
(2883, 3)
(80342985603, 3)
(2887, 0)
(80454456967, 0)
(2888, 0)
(80482324808, 0)
(2892, 3)
(80593796172, 2)
(2893, 4)
(80621664013, 4)
(2897, 1)
(80733135377, 4)
(2898, 0)
(80761003218, 0)
(2902, 2)
(80872474582, 3)
(2903, 4)
(80900342423, 1)
(2907, 2)
(81011813787, 3)
(2908, 4)
(81039681628, 1)
(2912, 4)
(81151152992, 1)
(2913, 2)
(81179020833, 2)
(2917, 2)
(81290492197, 2)
(2918, 4)
(81318360038, 1)
(2922, 1)
(81429831402, 1)
(2923, 4)
(81457699243, 1)
(2927, 4)
(81569170607, 1)
(2928, 3)
(81597038448, 2)
(2932, 0)
(81708509812, 0)
(2933, 1)
(81736377653, 1)
(2937, 4)
(81847849017, 1)
(2938, 4)
(81875716858, 4)
(2942, 0)
(81987188222, 0)
(2943, 3)
(82015056063, 2)
(2947, 3)
(82126527427, 3)
(2948, 0)
(82154395268, 0)
(2952, 0)
(82265866632, 0)
(2953, 1)
(82293734473, 4)
(2957, 4)
(82405205837, 1)
(2958, 2)
(82433073678, 2)
(2962, 4)
(82544545042, 4)
(2963, 2)
(82572412883, 2)
(2967, 1)
(82683884247, 4)
(2968, 0)
(82711752088, 0)
(2972, 2)
(82823223452, 2)
(2973, 2)
(82851091293, 3)
(2977, 4)
(82962562657, 4)
(2978, 0)
(82990430498, 0)
(2982, 1)
(83101901862, 1)
(2983, 0)
(83129769703, 0)
(2987, 0)
(83241241067, 0)
(2988, 2)
(83269108908, 2)
(2992, 1)
(83380580272, 1)
(2993, 2)
(83408448113, 2)
(2997, 4)
(83519919477, 4)
(2998, 3)
(83547787318, 3)
(3002, 4)
(83659258682, 4)
(3003, 2)
(83687126523, 3)
(3007, 0)
(83798597887, 0)
(3008, 0)
(83826465728, 0)
(3012, 0)
(83937937092, 0)
(3013, 3)
(83965804933, 3)
(3017, 3)
(84077276297, 2)
(3018, 4)
(84105144138, 1)
(3022, 2)
(84216615502, 2)
(3023, 2)
(84244483343, 3)
(3027, 2)
(84355954707, 3)
(3028, 0)
(84383822548, 0)
(3032, 0)
(84495293912, 0)
(3033, 0)
(84523161753, 0)
(3037, 3)
(84634633117, 2)
(3038, 1)
(84662500958, 4)
(3042, 0)
(84773972322, 0)
(3043, 3)
(84801840163, 2)
(3047, 2)
(84913311527, 2)
(3048, 0)
(84941179368, 0)
(3052, 3)
(85052650732, 3)
(3053, 0)
(85080518573, 0)
(3057, 3)
(85191989937, 3)
(3058, 2)
(85219857778, 3)
(3062, 4)
(85331329142, 4)
(3063, 1)
(85359196983, 4)
(3067, 2)
(85470668347, 3)
(3068, 1)
(85498536188, 4)
(3072, 4)
(85610007552, 4)
(3073, 1)
(85637875393, 1)
(3077, 4)
(85749346757, 1)
(3078, 4)
(85777214598, 1)
(3082, 0)
(85888685962, 0)
(3083, 2)
(85916553803, 2)
(3087, 0)
(86028025167, 0)
(3088, 2)
(86055893008, 3)
(3092, 0)
(86167364372, 0)
(3093, 2)
(86195232213, 2)
(3097, 3)
(86306703577, 2)
(3098, 4)
(86334571418, 4)
(3102, 1)
(86446042782, 1)
(3103, 0)
(86473910623, 0)
(3107, 3)
(86585381987, 3)
(3108, 0)
(86613249828, 0)
(3112, 0)
(86724721192, 0)
(3113, 1)
(86752589033, 4)
(3117, 0)
(86864060397, 0)
(3118, 0)
(86891928238, 0)
(3122, 3)
(87003399602, 2)
(3123, 0)
(87031267443, 0)
(3127, 1)
(87142738807, 1)
(3128, 0)
(87170606648, 0)
(3132, 3)
(87282078012, 3)
(3133, 0)
(87309945853, 0)
(3137, 1)
(87421417217, 1)
(3138, 4)
(87449285058, 1)
(3142, 0)
(87560756422, 0)
(3143, 1)
(87588624263, 1)
(3147, 0)
(87700095627, 0)
(3148, 0)
(87727963468, 0)
(3152, 0)
(87839434832, 0)
(3153, 4)
(87867302673, 1)
(3157, 4)
(87978774037, 1)
(3158, 2)
(88006641878, 3)
(3162, 0)
(88118113242, 0)
(3163, 1)
(88145981083, 4)
(3167, 2)
(88257452447, 3)
(3168, 0)
(88285320288, 0)
(3172, 0)
(88396791652, 0)
(3173, 0)
(88424659493, 0)
(3177, 3)
(88536130857, 3)
(3178, 0)
(88563998698, 0)
(3182, 2)
(88675470062, 2)
(3183, 4)
(88703337903, 4)
(3187, 2)
(88814809267, 2)
(3188, 0)
(88842677108, 0)
(3192, 0)
(88954148472, 0)
(3193, 4)
(88982016313, 4)
(3197, 4)
(89093487677, 4)
(3198, 2)
(89121355518, 2)
(3202, 1)
(89232826882, 1)
(3203, 4)
(89260694723, 1)
(3207, 3)
(89372166087, 3)
(3208, 0)
(89400033928, 0)
(3212, 0)
(89511505292, 0)
(3213, 3)
(89539373133, 2)
(3217, 1)
(89650844497, 4)
(3218, 1)
(89678712338, 4)
(3222, 0)
(89790183702, 0)
(3223, 0)
(89818051543, 0)
(3227, 4)
(89929522907, 4)
(3228, 2)
(89957390748, 3)
(3232, 2)
(90068862112, 3)
(3233, 4)
(90096729953, 4)
(3237, 2)
(90208201317, 2)
(3238, 3)
(90236069158, 3)
(3242, 3)
(90347540522, 2)
(3243, 2)
(90375408363, 3)
(3247, 3)
(90486879727, 3)
(3248, 3)
(90514747568, 2)
(3252, 0)
(90626218932, 0)
(3253, 1)
(90654086773, 4)
(3257, 1)
(90765558137, 4)
(3258, 4)
(90793425978, 1)
(3262, 3)
(90904897342, 3)
(3263, 3)
(90932765183, 3)
(3267, 4)
(91044236547, 4)
(3268, 0)
(91072104388, 0)
(3272, 0)
(91183575752, 0)
(3273, 4)
(91211443593, 4)
(3277, 3)
(91322914957, 3)
(3278, 1)
(91350782798, 1)
(3282, 0)
(91462254162, 0)
(3283, 1)
(91490122003, 1)
(3287, 1)
(91601593367, 4)
(3288, 0)
(91629461208, 0)
(3292, 3)
(91740932572, 3)
(3293, 1)
(91768800413, 4)
(3297, 0)
(91880271777, 0)
(3298, 1)
(91908139618, 4)
(3302, 1)
(92019610982, 4)
(3303, 0)
(92047478823, 0)
(3307, 4)
(92158950187, 1)
(3308, 1)
(92186818028, 4)
(3312, 1)
(92298289392, 4)
(3313, 1)
(92326157233, 4)
(3317, 1)
(92437628597, 1)
(3318, 2)
(92465496438, 2)
(3322, 4)
(92576967802, 1)
(3323, 3)
(92604835643, 2)
(3327, 4)
(92716307007, 4)
(3328, 2)
(92744174848, 2)
(3332, 0)
(92855646212, 0)
(3333, 3)
(92883514053, 2)
(3337, 4)
(92994985417, 1)
(3338, 0)
(93022853258, 0)
(3342, 4)
(93134324622, 1)
(3343, 4)
(93162192463, 1)
(3347, 1)
(93273663827, 4)
(3348, 0)
(93301531668, 0)
(3352, 0)
(93413003032, 0)
(3353, 0)
(93440870873, 0)
(3357, 0)
(93552342237, 0)
(3358, 2)
(93580210078, 3)
(3362, 4)
(93691681442, 4)
(3363, 4)
(93719549283, 4)
(3367, 0)
(93831020647, 0)
(3368, 0)
(93858888488, 0)
(3372, 2)
(93970359852, 3)
(3373, 4)
(93998227693, 4)
(3377, 3)
(94109699057, 2)
(3378, 4)
(94137566898, 4)
(3382, 0)
(94249038262, 0)
(3383, 1)
(94276906103, 1)
(3387, 2)
(94388377467, 3)
(3388, 3)
(94416245308, 2)
(3392, 1)
(94527716672, 4)
(3393, 2)
(94555584513, 2)
(3397, 0)
(94667055877, 0)
(3398, 3)
(94694923718, 3)
(3402, 3)
(94806395082, 2)
(3403, 2)
(94834262923, 2)
(3407, 3)
(94945734287, 2)
(3408, 4)
(94973602128, 1)
(3412, 0)
(95085073492, 0)
(3413, 3)
(95112941333, 2)
(3417, 4)
(95224412697, 4)
(3418, 2)
(95252280538, 2)
(3422, 3)
(95363751902, 2)
(3423, 0)
(95391619743, 0)
(3427, 1)
(95503091107, 4)
(3428, 0)
(95530958948, 0)
(3432, 0)
(95642430312, 0)
(3433, 1)
(95670298153, 1)
(3437, 2)
(95781769517, 2)
(3438, 0)
(95809637358, 0)
(3442, 0)
(95921108722, 0)
(3443, 4)
(95948976563, 1)
(3447, 4)
(96060447927, 1)
(3448, 0)
(96088315768, 0)
(3452, 2)
(96199787132, 2)
(3453, 3)
(96227654973, 2)
(3457, 3)
(96339126337, 2)
(3458, 0)
(96366994178, 0)
(3462, 3)
(96478465542, 2)
(3463, 4)
(96506333383, 1)
(3467, 4)
(96617804747, 4)
(3468, 4)
(96645672588, 4)
(3472, 1)
(96757143952, 1)
(3473, 0)
(96785011793, 0)
(3477, 2)
(96896483157, 2)
(3478, 4)
(96924350998, 4)
(3482, 4)
(97035822362, 4)
(3483, 3)
(97063690203, 3)
(3487, 2)
(97175161567, 2)
(3488, 0)
(97203029408, 0)
(3492, 0)
(97314500772, 0)
(3493, 3)
(97342368613, 3)
(3497, 2)
(97453839977, 3)
(3498, 0)
(97481707818, 0)
(3502, 4)
(97593179182, 1)
(3503, 2)
(97621047023, 3)
(3507, 3)
(97732518387, 2)
(3508, 0)
(97760386228, 0)
(3512, 0)
(97871857592, 0)
(3513, 4)
(97899725433, 4)
(3517, 0)
(98011196797, 0)
(3518, 3)
(98039064638, 2)
(3522, 3)
(98150536002, 3)
(3523, 4)
(98178403843, 4)
(3527, 0)
(98289875207, 0)
(3528, 0)
(98317743048, 0)
(3532, 1)
(98429214412, 4)
(3533, 0)
(98457082253, 0)
(3537, 3)
(98568553617, 2)
(3538, 3)
(98596421458, 2)
(3542, 2)
(98707892822, 2)
(3543, 3)
(98735760663, 2)
(3547, 4)
(98847232027, 4)
(3548, 2)
(98875099868, 2)
(3552, 4)
(98986571232, 4)
(3553, 1)
(99014439073, 4)
(3557, 4)
(99125910437, 4)
(3558, 3)
(99153778278, 3)
(3562, 2)
(99265249642, 2)
(3563, 3)
(99293117483, 2)
(3567, 0)
(99404588847, 0)
(3568, 2)
(99432456688, 2)
