(2, 4)
(60918722, 4)
(3, 3)
(91378083, 3)
(7, 4)
(213215527, 4)
(8, 0)
(243674888, 0)
(12, 4)
(365512332, 4)
(13, 3)
(395971693, 2)
(17, 4)
(517809137, 1)
(18, 3)
(548268498, 3)
(22, 3)
(670105942, 3)
(23, 3)
(700565303, 3)
(27, 3)
(822402747, 3)
(28, 3)
(852862108, 3)
(32, 2)
(974699552, 2)
(33, 1)
(1005158913, 1)
(37, 2)
(1126996357, 3)
(38, 1)
(1157455718, 4)
(42, 1)
(1279293162, 1)
(43, 4)
(1309752523, 1)
(47, 0)
(1431589967, 0)
(48, 4)
(1462049328, 4)
(52, 0)
(1583886772, 0)
(53, 4)
(1614346133, 4)
(57, 4)
(1736183577, 1)
(58, 2)
(1766642938, 2)
(62, 2)
(1888480382, 3)
(63, 0)
(1918939743, 0)
(67, 1)
(2040777187, 4)
(68, 0)
(2071236548, 0)
(72, 0)
(2193073992, 0)
(73, 1)
(2223533353, 4)
(77, 3)
(2345370797, 3)
(78, 4)
(2375830158, 1)
(82, 1)
(2497667602, 1)
(83, 2)
(2528126963, 3)
(87, 4)
(2649964407, 4)
(88, 0)
(2680423768, 0)
(92, 1)
(2802261212, 1)
(93, 1)
(2832720573, 4)
(97, 4)
(2954558017, 1)
(98, 4)
(2985017378, 4)
(102, 1)
(3106854822, 4)
(103, 0)
(3137314183, 0)
(107, 3)
(3259151627, 2)
(108, 4)
(3289610988, 4)
(112, 4)
(3411448432, 4)
(113, 2)
(3441907793, 2)
(117, 0)
(3563745237, 0)
(118, 1)
(3594204598, 1)
(122, 0)
(3716042042, 0)
(123, 3)
(3746501403, 3)
(127, 0)
(3868338847, 0)
(128, 4)
(3898798208, 4)
(132, 0)
(4020635652, 0)
(133, 1)
(4051095013, 4)
(137, 3)
(4172932457, 3)
(138, 3)
(4203391818, 3)
(142, 1)
(4325229262, 1)
(143, 0)
(4355688623, 0)
(147, 4)
(4477526067, 4)
(148, 0)
(4507985428, 0)
(152, 0)
(4629822872, 0)
(153, 3)
(4660282233, 2)
(157, 1)
(4782119677, 4)
(158, 3)
(4812579038, 3)
(162, 1)
(4934416482, 1)
(163, 4)
(4964875843, 1)
(167, 4)
(5086713287, 1)
(168, 0)
(5117172648, 0)
(172, 2)
(5239010092, 3)
(173, 1)
(5269469453, 4)
(177, 4)
(5391306897, 4)
(178, 3)
(5421766258, 3)
(182, 3)
(5543603702, 2)
(183, 3)
(5574063063, 2)
(187, 2)
(5695900507, 3)
(188, 0)
(5726359868, 0)
(192, 0)
(5848197312, 0)
(193, 1)
(5878656673, 4)
(197, 0)
(6000494117, 0)
(198, 0)
(6030953478, 0)
(202, 4)
(6152790922, 4)
(203, 1)
(6183250283, 1)
(207, 1)
(6305087727, 1)
(208, 1)
(6335547088, 4)
(212, 0)
(6457384532, 0)
(213, 2)
(6487843893, 2)
(217, 3)
(6609681337, 2)
(218, 0)
(6640140698, 0)
(222, 3)
(6761978142, 2)
(223, 2)
(6792437503, 2)
(227, 0)
(6914274947, 0)
(228, 0)
(6944734308, 0)
(232, 0)
(7066571752, 0)
(233, 3)
(7097031113, 2)
(237, 2)
(7218868557, 2)
(238, 3)
(7249327918, 2)
(242, 4)
(7371165362, 4)
(243, 4)
(7401624723, 4)
(247, 4)
(7523462167, 4)
(248, 0)
(7553921528, 0)
(252, 0)
(7675758972, 0)
(253, 1)
(7706218333, 1)
(257, 1)
(7828055777, 1)
(258, 3)
(7858515138, 2)
(262, 4)
(7980352582, 4)
(263, 3)
(8010811943, 3)
(267, 2)
(8132649387, 2)
(268, 3)
(8163108748, 2)
(272, 3)
(8284946192, 2)
(273, 2)
(8315405553, 3)
(277, 1)
(8437242997, 1)
(278, 4)
(8467702358, 4)
(282, 2)
(8589539802, 2)
(283, 2)
(8619999163, 2)
(287, 1)
(8741836607, 1)
(288, 4)
(8772295968, 4)
(292, 0)
(8894133412, 0)
(293, 2)
(8924592773, 3)
(297, 1)
(9046430217, 1)
(298, 1)
(9076889578, 1)
(302, 3)
(9198727022, 3)
(303, 0)
(9229186383, 0)
(307, 3)
(9351023827, 3)
(308, 0)
(9381483188, 0)
(312, 0)
(9503320632, 0)
(313, 2)
(9533779993, 2)
(317, 0)
(9655617437, 0)
(318, 2)
(9686076798, 2)
(322, 2)
(9807914242, 2)
(323, 1)
(9838373603, 1)
(327, 3)
(9960211047, 2)
(328, 0)
(9990670408, 0)
(332, 1)
(10112507852, 4)
(333, 0)
(10142967213, 0)
(337, 3)
(10264804657, 2)
(338, 0)
(10295264018, 0)
(342, 2)
(10417101462, 3)
(343, 3)
(10447560823, 3)
(347, 0)
(10569398267, 0)
(348, 3)
(10599857628, 3)
(352, 4)
(10721695072, 4)
(353, 4)
(10752154433, 1)
(357, 3)
(10873991877, 2)
(358, 1)
(10904451238, 4)
(362, 2)
(11026288682, 3)
(363, 4)
(11056748043, 4)
(367, 1)
(11178585487, 4)
(368, 3)
(11209044848, 3)
(372, 0)
(11330882292, 0)
(373, 0)
(11361341653, 0)
(377, 1)
(11483179097, 4)
(378, 1)
(11513638458, 1)
(382, 2)
(11635475902, 2)
(383, 2)
(11665935263, 2)
(387, 0)
(11787772707, 0)
(388, 0)
(11818232068, 0)
(392, 0)
(11940069512, 0)
(393, 3)
(11970528873, 3)
(397, 1)
(12092366317, 4)
(398, 0)
(12122825678, 0)
(402, 4)
(12244663122, 1)
(403, 3)
(12275122483, 3)
(407, 4)
(12396959927, 1)
(408, 0)
(12427419288, 0)
(412, 0)
(12549256732, 0)
(413, 0)
(12579716093, 0)
(417, 2)
(12701553537, 2)
(418, 3)
(12732012898, 2)
(422, 0)
(12853850342, 0)
(423, 0)
(12884309703, 0)
(427, 2)
(13006147147, 3)
(428, 4)
(13036606508, 1)
(432, 4)
(13158443952, 4)
(433, 3)
(13188903313, 2)
(437, 0)
(13310740757, 0)
(438, 3)
(13341200118, 2)
(442, 2)
(13463037562, 2)
(443, 0)
(13493496923, 0)
(447, 1)
(13615334367, 1)
(448, 2)
(13645793728, 2)
(452, 0)
(13767631172, 0)
(453, 3)
(13798090533, 3)
(457, 3)
(13919927977, 2)
(458, 1)
(13950387338, 4)
(462, 2)
(14072224782, 2)
(463, 2)
(14102684143, 3)
(467, 2)
(14224521587, 3)
(468, 0)
(14254980948, 0)
(472, 0)
(14376818392, 0)
(473, 3)
(14407277753, 2)
(477, 3)
(14529115197, 3)
(478, 3)
(14559574558, 2)
(482, 0)
(14681412002, 0)
(483, 1)
(14711871363, 1)
(487, 3)
(14833708807, 2)
(488, 0)
(14864168168, 0)
(492, 4)
(14986005612, 4)
(493, 3)
(15016464973, 2)
(497, 4)
(15138302417, 4)
(498, 3)
(15168761778, 2)
(502, 1)
(15290599222, 1)
(503, 1)
(15321058583, 1)
(507, 1)
(15442896027, 1)
(508, 0)
(15473355388, 0)
(512, 4)
(15595192832, 4)
(513, 4)
(15625652193, 1)
(517, 2)
(15747489637, 2)
(518, 1)
(15777948998, 4)
(522, 0)
(15899786442, 0)
(523, 0)
(15930245803, 0)
(527, 2)
(16052083247, 2)
(528, 2)
(16082542608, 2)
(532, 0)
(16204380052, 0)
(533, 3)
(16234839413, 2)
(537, 2)
(16356676857, 3)
(538, 0)
(16387136218, 0)
(542, 1)
(16508973662, 4)
(543, 2)
(16539433023, 3)
(547, 3)
(16661270467, 2)
(548, 0)
(16691729828, 0)
(552, 0)
(16813567272, 0)
(553, 2)
(16844026633, 2)
(557, 3)
(16965864077, 2)
(558, 4)
(16996323438, 1)
(562, 2)
(17118160882, 2)
(563, 1)
(17148620243, 4)
(567, 3)
(17270457687, 3)
(568, 0)
(17300917048, 0)
(572, 0)
(17422754492, 0)
(573, 4)
(17453213853, 4)
(577, 3)
(17575051297, 3)
(578, 2)
(17605510658, 2)
(582, 4)
(17727348102, 1)
(583, 3)
(17757807463, 3)
(587, 2)
(17879644907, 3)
(588, 2)
(17910104268, 2)
(592, 4)
(18031941712, 1)
(593, 1)
(18062401073, 1)
(597, 2)
(18184238517, 2)
(598, 3)
(18214697878, 2)
(602, 1)
(18336535322, 4)
(603, 0)
(18366994683, 0)
(607, 2)
(18488832127, 3)
(608, 3)
(18519291488, 2)
(612, 0)
(18641128932, 0)
(613, 0)
(18671588293, 0)
(617, 2)
(18793425737, 3)
(618, 2)
(18823885098, 3)
(622, 3)
(18945722542, 3)
(623, 2)
(18976181903, 2)
(627, 4)
(19098019347, 1)
(628, 0)
(19128478708, 0)
(632, 0)
(19250316152, 0)
(633, 0)
(19280775513, 0)
(637, 4)
(19402612957, 1)
(638, 0)
(19433072318, 0)
(642, 4)
(19554909762, 1)
(643, 2)
(19585369123, 3)
(647, 2)
(19707206567, 3)
(648, 0)
(19737665928, 0)
(652, 2)
(19859503372, 3)
(653, 1)
(19889962733, 4)
(657, 0)
(20011800177, 0)
(658, 3)
(20042259538, 3)
(662, 3)
(20164096982, 2)
(663, 1)
(20194556343, 1)
(667, 4)
(20316393787, 4)
(668, 3)
(20346853148, 2)
(672, 3)
(20468690592, 3)
(673, 3)
(20499149953, 2)
(677, 0)
(20620987397, 0)
(678, 0)
(20651446758, 0)
(682, 3)
(20773284202, 2)
(683, 0)
(20803743563, 0)
(687, 3)
(20925581007, 2)
(688, 2)
(20956040368, 3)
(692, 0)
(21077877812, 0)
(693, 1)
(21108337173, 1)
(697, 3)
(21230174617, 2)
(698, 1)
(21260633978, 4)
(702, 4)
(21382471422, 1)
(703, 4)
(21412930783, 4)
(707, 1)
(21534768227, 1)
(708, 0)
(21565227588, 0)
(712, 0)
(21687065032, 0)
(713, 1)
(21717524393, 4)
(717, 1)
(21839361837, 4)
(718, 2)
(21869821198, 2)
(722, 1)
(21991658642, 1)
(723, 1)
(22022118003, 1)
(727, 2)
(22143955447, 2)
(728, 0)
(22174414808, 0)
(732, 1)
(22296252252, 4)
(733, 1)
(22326711613, 1)
(737, 0)
(22448549057, 0)
(738, 0)
(22479008418, 0)
(742, 2)
(22600845862, 2)
(743, 1)
(22631305223, 4)
(747, 4)
(22753142667, 1)
(748, 1)
(22783602028, 4)
(752, 0)
(22905439472, 0)
(753, 3)
(22935898833, 3)
(757, 0)
(23057736277, 0)
(758, 2)
(23088195638, 3)
(762, 3)
(23210033082, 3)
(763, 1)
(23240492443, 4)
(767, 3)
(23362329887, 2)
(768, 2)
(23392789248, 2)
(772, 0)
(23514626692, 0)
(773, 4)
(23545086053, 1)
(777, 1)
(23666923497, 4)
(778, 4)
(23697382858, 4)
(782, 1)
(23819220302, 4)
(783, 4)
(23849679663, 4)
(787, 0)
(23971517107, 0)
(788, 0)
(24001976468, 0)
(792, 0)
(24123813912, 0)
(793, 2)
(24154273273, 2)
(797, 0)
(24276110717, 0)
(798, 1)
(24306570078, 4)
(802, 3)
(24428407522, 2)
(803, 0)
(24458866883, 0)
(807, 1)
(24580704327, 4)
(808, 0)
(24611163688, 0)
(812, 3)
(24733001132, 3)
(813, 3)
(24763460493, 2)
(817, 2)
(24885297937, 2)
(818, 3)
(24915757298, 3)
(822, 0)
(25037594742, 0)
(823, 4)
(25068054103, 4)
(827, 2)
(25189891547, 2)
(828, 2)
(25220350908, 2)
(832, 2)
(25342188352, 3)
(833, 2)
(25372647713, 3)
(837, 1)
(25494485157, 4)
(838, 4)
(25524944518, 4)
(842, 4)
(25646781962, 4)
(843, 4)
(25677241323, 4)
(847, 4)
(25799078767, 4)
(848, 3)
(25829538128, 3)
(852, 0)
(25951375572, 0)
(853, 0)
(25981834933, 0)
(857, 2)
(26103672377, 2)
(858, 1)
(26134131738, 4)
(862, 2)
(26255969182, 3)
(863, 1)
(26286428543, 1)
(867, 3)
(26408265987, 3)
(868, 0)
(26438725348, 0)
(872, 0)
(26560562792, 0)
(873, 0)
(26591022153, 0)
(877, 0)
(26712859597, 0)
(878, 0)
(26743318958, 0)
(882, 3)
(26865156402, 3)
(883, 2)
(26895615763, 3)
(887, 1)
(27017453207, 1)
(888, 0)
(27047912568, 0)
(892, 4)
(27169750012, 4)
(893, 2)
(27200209373, 3)
(897, 1)
(27322046817, 4)
(898, 2)
(27352506178, 3)
(902, 2)
(27474343622, 2)
(903, 1)
(27504802983, 4)
(907, 3)
(27626640427, 2)
(908, 0)
(27657099788, 0)
(912, 3)
(27778937232, 2)
(913, 3)
(27809396593, 2)
(917, 0)
(27931234037, 0)
(918, 1)
(27961693398, 4)
(922, 2)
(28083530842, 3)
(923, 0)
(28113990203, 0)
(927, 0)
(28235827647, 0)
(928, 1)
(28266287008, 1)
(932, 0)
(28388124452, 0)
(933, 4)
(28418583813, 4)
(937, 0)
(28540421257, 0)
(938, 1)
(28570880618, 4)
(942, 3)
(28692718062, 2)
(943, 1)
(28723177423, 1)
(947, 0)
(28845014867, 0)
(948, 0)
(28875474228, 0)
(952, 0)
(28997311672, 0)
(953, 3)
(29027771033, 3)
(957, 1)
(29149608477, 1)
(958, 1)
(29180067838, 4)
(962, 2)
(29301905282, 2)
(963, 1)
(29332364643, 4)
(967, 4)
(29454202087, 4)
(968, 0)
(29484661448, 0)
(972, 2)
(29606498892, 2)
(973, 3)
(29636958253, 3)
(977, 0)
(29758795697, 0)
(978, 4)
(29789255058, 1)
(982, 0)
(29911092502, 0)
(983, 2)
(29941551863, 3)
(987, 3)
(30063389307, 3)
(988, 3)
(30093848668, 3)
(992, 1)
(30215686112, 4)
(993, 3)
(30246145473, 2)
(997, 4)
(30367982917, 1)
(998, 1)
(30398442278, 4)
(1002, 4)
(30520279722, 1)
(1003, 1)
(30550739083, 4)
(1007, 0)
(30672576527, 0)
(1008, 0)
(30703035888, 0)
(1012, 0)
(30824873332, 0)
(1013, 4)
(30855332693, 4)
(1017, 4)
(30977170137, 4)
(1018, 3)
(31007629498, 3)
(1022, 3)
(31129466942, 2)
(1023, 1)
(31159926303, 4)
(1027, 4)
(31281763747, 1)
(1028, 0)
(31312223108, 0)
(1032, 0)
(31434060552, 0)
(1033, 3)
(31464519913, 2)
(1037, 0)
(31586357357, 0)
(1038, 2)
(31616816718, 3)
(1042, 3)
(31738654162, 3)
(1043, 2)
(31769113523, 2)
(1047, 4)
(31890950967, 1)
(1048, 0)
(31921410328, 0)
(1052, 1)
(32043247772, 1)
(1053, 1)
(32073707133, 4)
(1057, 1)
(32195544577, 1)
(1058, 0)
(32226003938, 0)
(1062, 0)
(32347841382, 0)
(1063, 4)
(32378300743, 4)
(1067, 2)
(32500138187, 3)
(1068, 1)
(32530597548, 1)
(1072, 3)
(32652434992, 2)
(1073, 1)
(32682894353, 4)
(1077, 4)
(32804731797, 4)
(1078, 3)
(32835191158, 3)
(1082, 3)
(32957028602, 3)
(1083, 2)
(32987487963, 2)
(1087, 1)
(33109325407, 4)
(1088, 1)
(33139784768, 4)
(1092, 0)
(33261622212, 0)
(1093, 0)
(33292081573, 0)
(1097, 1)
(33413919017, 1)
(1098, 0)
(33444378378, 0)
(1102, 0)
(33566215822, 0)
(1103, 3)
(33596675183, 2)
(1107, 3)
(33718512627, 3)
(1108, 0)
(33748971988, 0)
(1112, 0)
(33870809432, 0)
(1113, 4)
(33901268793, 4)
(1117, 4)
(34023106237, 4)
(1118, 1)
(34053565598, 1)
(1122, 4)
(34175403042, 1)
(1123, 0)
(34205862403, 0)
(1127, 3)
(34327699847, 3)
(1128, 0)
(34358159208, 0)
(1132, 1)
(34479996652, 1)
(1133, 2)
(34510456013, 3)
(1137, 0)
(34632293457, 0)
(1138, 2)
(34662752818, 3)
(1142, 2)
(34784590262, 2)
(1143, 0)
(34815049623, 0)
(1147, 1)
(34936887067, 1)
(1148, 2)
(34967346428, 2)
(1152, 3)
(35089183872, 3)
(1153, 4)
(35119643233, 4)
(1157, 3)
(35241480677, 2)
(1158, 4)
(35271940038, 1)
(1162, 3)
(35393777482, 2)
(1163, 3)
(35424236843, 2)
(1167, 3)
(35546074287, 3)
(1168, 2)
(35576533648, 3)
(1172, 0)
(35698371092, 0)
(1173, 1)
(35728830453, 4)
(1177, 2)
(35850667897, 3)
(1178, 1)
(35881127258, 1)
(1182, 0)
(36002964702, 0)
(1183, 0)
(36033424063, 0)
(1187, 4)
(36155261507, 1)
(1188, 0)
(36185720868, 0)
(1192, 0)
(36307558312, 0)
(1193, 4)
(36338017673, 4)
(1197, 0)
(36459855117, 0)
(1198, 2)
(36490314478, 3)
(1202, 1)
(36612151922, 4)
(1203, 4)
(36642611283, 1)
(1207, 2)
(36764448727, 3)
(1208, 0)
(36794908088, 0)
(1212, 0)
(36916745532, 0)
(1213, 0)
(36947204893, 0)
(1217, 2)
(37069042337, 2)
(1218, 4)
(37099501698, 4)
(1222, 3)
(37221339142, 2)
(1223, 0)
(37251798503, 0)
(1227, 4)
(37373635947, 4)
(1228, 4)
(37404095308, 4)
(1232, 1)
(37525932752, 1)
(1233, 1)
(37556392113, 1)
(1237, 4)
(37678229557, 1)
(1238, 2)
(37708688918, 3)
(1242, 3)
(37830526362, 3)
(1243, 1)
(37860985723, 1)
(1247, 4)
(37982823167, 1)
(1248, 2)
(38013282528, 3)
(1252, 0)
(38135119972, 0)
(1253, 3)
(38165579333, 2)
(1257, 0)
(38287416777, 0)
(1258, 2)
(38317876138, 2)
(1262, 4)
(38439713582, 4)
(1263, 0)
(38470172943, 0)
(1267, 1)
(38592010387, 4)
(1268, 0)
(38622469748, 0)
(1272, 0)
(38744307192, 0)
(1273, 0)
(38774766553, 0)
(1277, 4)
(38896603997, 1)
(1278, 0)
(38927063358, 0)
(1282, 3)
(39048900802, 3)
(1283, 4)
(39079360163, 4)
(1287, 0)
(39201197607, 0)
(1288, 0)
(39231656968, 0)
(1292, 3)
(39353494412, 3)
(1293, 1)
(39383953773, 4)
(1297, 2)
(39505791217, 2)
(1298, 2)
(39536250578, 2)
(1302, 4)
(39658088022, 1)
(1303, 1)
(39688547383, 4)
(1307, 1)
(39810384827, 1)
(1308, 1)
(39840844188, 4)
(1312, 3)
(39962681632, 3)
(1313, 1)
(39993140993, 4)
(1317, 0)
(40114978437, 0)
(1318, 0)
(40145437798, 0)
(1322, 3)
(40267275242, 2)
(1323, 4)
(40297734603, 4)
(1327, 0)
(40419572047, 0)
(1328, 1)
(40450031408, 4)
(1332, 0)
(40571868852, 0)
(1333, 0)
(40602328213, 0)
(1337, 4)
(40724165657, 4)
(1338, 0)
(40754625018, 0)
(1342, 0)
(40876462462, 0)
(1343, 4)
(40906921823, 1)
(1347, 1)
(41028759267, 4)
(1348, 0)
(41059218628, 0)
(1352, 0)
(41181056072, 0)
(1353, 4)
(41211515433, 4)
(1357, 1)
(41333352877, 1)
(1358, 4)
(41363812238, 1)
(1362, 1)
(41485649682, 4)
(1363, 4)
(41516109043, 4)
(1367, 0)
(41637946487, 0)
(1368, 0)
(41668405848, 0)
(1372, 1)
(41790243292, 1)
(1373, 2)
(41820702653, 3)
(1377, 1)
(41942540097, 4)
(1378, 0)
(41972999458, 0)
(1382, 2)
(42094836902, 2)
(1383, 3)
(42125296263, 2)
(1387, 4)
(42247133707, 4)
(1388, 0)
(42277593068, 0)
(1392, 4)
(42399430512, 4)
(1393, 4)
(42429889873, 4)
(1397, 4)
(42551727317, 4)
(1398, 0)
(42582186678, 0)
(1402, 1)
(42704024122, 1)
(1403, 1)
(42734483483, 4)
(1407, 1)
(42856320927, 4)
(1408, 3)
(42886780288, 3)
(1412, 0)
(43008617732, 0)
(1413, 0)
(43039077093, 0)
(1417, 1)
(43160914537, 1)
(1418, 4)
(43191373898, 1)
(1422, 1)
(43313211342, 1)
(1423, 4)
(43343670703, 1)
(1427, 0)
(43465508147, 0)
(1428, 0)
(43495967508, 0)
(1432, 0)
(43617804952, 0)
(1433, 4)
(43648264313, 4)
(1437, 4)
(43770101757, 1)
(1438, 1)
(43800561118, 4)
(1442, 1)
(43922398562, 4)
(1443, 2)
(43952857923, 2)
(1447, 2)
(44074695367, 3)
(1448, 0)
(44105154728, 0)
(1452, 2)
(44226992172, 2)
(1453, 1)
(44257451533, 4)
(1457, 4)
(44379288977, 1)
(1458, 2)
(44409748338, 2)
(1462, 4)
(44531585782, 4)
(1463, 2)
(44562045143, 3)
(1467, 0)
(44683882587, 0)
(1468, 2)
(44714341948, 3)
(1472, 4)
(44836179392, 4)
(1473, 2)
(44866638753, 3)
(1477, 1)
(44988476197, 1)
(1478, 0)
(45018935558, 0)
(1482, 1)
(45140773002, 1)
(1483, 3)
(45171232363, 3)
(1487, 3)
(45293069807, 2)
(1488, 2)
(45323529168, 3)
(1492, 0)
(45445366612, 0)
(1493, 3)
(45475825973, 3)
(1497, 0)
(45597663417, 0)
(1498, 1)
(45628122778, 4)
(1502, 1)
(45749960222, 4)
(1503, 3)
(45780419583, 2)
(1507, 4)
(45902257027, 4)
(1508, 0)
(45932716388, 0)
(1512, 0)
(46054553832, 0)
(1513, 4)
(46085013193, 1)
(1517, 3)
(46206850637, 2)
(1518, 4)
(46237309998, 4)
(1522, 0)
(46359147442, 0)
(1523, 3)
(46389606803, 3)
(1527, 1)
(46511444247, 1)
(1528, 0)
(46541903608, 0)
(1532, 4)
(46663741052, 4)
(1533, 1)
(46694200413, 4)
(1537, 1)
(46816037857, 1)
(1538, 4)
(46846497218, 4)
(1542, 0)
(46968334662, 0)
(1543, 4)
(46998794023, 1)
(1547, 2)
(47120631467, 2)
(1548, 0)
(47151090828, 0)
(1552, 3)
(47272928272, 2)
(1553, 0)
(47303387633, 0)
(1557, 2)
(47425225077, 3)
(1558, 2)
(47455684438, 3)
(1562, 2)
(47577521882, 2)
(1563, 4)
(47607981243, 4)
(1567, 0)
(47729818687, 0)
(1568, 2)
(47760278048, 2)
(1572, 0)
(47882115492, 0)
(1573, 3)
(47912574853, 2)
(1577, 3)
(48034412297, 3)
(1578, 1)
(48064871658, 1)
(1582, 4)
(48186709102, 4)
(1583, 3)
(48217168463, 2)
(1587, 0)
(48339005907, 0)
(1588, 0)
(48369465268, 0)
(1592, 0)
(48491302712, 0)
(1593, 4)
(48521762073, 4)
(1597, 4)
(48643599517, 4)
(1598, 2)
(48674058878, 3)
(1602, 0)
(48795896322, 0)
(1603, 4)
(48826355683, 1)
(1607, 3)
(48948193127, 3)
(1608, 0)
(48978652488, 0)
(1612, 4)
(49100489932, 4)
(1613, 3)
(49130949293, 3)
(1617, 3)
(49252786737, 3)
(1618, 2)
(49283246098, 2)
(1622, 0)
(49405083542, 0)
(1623, 3)
(49435542903, 3)
(1627, 2)
(49557380347, 3)
(1628, 3)
(49587839708, 2)
(1632, 3)
(49709677152, 2)
(1633, 4)
(49740136513, 4)
(1637, 3)
(49861973957, 3)
(1638, 1)
(49892433318, 4)
(1642, 1)
(50014270762, 4)
(1643, 0)
(50044730123, 0)
(1647, 3)
(50166567567, 2)
(1648, 0)
(50197026928, 0)
(1652, 0)
(50318864372, 0)
(1653, 4)
(50349323733, 1)
(1657, 1)
(50471161177, 4)
(1658, 2)
(50501620538, 2)
(1662, 0)
(50623457982, 0)
(1663, 2)
(50653917343, 3)
(1667, 3)
(50775754787, 3)
(1668, 0)
(50806214148, 0)
(1672, 0)
(50928051592, 0)
(1673, 3)
(50958510953, 2)
(1677, 1)
(51080348397, 1)
(1678, 0)
(51110807758, 0)
(1682, 4)
(51232645202, 4)
(1683, 0)
(51263104563, 0)
(1687, 2)
(51384942007, 2)
(1688, 0)
(51415401368, 0)
(1692, 0)
(51537238812, 0)
(1693, 3)
(51567698173, 2)
(1697, 3)
(51689535617, 3)
(1698, 1)
(51719994978, 1)
(1702, 0)
(51841832422, 0)
(1703, 3)
(51872291783, 2)
(1707, 0)
(51994129227, 0)
(1708, 1)
(52024588588, 4)
(1712, 4)
(52146426032, 1)
(1713, 4)
(52176885393, 4)
(1717, 1)
(52298722837, 4)
(1718, 1)
(52329182198, 1)
(1722, 1)
(52451019642, 1)
(1723, 0)
(52481479003, 0)
(1727, 4)
(52603316447, 1)
(1728, 0)
(52633775808, 0)
(1732, 0)
(52755613252, 0)
(1733, 1)
(52786072613, 4)
(1737, 0)
(52907910057, 0)
(1738, 1)
(52938369418, 1)
(1742, 1)
(53060206862, 1)
(1743, 4)
(53090666223, 1)
(1747, 0)
(53212503667, 0)
(1748, 0)
(53242963028, 0)
(1752, 0)
(53364800472, 0)
(1753, 0)
(53395259833, 0)
(1757, 3)
(53517097277, 3)
(1758, 0)
(53547556638, 0)
(1762, 1)
(53669394082, 1)
(1763, 3)
(53699853443, 2)
(1767, 3)
(53821690887, 3)
(1768, 0)
(53852150248, 0)
(1772, 0)
(53973987692, 0)
(1773, 0)
(54004447053, 0)
(1777, 4)
(54126284497, 1)
(1778, 0)
(54156743858, 0)
(1782, 1)
(54278581302, 1)
(1783, 2)
(54309040663, 2)
(1787, 2)
(54430878107, 3)
(1788, 2)
(54461337468, 2)
(1792, 1)
(54583174912, 1)
(1793, 4)
(54613634273, 1)
(1797, 4)
(54735471717, 1)
(1798, 0)
(54765931078, 0)
(1802, 3)
(54887768522, 2)
(1803, 2)
(54918227883, 3)
(1807, 3)
(55040065327, 2)
(1808, 4)
(55070524688, 4)
(1812, 0)
(55192362132, 0)
(1813, 2)
(55222821493, 3)
(1817, 0)
(55344658937, 0)
(1818, 0)
(55375118298, 0)
(1822, 4)
(55496955742, 1)
(1823, 0)
(55527415103, 0)
(1827, 2)
(55649252547, 2)
(1828, 0)
(55679711908, 0)
(1832, 0)
(55801549352, 0)
(1833, 1)
(55832008713, 4)
(1837, 4)
(55953846157, 1)
(1838, 3)
(55984305518, 2)
(1842, 4)
(56106142962, 4)
(1843, 4)
(56136602323, 4)
(1847, 2)
(56258439767, 2)
(1848, 0)
(56288899128, 0)
(1852, 4)
(56410736572, 1)
(1853, 4)
(56441195933, 4)
(1857, 0)
(56563033377, 0)
(1858, 0)
(56593492738, 0)
(1862, 3)
(56715330182, 2)
(1863, 2)
(56745789543, 2)
(1867, 0)
(56867626987, 0)
(1868, 1)
(56898086348, 4)
(1872, 0)
(57019923792, 0)
(1873, 3)
(57050383153, 3)
(1877, 4)
(57172220597, 4)
(1878, 4)
(57202679958, 4)
(1882, 2)
(57324517402, 2)
(1883, 1)
(57354976763, 4)
(1887, 0)
(57476814207, 0)
(1888, 3)
(57507273568, 3)
(1892, 0)
(57629111012, 0)
(1893, 0)
(57659570373, 0)
(1897, 1)
(57781407817, 4)
(1898, 3)
(57811867178, 3)
(1902, 4)
(57933704622, 1)
(1903, 2)
(57964163983, 3)
(1907, 3)
(58086001427, 3)
(1908, 0)
(58116460788, 0)
(1912, 0)
(58238298232, 0)
(1913, 4)
(58268757593, 4)
(1917, 2)
(58390595037, 2)
(1918, 1)
(58421054398, 1)
(1922, 2)
(58542891842, 2)
(1923, 0)
(58573351203, 0)
(1927, 2)
(58695188647, 2)
(1928, 0)
(58725648008, 0)
(1932, 3)
(58847485452, 3)
(1933, 2)
(58877944813, 2)
(1937, 3)
(58999782257, 2)
(1938, 2)
(59030241618, 2)
(1942, 3)
(59152079062, 3)
(1943, 2)
(59182538423, 3)
(1947, 3)
(59304375867, 3)
(1948, 1)
(59334835228, 4)
(1952, 0)
(59456672672, 0)
(1953, 0)
(59487132033, 0)
(1957, 1)
(59608969477, 1)
(1958, 2)
(59639428838, 2)
(1962, 0)
(59761266282, 0)
(1963, 4)
(59791725643, 1)
(1967, 4)
(59913563087, 4)
(1968, 4)
(59944022448, 4)
(1972, 0)
(60065859892, 0)
(1973, 3)
(60096319253, 3)
(1977, 1)
(60218156697, 4)
(1978, 2)
(60248616058, 3)
(1982, 1)
(60370453502, 4)
(1983, 1)
(60400912863, 4)
(1987, 2)
(60522750307, 2)
(1988, 0)
(60553209668, 0)
(1992, 0)
(60675047112, 0)
(1993, 1)
(60705506473, 1)
(1997, 2)
(60827343917, 2)
(1998, 3)
(60857803278, 2)
(2002, 4)
(60979640722, 1)
(2003, 1)
(61010100083, 1)
(2007, 0)
(61131937527, 0)
(2008, 0)
(61162396888, 0)
(2012, 2)
(61284234332, 2)
(2013, 4)
(61314693693, 1)
(2017, 2)
(61436531137, 3)
(2018, 3)
(61466990498, 2)
(2022, 1)
(61588827942, 4)
(2023, 4)
(61619287303, 4)
(2027, 1)
(61741124747, 1)
(2028, 3)
(61771584108, 3)
(2032, 0)
(61893421552, 0)
(2033, 2)
(61923880913, 2)
(2037, 4)
(62045718357, 1)
(2038, 3)
(62076177718, 2)
(2042, 0)
(62198015162, 0)
(2043, 0)
(62228474523, 0)
(2047, 2)
(62350311967, 2)
(2048, 0)
(62380771328, 0)
(2052, 0)
(62502608772, 0)
(2053, 2)
(62533068133, 2)
(2057, 4)
(62654905577, 1)
(2058, 2)
(62685364938, 2)
(2062, 3)
(62807202382, 3)
(2063, 0)
(62837661743, 0)
(2067, 3)
(62959499187, 2)
(2068, 0)
(62989958548, 0)
(2072, 0)
(63111795992, 0)
(2073, 0)
(63142255353, 0)
(2077, 1)
(63264092797, 1)
(2078, 0)
(63294552158, 0)
(2082, 1)
(63416389602, 1)
(2083, 3)
(63446848963, 2)
(2087, 0)
(63568686407, 0)
(2088, 0)
(63599145768, 0)
(2092, 0)
(63720983212, 0)
(2093, 0)
(63751442573, 0)
(2097, 1)
(63873280017, 4)
(2098, 4)
(63903739378, 1)
(2102, 4)
(64025576822, 1)
(2103, 4)
(64056036183, 4)
(2107, 4)
(64177873627, 1)
(2108, 4)
(64208332988, 4)
(2112, 4)
(64330170432, 4)
(2113, 4)
(64360629793, 4)
(2117, 1)
(64482467237, 4)
(2118, 0)
(64512926598, 0)
(2122, 2)
(64634764042, 2)
(2123, 1)
(64665223403, 4)
(2127, 2)
(64787060847, 3)
(2128, 2)
(64817520208, 3)
(2132, 0)
(64939357652, 0)
(2133, 2)
(64969817013, 2)
(2137, 1)
(65091654457, 1)
(2138, 2)
(65122113818, 3)
(2142, 0)
(65243951262, 0)
(2143, 3)
(65274410623, 2)
(2147, 4)
(65396248067, 1)
(2148, 0)
(65426707428, 0)
(2152, 0)
(65548544872, 0)
(2153, 3)
(65579004233, 3)
(2157, 4)
(65700841677, 1)
(2158, 0)
(65731301038, 0)
(2162, 4)
(65853138482, 4)
(2163, 2)
(65883597843, 3)
(2167, 2)
(66005435287, 3)
(2168, 0)
(66035894648, 0)
(2172, 4)
(66157732092, 1)
(2173, 0)
(66188191453, 0)
(2177, 0)
(66310028897, 0)
(2178, 3)
(66340488258, 3)
(2182, 3)
(66462325702, 2)
(2183, 2)
(66492785063, 3)
(2187, 0)
(66614622507, 0)
(2188, 4)
(66645081868, 1)
(2192, 1)
(66766919312, 1)
(2193, 1)
(66797378673, 1)
(2197, 3)
(66919216117, 2)
(2198, 1)
(66949675478, 4)
(2202, 0)
(67071512922, 0)
(2203, 0)
(67101972283, 0)
(2207, 1)
(67223809727, 4)
(2208, 4)
(67254269088, 4)
(2212, 0)
(67376106532, 0)
(2213, 3)
(67406565893, 3)
(2217, 3)
(67528403337, 3)
(2218, 1)
(67558862698, 4)
(2222, 3)
(67680700142, 3)
(2223, 0)
(67711159503, 0)
(2227, 1)
(67832996947, 4)
(2228, 0)
(67863456308, 0)
(2232, 0)
(67985293752, 0)
(2233, 4)
(68015753113, 4)
(2237, 0)
(68137590557, 0)
(2238, 3)
(68168049918, 2)
(2242, 4)
(68289887362, 1)
(2243, 0)
(68320346723, 0)
(2247, 0)
(68442184167, 0)
(2248, 0)
(68472643528, 0)
(2252, 3)
(68594480972, 2)
(2253, 4)
(68624940333, 1)
(2257, 4)
(68746777777, 4)
(2258, 3)
(68777237138, 3)
(2262, 1)
(68899074582, 4)
(2263, 2)
(68929533943, 2)
(2267, 1)
(69051371387, 1)
(2268, 1)
(69081830748, 1)
(2272, 3)
(69203668192, 3)
(2273, 2)
(69234127553, 3)
(2277, 0)
(69355964997, 0)
(2278, 4)
(69386424358, 4)
(2282, 0)
(69508261802, 0)
(2283, 4)
(69538721163, 1)
(2287, 1)
(69660558607, 4)
(2288, 0)
(69691017968, 0)
(2292, 0)
(69812855412, 0)
(2293, 1)
(69843314773, 4)
(2297, 0)
(69965152217, 0)
(2298, 2)
(69995611578, 2)
(2302, 4)
(70117449022, 4)
(2303, 0)
(70147908383, 0)
(2307, 3)
(70269745827, 3)
(2308, 0)
(70300205188, 0)
(2312, 0)
(70422042632, 0)
(2313, 2)
(70452501993, 2)
(2317, 4)
(70574339437, 1)
(2318, 1)
(70604798798, 1)
(2322, 3)
(70726636242, 2)
(2323, 2)
(70757095603, 2)
(2327, 2)
(70878933047, 2)
(2328, 0)
(70909392408, 0)
(2332, 1)
(71031229852, 1)
(2333, 1)
(71061689213, 4)
(2337, 2)
(71183526657, 3)
(2338, 4)
(71213986018, 1)
(2342, 3)
(71335823462, 3)
(2343, 2)
(71366282823, 2)
(2347, 0)
(71488120267, 0)
(2348, 1)
(71518579628, 4)
(2352, 2)
(71640417072, 2)
(2353, 4)
(71670876433, 4)
(2357, 2)
(71792713877, 3)
(2358, 0)
(71823173238, 0)
(2362, 4)
(71945010682, 1)
(2363, 0)
(71975470043, 0)
(2367, 1)
(72097307487, 1)
(2368, 3)
(72127766848, 2)
(2372, 0)
(72249604292, 0)
(2373, 1)
(72280063653, 1)
(2377, 1)
(72401901097, 1)
(2378, 0)
(72432360458, 0)
(2382, 2)
(72554197902, 3)
(2383, 4)
(72584657263, 1)
(2387, 2)
(72706494707, 3)
(2388, 0)
(72736954068, 0)
(2392, 0)
(72858791512, 0)
(2393, 0)
(72889250873, 0)
(2397, 2)
(73011088317, 3)
(2398, 0)
(73041547678, 0)
(2402, 0)
(73163385122, 0)
(2403, 2)
(73193844483, 2)
(2407, 0)
(73315681927, 0)
(2408, 0)
(73346141288, 0)
(2412, 0)
(73467978732, 0)
(2413, 1)
(73498438093, 4)
(2417, 1)
(73620275537, 4)
(2418, 4)
(73650734898, 4)
(2422, 0)
(73772572342, 0)
(2423, 3)
(73803031703, 3)
(2427, 4)
(73924869147, 4)
(2428, 4)
(73955328508, 1)
(2432, 1)
(74077165952, 4)
(2433, 0)
(74107625313, 0)
(2437, 3)
(74229462757, 3)
(2438, 3)
(74259922118, 3)
(2442, 3)
(74381759562, 2)
(2443, 4)
(74412218923, 1)
(2447, 3)
(74534056367, 2)
(2448, 1)
(74564515728, 4)
(2452, 0)
(74686353172, 0)
(2453, 3)
(74716812533, 3)
(2457, 2)
(74838649977, 3)
(2458, 3)
(74869109338, 3)
(2462, 3)
(74990946782, 3)
(2463, 4)
(75021406143, 1)
(2467, 2)
(75143243587, 2)
(2468, 0)
(75173702948, 0)
(2472, 0)
(75295540392, 0)
(2473, 0)
(75325999753, 0)
(2477, 3)
(75447837197, 2)
(2478, 2)
(75478296558, 2)
(2482, 1)
(75600134002, 1)
(2483, 0)
(75630593363, 0)
(2487, 0)
(75752430807, 0)
(2488, 0)
(75782890168, 0)
(2492, 4)
(75904727612, 4)
(2493, 0)
(75935186973, 0)
(2497, 3)
(76057024417, 2)
(2498, 0)
(76087483778, 0)
(2502, 3)
(76209321222, 3)
(2503, 1)
(76239780583, 1)
(2507, 4)
(76361618027, 1)
(2508, 2)
(76392077388, 3)
(2512, 2)
(76513914832, 3)
(2513, 3)
(76544374193, 3)
(2517, 4)
(76666211637, 4)
(2518, 0)
(76696670998, 0)
(2522, 4)
(76818508442, 4)
(2523, 3)
(76848967803, 3)
(2527, 4)
(76970805247, 4)
(2528, 4)
(77001264608, 4)
(2532, 0)
(77123102052, 0)
(2533, 4)
(77153561413, 1)
(2537, 0)
(77275398857, 0)
(2538, 2)
(77305858218, 2)
(2542, 4)
(77427695662, 1)
(2543, 0)
(77458155023, 0)
(2547, 0)
(77579992467, 0)
(2548, 0)
(77610451828, 0)
(2552, 0)
(77732289272, 0)
(2553, 1)
(77762748633, 4)
(2557, 3)
(77884586077, 2)
(2558, 4)
(77915045438, 1)
(2562, 1)
(78036882882, 4)
(2563, 4)
(78067342243, 1)
(2567, 1)
(78189179687, 4)
(2568, 0)
(78219639048, 0)
(2572, 1)
(78341476492, 4)
(2573, 1)
(78371935853, 1)
(2577, 0)
(78493773297, 0)
(2578, 1)
(78524232658, 4)
(2582, 0)
(78646070102, 0)
(2583, 2)
(78676529463, 2)
(2587, 3)
(78798366907, 2)
(2588, 4)
(78828826268, 1)
(2592, 3)
(78950663712, 3)
(2593, 1)
(78981123073, 1)
(2597, 4)
(79102960517, 4)
(2598, 4)
(79133419878, 1)
(2602, 4)
(79255257322, 1)
(2603, 0)
(79285716683, 0)
(2607, 2)
(79407554127, 2)
(2608, 2)
(79438013488, 3)
(2612, 0)
(79559850932, 0)
(2613, 1)
(79590310293, 1)
(2617, 2)
(79712147737, 2)
(2618, 0)
(79742607098, 0)
(2622, 1)
(79864444542, 4)
(2623, 2)
(79894903903, 2)
(2627, 2)
(80016741347, 3)
(2628, 0)
(80047200708, 0)
(2632, 0)
(80169038152, 0)
(2633, 3)
(80199497513, 2)
(2637, 4)
(80321334957, 1)
(2638, 0)
(80351794318, 0)
(2642, 3)
(80473631762, 2)
(2643, 0)
(80504091123, 0)
(2647, 0)
(80625928567, 0)
(2648, 0)
(80656387928, 0)
(2652, 2)
(80778225372, 2)
(2653, 1)
(80808684733, 4)
(2657, 2)
(80930522177, 3)
(2658, 4)
(80960981538, 1)
(2662, 1)
(81082818982, 1)
(2663, 3)
(81113278343, 3)
(2667, 3)
(81235115787, 3)
(2668, 2)
(81265575148, 2)
(2672, 4)
(81387412592, 1)
(2673, 3)
(81417871953, 3)
(2677, 2)
(81539709397, 3)
(2678, 0)
(81570168758, 0)
(2682, 0)
(81692006202, 0)
(2683, 0)
(81722465563, 0)
(2687, 4)
(81844303007, 1)
(2688, 1)
(81874762368, 1)
(2692, 0)
(81996599812, 0)
(2693, 3)
(82027059173, 3)
(2697, 4)
(82148896617, 1)
(2698, 4)
(82179355978, 1)
(2702, 2)
(82301193422, 3)
(2703, 3)
(82331652783, 2)
(2707, 2)
(82453490227, 3)
(2708, 0)
(82483949588, 0)
(2712, 0)
(82605787032, 0)
(2713, 1)
(82636246393, 1)
(2717, 2)
(82758083837, 2)
(2718, 1)
(82788543198, 1)
(2722, 0)
(82910380642, 0)
(2723, 3)
(82940840003, 3)
(2727, 0)
(83062677447, 0)
(2728, 0)
(83093136808, 0)
(2732, 0)
(83214974252, 0)
(2733, 3)
(83245433613, 2)
(2737, 1)
(83367271057, 4)
(2738, 4)
(83397730418, 4)
(2742, 3)
(83519567862, 2)
(2743, 0)
(83550027223, 0)
(2747, 3)
(83671864667, 2)
(2748, 1)
(83702324028, 4)
(2752, 0)
(83824161472, 0)
(2753, 2)
(83854620833, 2)
(2757, 4)
(83976458277, 1)
(2758, 4)
(84006917638, 1)
(2762, 4)
(84128755082, 4)
(2763, 0)
(84159214443, 0)
(2767, 4)
(84281051887, 4)
(2768, 2)
(84311511248, 3)
(2772, 0)
(84433348692, 0)
(2773, 4)
(84463808053, 4)
(2777, 0)
(84585645497, 0)
(2778, 1)
(84616104858, 4)
(2782, 2)
(84737942302, 2)
(2783, 4)
(84768401663, 4)
(2787, 1)
(84890239107, 1)
(2788, 0)
(84920698468, 0)
(2792, 0)
(85042535912, 0)
(2793, 4)
(85072995273, 1)
(2797, 3)
(85194832717, 3)
(2798, 4)
(85225292078, 4)
(2802, 1)
(85347129522, 4)
(2803, 1)
(85377588883, 1)
(2807, 3)
(85499426327, 2)
(2808, 0)
(85529885688, 0)
(2812, 3)
(85651723132, 3)
(2813, 0)
(85682182493, 0)
(2817, 0)
(85804019937, 0)
(2818, 0)
(85834479298, 0)
(2822, 2)
(85956316742, 2)
(2823, 1)
(85986776103, 1)
(2827, 3)
(86108613547, 3)
(2828, 3)
(86139072908, 3)
(2832, 3)
(86260910352, 3)
(2833, 3)
(86291369713, 3)
(2837, 1)
(86413207157, 4)
(2838, 0)
(86443666518, 0)
(2842, 2)
(86565503962, 2)
(2843, 0)
(86595963323, 0)
(2847, 3)
(86717800767, 3)
(2848, 4)
(86748260128, 4)
(2852, 0)
(86870097572, 0)
(2853, 0)
(86900556933, 0)
(2857, 0)
(87022394377, 0)
(2858, 3)
(87052853738, 2)
(2862, 2)
(87174691182, 2)
(2863, 2)
(87205150543, 2)
(2867, 2)
(87326987987, 3)
(2868, 0)
(87357447348, 0)
(2872, 0)
(87479284792, 0)
(2873, 3)
(87509744153, 2)
(2877, 0)
(87631581597, 0)
(2878, 1)
(87662040958, 1)
(2882, 1)
(87783878402, 1)
(2883, 3)
(87814337763, 3)
(2887, 0)
(87936175207, 0)
(2888, 0)
(87966634568, 0)
(2892, 3)
(88088472012, 3)
(2893, 4)
(88118931373, 4)
(2897, 1)
(88240768817, 1)
(2898, 0)
(88271228178, 0)
(2902, 2)
(88393065622, 3)
(2903, 4)
(88423524983, 4)
(2907, 2)
(88545362427, 2)
(2908, 4)
(88575821788, 4)
(2912, 4)
(88697659232, 1)
(2913, 2)
(88728118593, 2)
(2917, 2)
(88849956037, 2)
(2918, 4)
(88880415398, 1)
(2922, 1)
(89002252842, 4)
(2923, 4)
(89032712203, 1)
(2927, 4)
(89154549647, 1)
(2928, 3)
(89185009008, 2)
(2932, 0)
(89306846452, 0)
(2933, 1)
(89337305813, 1)
(2937, 4)
(89459143257, 4)
(2938, 4)
(89489602618, 1)
(2942, 0)
(89611440062, 0)
(2943, 3)
(89641899423, 2)
(2947, 3)
(89763736867, 3)
(2948, 0)
(89794196228, 0)
(2952, 0)
(89916033672, 0)
(2953, 1)
(89946493033, 4)
(2957, 4)
(90068330477, 4)
(2958, 2)
(90098789838, 3)
(2962, 4)
(90220627282, 4)
(2963, 2)
(90251086643, 3)
(2967, 1)
(90372924087, 4)
(2968, 0)
(90403383448, 0)
(2972, 2)
(90525220892, 3)
(2973, 2)
(90555680253, 3)
(2977, 4)
(90677517697, 4)
(2978, 0)
(90707977058, 0)
(2982, 1)
(90829814502, 1)
(2983, 0)
(90860273863, 0)
(2987, 0)
(90982111307, 0)
(2988, 2)
(91012570668, 3)
(2992, 1)
(91134408112, 4)
(2993, 2)
(91164867473, 3)
(2997, 4)
(91286704917, 1)
(2998, 3)
(91317164278, 3)
(3002, 4)
(91439001722, 1)
(3003, 2)
(91469461083, 3)
(3007, 0)
(91591298527, 0)
(3008, 0)
(91621757888, 0)
(3012, 0)
(91743595332, 0)
(3013, 3)
(91774054693, 3)
(3017, 3)
(91895892137, 2)
(3018, 4)
(91926351498, 4)
(3022, 2)
(92048188942, 2)
(3023, 2)
(92078648303, 2)
(3027, 2)
(92200485747, 3)
(3028, 0)
(92230945108, 0)
(3032, 0)
(92352782552, 0)
(3033, 0)
(92383241913, 0)
(3037, 3)
(92505079357, 2)
(3038, 1)
(92535538718, 4)
(3042, 0)
(92657376162, 0)
(3043, 3)
(92687835523, 3)
(3047, 2)
(92809672967, 2)
(3048, 0)
(92840132328, 0)
(3052, 3)
(92961969772, 2)
(3053, 0)
(92992429133, 0)
(3057, 3)
(93114266577, 2)
(3058, 2)
(93144725938, 2)
(3062, 4)
(93266563382, 4)
(3063, 1)
(93297022743, 4)
(3067, 2)
(93418860187, 2)
(3068, 1)
(93449319548, 4)
(3072, 4)
(93571156992, 4)
(3073, 1)
(93601616353, 4)
(3077, 4)
(93723453797, 4)
(3078, 4)
(93753913158, 1)
(3082, 0)
(93875750602, 0)
(3083, 2)
(93906209963, 3)
(3087, 0)
(94028047407, 0)
(3088, 2)
(94058506768, 3)
(3092, 0)
(94180344212, 0)
(3093, 2)
(94210803573, 2)
(3097, 3)
(94332641017, 3)
(3098, 4)
(94363100378, 4)
(3102, 1)
(94484937822, 1)
(3103, 0)
(94515397183, 0)
(3107, 3)
(94637234627, 3)
(3108, 0)
(94667693988, 0)
(3112, 0)
(94789531432, 0)
(3113, 1)
(94819990793, 1)
(3117, 0)
(94941828237, 0)
(3118, 0)
(94972287598, 0)
(3122, 3)
(95094125042, 3)
(3123, 0)
(95124584403, 0)
(3127, 1)
(95246421847, 1)
(3128, 0)
(95276881208, 0)
(3132, 3)
(95398718652, 3)
(3133, 0)
(95429178013, 0)
(3137, 1)
(95551015457, 1)
(3138, 4)
(95581474818, 1)
(3142, 0)
(95703312262, 0)
(3143, 1)
(95733771623, 4)
(3147, 0)
(95855609067, 0)
(3148, 0)
(95886068428, 0)
(3152, 0)
(96007905872, 0)
(3153, 4)
(96038365233, 1)
(3157, 4)
(96160202677, 4)
(3158, 2)
(96190662038, 2)
(3162, 0)
(96312499482, 0)
(3163, 1)
(96342958843, 4)
(3167, 2)
(96464796287, 3)
(3168, 0)
(96495255648, 0)
(3172, 0)
(96617093092, 0)
(3173, 0)
(96647552453, 0)
(3177, 3)
(96769389897, 2)
(3178, 0)
(96799849258, 0)
(3182, 2)
(96921686702, 2)
(3183, 4)
(96952146063, 4)
(3187, 2)
(97073983507, 3)
(3188, 0)
(97104442868, 0)
(3192, 0)
(97226280312, 0)
(3193, 4)
(97256739673, 4)
(3197, 4)
(97378577117, 4)
(3198, 2)
(97409036478, 3)
(3202, 1)
(97530873922, 1)
(3203, 4)
(97561333283, 4)
(3207, 3)
(97683170727, 2)
(3208, 0)
(97713630088, 0)
(3212, 0)
(97835467532, 0)
(3213, 3)
(97865926893, 2)
(3217, 1)
(97987764337, 4)
(3218, 1)
(98018223698, 1)
(3222, 0)
(98140061142, 0)
(3223, 0)
(98170520503, 0)
(3227, 4)
(98292357947, 1)
(3228, 2)
(98322817308, 3)
(3232, 2)
(98444654752, 2)
(3233, 4)
(98475114113, 1)
(3237, 2)
(98596951557, 2)
(3238, 3)
(98627410918, 3)
(3242, 3)
(98749248362, 2)
(3243, 2)
(98779707723, 2)
(3247, 3)
(98901545167, 2)
(3248, 3)
(98932004528, 3)
(3252, 0)
(99053841972, 0)
(3253, 1)
(99084301333, 1)
(3257, 1)
(99206138777, 1)
(3258, 4)
(99236598138, 1)
(3262, 3)
(99358435582, 2)
(3263, 3)
(99388894943, 2)
(3267, 4)
(99510732387, 4)
(3268, 0)
(99541191748, 0)
(3272, 0)
(99663029192, 0)
(3273, 4)
(99693488553, 1)
(3277, 3)
(99815325997, 3)
(3278, 1)
(99845785358, 1)
(3282, 0)
(99967622802, 0)
(3283, 1)
(99998082163, 4)
(3287, 1)
(100119919607, 1)
(3288, 0)
(100150378968, 0)
(3292, 3)
(100272216412, 3)
(3293, 1)
(100302675773, 4)
(3297, 0)
(100424513217, 0)
(3298, 1)
(100454972578, 1)
(3302, 1)
(100576810022, 4)
(3303, 0)
(100607269383, 0)
(3307, 4)
(100729106827, 1)
(3308, 1)
(100759566188, 1)
(3312, 1)
(100881403632, 1)
(3313, 1)
(100911862993, 1)
(3317, 1)
(101033700437, 1)
(3318, 2)
(101064159798, 2)
(3322, 4)
(101185997242, 4)
(3323, 3)
(101216456603, 3)
(3327, 4)
(101338294047, 1)
(3328, 2)
(101368753408, 3)
(3332, 0)
(101490590852, 0)
(3333, 3)
(101521050213, 3)
(3337, 4)
(101642887657, 4)
(3338, 0)
(101673347018, 0)
(3342, 4)
(101795184462, 1)
(3343, 4)
(101825643823, 4)
(3347, 1)
(101947481267, 1)
(3348, 0)
(101977940628, 0)
(3352, 0)
(102099778072, 0)
(3353, 0)
(102130237433, 0)
(3357, 0)
(102252074877, 0)
(3358, 2)
(102282534238, 3)
(3362, 4)
(102404371682, 4)
(3363, 4)
(102434831043, 1)
(3367, 0)
(102556668487, 0)
(3368, 0)
(102587127848, 0)
(3372, 2)
(102708965292, 2)
(3373, 4)
(102739424653, 4)
(3377, 3)
(102861262097, 3)
(3378, 4)
(102891721458, 1)
(3382, 0)
(103013558902, 0)
(3383, 1)
(103044018263, 4)
(3387, 2)
(103165855707, 2)
(3388, 3)
(103196315068, 3)
(3392, 1)
(103318152512, 1)
(3393, 2)
(103348611873, 3)
(3397, 0)
(103470449317, 0)
(3398, 3)
(103500908678, 2)
(3402, 3)
(103622746122, 3)
(3403, 2)
(103653205483, 3)
(3407, 3)
(103775042927, 2)
(3408, 4)
(103805502288, 4)
(3412, 0)
(103927339732, 0)
(3413, 3)
(103957799093, 3)
(3417, 4)
(104079636537, 4)
(3418, 2)
(104110095898, 3)
(3422, 3)
(104231933342, 3)
(3423, 0)
(104262392703, 0)
(3427, 1)
(104384230147, 1)
(3428, 0)
(104414689508, 0)
(3432, 0)
(104536526952, 0)
(3433, 1)
(104566986313, 4)
(3437, 2)
(104688823757, 3)
(3438, 0)
(104719283118, 0)
(3442, 0)
(104841120562, 0)
(3443, 4)
(104871579923, 4)
(3447, 4)
(104993417367, 4)
(3448, 0)
(105023876728, 0)
(3452, 2)
(105145714172, 2)
(3453, 3)
(105176173533, 3)
(3457, 3)
(105298010977, 2)
(3458, 0)
(105328470338, 0)
(3462, 3)
(105450307782, 3)
(3463, 4)
(105480767143, 1)
(3467, 4)
(105602604587, 4)
(3468, 4)
(105633063948, 4)
(3472, 1)
(105754901392, 4)
(3473, 0)
(105785360753, 0)
(3477, 2)
(105907198197, 2)
(3478, 4)
(105937657558, 1)
(3482, 4)
(106059495002, 4)
(3483, 3)
(106089954363, 2)
(3487, 2)
(106211791807, 3)
(3488, 0)
(106242251168, 0)
(3492, 0)
(106364088612, 0)
(3493, 3)
(106394547973, 2)
(3497, 2)
(106516385417, 2)
(3498, 0)
(106546844778, 0)
(3502, 4)
(106668682222, 4)
(3503, 2)
(106699141583, 3)
(3507, 3)
(106820979027, 2)
(3508, 0)
(106851438388, 0)
(3512, 0)
(106973275832, 0)
(3513, 4)
(107003735193, 4)
(3517, 0)
(107125572637, 0)
(3518, 3)
(107156031998, 2)
(3522, 3)
(107277869442, 2)
(3523, 4)
(107308328803, 4)
(3527, 0)
(107430166247, 0)
(3528, 0)
(107460625608, 0)
(3532, 1)
(107582463052, 4)
(3533, 0)
(107612922413, 0)
(3537, 3)
(107734759857, 3)
(3538, 3)
(107765219218, 2)
(3542, 2)
(107887056662, 2)
(3543, 3)
(107917516023, 2)
(3547, 4)
(108039353467, 4)
(3548, 2)
(108069812828, 2)
(3552, 4)
(108191650272, 1)
(3553, 1)
(108222109633, 1)
(3557, 4)
(108343947077, 4)
(3558, 3)
(108374406438, 3)
(3562, 2)
(108496243882, 3)
(3563, 3)
(108526703243, 3)
(3567, 0)
(108648540687, 0)
(3568, 2)
(108679000048, 2)
