(2, 4)
(14785922, 4)
(3, 3)
(22178883, 2)
(7, 4)
(51750727, 4)
(8, 0)
(59143688, 0)
(12, 4)
(88715532, 1)
(13, 3)
(96108493, 2)
(17, 4)
(125680337, 4)
(18, 3)
(133073298, 3)
(22, 3)
(162645142, 3)
(23, 3)
(170038103, 3)
(27, 3)
(199609947, 2)
(28, 3)
(207002908, 3)
(32, 2)
(236574752, 2)
(33, 1)
(243967713, 4)
(37, 2)
(273539557, 3)
(38, 1)
(280932518, 1)
(42, 1)
(310504362, 4)
(43, 4)
(317897323, 1)
(47, 0)
(347469167, 0)
(48, 4)
(354862128, 1)
(52, 0)
(384433972, 0)
(53, 4)
(391826933, 4)
(57, 4)
(421398777, 1)
(58, 2)
(428791738, 2)
(62, 2)
(458363582, 2)
(63, 0)
(465756543, 0)
(67, 1)
(495328387, 4)
(68, 0)
(502721348, 0)
(72, 0)
(532293192, 0)
(73, 1)
(539686153, 1)
(77, 3)
(569257997, 3)
(78, 4)
(576650958, 4)
(82, 1)
(606222802, 4)
(83, 2)
(613615763, 3)
(87, 4)
(643187607, 1)
(88, 0)
(650580568, 0)
(92, 1)
(680152412, 1)
(93, 1)
(687545373, 4)
(97, 4)
(717117217, 4)
(98, 4)
(724510178, 4)
(102, 1)
(754082022, 4)
(103, 0)
(761474983, 0)
(107, 3)
(791046827, 2)
(108, 4)
(798439788, 1)
(112, 4)
(828011632, 4)
(113, 2)
(835404593, 2)
(117, 0)
(864976437, 0)
(118, 1)
(872369398, 4)
(122, 0)
(901941242, 0)
(123, 3)
(909334203, 3)
(127, 0)
(938906047, 0)
(128, 4)
(946299008, 4)
(132, 0)
(975870852, 0)
(133, 1)
(983263813, 1)
(137, 3)
(1012835657, 2)
(138, 3)
(1020228618, 2)
(142, 1)
(1049800462, 1)
(143, 0)
(1057193423, 0)
(147, 4)
(1086765267, 1)
(148, 0)
(1094158228, 0)
(152, 0)
(1123730072, 0)
(153, 3)
(1131123033, 3)
(157, 1)
(1160694877, 4)
(158, 3)
(1168087838, 3)
(162, 1)
(1197659682, 1)
(163, 4)
(1205052643, 1)
(167, 4)
(1234624487, 1)
(168, 0)
(1242017448, 0)
(172, 2)
(1271589292, 3)
(173, 1)
(1278982253, 1)
(177, 4)
(1308554097, 4)
(178, 3)
(1315947058, 3)
(182, 3)
(1345518902, 2)
(183, 3)
(1352911863, 3)
(187, 2)
(1382483707, 2)
(188, 0)
(1389876668, 0)
(192, 0)
(1419448512, 0)
(193, 1)
(1426841473, 4)
(197, 0)
(1456413317, 0)
(198, 0)
(1463806278, 0)
(202, 4)
(1493378122, 1)
(203, 1)
(1500771083, 1)
(207, 1)
(1530342927, 1)
(208, 1)
(1537735888, 4)
(212, 0)
(1567307732, 0)
(213, 2)
(1574700693, 3)
(217, 3)
(1604272537, 3)
(218, 0)
(1611665498, 0)
(222, 3)
(1641237342, 3)
(223, 2)
(1648630303, 3)
(227, 0)
(1678202147, 0)
(228, 0)
(1685595108, 0)
(232, 0)
(1715166952, 0)
(233, 3)
(1722559913, 2)
(237, 2)
(1752131757, 3)
(238, 3)
(1759524718, 3)
(242, 4)
(1789096562, 4)
(243, 4)
(1796489523, 1)
(247, 4)
(1826061367, 1)
(248, 0)
(1833454328, 0)
(252, 0)
(1863026172, 0)
(253, 1)
(1870419133, 1)
(257, 1)
(1899990977, 4)
(258, 3)
(1907383938, 3)
(262, 4)
(1936955782, 1)
(263, 3)
(1944348743, 2)
(267, 2)
(1973920587, 3)
(268, 3)
(1981313548, 2)
(272, 3)
(2010885392, 3)
(273, 2)
(2018278353, 2)
(277, 1)
(2047850197, 4)
(278, 4)
(2055243158, 1)
(282, 2)
(2084815002, 3)
(283, 2)
(2092207963, 2)
(287, 1)
(2121779807, 4)
(288, 4)
(2129172768, 4)
(292, 0)
(2158744612, 0)
(293, 2)
(2166137573, 2)
(297, 1)
(2195709417, 4)
(298, 1)
(2203102378, 1)
(302, 3)
(2232674222, 2)
(303, 0)
(2240067183, 0)
(307, 3)
(2269639027, 3)
(308, 0)
(2277031988, 0)
(312, 0)
(2306603832, 0)
(313, 2)
(2313996793, 2)
(317, 0)
(2343568637, 0)
(318, 2)
(2350961598, 3)
(322, 2)
(2380533442, 2)
(323, 1)
(2387926403, 1)
(327, 3)
(2417498247, 3)
(328, 0)
(2424891208, 0)
(332, 1)
(2454463052, 4)
(333, 0)
(2461856013, 0)
(337, 3)
(2491427857, 2)
(338, 0)
(2498820818, 0)
(342, 2)
(2528392662, 2)
(343, 3)
(2535785623, 3)
(347, 0)
(2565357467, 0)
(348, 3)
(2572750428, 2)
(352, 4)
(2602322272, 4)
(353, 4)
(2609715233, 1)
(357, 3)
(2639287077, 2)
(358, 1)
(2646680038, 1)
(362, 2)
(2676251882, 2)
(363, 4)
(2683644843, 1)
(367, 1)
(2713216687, 1)
(368, 3)
(2720609648, 3)
(372, 0)
(2750181492, 0)
(373, 0)
(2757574453, 0)
(377, 1)
(2787146297, 4)
(378, 1)
(2794539258, 4)
(382, 2)
(2824111102, 3)
(383, 2)
(2831504063, 3)
(387, 0)
(2861075907, 0)
(388, 0)
(2868468868, 0)
(392, 0)
(2898040712, 0)
(393, 3)
(2905433673, 3)
(397, 1)
(2935005517, 4)
(398, 0)
(2942398478, 0)
(402, 4)
(2971970322, 4)
(403, 3)
(2979363283, 2)
(407, 4)
(3008935127, 1)
(408, 0)
(3016328088, 0)
(412, 0)
(3045899932, 0)
(413, 0)
(3053292893, 0)
(417, 2)
(3082864737, 2)
(418, 3)
(3090257698, 3)
(422, 0)
(3119829542, 0)
(423, 0)
(3127222503, 0)
(427, 2)
(3156794347, 3)
(428, 4)
(3164187308, 1)
(432, 4)
(3193759152, 1)
(433, 3)
(3201152113, 3)
(437, 0)
(3230723957, 0)
(438, 3)
(3238116918, 2)
(442, 2)
(3267688762, 3)
(443, 0)
(3275081723, 0)
(447, 1)
(3304653567, 4)
(448, 2)
(3312046528, 2)
(452, 0)
(3341618372, 0)
(453, 3)
(3349011333, 3)
(457, 3)
(3378583177, 2)
(458, 1)
(3385976138, 4)
(462, 2)
(3415547982, 3)
(463, 2)
(3422940943, 2)
(467, 2)
(3452512787, 2)
(468, 0)
(3459905748, 0)
(472, 0)
(3489477592, 0)
(473, 3)
(3496870553, 2)
(477, 3)
(3526442397, 3)
(478, 3)
(3533835358, 2)
(482, 0)
(3563407202, 0)
(483, 1)
(3570800163, 4)
(487, 3)
(3600372007, 2)
(488, 0)
(3607764968, 0)
(492, 4)
(3637336812, 4)
(493, 3)
(3644729773, 3)
(497, 4)
(3674301617, 4)
(498, 3)
(3681694578, 3)
(502, 1)
(3711266422, 4)
(503, 1)
(3718659383, 1)
(507, 1)
(3748231227, 4)
(508, 0)
(3755624188, 0)
(512, 4)
(3785196032, 4)
(513, 4)
(3792588993, 1)
(517, 2)
(3822160837, 2)
(518, 1)
(3829553798, 4)
(522, 0)
(3859125642, 0)
(523, 0)
(3866518603, 0)
(527, 2)
(3896090447, 2)
(528, 2)
(3903483408, 3)
(532, 0)
(3933055252, 0)
(533, 3)
(3940448213, 3)
(537, 2)
(3970020057, 3)
(538, 0)
(3977413018, 0)
(542, 1)
(4006984862, 4)
(543, 2)
(4014377823, 3)
(547, 3)
(4043949667, 3)
(548, 0)
(4051342628, 0)
(552, 0)
(4080914472, 0)
(553, 2)
(4088307433, 2)
(557, 3)
(4117879277, 2)
(558, 4)
(4125272238, 4)
(562, 2)
(4154844082, 3)
(563, 1)
(4162237043, 4)
(567, 3)
(4191808887, 3)
(568, 0)
(4199201848, 0)
(572, 0)
(4228773692, 0)
(573, 4)
(4236166653, 4)
(577, 3)
(4265738497, 2)
(578, 2)
(4273131458, 2)
(582, 4)
(4302703302, 1)
(583, 3)
(4310096263, 3)
(587, 2)
(4339668107, 3)
(588, 2)
(4347061068, 3)
(592, 4)
(4376632912, 1)
(593, 1)
(4384025873, 1)
(597, 2)
(4413597717, 2)
(598, 3)
(4420990678, 2)
(602, 1)
(4450562522, 4)
(603, 0)
(4457955483, 0)
(607, 2)
(4487527327, 2)
(608, 3)
(4494920288, 3)
(612, 0)
(4524492132, 0)
(613, 0)
(4531885093, 0)
(617, 2)
(4561456937, 2)
(618, 2)
(4568849898, 2)
(622, 3)
(4598421742, 3)
(623, 2)
(4605814703, 2)
(627, 4)
(4635386547, 1)
(628, 0)
(4642779508, 0)
(632, 0)
(4672351352, 0)
(633, 0)
(4679744313, 0)
(637, 4)
(4709316157, 1)
(638, 0)
(4716709118, 0)
(642, 4)
(4746280962, 4)
(643, 2)
(4753673923, 2)
(647, 2)
(4783245767, 2)
(648, 0)
(4790638728, 0)
(652, 2)
(4820210572, 3)
(653, 1)
(4827603533, 1)
(657, 0)
(4857175377, 0)
(658, 3)
(4864568338, 3)
(662, 3)
(4894140182, 2)
(663, 1)
(4901533143, 1)
(667, 4)
(4931104987, 4)
(668, 3)
(4938497948, 2)
(672, 3)
(4968069792, 2)
(673, 3)
(4975462753, 3)
(677, 0)
(5005034597, 0)
(678, 0)
(5012427558, 0)
(682, 3)
(5041999402, 3)
(683, 0)
(5049392363, 0)
(687, 3)
(5078964207, 3)
(688, 2)
(5086357168, 3)
(692, 0)
(5115929012, 0)
(693, 1)
(5123321973, 1)
(697, 3)
(5152893817, 2)
(698, 1)
(5160286778, 1)
(702, 4)
(5189858622, 4)
(703, 4)
(5197251583, 1)
(707, 1)
(5226823427, 4)
(708, 0)
(5234216388, 0)
(712, 0)
(5263788232, 0)
(713, 1)
(5271181193, 1)
(717, 1)
(5300753037, 1)
(718, 2)
(5308145998, 2)
(722, 1)
(5337717842, 1)
(723, 1)
(5345110803, 1)
(727, 2)
(5374682647, 3)
(728, 0)
(5382075608, 0)
(732, 1)
(5411647452, 1)
(733, 1)
(5419040413, 4)
(737, 0)
(5448612257, 0)
(738, 0)
(5456005218, 0)
(742, 2)
(5485577062, 2)
(743, 1)
(5492970023, 1)
(747, 4)
(5522541867, 1)
(748, 1)
(5529934828, 1)
(752, 0)
(5559506672, 0)
(753, 3)
(5566899633, 3)
(757, 0)
(5596471477, 0)
(758, 2)
(5603864438, 2)
(762, 3)
(5633436282, 3)
(763, 1)
(5640829243, 4)
(767, 3)
(5670401087, 3)
(768, 2)
(5677794048, 3)
(772, 0)
(5707365892, 0)
(773, 4)
(5714758853, 4)
(777, 1)
(5744330697, 1)
(778, 4)
(5751723658, 4)
(782, 1)
(5781295502, 1)
(783, 4)
(5788688463, 1)
(787, 0)
(5818260307, 0)
(788, 0)
(5825653268, 0)
(792, 0)
(5855225112, 0)
(793, 2)
(5862618073, 2)
(797, 0)
(5892189917, 0)
(798, 1)
(5899582878, 4)
(802, 3)
(5929154722, 3)
(803, 0)
(5936547683, 0)
(807, 1)
(5966119527, 1)
(808, 0)
(5973512488, 0)
(812, 3)
(6003084332, 3)
(813, 3)
(6010477293, 3)
(817, 2)
(6040049137, 3)
(818, 3)
(6047442098, 3)
(822, 0)
(6077013942, 0)
(823, 4)
(6084406903, 4)
(827, 2)
(6113978747, 2)
(828, 2)
(6121371708, 2)
(832, 2)
(6150943552, 3)
(833, 2)
(6158336513, 2)
(837, 1)
(6187908357, 4)
(838, 4)
(6195301318, 1)
(842, 4)
(6224873162, 1)
(843, 4)
(6232266123, 4)
(847, 4)
(6261837967, 4)
(848, 3)
(6269230928, 3)
(852, 0)
(6298802772, 0)
(853, 0)
(6306195733, 0)
(857, 2)
(6335767577, 3)
(858, 1)
(6343160538, 1)
(862, 2)
(6372732382, 2)
(863, 1)
(6380125343, 4)
(867, 3)
(6409697187, 2)
(868, 0)
(6417090148, 0)
(872, 0)
(6446661992, 0)
(873, 0)
(6454054953, 0)
(877, 0)
(6483626797, 0)
(878, 0)
(6491019758, 0)
(882, 3)
(6520591602, 3)
(883, 2)
(6527984563, 2)
(887, 1)
(6557556407, 1)
(888, 0)
(6564949368, 0)
(892, 4)
(6594521212, 1)
(893, 2)
(6601914173, 2)
(897, 1)
(6631486017, 1)
(898, 2)
(6638878978, 2)
(902, 2)
(6668450822, 3)
(903, 1)
(6675843783, 1)
(907, 3)
(6705415627, 2)
(908, 0)
(6712808588, 0)
(912, 3)
(6742380432, 2)
(913, 3)
(6749773393, 2)
(917, 0)
(6779345237, 0)
(918, 1)
(6786738198, 4)
(922, 2)
(6816310042, 3)
(923, 0)
(6823703003, 0)
(927, 0)
(6853274847, 0)
(928, 1)
(6860667808, 1)
(932, 0)
(6890239652, 0)
(933, 4)
(6897632613, 1)
(937, 0)
(6927204457, 0)
(938, 1)
(6934597418, 4)
(942, 3)
(6964169262, 3)
(943, 1)
(6971562223, 4)
(947, 0)
(7001134067, 0)
(948, 0)
(7008527028, 0)
(952, 0)
(7038098872, 0)
(953, 3)
(7045491833, 2)
(957, 1)
(7075063677, 4)
(958, 1)
(7082456638, 4)
(962, 2)
(7112028482, 2)
(963, 1)
(7119421443, 4)
(967, 4)
(7148993287, 4)
(968, 0)
(7156386248, 0)
(972, 2)
(7185958092, 3)
(973, 3)
(7193351053, 2)
(977, 0)
(7222922897, 0)
(978, 4)
(7230315858, 4)
(982, 0)
(7259887702, 0)
(983, 2)
(7267280663, 3)
(987, 3)
(7296852507, 2)
(988, 3)
(7304245468, 2)
(992, 1)
(7333817312, 1)
(993, 3)
(7341210273, 3)
(997, 4)
(7370782117, 1)
(998, 1)
(7378175078, 4)
(1002, 4)
(7407746922, 4)
(1003, 1)
(7415139883, 4)
(1007, 0)
(7444711727, 0)
(1008, 0)
(7452104688, 0)
(1012, 0)
(7481676532, 0)
(1013, 4)
(7489069493, 1)
(1017, 4)
(7518641337, 4)
(1018, 3)
(7526034298, 3)
(1022, 3)
(7555606142, 3)
(1023, 1)
(7562999103, 4)
(1027, 4)
(7592570947, 1)
(1028, 0)
(7599963908, 0)
(1032, 0)
(7629535752, 0)
(1033, 3)
(7636928713, 2)
(1037, 0)
(7666500557, 0)
(1038, 2)
(7673893518, 3)
(1042, 3)
(7703465362, 3)
(1043, 2)
(7710858323, 2)
(1047, 4)
(7740430167, 1)
(1048, 0)
(7747823128, 0)
(1052, 1)
(7777394972, 4)
(1053, 1)
(7784787933, 4)
(1057, 1)
(7814359777, 4)
(1058, 0)
(7821752738, 0)
(1062, 0)
(7851324582, 0)
(1063, 4)
(7858717543, 1)
(1067, 2)
(7888289387, 2)
(1068, 1)
(7895682348, 4)
(1072, 3)
(7925254192, 2)
(1073, 1)
(7932647153, 4)
(1077, 4)
(7962218997, 1)
(1078, 3)
(7969611958, 3)
(1082, 3)
(7999183802, 2)
(1083, 2)
(8006576763, 3)
(1087, 1)
(8036148607, 1)
(1088, 1)
(8043541568, 1)
(1092, 0)
(8073113412, 0)
(1093, 0)
(8080506373, 0)
(1097, 1)
(8110078217, 1)
(1098, 0)
(8117471178, 0)
(1102, 0)
(8147043022, 0)
(1103, 3)
(8154435983, 3)
(1107, 3)
(8184007827, 3)
(1108, 0)
(8191400788, 0)
(1112, 0)
(8220972632, 0)
(1113, 4)
(8228365593, 1)
(1117, 4)
(8257937437, 1)
(1118, 1)
(8265330398, 1)
(1122, 4)
(8294902242, 1)
(1123, 0)
(8302295203, 0)
(1127, 3)
(8331867047, 3)
(1128, 0)
(8339260008, 0)
(1132, 1)
(8368831852, 1)
(1133, 2)
(8376224813, 3)
(1137, 0)
(8405796657, 0)
(1138, 2)
(8413189618, 2)
(1142, 2)
(8442761462, 2)
(1143, 0)
(8450154423, 0)
(1147, 1)
(8479726267, 4)
(1148, 2)
(8487119228, 3)
(1152, 3)
(8516691072, 3)
(1153, 4)
(8524084033, 4)
(1157, 3)
(8553655877, 2)
(1158, 4)
(8561048838, 4)
(1162, 3)
(8590620682, 2)
(1163, 3)
(8598013643, 2)
(1167, 3)
(8627585487, 2)
(1168, 2)
(8634978448, 2)
(1172, 0)
(8664550292, 0)
(1173, 1)
(8671943253, 4)
(1177, 2)
(8701515097, 3)
(1178, 1)
(8708908058, 1)
(1182, 0)
(8738479902, 0)
(1183, 0)
(8745872863, 0)
(1187, 4)
(8775444707, 4)
(1188, 0)
(8782837668, 0)
(1192, 0)
(8812409512, 0)
(1193, 4)
(8819802473, 4)
(1197, 0)
(8849374317, 0)
(1198, 2)
(8856767278, 3)
(1202, 1)
(8886339122, 4)
(1203, 4)
(8893732083, 1)
(1207, 2)
(8923303927, 2)
(1208, 0)
(8930696888, 0)
(1212, 0)
(8960268732, 0)
(1213, 0)
(8967661693, 0)
(1217, 2)
(8997233537, 2)
(1218, 4)
(9004626498, 1)
(1222, 3)
(9034198342, 2)
(1223, 0)
(9041591303, 0)
(1227, 4)
(9071163147, 1)
(1228, 4)
(9078556108, 4)
(1232, 1)
(9108127952, 1)
(1233, 1)
(9115520913, 4)
(1237, 4)
(9145092757, 1)
(1238, 2)
(9152485718, 2)
(1242, 3)
(9182057562, 2)
(1243, 1)
(9189450523, 1)
(1247, 4)
(9219022367, 1)
(1248, 2)
(9226415328, 2)
(1252, 0)
(9255987172, 0)
(1253, 3)
(9263380133, 3)
(1257, 0)
(9292951977, 0)
(1258, 2)
(9300344938, 3)
(1262, 4)
(9329916782, 1)
(1263, 0)
(9337309743, 0)
(1267, 1)
(9366881587, 1)
(1268, 0)
(9374274548, 0)
(1272, 0)
(9403846392, 0)
(1273, 0)
(9411239353, 0)
(1277, 4)
(9440811197, 4)
(1278, 0)
(9448204158, 0)
(1282, 3)
(9477776002, 2)
(1283, 4)
(9485168963, 1)
(1287, 0)
(9514740807, 0)
(1288, 0)
(9522133768, 0)
(1292, 3)
(9551705612, 3)
(1293, 1)
(9559098573, 4)
(1297, 2)
(9588670417, 3)
(1298, 2)
(9596063378, 3)
(1302, 4)
(9625635222, 1)
(1303, 1)
(9633028183, 4)
(1307, 1)
(9662600027, 1)
(1308, 1)
(9669992988, 1)
(1312, 3)
(9699564832, 2)
(1313, 1)
(9706957793, 1)
(1317, 0)
(9736529637, 0)
(1318, 0)
(9743922598, 0)
(1322, 3)
(9773494442, 3)
(1323, 4)
(9780887403, 1)
(1327, 0)
(9810459247, 0)
(1328, 1)
(9817852208, 4)
(1332, 0)
(9847424052, 0)
(1333, 0)
(9854817013, 0)
(1337, 4)
(9884388857, 1)
(1338, 0)
(9891781818, 0)
(1342, 0)
(9921353662, 0)
(1343, 4)
(9928746623, 4)
(1347, 1)
(9958318467, 4)
(1348, 0)
(9965711428, 0)
(1352, 0)
(9995283272, 0)
(1353, 4)
(10002676233, 4)
(1357, 1)
(10032248077, 4)
(1358, 4)
(10039641038, 4)
(1362, 1)
(10069212882, 1)
(1363, 4)
(10076605843, 4)
(1367, 0)
(10106177687, 0)
(1368, 0)
(10113570648, 0)
(1372, 1)
(10143142492, 1)
(1373, 2)
(10150535453, 3)
(1377, 1)
(10180107297, 1)
(1378, 0)
(10187500258, 0)
(1382, 2)
(10217072102, 2)
(1383, 3)
(10224465063, 3)
(1387, 4)
(10254036907, 4)
(1388, 0)
(10261429868, 0)
(1392, 4)
(10291001712, 1)
(1393, 4)
(10298394673, 1)
(1397, 4)
(10327966517, 1)
(1398, 0)
(10335359478, 0)
(1402, 1)
(10364931322, 1)
(1403, 1)
(10372324283, 4)
(1407, 1)
(10401896127, 1)
(1408, 3)
(10409289088, 3)
(1412, 0)
(10438860932, 0)
(1413, 0)
(10446253893, 0)
(1417, 1)
(10475825737, 1)
(1418, 4)
(10483218698, 1)
(1422, 1)
(10512790542, 1)
(1423, 4)
(10520183503, 1)
(1427, 0)
(10549755347, 0)
(1428, 0)
(10557148308, 0)
(1432, 0)
(10586720152, 0)
(1433, 4)
(10594113113, 1)
(1437, 4)
(10623684957, 4)
(1438, 1)
(10631077918, 4)
(1442, 1)
(10660649762, 4)
(1443, 2)
(10668042723, 3)
(1447, 2)
(10697614567, 2)
(1448, 0)
(10705007528, 0)
(1452, 2)
(10734579372, 3)
(1453, 1)
(10741972333, 1)
(1457, 4)
(10771544177, 4)
(1458, 2)
(10778937138, 2)
(1462, 4)
(10808508982, 1)
(1463, 2)
(10815901943, 2)
(1467, 0)
(10845473787, 0)
(1468, 2)
(10852866748, 2)
(1472, 4)
(10882438592, 4)
(1473, 2)
(10889831553, 3)
(1477, 1)
(10919403397, 1)
(1478, 0)
(10926796358, 0)
(1482, 1)
(10956368202, 1)
(1483, 3)
(10963761163, 2)
(1487, 3)
(10993333007, 2)
(1488, 2)
(11000725968, 3)
(1492, 0)
(11030297812, 0)
(1493, 3)
(11037690773, 2)
(1497, 0)
(11067262617, 0)
(1498, 1)
(11074655578, 4)
(1502, 1)
(11104227422, 4)
(1503, 3)
(11111620383, 2)
(1507, 4)
(11141192227, 1)
(1508, 0)
(11148585188, 0)
(1512, 0)
(11178157032, 0)
(1513, 4)
(11185549993, 4)
(1517, 3)
(11215121837, 3)
(1518, 4)
(11222514798, 1)
(1522, 0)
(11252086642, 0)
(1523, 3)
(11259479603, 3)
(1527, 1)
(11289051447, 4)
(1528, 0)
(11296444408, 0)
(1532, 4)
(11326016252, 1)
(1533, 1)
(11333409213, 4)
(1537, 1)
(11362981057, 1)
(1538, 4)
(11370374018, 1)
(1542, 0)
(11399945862, 0)
(1543, 4)
(11407338823, 4)
(1547, 2)
(11436910667, 3)
(1548, 0)
(11444303628, 0)
(1552, 3)
(11473875472, 3)
(1553, 0)
(11481268433, 0)
(1557, 2)
(11510840277, 2)
(1558, 2)
(11518233238, 3)
(1562, 2)
(11547805082, 2)
(1563, 4)
(11555198043, 1)
(1567, 0)
(11584769887, 0)
(1568, 2)
(11592162848, 2)
(1572, 0)
(11621734692, 0)
(1573, 3)
(11629127653, 2)
(1577, 3)
(11658699497, 2)
(1578, 1)
(11666092458, 1)
(1582, 4)
(11695664302, 4)
(1583, 3)
(11703057263, 2)
(1587, 0)
(11732629107, 0)
(1588, 0)
(11740022068, 0)
(1592, 0)
(11769593912, 0)
(1593, 4)
(11776986873, 4)
(1597, 4)
(11806558717, 4)
(1598, 2)
(11813951678, 2)
(1602, 0)
(11843523522, 0)
(1603, 4)
(11850916483, 1)
(1607, 3)
(11880488327, 3)
(1608, 0)
(11887881288, 0)
(1612, 4)
(11917453132, 1)
(1613, 3)
(11924846093, 2)
(1617, 3)
(11954417937, 2)
(1618, 2)
(11961810898, 2)
(1622, 0)
(11991382742, 0)
(1623, 3)
(11998775703, 3)
(1627, 2)
(12028347547, 3)
(1628, 3)
(12035740508, 2)
(1632, 3)
(12065312352, 2)
(1633, 4)
(12072705313, 4)
(1637, 3)
(12102277157, 3)
(1638, 1)
(12109670118, 4)
(1642, 1)
(12139241962, 1)
(1643, 0)
(12146634923, 0)
(1647, 3)
(12176206767, 3)
(1648, 0)
(12183599728, 0)
(1652, 0)
(12213171572, 0)
(1653, 4)
(12220564533, 1)
(1657, 1)
(12250136377, 1)
(1658, 2)
(12257529338, 2)
(1662, 0)
(12287101182, 0)
(1663, 2)
(12294494143, 2)
(1667, 3)
(12324065987, 3)
(1668, 0)
(12331458948, 0)
(1672, 0)
(12361030792, 0)
(1673, 3)
(12368423753, 2)
(1677, 1)
(12397995597, 4)
(1678, 0)
(12405388558, 0)
(1682, 4)
(12434960402, 4)
(1683, 0)
(12442353363, 0)
(1687, 2)
(12471925207, 3)
(1688, 0)
(12479318168, 0)
(1692, 0)
(12508890012, 0)
(1693, 3)
(12516282973, 3)
(1697, 3)
(12545854817, 2)
(1698, 1)
(12553247778, 4)
(1702, 0)
(12582819622, 0)
(1703, 3)
(12590212583, 3)
(1707, 0)
(12619784427, 0)
(1708, 1)
(12627177388, 4)
(1712, 4)
(12656749232, 1)
(1713, 4)
(12664142193, 1)
(1717, 1)
(12693714037, 4)
(1718, 1)
(12701106998, 1)
(1722, 1)
(12730678842, 1)
(1723, 0)
(12738071803, 0)
(1727, 4)
(12767643647, 1)
(1728, 0)
(12775036608, 0)
(1732, 0)
(12804608452, 0)
(1733, 1)
(12812001413, 4)
(1737, 0)
(12841573257, 0)
(1738, 1)
(12848966218, 1)
(1742, 1)
(12878538062, 1)
(1743, 4)
(12885931023, 4)
(1747, 0)
(12915502867, 0)
(1748, 0)
(12922895828, 0)
(1752, 0)
(12952467672, 0)
(1753, 0)
(12959860633, 0)
(1757, 3)
(12989432477, 2)
(1758, 0)
(12996825438, 0)
(1762, 1)
(13026397282, 1)
(1763, 3)
(13033790243, 3)
(1767, 3)
(13063362087, 2)
(1768, 0)
(13070755048, 0)
(1772, 0)
(13100326892, 0)
(1773, 0)
(13107719853, 0)
(1777, 4)
(13137291697, 1)
(1778, 0)
(13144684658, 0)
(1782, 1)
(13174256502, 1)
(1783, 2)
(13181649463, 2)
(1787, 2)
(13211221307, 2)
(1788, 2)
(13218614268, 3)
(1792, 1)
(13248186112, 1)
(1793, 4)
(13255579073, 1)
(1797, 4)
(13285150917, 4)
(1798, 0)
(13292543878, 0)
(1802, 3)
(13322115722, 3)
(1803, 2)
(13329508683, 2)
(1807, 3)
(13359080527, 3)
(1808, 4)
(13366473488, 4)
(1812, 0)
(13396045332, 0)
(1813, 2)
(13403438293, 3)
(1817, 0)
(13433010137, 0)
(1818, 0)
(13440403098, 0)
(1822, 4)
(13469974942, 1)
(1823, 0)
(13477367903, 0)
(1827, 2)
(13506939747, 2)
(1828, 0)
(13514332708, 0)
(1832, 0)
(13543904552, 0)
(1833, 1)
(13551297513, 1)
(1837, 4)
(13580869357, 1)
(1838, 3)
(13588262318, 2)
(1842, 4)
(13617834162, 1)
(1843, 4)
(13625227123, 4)
(1847, 2)
(13654798967, 2)
(1848, 0)
(13662191928, 0)
(1852, 4)
(13691763772, 4)
(1853, 4)
(13699156733, 1)
(1857, 0)
(13728728577, 0)
(1858, 0)
(13736121538, 0)
(1862, 3)
(13765693382, 3)
(1863, 2)
(13773086343, 2)
(1867, 0)
(13802658187, 0)
(1868, 1)
(13810051148, 1)
(1872, 0)
(13839622992, 0)
(1873, 3)
(13847015953, 2)
(1877, 4)
(13876587797, 4)
(1878, 4)
(13883980758, 1)
(1882, 2)
(13913552602, 2)
(1883, 1)
(13920945563, 4)
(1887, 0)
(13950517407, 0)
(1888, 3)
(13957910368, 2)
(1892, 0)
(13987482212, 0)
(1893, 0)
(13994875173, 0)
(1897, 1)
(14024447017, 4)
(1898, 3)
(14031839978, 2)
(1902, 4)
(14061411822, 4)
(1903, 2)
(14068804783, 2)
(1907, 3)
(14098376627, 2)
(1908, 0)
(14105769588, 0)
(1912, 0)
(14135341432, 0)
(1913, 4)
(14142734393, 4)
(1917, 2)
(14172306237, 3)
(1918, 1)
(14179699198, 4)
(1922, 2)
(14209271042, 2)
(1923, 0)
(14216664003, 0)
(1927, 2)
(14246235847, 3)
(1928, 0)
(14253628808, 0)
(1932, 3)
(14283200652, 2)
(1933, 2)
(14290593613, 3)
(1937, 3)
(14320165457, 2)
(1938, 2)
(14327558418, 3)
(1942, 3)
(14357130262, 2)
(1943, 2)
(14364523223, 3)
(1947, 3)
(14394095067, 3)
(1948, 1)
(14401488028, 4)
(1952, 0)
(14431059872, 0)
(1953, 0)
(14438452833, 0)
(1957, 1)
(14468024677, 4)
(1958, 2)
(14475417638, 2)
(1962, 0)
(14504989482, 0)
(1963, 4)
(14512382443, 4)
(1967, 4)
(14541954287, 1)
(1968, 4)
(14549347248, 4)
(1972, 0)
(14578919092, 0)
(1973, 3)
(14586312053, 2)
(1977, 1)
(14615883897, 4)
(1978, 2)
(14623276858, 3)
(1982, 1)
(14652848702, 1)
(1983, 1)
(14660241663, 4)
(1987, 2)
(14689813507, 3)
(1988, 0)
(14697206468, 0)
(1992, 0)
(14726778312, 0)
(1993, 1)
(14734171273, 1)
(1997, 2)
(14763743117, 3)
(1998, 3)
(14771136078, 3)
(2002, 4)
(14800707922, 1)
(2003, 1)
(14808100883, 4)
(2007, 0)
(14837672727, 0)
(2008, 0)
(14845065688, 0)
(2012, 2)
(14874637532, 2)
(2013, 4)
(14882030493, 4)
(2017, 2)
(14911602337, 3)
(2018, 3)
(14918995298, 2)
(2022, 1)
(14948567142, 1)
(2023, 4)
(14955960103, 4)
(2027, 1)
(14985531947, 4)
(2028, 3)
(14992924908, 2)
(2032, 0)
(15022496752, 0)
(2033, 2)
(15029889713, 3)
(2037, 4)
(15059461557, 1)
(2038, 3)
(15066854518, 2)
(2042, 0)
(15096426362, 0)
(2043, 0)
(15103819323, 0)
(2047, 2)
(15133391167, 2)
(2048, 0)
(15140784128, 0)
(2052, 0)
(15170355972, 0)
(2053, 2)
(15177748933, 2)
(2057, 4)
(15207320777, 4)
(2058, 2)
(15214713738, 3)
(2062, 3)
(15244285582, 2)
(2063, 0)
(15251678543, 0)
(2067, 3)
(15281250387, 3)
(2068, 0)
(15288643348, 0)
(2072, 0)
(15318215192, 0)
(2073, 0)
(15325608153, 0)
(2077, 1)
(15355179997, 4)
(2078, 0)
(15362572958, 0)
(2082, 1)
(15392144802, 1)
(2083, 3)
(15399537763, 3)
(2087, 0)
(15429109607, 0)
(2088, 0)
(15436502568, 0)
(2092, 0)
(15466074412, 0)
(2093, 0)
(15473467373, 0)
(2097, 1)
(15503039217, 4)
(2098, 4)
(15510432178, 4)
(2102, 4)
(15540004022, 1)
(2103, 4)
(15547396983, 1)
(2107, 4)
(15576968827, 1)
(2108, 4)
(15584361788, 4)
(2112, 4)
(15613933632, 1)
(2113, 4)
(15621326593, 1)
(2117, 1)
(15650898437, 1)
(2118, 0)
(15658291398, 0)
(2122, 2)
(15687863242, 3)
(2123, 1)
(15695256203, 4)
(2127, 2)
(15724828047, 2)
(2128, 2)
(15732221008, 2)
(2132, 0)
(15761792852, 0)
(2133, 2)
(15769185813, 3)
(2137, 1)
(15798757657, 1)
(2138, 2)
(15806150618, 2)
(2142, 0)
(15835722462, 0)
(2143, 3)
(15843115423, 2)
(2147, 4)
(15872687267, 4)
(2148, 0)
(15880080228, 0)
(2152, 0)
(15909652072, 0)
(2153, 3)
(15917045033, 2)
(2157, 4)
(15946616877, 4)
(2158, 0)
(15954009838, 0)
(2162, 4)
(15983581682, 4)
(2163, 2)
(15990974643, 2)
(2167, 2)
(16020546487, 2)
(2168, 0)
(16027939448, 0)
(2172, 4)
(16057511292, 1)
(2173, 0)
(16064904253, 0)
(2177, 0)
(16094476097, 0)
(2178, 3)
(16101869058, 3)
(2182, 3)
(16131440902, 3)
(2183, 2)
(16138833863, 2)
(2187, 0)
(16168405707, 0)
(2188, 4)
(16175798668, 4)
(2192, 1)
(16205370512, 4)
(2193, 1)
(16212763473, 1)
(2197, 3)
(16242335317, 2)
(2198, 1)
(16249728278, 4)
(2202, 0)
(16279300122, 0)
(2203, 0)
(16286693083, 0)
(2207, 1)
(16316264927, 4)
(2208, 4)
(16323657888, 1)
(2212, 0)
(16353229732, 0)
(2213, 3)
(16360622693, 2)
(2217, 3)
(16390194537, 3)
(2218, 1)
(16397587498, 4)
(2222, 3)
(16427159342, 2)
(2223, 0)
(16434552303, 0)
(2227, 1)
(16464124147, 4)
(2228, 0)
(16471517108, 0)
(2232, 0)
(16501088952, 0)
(2233, 4)
(16508481913, 4)
(2237, 0)
(16538053757, 0)
(2238, 3)
(16545446718, 2)
(2242, 4)
(16575018562, 1)
(2243, 0)
(16582411523, 0)
(2247, 0)
(16611983367, 0)
(2248, 0)
(16619376328, 0)
(2252, 3)
(16648948172, 2)
(2253, 4)
(16656341133, 4)
(2257, 4)
(16685912977, 4)
(2258, 3)
(16693305938, 3)
(2262, 1)
(16722877782, 1)
(2263, 2)
(16730270743, 2)
(2267, 1)
(16759842587, 4)
(2268, 1)
(16767235548, 1)
(2272, 3)
(16796807392, 3)
(2273, 2)
(16804200353, 2)
(2277, 0)
(16833772197, 0)
(2278, 4)
(16841165158, 1)
(2282, 0)
(16870737002, 0)
(2283, 4)
(16878129963, 4)
(2287, 1)
(16907701807, 1)
(2288, 0)
(16915094768, 0)
(2292, 0)
(16944666612, 0)
(2293, 1)
(16952059573, 1)
(2297, 0)
(16981631417, 0)
(2298, 2)
(16989024378, 2)
(2302, 4)
(17018596222, 1)
(2303, 0)
(17025989183, 0)
(2307, 3)
(17055561027, 3)
(2308, 0)
(17062953988, 0)
(2312, 0)
(17092525832, 0)
(2313, 2)
(17099918793, 3)
(2317, 4)
(17129490637, 1)
(2318, 1)
(17136883598, 4)
(2322, 3)
(17166455442, 3)
(2323, 2)
(17173848403, 3)
(2327, 2)
(17203420247, 3)
(2328, 0)
(17210813208, 0)
(2332, 1)
(17240385052, 1)
(2333, 1)
(17247778013, 1)
(2337, 2)
(17277349857, 2)
(2338, 4)
(17284742818, 1)
(2342, 3)
(17314314662, 3)
(2343, 2)
(17321707623, 3)
(2347, 0)
(17351279467, 0)
(2348, 1)
(17358672428, 4)
(2352, 2)
(17388244272, 3)
(2353, 4)
(17395637233, 1)
(2357, 2)
(17425209077, 3)
(2358, 0)
(17432602038, 0)
(2362, 4)
(17462173882, 4)
(2363, 0)
(17469566843, 0)
(2367, 1)
(17499138687, 4)
(2368, 3)
(17506531648, 2)
(2372, 0)
(17536103492, 0)
(2373, 1)
(17543496453, 4)
(2377, 1)
(17573068297, 4)
(2378, 0)
(17580461258, 0)
(2382, 2)
(17610033102, 2)
(2383, 4)
(17617426063, 4)
(2387, 2)
(17646997907, 2)
(2388, 0)
(17654390868, 0)
(2392, 0)
(17683962712, 0)
(2393, 0)
(17691355673, 0)
(2397, 2)
(17720927517, 3)
(2398, 0)
(17728320478, 0)
(2402, 0)
(17757892322, 0)
(2403, 2)
(17765285283, 3)
(2407, 0)
(17794857127, 0)
(2408, 0)
(17802250088, 0)
(2412, 0)
(17831821932, 0)
(2413, 1)
(17839214893, 4)
(2417, 1)
(17868786737, 1)
(2418, 4)
(17876179698, 4)
(2422, 0)
(17905751542, 0)
(2423, 3)
(17913144503, 3)
(2427, 4)
(17942716347, 1)
(2428, 4)
(17950109308, 4)
(2432, 1)
(17979681152, 1)
(2433, 0)
(17987074113, 0)
(2437, 3)
(18016645957, 3)
(2438, 3)
(18024038918, 3)
(2442, 3)
(18053610762, 3)
(2443, 4)
(18061003723, 4)
(2447, 3)
(18090575567, 2)
(2448, 1)
(18097968528, 1)
(2452, 0)
(18127540372, 0)
(2453, 3)
(18134933333, 2)
(2457, 2)
(18164505177, 2)
(2458, 3)
(18171898138, 2)
(2462, 3)
(18201469982, 3)
(2463, 4)
(18208862943, 1)
(2467, 2)
(18238434787, 3)
(2468, 0)
(18245827748, 0)
(2472, 0)
(18275399592, 0)
(2473, 0)
(18282792553, 0)
(2477, 3)
(18312364397, 2)
(2478, 2)
(18319757358, 2)
(2482, 1)
(18349329202, 1)
(2483, 0)
(18356722163, 0)
(2487, 0)
(18386294007, 0)
(2488, 0)
(18393686968, 0)
(2492, 4)
(18423258812, 4)
(2493, 0)
(18430651773, 0)
(2497, 3)
(18460223617, 2)
(2498, 0)
(18467616578, 0)
(2502, 3)
(18497188422, 2)
(2503, 1)
(18504581383, 1)
(2507, 4)
(18534153227, 1)
(2508, 2)
(18541546188, 3)
(2512, 2)
(18571118032, 3)
(2513, 3)
(18578510993, 3)
(2517, 4)
(18608082837, 4)
(2518, 0)
(18615475798, 0)
(2522, 4)
(18645047642, 1)
(2523, 3)
(18652440603, 2)
(2527, 4)
(18682012447, 4)
(2528, 4)
(18689405408, 4)
(2532, 0)
(18718977252, 0)
(2533, 4)
(18726370213, 4)
(2537, 0)
(18755942057, 0)
(2538, 2)
(18763335018, 3)
(2542, 4)
(18792906862, 1)
(2543, 0)
(18800299823, 0)
(2547, 0)
(18829871667, 0)
(2548, 0)
(18837264628, 0)
(2552, 0)
(18866836472, 0)
(2553, 1)
(18874229433, 1)
(2557, 3)
(18903801277, 2)
(2558, 4)
(18911194238, 1)
(2562, 1)
(18940766082, 1)
(2563, 4)
(18948159043, 1)
(2567, 1)
(18977730887, 4)
(2568, 0)
(18985123848, 0)
(2572, 1)
(19014695692, 1)
(2573, 1)
(19022088653, 4)
(2577, 0)
(19051660497, 0)
(2578, 1)
(19059053458, 1)
(2582, 0)
(19088625302, 0)
(2583, 2)
(19096018263, 3)
(2587, 3)
(19125590107, 3)
(2588, 4)
(19132983068, 4)
(2592, 3)
(19162554912, 3)
(2593, 1)
(19169947873, 4)
(2597, 4)
(19199519717, 4)
(2598, 4)
(19206912678, 1)
(2602, 4)
(19236484522, 4)
(2603, 0)
(19243877483, 0)
(2607, 2)
(19273449327, 3)
(2608, 2)
(19280842288, 3)
(2612, 0)
(19310414132, 0)
(2613, 1)
(19317807093, 4)
(2617, 2)
(19347378937, 2)
(2618, 0)
(19354771898, 0)
(2622, 1)
(19384343742, 4)
(2623, 2)
(19391736703, 2)
(2627, 2)
(19421308547, 3)
(2628, 0)
(19428701508, 0)
(2632, 0)
(19458273352, 0)
(2633, 3)
(19465666313, 3)
(2637, 4)
(19495238157, 4)
(2638, 0)
(19502631118, 0)
(2642, 3)
(19532202962, 2)
(2643, 0)
(19539595923, 0)
(2647, 0)
(19569167767, 0)
(2648, 0)
(19576560728, 0)
(2652, 2)
(19606132572, 2)
(2653, 1)
(19613525533, 1)
(2657, 2)
(19643097377, 3)
(2658, 4)
(19650490338, 4)
(2662, 1)
(19680062182, 1)
(2663, 3)
(19687455143, 2)
(2667, 3)
(19717026987, 3)
(2668, 2)
(19724419948, 2)
(2672, 4)
(19753991792, 1)
(2673, 3)
(19761384753, 2)
(2677, 2)
(19790956597, 2)
(2678, 0)
(19798349558, 0)
(2682, 0)
(19827921402, 0)
(2683, 0)
(19835314363, 0)
(2687, 4)
(19864886207, 1)
(2688, 1)
(19872279168, 4)
(2692, 0)
(19901851012, 0)
(2693, 3)
(19909243973, 3)
(2697, 4)
(19938815817, 1)
(2698, 4)
(19946208778, 4)
(2702, 2)
(19975780622, 3)
(2703, 3)
(19983173583, 2)
(2707, 2)
(20012745427, 2)
(2708, 0)
(20020138388, 0)
(2712, 0)
(20049710232, 0)
(2713, 1)
(20057103193, 1)
(2717, 2)
(20086675037, 3)
(2718, 1)
(20094067998, 4)
(2722, 0)
(20123639842, 0)
(2723, 3)
(20131032803, 3)
(2727, 0)
(20160604647, 0)
(2728, 0)
(20167997608, 0)
(2732, 0)
(20197569452, 0)
(2733, 3)
(20204962413, 3)
(2737, 1)
(20234534257, 1)
(2738, 4)
(20241927218, 4)
(2742, 3)
(20271499062, 3)
(2743, 0)
(20278892023, 0)
(2747, 3)
(20308463867, 3)
(2748, 1)
(20315856828, 1)
(2752, 0)
(20345428672, 0)
(2753, 2)
(20352821633, 2)
(2757, 4)
(20382393477, 4)
(2758, 4)
(20389786438, 4)
(2762, 4)
(20419358282, 1)
(2763, 0)
(20426751243, 0)
(2767, 4)
(20456323087, 1)
(2768, 2)
(20463716048, 2)
(2772, 0)
(20493287892, 0)
(2773, 4)
(20500680853, 1)
(2777, 0)
(20530252697, 0)
(2778, 1)
(20537645658, 4)
(2782, 2)
(20567217502, 2)
(2783, 4)
(20574610463, 4)
(2787, 1)
(20604182307, 1)
(2788, 0)
(20611575268, 0)
(2792, 0)
(20641147112, 0)
(2793, 4)
(20648540073, 1)
(2797, 3)
(20678111917, 3)
(2798, 4)
(20685504878, 4)
(2802, 1)
(20715076722, 4)
(2803, 1)
(20722469683, 4)
(2807, 3)
(20752041527, 3)
(2808, 0)
(20759434488, 0)
(2812, 3)
(20789006332, 2)
(2813, 0)
(20796399293, 0)
(2817, 0)
(20825971137, 0)
(2818, 0)
(20833364098, 0)
(2822, 2)
(20862935942, 3)
(2823, 1)
(20870328903, 4)
(2827, 3)
(20899900747, 2)
(2828, 3)
(20907293708, 2)
(2832, 3)
(20936865552, 3)
(2833, 3)
(20944258513, 2)
(2837, 1)
(20973830357, 4)
(2838, 0)
(20981223318, 0)
(2842, 2)
(21010795162, 2)
(2843, 0)
(21018188123, 0)
(2847, 3)
(21047759967, 3)
(2848, 4)
(21055152928, 4)
(2852, 0)
(21084724772, 0)
(2853, 0)
(21092117733, 0)
(2857, 0)
(21121689577, 0)
(2858, 3)
(21129082538, 2)
(2862, 2)
(21158654382, 3)
(2863, 2)
(21166047343, 2)
(2867, 2)
(21195619187, 3)
(2868, 0)
(21203012148, 0)
(2872, 0)
(21232583992, 0)
(2873, 3)
(21239976953, 3)
(2877, 0)
(21269548797, 0)
(2878, 1)
(21276941758, 4)
(2882, 1)
(21306513602, 4)
(2883, 3)
(21313906563, 2)
(2887, 0)
(21343478407, 0)
(2888, 0)
(21350871368, 0)
(2892, 3)
(21380443212, 3)
(2893, 4)
(21387836173, 1)
(2897, 1)
(21417408017, 1)
(2898, 0)
(21424800978, 0)
(2902, 2)
(21454372822, 2)
(2903, 4)
(21461765783, 4)
(2907, 2)
(21491337627, 2)
(2908, 4)
(21498730588, 1)
(2912, 4)
(21528302432, 1)
(2913, 2)
(21535695393, 2)
(2917, 2)
(21565267237, 2)
(2918, 4)
(21572660198, 1)
(2922, 1)
(21602232042, 1)
(2923, 4)
(21609625003, 1)
(2927, 4)
(21639196847, 1)
(2928, 3)
(21646589808, 3)
(2932, 0)
(21676161652, 0)
(2933, 1)
(21683554613, 4)
(2937, 4)
(21713126457, 1)
(2938, 4)
(21720519418, 1)
(2942, 0)
(21750091262, 0)
(2943, 3)
(21757484223, 3)
(2947, 3)
(21787056067, 2)
(2948, 0)
(21794449028, 0)
(2952, 0)
(21824020872, 0)
(2953, 1)
(21831413833, 4)
(2957, 4)
(21860985677, 4)
(2958, 2)
(21868378638, 3)
(2962, 4)
(21897950482, 1)
(2963, 2)
(21905343443, 3)
(2967, 1)
(21934915287, 1)
(2968, 0)
(21942308248, 0)
(2972, 2)
(21971880092, 2)
(2973, 2)
(21979273053, 3)
(2977, 4)
(22008844897, 4)
(2978, 0)
(22016237858, 0)
(2982, 1)
(22045809702, 4)
(2983, 0)
(22053202663, 0)
(2987, 0)
(22082774507, 0)
(2988, 2)
(22090167468, 3)
(2992, 1)
(22119739312, 1)
(2993, 2)
(22127132273, 3)
(2997, 4)
(22156704117, 1)
(2998, 3)
(22164097078, 3)
(3002, 4)
(22193668922, 4)
(3003, 2)
(22201061883, 2)
(3007, 0)
(22230633727, 0)
(3008, 0)
(22238026688, 0)
(3012, 0)
(22267598532, 0)
(3013, 3)
(22274991493, 2)
(3017, 3)
(22304563337, 3)
(3018, 4)
(22311956298, 1)
(3022, 2)
(22341528142, 2)
(3023, 2)
(22348921103, 2)
(3027, 2)
(22378492947, 2)
(3028, 0)
(22385885908, 0)
(3032, 0)
(22415457752, 0)
(3033, 0)
(22422850713, 0)
(3037, 3)
(22452422557, 2)
(3038, 1)
(22459815518, 1)
(3042, 0)
(22489387362, 0)
(3043, 3)
(22496780323, 3)
(3047, 2)
(22526352167, 3)
(3048, 0)
(22533745128, 0)
(3052, 3)
(22563316972, 2)
(3053, 0)
(22570709933, 0)
(3057, 3)
(22600281777, 3)
(3058, 2)
(22607674738, 3)
(3062, 4)
(22637246582, 4)
(3063, 1)
(22644639543, 4)
(3067, 2)
(22674211387, 3)
(3068, 1)
(22681604348, 1)
(3072, 4)
(22711176192, 1)
(3073, 1)
(22718569153, 1)
(3077, 4)
(22748140997, 4)
(3078, 4)
(22755533958, 4)
(3082, 0)
(22785105802, 0)
(3083, 2)
(22792498763, 3)
(3087, 0)
(22822070607, 0)
(3088, 2)
(22829463568, 3)
(3092, 0)
(22859035412, 0)
(3093, 2)
(22866428373, 2)
(3097, 3)
(22896000217, 2)
(3098, 4)
(22903393178, 4)
(3102, 1)
(22932965022, 4)
(3103, 0)
(22940357983, 0)
(3107, 3)
(22969929827, 3)
(3108, 0)
(22977322788, 0)
(3112, 0)
(23006894632, 0)
(3113, 1)
(23014287593, 1)
(3117, 0)
(23043859437, 0)
(3118, 0)
(23051252398, 0)
(3122, 3)
(23080824242, 2)
(3123, 0)
(23088217203, 0)
(3127, 1)
(23117789047, 4)
(3128, 0)
(23125182008, 0)
(3132, 3)
(23154753852, 2)
(3133, 0)
(23162146813, 0)
(3137, 1)
(23191718657, 1)
(3138, 4)
(23199111618, 1)
(3142, 0)
(23228683462, 0)
(3143, 1)
(23236076423, 1)
(3147, 0)
(23265648267, 0)
(3148, 0)
(23273041228, 0)
(3152, 0)
(23302613072, 0)
(3153, 4)
(23310006033, 4)
(3157, 4)
(23339577877, 1)
(3158, 2)
(23346970838, 2)
(3162, 0)
(23376542682, 0)
(3163, 1)
(23383935643, 1)
(3167, 2)
(23413507487, 2)
(3168, 0)
(23420900448, 0)
(3172, 0)
(23450472292, 0)
(3173, 0)
(23457865253, 0)
(3177, 3)
(23487437097, 2)
(3178, 0)
(23494830058, 0)
(3182, 2)
(23524401902, 2)
(3183, 4)
(23531794863, 4)
(3187, 2)
(23561366707, 3)
(3188, 0)
(23568759668, 0)
(3192, 0)
(23598331512, 0)
(3193, 4)
(23605724473, 1)
(3197, 4)
(23635296317, 1)
(3198, 2)
(23642689278, 3)
(3202, 1)
(23672261122, 4)
(3203, 4)
(23679654083, 4)
(3207, 3)
(23709225927, 2)
(3208, 0)
(23716618888, 0)
(3212, 0)
(23746190732, 0)
(3213, 3)
(23753583693, 2)
(3217, 1)
(23783155537, 1)
(3218, 1)
(23790548498, 4)
(3222, 0)
(23820120342, 0)
(3223, 0)
(23827513303, 0)
(3227, 4)
(23857085147, 1)
(3228, 2)
(23864478108, 2)
(3232, 2)
(23894049952, 3)
(3233, 4)
(23901442913, 1)
(3237, 2)
(23931014757, 3)
(3238, 3)
(23938407718, 2)
(3242, 3)
(23967979562, 3)
(3243, 2)
(23975372523, 3)
(3247, 3)
(24004944367, 2)
(3248, 3)
(24012337328, 3)
(3252, 0)
(24041909172, 0)
(3253, 1)
(24049302133, 4)
(3257, 1)
(24078873977, 4)
(3258, 4)
(24086266938, 4)
(3262, 3)
(24115838782, 2)
(3263, 3)
(24123231743, 3)
(3267, 4)
(24152803587, 1)
(3268, 0)
(24160196548, 0)
(3272, 0)
(24189768392, 0)
(3273, 4)
(24197161353, 1)
(3277, 3)
(24226733197, 3)
(3278, 1)
(24234126158, 1)
(3282, 0)
(24263698002, 0)
(3283, 1)
(24271090963, 4)
(3287, 1)
(24300662807, 1)
(3288, 0)
(24308055768, 0)
(3292, 3)
(24337627612, 3)
(3293, 1)
(24345020573, 4)
(3297, 0)
(24374592417, 0)
(3298, 1)
(24381985378, 1)
(3302, 1)
(24411557222, 1)
(3303, 0)
(24418950183, 0)
(3307, 4)
(24448522027, 1)
(3308, 1)
(24455914988, 1)
(3312, 1)
(24485486832, 1)
(3313, 1)
(24492879793, 4)
(3317, 1)
(24522451637, 4)
(3318, 2)
(24529844598, 3)
(3322, 4)
(24559416442, 1)
(3323, 3)
(24566809403, 2)
(3327, 4)
(24596381247, 4)
(3328, 2)
(24603774208, 3)
(3332, 0)
(24633346052, 0)
(3333, 3)
(24640739013, 3)
(3337, 4)
(24670310857, 4)
(3338, 0)
(24677703818, 0)
(3342, 4)
(24707275662, 4)
(3343, 4)
(24714668623, 4)
(3347, 1)
(24744240467, 4)
(3348, 0)
(24751633428, 0)
(3352, 0)
(24781205272, 0)
(3353, 0)
(24788598233, 0)
(3357, 0)
(24818170077, 0)
(3358, 2)
(24825563038, 2)
(3362, 4)
(24855134882, 4)
(3363, 4)
(24862527843, 4)
(3367, 0)
(24892099687, 0)
(3368, 0)
(24899492648, 0)
(3372, 2)
(24929064492, 2)
(3373, 4)
(24936457453, 4)
(3377, 3)
(24966029297, 3)
(3378, 4)
(24973422258, 4)
(3382, 0)
(25002994102, 0)
(3383, 1)
(25010387063, 4)
(3387, 2)
(25039958907, 3)
(3388, 3)
(25047351868, 3)
(3392, 1)
(25076923712, 1)
(3393, 2)
(25084316673, 3)
(3397, 0)
(25113888517, 0)
(3398, 3)
(25121281478, 3)
(3402, 3)
(25150853322, 2)
(3403, 2)
(25158246283, 2)
(3407, 3)
(25187818127, 2)
(3408, 4)
(25195211088, 1)
(3412, 0)
(25224782932, 0)
(3413, 3)
(25232175893, 2)
(3417, 4)
(25261747737, 4)
(3418, 2)
(25269140698, 2)
(3422, 3)
(25298712542, 2)
(3423, 0)
(25306105503, 0)
(3427, 1)
(25335677347, 1)
(3428, 0)
(25343070308, 0)
(3432, 0)
(25372642152, 0)
(3433, 1)
(25380035113, 4)
(3437, 2)
(25409606957, 2)
(3438, 0)
(25416999918, 0)
(3442, 0)
(25446571762, 0)
(3443, 4)
(25453964723, 4)
(3447, 4)
(25483536567, 1)
(3448, 0)
(25490929528, 0)
(3452, 2)
(25520501372, 3)
(3453, 3)
(25527894333, 3)
(3457, 3)
(25557466177, 2)
(3458, 0)
(25564859138, 0)
(3462, 3)
(25594430982, 3)
(3463, 4)
(25601823943, 1)
(3467, 4)
(25631395787, 4)
(3468, 4)
(25638788748, 1)
(3472, 1)
(25668360592, 1)
(3473, 0)
(25675753553, 0)
(3477, 2)
(25705325397, 2)
(3478, 4)
(25712718358, 1)
(3482, 4)
(25742290202, 1)
(3483, 3)
(25749683163, 2)
(3487, 2)
(25779255007, 3)
(3488, 0)
(25786647968, 0)
(3492, 0)
(25816219812, 0)
(3493, 3)
(25823612773, 2)
(3497, 2)
(25853184617, 2)
(3498, 0)
(25860577578, 0)
(3502, 4)
(25890149422, 1)
(3503, 2)
(25897542383, 2)
(3507, 3)
(25927114227, 3)
(3508, 0)
(25934507188, 0)
(3512, 0)
(25964079032, 0)
(3513, 4)
(25971471993, 1)
(3517, 0)
(26001043837, 0)
(3518, 3)
(26008436798, 3)
(3522, 3)
(26038008642, 3)
(3523, 4)
(26045401603, 4)
(3527, 0)
(26074973447, 0)
(3528, 0)
(26082366408, 0)
(3532, 1)
(26111938252, 1)
(3533, 0)
(26119331213, 0)
(3537, 3)
(26148903057, 3)
(3538, 3)
(26156296018, 2)
(3542, 2)
(26185867862, 2)
(3543, 3)
(26193260823, 2)
(3547, 4)
(26222832667, 4)
(3548, 2)
(26230225628, 2)
(3552, 4)
(26259797472, 4)
(3553, 1)
(26267190433, 1)
(3557, 4)
(26296762277, 1)
(3558, 3)
(26304155238, 2)
(3562, 2)
(26333727082, 2)
(3563, 3)
(26341120043, 3)
(3567, 0)
(26370691887, 0)
(3568, 2)
(26378084848, 3)
