(2, 4)
(120404162, 4)
(3, 3)
(180606243, 2)
(7, 4)
(421414567, 4)
(8, 0)
(481616648, 0)
(12, 4)
(722424972, 1)
(13, 3)
(782627053, 2)
(17, 4)
(1023435377, 1)
(18, 3)
(1083637458, 3)
(22, 3)
(1324445782, 2)
(23, 3)
(1384647863, 2)
(27, 3)
(1625456187, 2)
(28, 3)
(1685658268, 3)
(32, 2)
(1926466592, 2)
(33, 1)
(1986668673, 1)
(37, 2)
(2227476997, 2)
(38, 1)
(2287679078, 4)
(42, 1)
(2528487402, 4)
(43, 4)
(2588689483, 4)
(47, 0)
(2829497807, 0)
(48, 4)
(2889699888, 1)
(52, 0)
(3130508212, 0)
(53, 4)
(3190710293, 1)
(57, 4)
(3431518617, 4)
(58, 2)
(3491720698, 2)
(62, 2)
(3732529022, 3)
(63, 0)
(3792731103, 0)
(67, 1)
(4033539427, 4)
(68, 0)
(4093741508, 0)
(72, 0)
(4334549832, 0)
(73, 1)
(4394751913, 4)
(77, 3)
(4635560237, 2)
(78, 4)
(4695762318, 4)
(82, 1)
(4936570642, 1)
(83, 2)
(4996772723, 3)
(87, 4)
(5237581047, 1)
(88, 0)
(5297783128, 0)
(92, 1)
(5538591452, 4)
(93, 1)
(5598793533, 1)
(97, 4)
(5839601857, 4)
(98, 4)
(5899803938, 4)
(102, 1)
(6140612262, 1)
(103, 0)
(6200814343, 0)
(107, 3)
(6441622667, 3)
(108, 4)
(6501824748, 1)
(112, 4)
(6742633072, 4)
(113, 2)
(6802835153, 3)
(117, 0)
(7043643477, 0)
(118, 1)
(7103845558, 1)
(122, 0)
(7344653882, 0)
(123, 3)
(7404855963, 2)
(127, 0)
(7645664287, 0)
(128, 4)
(7705866368, 4)
(132, 0)
(7946674692, 0)
(133, 1)
(8006876773, 4)
(137, 3)
(8247685097, 3)
(138, 3)
(8307887178, 3)
(142, 1)
(8548695502, 4)
(143, 0)
(8608897583, 0)
(147, 4)
(8849705907, 1)
(148, 0)
(8909907988, 0)
(152, 0)
(9150716312, 0)
(153, 3)
(9210918393, 2)
(157, 1)
(9451726717, 4)
(158, 3)
(9511928798, 3)
(162, 1)
(9752737122, 1)
(163, 4)
(9812939203, 4)
(167, 4)
(10053747527, 1)
(168, 0)
(10113949608, 0)
(172, 2)
(10354757932, 2)
(173, 1)
(10414960013, 4)
(177, 4)
(10655768337, 1)
(178, 3)
(10715970418, 3)
(182, 3)
(10956778742, 2)
(183, 3)
(11016980823, 2)
(187, 2)
(11257789147, 2)
(188, 0)
(11317991228, 0)
(192, 0)
(11558799552, 0)
(193, 1)
(11619001633, 4)
(197, 0)
(11859809957, 0)
(198, 0)
(11920012038, 0)
(202, 4)
(12160820362, 1)
(203, 1)
(12221022443, 1)
(207, 1)
(12461830767, 4)
(208, 1)
(12522032848, 4)
(212, 0)
(12762841172, 0)
(213, 2)
(12823043253, 2)
(217, 3)
(13063851577, 2)
(218, 0)
(13124053658, 0)
(222, 3)
(13364861982, 2)
(223, 2)
(13425064063, 3)
(227, 0)
(13665872387, 0)
(228, 0)
(13726074468, 0)
(232, 0)
(13966882792, 0)
(233, 3)
(14027084873, 2)
(237, 2)
(14267893197, 3)
(238, 3)
(14328095278, 2)
(242, 4)
(14568903602, 4)
(243, 4)
(14629105683, 1)
(247, 4)
(14869914007, 4)
(248, 0)
(14930116088, 0)
(252, 0)
(15170924412, 0)
(253, 1)
(15231126493, 1)
(257, 1)
(15471934817, 1)
(258, 3)
(15532136898, 2)
(262, 4)
(15772945222, 4)
(263, 3)
(15833147303, 2)
(267, 2)
(16073955627, 3)
(268, 3)
(16134157708, 2)
(272, 3)
(16374966032, 2)
(273, 2)
(16435168113, 2)
(277, 1)
(16675976437, 1)
(278, 4)
(16736178518, 4)
(282, 2)
(16976986842, 2)
(283, 2)
(17037188923, 2)
(287, 1)
(17277997247, 1)
(288, 4)
(17338199328, 4)
(292, 0)
(17579007652, 0)
(293, 2)
(17639209733, 2)
(297, 1)
(17880018057, 1)
(298, 1)
(17940220138, 4)
(302, 3)
(18181028462, 2)
(303, 0)
(18241230543, 0)
(307, 3)
(18482038867, 3)
(308, 0)
(18542240948, 0)
(312, 0)
(18783049272, 0)
(313, 2)
(18843251353, 2)
(317, 0)
(19084059677, 0)
(318, 2)
(19144261758, 2)
(322, 2)
(19385070082, 3)
(323, 1)
(19445272163, 1)
(327, 3)
(19686080487, 2)
(328, 0)
(19746282568, 0)
(332, 1)
(19987090892, 4)
(333, 0)
(20047292973, 0)
(337, 3)
(20288101297, 3)
(338, 0)
(20348303378, 0)
(342, 2)
(20589111702, 3)
(343, 3)
(20649313783, 3)
(347, 0)
(20890122107, 0)
(348, 3)
(20950324188, 2)
(352, 4)
(21191132512, 1)
(353, 4)
(21251334593, 1)
(357, 3)
(21492142917, 3)
(358, 1)
(21552344998, 1)
(362, 2)
(21793153322, 3)
(363, 4)
(21853355403, 1)
(367, 1)
(22094163727, 4)
(368, 3)
(22154365808, 2)
(372, 0)
(22395174132, 0)
(373, 0)
(22455376213, 0)
(377, 1)
(22696184537, 4)
(378, 1)
(22756386618, 4)
(382, 2)
(22997194942, 2)
(383, 2)
(23057397023, 2)
(387, 0)
(23298205347, 0)
(388, 0)
(23358407428, 0)
(392, 0)
(23599215752, 0)
(393, 3)
(23659417833, 2)
(397, 1)
(23900226157, 4)
(398, 0)
(23960428238, 0)
(402, 4)
(24201236562, 4)
(403, 3)
(24261438643, 3)
(407, 4)
(24502246967, 1)
(408, 0)
(24562449048, 0)
(412, 0)
(24803257372, 0)
(413, 0)
(24863459453, 0)
(417, 2)
(25104267777, 3)
(418, 3)
(25164469858, 3)
(422, 0)
(25405278182, 0)
(423, 0)
(25465480263, 0)
(427, 2)
(25706288587, 2)
(428, 4)
(25766490668, 4)
(432, 4)
(26007298992, 1)
(433, 3)
(26067501073, 3)
(437, 0)
(26308309397, 0)
(438, 3)
(26368511478, 3)
(442, 2)
(26609319802, 2)
(443, 0)
(26669521883, 0)
(447, 1)
(26910330207, 1)
(448, 2)
(26970532288, 2)
(452, 0)
(27211340612, 0)
(453, 3)
(27271542693, 3)
(457, 3)
(27512351017, 2)
(458, 1)
(27572553098, 1)
(462, 2)
(27813361422, 2)
(463, 2)
(27873563503, 3)
(467, 2)
(28114371827, 3)
(468, 0)
(28174573908, 0)
(472, 0)
(28415382232, 0)
(473, 3)
(28475584313, 2)
(477, 3)
(28716392637, 2)
(478, 3)
(28776594718, 3)
(482, 0)
(29017403042, 0)
(483, 1)
(29077605123, 1)
(487, 3)
(29318413447, 3)
(488, 0)
(29378615528, 0)
(492, 4)
(29619423852, 1)
(493, 3)
(29679625933, 2)
(497, 4)
(29920434257, 1)
(498, 3)
(29980636338, 3)
(502, 1)
(30221444662, 1)
(503, 1)
(30281646743, 1)
(507, 1)
(30522455067, 4)
(508, 0)
(30582657148, 0)
(512, 4)
(30823465472, 4)
(513, 4)
(30883667553, 4)
(517, 2)
(31124475877, 2)
(518, 1)
(31184677958, 1)
(522, 0)
(31425486282, 0)
(523, 0)
(31485688363, 0)
(527, 2)
(31726496687, 2)
(528, 2)
(31786698768, 2)
(532, 0)
(32027507092, 0)
(533, 3)
(32087709173, 2)
(537, 2)
(32328517497, 3)
(538, 0)
(32388719578, 0)
(542, 1)
(32629527902, 1)
(543, 2)
(32689729983, 2)
(547, 3)
(32930538307, 3)
(548, 0)
(32990740388, 0)
(552, 0)
(33231548712, 0)
(553, 2)
(33291750793, 2)
(557, 3)
(33532559117, 3)
(558, 4)
(33592761198, 1)
(562, 2)
(33833569522, 2)
(563, 1)
(33893771603, 4)
(567, 3)
(34134579927, 3)
(568, 0)
(34194782008, 0)
(572, 0)
(34435590332, 0)
(573, 4)
(34495792413, 1)
(577, 3)
(34736600737, 2)
(578, 2)
(34796802818, 2)
(582, 4)
(35037611142, 1)
(583, 3)
(35097813223, 3)
(587, 2)
(35338621547, 2)
(588, 2)
(35398823628, 3)
(592, 4)
(35639631952, 4)
(593, 1)
(35699834033, 1)
(597, 2)
(35940642357, 3)
(598, 3)
(36000844438, 3)
(602, 1)
(36241652762, 1)
(603, 0)
(36301854843, 0)
(607, 2)
(36542663167, 3)
(608, 3)
(36602865248, 2)
(612, 0)
(36843673572, 0)
(613, 0)
(36903875653, 0)
(617, 2)
(37144683977, 3)
(618, 2)
(37204886058, 2)
(622, 3)
(37445694382, 3)
(623, 2)
(37505896463, 2)
(627, 4)
(37746704787, 1)
(628, 0)
(37806906868, 0)
(632, 0)
(38047715192, 0)
(633, 0)
(38107917273, 0)
(637, 4)
(38348725597, 1)
(638, 0)
(38408927678, 0)
(642, 4)
(38649736002, 1)
(643, 2)
(38709938083, 2)
(647, 2)
(38950746407, 3)
(648, 0)
(39010948488, 0)
(652, 2)
(39251756812, 2)
(653, 1)
(39311958893, 1)
(657, 0)
(39552767217, 0)
(658, 3)
(39612969298, 2)
(662, 3)
(39853777622, 2)
(663, 1)
(39913979703, 4)
(667, 4)
(40154788027, 1)
(668, 3)
(40214990108, 2)
(672, 3)
(40455798432, 2)
(673, 3)
(40516000513, 3)
(677, 0)
(40756808837, 0)
(678, 0)
(40817010918, 0)
(682, 3)
(41057819242, 3)
(683, 0)
(41118021323, 0)
(687, 3)
(41358829647, 2)
(688, 2)
(41419031728, 2)
(692, 0)
(41659840052, 0)
(693, 1)
(41720042133, 4)
(697, 3)
(41960850457, 2)
(698, 1)
(42021052538, 1)
(702, 4)
(42261860862, 4)
(703, 4)
(42322062943, 1)
(707, 1)
(42562871267, 4)
(708, 0)
(42623073348, 0)
(712, 0)
(42863881672, 0)
(713, 1)
(42924083753, 1)
(717, 1)
(43164892077, 4)
(718, 2)
(43225094158, 3)
(722, 1)
(43465902482, 1)
(723, 1)
(43526104563, 4)
(727, 2)
(43766912887, 2)
(728, 0)
(43827114968, 0)
(732, 1)
(44067923292, 4)
(733, 1)
(44128125373, 1)
(737, 0)
(44368933697, 0)
(738, 0)
(44429135778, 0)
(742, 2)
(44669944102, 3)
(743, 1)
(44730146183, 1)
(747, 4)
(44970954507, 1)
(748, 1)
(45031156588, 1)
(752, 0)
(45271964912, 0)
(753, 3)
(45332166993, 2)
(757, 0)
(45572975317, 0)
(758, 2)
(45633177398, 3)
(762, 3)
(45873985722, 2)
(763, 1)
(45934187803, 1)
(767, 3)
(46174996127, 2)
(768, 2)
(46235198208, 3)
(772, 0)
(46476006532, 0)
(773, 4)
(46536208613, 1)
(777, 1)
(46777016937, 4)
(778, 4)
(46837219018, 1)
(782, 1)
(47078027342, 1)
(783, 4)
(47138229423, 1)
(787, 0)
(47379037747, 0)
(788, 0)
(47439239828, 0)
(792, 0)
(47680048152, 0)
(793, 2)
(47740250233, 3)
(797, 0)
(47981058557, 0)
(798, 1)
(48041260638, 1)
(802, 3)
(48282068962, 3)
(803, 0)
(48342271043, 0)
(807, 1)
(48583079367, 1)
(808, 0)
(48643281448, 0)
(812, 3)
(48884089772, 3)
(813, 3)
(48944291853, 2)
(817, 2)
(49185100177, 3)
(818, 3)
(49245302258, 3)
(822, 0)
(49486110582, 0)
(823, 4)
(49546312663, 4)
(827, 2)
(49787120987, 3)
(828, 2)
(49847323068, 3)
(832, 2)
(50088131392, 3)
(833, 2)
(50148333473, 3)
(837, 1)
(50389141797, 1)
(838, 4)
(50449343878, 4)
(842, 4)
(50690152202, 4)
(843, 4)
(50750354283, 1)
(847, 4)
(50991162607, 4)
(848, 3)
(51051364688, 2)
(852, 0)
(51292173012, 0)
(853, 0)
(51352375093, 0)
(857, 2)
(51593183417, 2)
(858, 1)
(51653385498, 4)
(862, 2)
(51894193822, 3)
(863, 1)
(51954395903, 1)
(867, 3)
(52195204227, 2)
(868, 0)
(52255406308, 0)
(872, 0)
(52496214632, 0)
(873, 0)
(52556416713, 0)
(877, 0)
(52797225037, 0)
(878, 0)
(52857427118, 0)
(882, 3)
(53098235442, 3)
(883, 2)
(53158437523, 3)
(887, 1)
(53399245847, 1)
(888, 0)
(53459447928, 0)
(892, 4)
(53700256252, 1)
(893, 2)
(53760458333, 2)
(897, 1)
(54001266657, 4)
(898, 2)
(54061468738, 2)
(902, 2)
(54302277062, 3)
(903, 1)
(54362479143, 4)
(907, 3)
(54603287467, 2)
(908, 0)
(54663489548, 0)
(912, 3)
(54904297872, 3)
(913, 3)
(54964499953, 3)
(917, 0)
(55205308277, 0)
(918, 1)
(55265510358, 1)
(922, 2)
(55506318682, 3)
(923, 0)
(55566520763, 0)
(927, 0)
(55807329087, 0)
(928, 1)
(55867531168, 1)
(932, 0)
(56108339492, 0)
(933, 4)
(56168541573, 1)
(937, 0)
(56409349897, 0)
(938, 1)
(56469551978, 4)
(942, 3)
(56710360302, 3)
(943, 1)
(56770562383, 4)
(947, 0)
(57011370707, 0)
(948, 0)
(57071572788, 0)
(952, 0)
(57312381112, 0)
(953, 3)
(57372583193, 3)
(957, 1)
(57613391517, 1)
(958, 1)
(57673593598, 1)
(962, 2)
(57914401922, 3)
(963, 1)
(57974604003, 1)
(967, 4)
(58215412327, 4)
(968, 0)
(58275614408, 0)
(972, 2)
(58516422732, 3)
(973, 3)
(58576624813, 3)
(977, 0)
(58817433137, 0)
(978, 4)
(58877635218, 1)
(982, 0)
(59118443542, 0)
(983, 2)
(59178645623, 3)
(987, 3)
(59419453947, 3)
(988, 3)
(59479656028, 3)
(992, 1)
(59720464352, 4)
(993, 3)
(59780666433, 3)
(997, 4)
(60021474757, 1)
(998, 1)
(60081676838, 1)
(1002, 4)
(60322485162, 4)
(1003, 1)
(60382687243, 4)
(1007, 0)
(60623495567, 0)
(1008, 0)
(60683697648, 0)
(1012, 0)
(60924505972, 0)
(1013, 4)
(60984708053, 4)
(1017, 4)
(61225516377, 1)
(1018, 3)
(61285718458, 2)
(1022, 3)
(61526526782, 2)
(1023, 1)
(61586728863, 4)
(1027, 4)
(61827537187, 1)
(1028, 0)
(61887739268, 0)
(1032, 0)
(62128547592, 0)
(1033, 3)
(62188749673, 2)
(1037, 0)
(62429557997, 0)
(1038, 2)
(62489760078, 2)
(1042, 3)
(62730568402, 2)
(1043, 2)
(62790770483, 3)
(1047, 4)
(63031578807, 1)
(1048, 0)
(63091780888, 0)
(1052, 1)
(63332589212, 4)
(1053, 1)
(63392791293, 4)
(1057, 1)
(63633599617, 4)
(1058, 0)
(63693801698, 0)
(1062, 0)
(63934610022, 0)
(1063, 4)
(63994812103, 1)
(1067, 2)
(64235620427, 3)
(1068, 1)
(64295822508, 4)
(1072, 3)
(64536630832, 2)
(1073, 1)
(64596832913, 1)
(1077, 4)
(64837641237, 4)
(1078, 3)
(64897843318, 2)
(1082, 3)
(65138651642, 2)
(1083, 2)
(65198853723, 3)
(1087, 1)
(65439662047, 1)
(1088, 1)
(65499864128, 4)
(1092, 0)
(65740672452, 0)
(1093, 0)
(65800874533, 0)
(1097, 1)
(66041682857, 4)
(1098, 0)
(66101884938, 0)
(1102, 0)
(66342693262, 0)
(1103, 3)
(66402895343, 3)
(1107, 3)
(66643703667, 2)
(1108, 0)
(66703905748, 0)
(1112, 0)
(66944714072, 0)
(1113, 4)
(67004916153, 4)
(1117, 4)
(67245724477, 1)
(1118, 1)
(67305926558, 4)
(1122, 4)
(67546734882, 1)
(1123, 0)
(67606936963, 0)
(1127, 3)
(67847745287, 2)
(1128, 0)
(67907947368, 0)
(1132, 1)
(68148755692, 1)
(1133, 2)
(68208957773, 2)
(1137, 0)
(68449766097, 0)
(1138, 2)
(68509968178, 3)
(1142, 2)
(68750776502, 3)
(1143, 0)
(68810978583, 0)
(1147, 1)
(69051786907, 4)
(1148, 2)
(69111988988, 2)
(1152, 3)
(69352797312, 3)
(1153, 4)
(69412999393, 4)
(1157, 3)
(69653807717, 2)
(1158, 4)
(69714009798, 4)
(1162, 3)
(69954818122, 2)
(1163, 3)
(70015020203, 3)
(1167, 3)
(70255828527, 3)
(1168, 2)
(70316030608, 3)
(1172, 0)
(70556838932, 0)
(1173, 1)
(70617041013, 4)
(1177, 2)
(70857849337, 3)
(1178, 1)
(70918051418, 1)
(1182, 0)
(71158859742, 0)
(1183, 0)
(71219061823, 0)
(1187, 4)
(71459870147, 1)
(1188, 0)
(71520072228, 0)
(1192, 0)
(71760880552, 0)
(1193, 4)
(71821082633, 4)
(1197, 0)
(72061890957, 0)
(1198, 2)
(72122093038, 3)
(1202, 1)
(72362901362, 1)
(1203, 4)
(72423103443, 1)
(1207, 2)
(72663911767, 2)
(1208, 0)
(72724113848, 0)
(1212, 0)
(72964922172, 0)
(1213, 0)
(73025124253, 0)
(1217, 2)
(73265932577, 3)
(1218, 4)
(73326134658, 1)
(1222, 3)
(73566942982, 3)
(1223, 0)
(73627145063, 0)
(1227, 4)
(73867953387, 1)
(1228, 4)
(73928155468, 4)
(1232, 1)
(74168963792, 4)
(1233, 1)
(74229165873, 1)
(1237, 4)
(74469974197, 4)
(1238, 2)
(74530176278, 3)
(1242, 3)
(74770984602, 3)
(1243, 1)
(74831186683, 1)
(1247, 4)
(75071995007, 4)
(1248, 2)
(75132197088, 2)
(1252, 0)
(75373005412, 0)
(1253, 3)
(75433207493, 3)
(1257, 0)
(75674015817, 0)
(1258, 2)
(75734217898, 3)
(1262, 4)
(75975026222, 4)
(1263, 0)
(76035228303, 0)
(1267, 1)
(76276036627, 4)
(1268, 0)
(76336238708, 0)
(1272, 0)
(76577047032, 0)
(1273, 0)
(76637249113, 0)
(1277, 4)
(76878057437, 4)
(1278, 0)
(76938259518, 0)
(1282, 3)
(77179067842, 2)
(1283, 4)
(77239269923, 4)
(1287, 0)
(77480078247, 0)
(1288, 0)
(77540280328, 0)
(1292, 3)
(77781088652, 3)
(1293, 1)
(77841290733, 1)
(1297, 2)
(78082099057, 2)
(1298, 2)
(78142301138, 3)
(1302, 4)
(78383109462, 4)
(1303, 1)
(78443311543, 4)
(1307, 1)
(78684119867, 1)
(1308, 1)
(78744321948, 4)
(1312, 3)
(78985130272, 3)
(1313, 1)
(79045332353, 1)
(1317, 0)
(79286140677, 0)
(1318, 0)
(79346342758, 0)
(1322, 3)
(79587151082, 3)
(1323, 4)
(79647353163, 1)
(1327, 0)
(79888161487, 0)
(1328, 1)
(79948363568, 4)
(1332, 0)
(80189171892, 0)
(1333, 0)
(80249373973, 0)
(1337, 4)
(80490182297, 4)
(1338, 0)
(80550384378, 0)
(1342, 0)
(80791192702, 0)
(1343, 4)
(80851394783, 1)
(1347, 1)
(81092203107, 4)
(1348, 0)
(81152405188, 0)
(1352, 0)
(81393213512, 0)
(1353, 4)
(81453415593, 4)
(1357, 1)
(81694223917, 4)
(1358, 4)
(81754425998, 4)
(1362, 1)
(81995234322, 4)
(1363, 4)
(82055436403, 1)
(1367, 0)
(82296244727, 0)
(1368, 0)
(82356446808, 0)
(1372, 1)
(82597255132, 1)
(1373, 2)
(82657457213, 3)
(1377, 1)
(82898265537, 4)
(1378, 0)
(82958467618, 0)
(1382, 2)
(83199275942, 2)
(1383, 3)
(83259478023, 3)
(1387, 4)
(83500286347, 4)
(1388, 0)
(83560488428, 0)
(1392, 4)
(83801296752, 1)
(1393, 4)
(83861498833, 4)
(1397, 4)
(84102307157, 1)
(1398, 0)
(84162509238, 0)
(1402, 1)
(84403317562, 4)
(1403, 1)
(84463519643, 4)
(1407, 1)
(84704327967, 1)
(1408, 3)
(84764530048, 2)
(1412, 0)
(85005338372, 0)
(1413, 0)
(85065540453, 0)
(1417, 1)
(85306348777, 4)
(1418, 4)
(85366550858, 1)
(1422, 1)
(85607359182, 1)
(1423, 4)
(85667561263, 4)
(1427, 0)
(85908369587, 0)
(1428, 0)
(85968571668, 0)
(1432, 0)
(86209379992, 0)
(1433, 4)
(86269582073, 1)
(1437, 4)
(86510390397, 1)
(1438, 1)
(86570592478, 1)
(1442, 1)
(86811400802, 4)
(1443, 2)
(86871602883, 2)
(1447, 2)
(87112411207, 3)
(1448, 0)
(87172613288, 0)
(1452, 2)
(87413421612, 3)
(1453, 1)
(87473623693, 4)
(1457, 4)
(87714432017, 4)
(1458, 2)
(87774634098, 2)
(1462, 4)
(88015442422, 1)
(1463, 2)
(88075644503, 2)
(1467, 0)
(88316452827, 0)
(1468, 2)
(88376654908, 3)
(1472, 4)
(88617463232, 1)
(1473, 2)
(88677665313, 3)
(1477, 1)
(88918473637, 4)
(1478, 0)
(88978675718, 0)
(1482, 1)
(89219484042, 4)
(1483, 3)
(89279686123, 2)
(1487, 3)
(89520494447, 2)
(1488, 2)
(89580696528, 2)
(1492, 0)
(89821504852, 0)
(1493, 3)
(89881706933, 3)
(1497, 0)
(90122515257, 0)
(1498, 1)
(90182717338, 1)
(1502, 1)
(90423525662, 4)
(1503, 3)
(90483727743, 2)
(1507, 4)
(90724536067, 1)
(1508, 0)
(90784738148, 0)
(1512, 0)
(91025546472, 0)
(1513, 4)
(91085748553, 1)
(1517, 3)
(91326556877, 3)
(1518, 4)
(91386758958, 1)
(1522, 0)
(91627567282, 0)
(1523, 3)
(91687769363, 2)
(1527, 1)
(91928577687, 1)
(1528, 0)
(91988779768, 0)
(1532, 4)
(92229588092, 4)
(1533, 1)
(92289790173, 1)
(1537, 1)
(92530598497, 4)
(1538, 4)
(92590800578, 1)
(1542, 0)
(92831608902, 0)
(1543, 4)
(92891810983, 4)
(1547, 2)
(93132619307, 2)
(1548, 0)
(93192821388, 0)
(1552, 3)
(93433629712, 3)
(1553, 0)
(93493831793, 0)
(1557, 2)
(93734640117, 3)
(1558, 2)
(93794842198, 3)
(1562, 2)
(94035650522, 2)
(1563, 4)
(94095852603, 4)
(1567, 0)
(94336660927, 0)
(1568, 2)
(94396863008, 2)
(1572, 0)
(94637671332, 0)
(1573, 3)
(94697873413, 2)
(1577, 3)
(94938681737, 3)
(1578, 1)
(94998883818, 1)
(1582, 4)
(95239692142, 1)
(1583, 3)
(95299894223, 3)
(1587, 0)
(95540702547, 0)
(1588, 0)
(95600904628, 0)
(1592, 0)
(95841712952, 0)
(1593, 4)
(95901915033, 1)
(1597, 4)
(96142723357, 1)
(1598, 2)
(96202925438, 2)
(1602, 0)
(96443733762, 0)
(1603, 4)
(96503935843, 4)
(1607, 3)
(96744744167, 3)
(1608, 0)
(96804946248, 0)
(1612, 4)
(97045754572, 4)
(1613, 3)
(97105956653, 2)
(1617, 3)
(97346764977, 3)
(1618, 2)
(97406967058, 3)
(1622, 0)
(97647775382, 0)
(1623, 3)
(97707977463, 3)
(1627, 2)
(97948785787, 3)
(1628, 3)
(98008987868, 2)
(1632, 3)
(98249796192, 3)
(1633, 4)
(98309998273, 4)
(1637, 3)
(98550806597, 3)
(1638, 1)
(98611008678, 4)
(1642, 1)
(98851817002, 4)
(1643, 0)
(98912019083, 0)
(1647, 3)
(99152827407, 2)
(1648, 0)
(99213029488, 0)
(1652, 0)
(99453837812, 0)
(1653, 4)
(99514039893, 4)
(1657, 1)
(99754848217, 4)
(1658, 2)
(99815050298, 2)
(1662, 0)
(100055858622, 0)
(1663, 2)
(100116060703, 2)
(1667, 3)
(100356869027, 3)
(1668, 0)
(100417071108, 0)
(1672, 0)
(100657879432, 0)
(1673, 3)
(100718081513, 3)
(1677, 1)
(100958889837, 1)
(1678, 0)
(101019091918, 0)
(1682, 4)
(101259900242, 4)
(1683, 0)
(101320102323, 0)
(1687, 2)
(101560910647, 2)
(1688, 0)
(101621112728, 0)
(1692, 0)
(101861921052, 0)
(1693, 3)
(101922123133, 2)
(1697, 3)
(102162931457, 2)
(1698, 1)
(102223133538, 4)
(1702, 0)
(102463941862, 0)
(1703, 3)
(102524143943, 2)
(1707, 0)
(102764952267, 0)
(1708, 1)
(102825154348, 1)
(1712, 4)
(103065962672, 4)
(1713, 4)
(103126164753, 4)
(1717, 1)
(103366973077, 1)
(1718, 1)
(103427175158, 4)
(1722, 1)
(103667983482, 4)
(1723, 0)
(103728185563, 0)
(1727, 4)
(103968993887, 4)
(1728, 0)
(104029195968, 0)
(1732, 0)
(104270004292, 0)
(1733, 1)
(104330206373, 1)
(1737, 0)
(104571014697, 0)
(1738, 1)
(104631216778, 4)
(1742, 1)
(104872025102, 1)
(1743, 4)
(104932227183, 4)
(1747, 0)
(105173035507, 0)
(1748, 0)
(105233237588, 0)
(1752, 0)
(105474045912, 0)
(1753, 0)
(105534247993, 0)
(1757, 3)
(105775056317, 3)
(1758, 0)
(105835258398, 0)
(1762, 1)
(106076066722, 4)
(1763, 3)
(106136268803, 3)
(1767, 3)
(106377077127, 2)
(1768, 0)
(106437279208, 0)
(1772, 0)
(106678087532, 0)
(1773, 0)
(106738289613, 0)
(1777, 4)
(106979097937, 1)
(1778, 0)
(107039300018, 0)
(1782, 1)
(107280108342, 4)
(1783, 2)
(107340310423, 2)
(1787, 2)
(107581118747, 3)
(1788, 2)
(107641320828, 2)
(1792, 1)
(107882129152, 1)
(1793, 4)
(107942331233, 1)
(1797, 4)
(108183139557, 4)
(1798, 0)
(108243341638, 0)
(1802, 3)
(108484149962, 3)
(1803, 2)
(108544352043, 3)
(1807, 3)
(108785160367, 2)
(1808, 4)
(108845362448, 1)
(1812, 0)
(109086170772, 0)
(1813, 2)
(109146372853, 2)
(1817, 0)
(109387181177, 0)
(1818, 0)
(109447383258, 0)
(1822, 4)
(109688191582, 1)
(1823, 0)
(109748393663, 0)
(1827, 2)
(109989201987, 2)
(1828, 0)
(110049404068, 0)
(1832, 0)
(110290212392, 0)
(1833, 1)
(110350414473, 4)
(1837, 4)
(110591222797, 4)
(1838, 3)
(110651424878, 3)
(1842, 4)
(110892233202, 1)
(1843, 4)
(110952435283, 1)
(1847, 2)
(111193243607, 2)
(1848, 0)
(111253445688, 0)
(1852, 4)
(111494254012, 1)
(1853, 4)
(111554456093, 1)
(1857, 0)
(111795264417, 0)
(1858, 0)
(111855466498, 0)
(1862, 3)
(112096274822, 2)
(1863, 2)
(112156476903, 3)
(1867, 0)
(112397285227, 0)
(1868, 1)
(112457487308, 4)
(1872, 0)
(112698295632, 0)
(1873, 3)
(112758497713, 3)
(1877, 4)
(112999306037, 1)
(1878, 4)
(113059508118, 1)
(1882, 2)
(113300316442, 3)
(1883, 1)
(113360518523, 4)
(1887, 0)
(113601326847, 0)
(1888, 3)
(113661528928, 3)
(1892, 0)
(113902337252, 0)
(1893, 0)
(113962539333, 0)
(1897, 1)
(114203347657, 1)
(1898, 3)
(114263549738, 3)
(1902, 4)
(114504358062, 4)
(1903, 2)
(114564560143, 2)
(1907, 3)
(114805368467, 2)
(1908, 0)
(114865570548, 0)
(1912, 0)
(115106378872, 0)
(1913, 4)
(115166580953, 1)
(1917, 2)
(115407389277, 2)
(1918, 1)
(115467591358, 1)
(1922, 2)
(115708399682, 2)
(1923, 0)
(115768601763, 0)
(1927, 2)
(116009410087, 3)
(1928, 0)
(116069612168, 0)
(1932, 3)
(116310420492, 3)
(1933, 2)
(116370622573, 2)
(1937, 3)
(116611430897, 3)
(1938, 2)
(116671632978, 3)
(1942, 3)
(116912441302, 3)
(1943, 2)
(116972643383, 3)
(1947, 3)
(117213451707, 3)
(1948, 1)
(117273653788, 1)
(1952, 0)
(117514462112, 0)
(1953, 0)
(117574664193, 0)
(1957, 1)
(117815472517, 1)
(1958, 2)
(117875674598, 3)
(1962, 0)
(118116482922, 0)
(1963, 4)
(118176685003, 4)
(1967, 4)
(118417493327, 4)
(1968, 4)
(118477695408, 1)
(1972, 0)
(118718503732, 0)
(1973, 3)
(118778705813, 2)
(1977, 1)
(119019514137, 4)
(1978, 2)
(119079716218, 3)
(1982, 1)
(119320524542, 1)
(1983, 1)
(119380726623, 4)
(1987, 2)
(119621534947, 3)
(1988, 0)
(119681737028, 0)
(1992, 0)
(119922545352, 0)
(1993, 1)
(119982747433, 1)
(1997, 2)
(120223555757, 2)
(1998, 3)
(120283757838, 2)
(2002, 4)
(120524566162, 4)
(2003, 1)
(120584768243, 1)
(2007, 0)
(120825576567, 0)
(2008, 0)
(120885778648, 0)
(2012, 2)
(121126586972, 2)
(2013, 4)
(121186789053, 4)
(2017, 2)
(121427597377, 2)
(2018, 3)
(121487799458, 3)
(2022, 1)
(121728607782, 4)
(2023, 4)
(121788809863, 4)
(2027, 1)
(122029618187, 1)
(2028, 3)
(122089820268, 2)
(2032, 0)
(122330628592, 0)
(2033, 2)
(122390830673, 3)
(2037, 4)
(122631638997, 1)
(2038, 3)
(122691841078, 2)
(2042, 0)
(122932649402, 0)
(2043, 0)
(122992851483, 0)
(2047, 2)
(123233659807, 3)
(2048, 0)
(123293861888, 0)
(2052, 0)
(123534670212, 0)
(2053, 2)
(123594872293, 2)
(2057, 4)
(123835680617, 1)
(2058, 2)
(123895882698, 3)
(2062, 3)
(124136691022, 2)
(2063, 0)
(124196893103, 0)
(2067, 3)
(124437701427, 2)
(2068, 0)
(124497903508, 0)
(2072, 0)
(124738711832, 0)
(2073, 0)
(124798913913, 0)
(2077, 1)
(125039722237, 1)
(2078, 0)
(125099924318, 0)
(2082, 1)
(125340732642, 4)
(2083, 3)
(125400934723, 2)
(2087, 0)
(125641743047, 0)
(2088, 0)
(125701945128, 0)
(2092, 0)
(125942753452, 0)
(2093, 0)
(126002955533, 0)
(2097, 1)
(126243763857, 4)
(2098, 4)
(126303965938, 4)
(2102, 4)
(126544774262, 1)
(2103, 4)
(126604976343, 4)
(2107, 4)
(126845784667, 4)
(2108, 4)
(126905986748, 4)
(2112, 4)
(127146795072, 4)
(2113, 4)
(127206997153, 1)
(2117, 1)
(127447805477, 4)
(2118, 0)
(127508007558, 0)
(2122, 2)
(127748815882, 2)
(2123, 1)
(127809017963, 1)
(2127, 2)
(128049826287, 2)
(2128, 2)
(128110028368, 3)
(2132, 0)
(128350836692, 0)
(2133, 2)
(128411038773, 3)
(2137, 1)
(128651847097, 1)
(2138, 2)
(128712049178, 3)
(2142, 0)
(128952857502, 0)
(2143, 3)
(129013059583, 2)
(2147, 4)
(129253867907, 4)
(2148, 0)
(129314069988, 0)
(2152, 0)
(129554878312, 0)
(2153, 3)
(129615080393, 2)
(2157, 4)
(129855888717, 1)
(2158, 0)
(129916090798, 0)
(2162, 4)
(130156899122, 4)
(2163, 2)
(130217101203, 2)
(2167, 2)
(130457909527, 3)
(2168, 0)
(130518111608, 0)
(2172, 4)
(130758919932, 4)
(2173, 0)
(130819122013, 0)
(2177, 0)
(131059930337, 0)
(2178, 3)
(131120132418, 3)
(2182, 3)
(131360940742, 2)
(2183, 2)
(131421142823, 2)
(2187, 0)
(131661951147, 0)
(2188, 4)
(131722153228, 4)
(2192, 1)
(131962961552, 1)
(2193, 1)
(132023163633, 1)
(2197, 3)
(132263971957, 2)
(2198, 1)
(132324174038, 4)
(2202, 0)
(132564982362, 0)
(2203, 0)
(132625184443, 0)
(2207, 1)
(132865992767, 4)
(2208, 4)
(132926194848, 4)
(2212, 0)
(133167003172, 0)
(2213, 3)
(133227205253, 3)
(2217, 3)
(133468013577, 3)
(2218, 1)
(133528215658, 1)
(2222, 3)
(133769023982, 3)
(2223, 0)
(133829226063, 0)
(2227, 1)
(134070034387, 4)
(2228, 0)
(134130236468, 0)
(2232, 0)
(134371044792, 0)
(2233, 4)
(134431246873, 1)
(2237, 0)
(134672055197, 0)
(2238, 3)
(134732257278, 3)
(2242, 4)
(134973065602, 1)
(2243, 0)
(135033267683, 0)
(2247, 0)
(135274076007, 0)
(2248, 0)
(135334278088, 0)
(2252, 3)
(135575086412, 2)
(2253, 4)
(135635288493, 4)
(2257, 4)
(135876096817, 4)
(2258, 3)
(135936298898, 3)
(2262, 1)
(136177107222, 1)
(2263, 2)
(136237309303, 2)
(2267, 1)
(136478117627, 1)
(2268, 1)
(136538319708, 1)
(2272, 3)
(136779128032, 2)
(2273, 2)
(136839330113, 3)
(2277, 0)
(137080138437, 0)
(2278, 4)
(137140340518, 4)
(2282, 0)
(137381148842, 0)
(2283, 4)
(137441350923, 1)
(2287, 1)
(137682159247, 1)
(2288, 0)
(137742361328, 0)
(2292, 0)
(137983169652, 0)
(2293, 1)
(138043371733, 4)
(2297, 0)
(138284180057, 0)
(2298, 2)
(138344382138, 3)
(2302, 4)
(138585190462, 1)
(2303, 0)
(138645392543, 0)
(2307, 3)
(138886200867, 3)
(2308, 0)
(138946402948, 0)
(2312, 0)
(139187211272, 0)
(2313, 2)
(139247413353, 2)
(2317, 4)
(139488221677, 1)
(2318, 1)
(139548423758, 4)
(2322, 3)
(139789232082, 2)
(2323, 2)
(139849434163, 2)
(2327, 2)
(140090242487, 3)
(2328, 0)
(140150444568, 0)
(2332, 1)
(140391252892, 1)
(2333, 1)
(140451454973, 4)
(2337, 2)
(140692263297, 2)
(2338, 4)
(140752465378, 1)
(2342, 3)
(140993273702, 3)
(2343, 2)
(141053475783, 3)
(2347, 0)
(141294284107, 0)
(2348, 1)
(141354486188, 1)
(2352, 2)
(141595294512, 3)
(2353, 4)
(141655496593, 4)
(2357, 2)
(141896304917, 2)
(2358, 0)
(141956506998, 0)
(2362, 4)
(142197315322, 4)
(2363, 0)
(142257517403, 0)
(2367, 1)
(142498325727, 4)
(2368, 3)
(142558527808, 3)
(2372, 0)
(142799336132, 0)
(2373, 1)
(142859538213, 1)
(2377, 1)
(143100346537, 4)
(2378, 0)
(143160548618, 0)
(2382, 2)
(143401356942, 2)
(2383, 4)
(143461559023, 4)
(2387, 2)
(143702367347, 2)
(2388, 0)
(143762569428, 0)
(2392, 0)
(144003377752, 0)
(2393, 0)
(144063579833, 0)
(2397, 2)
(144304388157, 3)
(2398, 0)
(144364590238, 0)
(2402, 0)
(144605398562, 0)
(2403, 2)
(144665600643, 3)
(2407, 0)
(144906408967, 0)
(2408, 0)
(144966611048, 0)
(2412, 0)
(145207419372, 0)
(2413, 1)
(145267621453, 4)
(2417, 1)
(145508429777, 1)
(2418, 4)
(145568631858, 1)
(2422, 0)
(145809440182, 0)
(2423, 3)
(145869642263, 3)
(2427, 4)
(146110450587, 4)
(2428, 4)
(146170652668, 1)
(2432, 1)
(146411460992, 4)
(2433, 0)
(146471663073, 0)
(2437, 3)
(146712471397, 3)
(2438, 3)
(146772673478, 3)
(2442, 3)
(147013481802, 3)
(2443, 4)
(147073683883, 4)
(2447, 3)
(147314492207, 3)
(2448, 1)
(147374694288, 4)
(2452, 0)
(147615502612, 0)
(2453, 3)
(147675704693, 3)
(2457, 2)
(147916513017, 2)
(2458, 3)
(147976715098, 2)
(2462, 3)
(148217523422, 2)
(2463, 4)
(148277725503, 4)
(2467, 2)
(148518533827, 2)
(2468, 0)
(148578735908, 0)
(2472, 0)
(148819544232, 0)
(2473, 0)
(148879746313, 0)
(2477, 3)
(149120554637, 3)
(2478, 2)
(149180756718, 3)
(2482, 1)
(149421565042, 1)
(2483, 0)
(149481767123, 0)
(2487, 0)
(149722575447, 0)
(2488, 0)
(149782777528, 0)
(2492, 4)
(150023585852, 4)
(2493, 0)
(150083787933, 0)
(2497, 3)
(150324596257, 2)
(2498, 0)
(150384798338, 0)
(2502, 3)
(150625606662, 3)
(2503, 1)
(150685808743, 1)
(2507, 4)
(150926617067, 1)
(2508, 2)
(150986819148, 3)
(2512, 2)
(151227627472, 3)
(2513, 3)
(151287829553, 2)
(2517, 4)
(151528637877, 1)
(2518, 0)
(151588839958, 0)
(2522, 4)
(151829648282, 1)
(2523, 3)
(151889850363, 2)
(2527, 4)
(152130658687, 4)
(2528, 4)
(152190860768, 4)
(2532, 0)
(152431669092, 0)
(2533, 4)
(152491871173, 4)
(2537, 0)
(152732679497, 0)
(2538, 2)
(152792881578, 2)
(2542, 4)
(153033689902, 1)
(2543, 0)
(153093891983, 0)
(2547, 0)
(153334700307, 0)
(2548, 0)
(153394902388, 0)
(2552, 0)
(153635710712, 0)
(2553, 1)
(153695912793, 1)
(2557, 3)
(153936721117, 2)
(2558, 4)
(153996923198, 1)
(2562, 1)
(154237731522, 4)
(2563, 4)
(154297933603, 4)
(2567, 1)
(154538741927, 1)
(2568, 0)
(154598944008, 0)
(2572, 1)
(154839752332, 1)
(2573, 1)
(154899954413, 1)
(2577, 0)
(155140762737, 0)
(2578, 1)
(155200964818, 1)
(2582, 0)
(155441773142, 0)
(2583, 2)
(155501975223, 2)
(2587, 3)
(155742783547, 2)
(2588, 4)
(155802985628, 1)
(2592, 3)
(156043793952, 3)
(2593, 1)
(156103996033, 4)
(2597, 4)
(156344804357, 1)
(2598, 4)
(156405006438, 1)
(2602, 4)
(156645814762, 4)
(2603, 0)
(156706016843, 0)
(2607, 2)
(156946825167, 2)
(2608, 2)
(157007027248, 2)
(2612, 0)
(157247835572, 0)
(2613, 1)
(157308037653, 4)
(2617, 2)
(157548845977, 2)
(2618, 0)
(157609048058, 0)
(2622, 1)
(157849856382, 4)
(2623, 2)
(157910058463, 2)
(2627, 2)
(158150866787, 3)
(2628, 0)
(158211068868, 0)
(2632, 0)
(158451877192, 0)
(2633, 3)
(158512079273, 2)
(2637, 4)
(158752887597, 4)
(2638, 0)
(158813089678, 0)
(2642, 3)
(159053898002, 3)
(2643, 0)
(159114100083, 0)
(2647, 0)
(159354908407, 0)
(2648, 0)
(159415110488, 0)
(2652, 2)
(159655918812, 3)
(2653, 1)
(159716120893, 4)
(2657, 2)
(159956929217, 2)
(2658, 4)
(160017131298, 1)
(2662, 1)
(160257939622, 4)
(2663, 3)
(160318141703, 3)
(2667, 3)
(160558950027, 2)
(2668, 2)
(160619152108, 3)
(2672, 4)
(160859960432, 1)
(2673, 3)
(160920162513, 3)
(2677, 2)
(161160970837, 2)
(2678, 0)
(161221172918, 0)
(2682, 0)
(161461981242, 0)
(2683, 0)
(161522183323, 0)
(2687, 4)
(161762991647, 4)
(2688, 1)
(161823193728, 4)
(2692, 0)
(162064002052, 0)
(2693, 3)
(162124204133, 2)
(2697, 4)
(162365012457, 4)
(2698, 4)
(162425214538, 4)
(2702, 2)
(162666022862, 3)
(2703, 3)
(162726224943, 2)
(2707, 2)
(162967033267, 2)
(2708, 0)
(163027235348, 0)
(2712, 0)
(163268043672, 0)
(2713, 1)
(163328245753, 1)
(2717, 2)
(163569054077, 3)
(2718, 1)
(163629256158, 4)
(2722, 0)
(163870064482, 0)
(2723, 3)
(163930266563, 2)
(2727, 0)
(164171074887, 0)
(2728, 0)
(164231276968, 0)
(2732, 0)
(164472085292, 0)
(2733, 3)
(164532287373, 3)
(2737, 1)
(164773095697, 1)
(2738, 4)
(164833297778, 4)
(2742, 3)
(165074106102, 3)
(2743, 0)
(165134308183, 0)
(2747, 3)
(165375116507, 2)
(2748, 1)
(165435318588, 4)
(2752, 0)
(165676126912, 0)
(2753, 2)
(165736328993, 3)
(2757, 4)
(165977137317, 1)
(2758, 4)
(166037339398, 4)
(2762, 4)
(166278147722, 1)
(2763, 0)
(166338349803, 0)
(2767, 4)
(166579158127, 1)
(2768, 2)
(166639360208, 3)
(2772, 0)
(166880168532, 0)
(2773, 4)
(166940370613, 1)
(2777, 0)
(167181178937, 0)
(2778, 1)
(167241381018, 1)
(2782, 2)
(167482189342, 3)
(2783, 4)
(167542391423, 1)
(2787, 1)
(167783199747, 4)
(2788, 0)
(167843401828, 0)
(2792, 0)
(168084210152, 0)
(2793, 4)
(168144412233, 4)
(2797, 3)
(168385220557, 2)
(2798, 4)
(168445422638, 1)
(2802, 1)
(168686230962, 1)
(2803, 1)
(168746433043, 1)
(2807, 3)
(168987241367, 3)
(2808, 0)
(169047443448, 0)
(2812, 3)
(169288251772, 2)
(2813, 0)
(169348453853, 0)
(2817, 0)
(169589262177, 0)
(2818, 0)
(169649464258, 0)
(2822, 2)
(169890272582, 2)
(2823, 1)
(169950474663, 1)
(2827, 3)
(170191282987, 2)
(2828, 3)
(170251485068, 2)
(2832, 3)
(170492293392, 2)
(2833, 3)
(170552495473, 2)
(2837, 1)
(170793303797, 1)
(2838, 0)
(170853505878, 0)
(2842, 2)
(171094314202, 2)
(2843, 0)
(171154516283, 0)
(2847, 3)
(171395324607, 2)
(2848, 4)
(171455526688, 4)
(2852, 0)
(171696335012, 0)
(2853, 0)
(171756537093, 0)
(2857, 0)
(171997345417, 0)
(2858, 3)
(172057547498, 2)
(2862, 2)
(172298355822, 2)
(2863, 2)
(172358557903, 2)
(2867, 2)
(172599366227, 3)
(2868, 0)
(172659568308, 0)
(2872, 0)
(172900376632, 0)
(2873, 3)
(172960578713, 2)
(2877, 0)
(173201387037, 0)
(2878, 1)
(173261589118, 4)
(2882, 1)
(173502397442, 4)
(2883, 3)
(173562599523, 2)
(2887, 0)
(173803407847, 0)
(2888, 0)
(173863609928, 0)
(2892, 3)
(174104418252, 2)
(2893, 4)
(174164620333, 4)
(2897, 1)
(174405428657, 1)
(2898, 0)
(174465630738, 0)
(2902, 2)
(174706439062, 3)
(2903, 4)
(174766641143, 4)
(2907, 2)
(175007449467, 2)
(2908, 4)
(175067651548, 4)
(2912, 4)
(175308459872, 1)
(2913, 2)
(175368661953, 3)
(2917, 2)
(175609470277, 2)
(2918, 4)
(175669672358, 1)
(2922, 1)
(175910480682, 4)
(2923, 4)
(175970682763, 4)
(2927, 4)
(176211491087, 4)
(2928, 3)
(176271693168, 2)
(2932, 0)
(176512501492, 0)
(2933, 1)
(176572703573, 1)
(2937, 4)
(176813511897, 4)
(2938, 4)
(176873713978, 4)
(2942, 0)
(177114522302, 0)
(2943, 3)
(177174724383, 2)
(2947, 3)
(177415532707, 3)
(2948, 0)
(177475734788, 0)
(2952, 0)
(177716543112, 0)
(2953, 1)
(177776745193, 1)
(2957, 4)
(178017553517, 1)
(2958, 2)
(178077755598, 2)
(2962, 4)
(178318563922, 4)
(2963, 2)
(178378766003, 2)
(2967, 1)
(178619574327, 1)
(2968, 0)
(178679776408, 0)
(2972, 2)
(178920584732, 2)
(2973, 2)
(178980786813, 3)
(2977, 4)
(179221595137, 1)
(2978, 0)
(179281797218, 0)
(2982, 1)
(179522605542, 1)
(2983, 0)
(179582807623, 0)
(2987, 0)
(179823615947, 0)
(2988, 2)
(179883818028, 3)
(2992, 1)
(180124626352, 1)
(2993, 2)
(180184828433, 3)
(2997, 4)
(180425636757, 4)
(2998, 3)
(180485838838, 2)
(3002, 4)
(180726647162, 1)
(3003, 2)
(180786849243, 3)
(3007, 0)
(181027657567, 0)
(3008, 0)
(181087859648, 0)
(3012, 0)
(181328667972, 0)
(3013, 3)
(181388870053, 2)
(3017, 3)
(181629678377, 2)
(3018, 4)
(181689880458, 1)
(3022, 2)
(181930688782, 3)
(3023, 2)
(181990890863, 3)
(3027, 2)
(182231699187, 3)
(3028, 0)
(182291901268, 0)
(3032, 0)
(182532709592, 0)
(3033, 0)
(182592911673, 0)
(3037, 3)
(182833719997, 2)
(3038, 1)
(182893922078, 4)
(3042, 0)
(183134730402, 0)
(3043, 3)
(183194932483, 2)
(3047, 2)
(183435740807, 3)
(3048, 0)
(183495942888, 0)
(3052, 3)
(183736751212, 3)
(3053, 0)
(183796953293, 0)
(3057, 3)
(184037761617, 3)
(3058, 2)
(184097963698, 3)
(3062, 4)
(184338772022, 4)
(3063, 1)
(184398974103, 4)
(3067, 2)
(184639782427, 2)
(3068, 1)
(184699984508, 4)
(3072, 4)
(184940792832, 1)
(3073, 1)
(185000994913, 1)
(3077, 4)
(185241803237, 4)
(3078, 4)
(185302005318, 1)
(3082, 0)
(185542813642, 0)
(3083, 2)
(185603015723, 2)
(3087, 0)
(185843824047, 0)
(3088, 2)
(185904026128, 3)
(3092, 0)
(186144834452, 0)
(3093, 2)
(186205036533, 2)
(3097, 3)
(186445844857, 2)
(3098, 4)
(186506046938, 1)
(3102, 1)
(186746855262, 4)
(3103, 0)
(186807057343, 0)
(3107, 3)
(187047865667, 2)
(3108, 0)
(187108067748, 0)
(3112, 0)
(187348876072, 0)
(3113, 1)
(187409078153, 4)
(3117, 0)
(187649886477, 0)
(3118, 0)
(187710088558, 0)
(3122, 3)
(187950896882, 2)
(3123, 0)
(188011098963, 0)
(3127, 1)
(188251907287, 4)
(3128, 0)
(188312109368, 0)
(3132, 3)
(188552917692, 2)
(3133, 0)
(188613119773, 0)
(3137, 1)
(188853928097, 4)
(3138, 4)
(188914130178, 4)
(3142, 0)
(189154938502, 0)
(3143, 1)
(189215140583, 1)
(3147, 0)
(189455948907, 0)
(3148, 0)
(189516150988, 0)
(3152, 0)
(189756959312, 0)
(3153, 4)
(189817161393, 4)
(3157, 4)
(190057969717, 1)
(3158, 2)
(190118171798, 3)
(3162, 0)
(190358980122, 0)
(3163, 1)
(190419182203, 1)
(3167, 2)
(190659990527, 3)
(3168, 0)
(190720192608, 0)
(3172, 0)
(190961000932, 0)
(3173, 0)
(191021203013, 0)
(3177, 3)
(191262011337, 2)
(3178, 0)
(191322213418, 0)
(3182, 2)
(191563021742, 2)
(3183, 4)
(191623223823, 1)
(3187, 2)
(191864032147, 3)
(3188, 0)
(191924234228, 0)
(3192, 0)
(192165042552, 0)
(3193, 4)
(192225244633, 4)
(3197, 4)
(192466052957, 1)
(3198, 2)
(192526255038, 2)
(3202, 1)
(192767063362, 4)
(3203, 4)
(192827265443, 1)
(3207, 3)
(193068073767, 3)
(3208, 0)
(193128275848, 0)
(3212, 0)
(193369084172, 0)
(3213, 3)
(193429286253, 3)
(3217, 1)
(193670094577, 1)
(3218, 1)
(193730296658, 1)
(3222, 0)
(193971104982, 0)
(3223, 0)
(194031307063, 0)
(3227, 4)
(194272115387, 1)
(3228, 2)
(194332317468, 2)
(3232, 2)
(194573125792, 3)
(3233, 4)
(194633327873, 1)
(3237, 2)
(194874136197, 3)
(3238, 3)
(194934338278, 2)
(3242, 3)
(195175146602, 2)
(3243, 2)
(195235348683, 3)
(3247, 3)
(195476157007, 2)
(3248, 3)
(195536359088, 3)
(3252, 0)
(195777167412, 0)
(3253, 1)
(195837369493, 4)
(3257, 1)
(196078177817, 4)
(3258, 4)
(196138379898, 1)
(3262, 3)
(196379188222, 2)
(3263, 3)
(196439390303, 2)
(3267, 4)
(196680198627, 1)
(3268, 0)
(196740400708, 0)
(3272, 0)
(196981209032, 0)
(3273, 4)
(197041411113, 4)
(3277, 3)
(197282219437, 2)
(3278, 1)
(197342421518, 1)
(3282, 0)
(197583229842, 0)
(3283, 1)
(197643431923, 4)
(3287, 1)
(197884240247, 1)
(3288, 0)
(197944442328, 0)
(3292, 3)
(198185250652, 3)
(3293, 1)
(198245452733, 1)
(3297, 0)
(198486261057, 0)
(3298, 1)
(198546463138, 4)
(3302, 1)
(198787271462, 4)
(3303, 0)
(198847473543, 0)
(3307, 4)
(199088281867, 1)
(3308, 1)
(199148483948, 4)
(3312, 1)
(199389292272, 4)
(3313, 1)
(199449494353, 4)
(3317, 1)
(199690302677, 4)
(3318, 2)
(199750504758, 3)
(3322, 4)
(199991313082, 4)
(3323, 3)
(200051515163, 2)
(3327, 4)
(200292323487, 1)
(3328, 2)
(200352525568, 3)
(3332, 0)
(200593333892, 0)
(3333, 3)
(200653535973, 2)
(3337, 4)
(200894344297, 4)
(3338, 0)
(200954546378, 0)
(3342, 4)
(201195354702, 1)
(3343, 4)
(201255556783, 1)
(3347, 1)
(201496365107, 4)
(3348, 0)
(201556567188, 0)
(3352, 0)
(201797375512, 0)
(3353, 0)
(201857577593, 0)
(3357, 0)
(202098385917, 0)
(3358, 2)
(202158587998, 2)
(3362, 4)
(202399396322, 4)
(3363, 4)
(202459598403, 4)
(3367, 0)
(202700406727, 0)
(3368, 0)
(202760608808, 0)
(3372, 2)
(203001417132, 3)
(3373, 4)
(203061619213, 1)
(3377, 3)
(203302427537, 2)
(3378, 4)
(203362629618, 4)
(3382, 0)
(203603437942, 0)
(3383, 1)
(203663640023, 4)
(3387, 2)
(203904448347, 3)
(3388, 3)
(203964650428, 3)
(3392, 1)
(204205458752, 4)
(3393, 2)
(204265660833, 3)
(3397, 0)
(204506469157, 0)
(3398, 3)
(204566671238, 2)
(3402, 3)
(204807479562, 2)
(3403, 2)
(204867681643, 3)
(3407, 3)
(205108489967, 3)
(3408, 4)
(205168692048, 4)
(3412, 0)
(205409500372, 0)
(3413, 3)
(205469702453, 3)
(3417, 4)
(205710510777, 1)
(3418, 2)
(205770712858, 3)
(3422, 3)
(206011521182, 3)
(3423, 0)
(206071723263, 0)
(3427, 1)
(206312531587, 1)
(3428, 0)
(206372733668, 0)
(3432, 0)
(206613541992, 0)
(3433, 1)
(206673744073, 4)
(3437, 2)
(206914552397, 2)
(3438, 0)
(206974754478, 0)
(3442, 0)
(207215562802, 0)
(3443, 4)
(207275764883, 1)
(3447, 4)
(207516573207, 4)
(3448, 0)
(207576775288, 0)
(3452, 2)
(207817583612, 2)
(3453, 3)
(207877785693, 3)
(3457, 3)
(208118594017, 2)
(3458, 0)
(208178796098, 0)
(3462, 3)
(208419604422, 3)
(3463, 4)
(208479806503, 4)
(3467, 4)
(208720614827, 1)
(3468, 4)
(208780816908, 1)
(3472, 1)
(209021625232, 4)
(3473, 0)
(209081827313, 0)
(3477, 2)
(209322635637, 2)
(3478, 4)
(209382837718, 1)
(3482, 4)
(209623646042, 1)
(3483, 3)
(209683848123, 3)
(3487, 2)
(209924656447, 2)
(3488, 0)
(209984858528, 0)
(3492, 0)
(210225666852, 0)
(3493, 3)
(210285868933, 3)
(3497, 2)
(210526677257, 2)
(3498, 0)
(210586879338, 0)
(3502, 4)
(210827687662, 4)
(3503, 2)
(210887889743, 2)
(3507, 3)
(211128698067, 3)
(3508, 0)
(211188900148, 0)
(3512, 0)
(211429708472, 0)
(3513, 4)
(211489910553, 1)
(3517, 0)
(211730718877, 0)
(3518, 3)
(211790920958, 3)
(3522, 3)
(212031729282, 2)
(3523, 4)
(212091931363, 1)
(3527, 0)
(212332739687, 0)
(3528, 0)
(212392941768, 0)
(3532, 1)
(212633750092, 4)
(3533, 0)
(212693952173, 0)
(3537, 3)
(212934760497, 2)
(3538, 3)
(212994962578, 3)
(3542, 2)
(213235770902, 2)
(3543, 3)
(213295972983, 2)
(3547, 4)
(213536781307, 4)
(3548, 2)
(213596983388, 2)
(3552, 4)
(213837791712, 1)
(3553, 1)
(213897993793, 4)
(3557, 4)
(214138802117, 4)
(3558, 3)
(214199004198, 2)
(3562, 2)
(214439812522, 3)
(3563, 3)
(214500014603, 2)
(3567, 0)
(214740822927, 0)
(3568, 2)
(214801025008, 3)
