(2, 4)
(90289922, 4)
(3, 3)
(135434883, 3)
(7, 4)
(316014727, 4)
(8, 0)
(361159688, 0)
(12, 4)
(541739532, 4)
(13, 3)
(586884493, 2)
(17, 4)
(767464337, 4)
(18, 3)
(812609298, 3)
(22, 3)
(993189142, 2)
(23, 3)
(1038334103, 2)
(27, 3)
(1218913947, 3)
(28, 3)
(1264058908, 3)
(32, 2)
(1444638752, 2)
(33, 1)
(1489783713, 4)
(37, 2)
(1670363557, 3)
(38, 1)
(1715508518, 1)
(42, 1)
(1896088362, 1)
(43, 4)
(1941233323, 1)
(47, 0)
(2121813167, 0)
(48, 4)
(2166958128, 4)
(52, 0)
(2347537972, 0)
(53, 4)
(2392682933, 1)
(57, 4)
(2573262777, 4)
(58, 2)
(2618407738, 2)
(62, 2)
(2798987582, 2)
(63, 0)
(2844132543, 0)
(67, 1)
(3024712387, 4)
(68, 0)
(3069857348, 0)
(72, 0)
(3250437192, 0)
(73, 1)
(3295582153, 1)
(77, 3)
(3476161997, 2)
(78, 4)
(3521306958, 1)
(82, 1)
(3701886802, 1)
(83, 2)
(3747031763, 2)
(87, 4)
(3927611607, 4)
(88, 0)
(3972756568, 0)
(92, 1)
(4153336412, 4)
(93, 1)
(4198481373, 1)
(97, 4)
(4379061217, 1)
(98, 4)
(4424206178, 4)
(102, 1)
(4604786022, 1)
(103, 0)
(4649930983, 0)
(107, 3)
(4830510827, 2)
(108, 4)
(4875655788, 4)
(112, 4)
(5056235632, 4)
(113, 2)
(5101380593, 2)
(117, 0)
(5281960437, 0)
(118, 1)
(5327105398, 1)
(122, 0)
(5507685242, 0)
(123, 3)
(5552830203, 3)
(127, 0)
(5733410047, 0)
(128, 4)
(5778555008, 4)
(132, 0)
(5959134852, 0)
(133, 1)
(6004279813, 1)
(137, 3)
(6184859657, 2)
(138, 3)
(6230004618, 2)
(142, 1)
(6410584462, 4)
(143, 0)
(6455729423, 0)
(147, 4)
(6636309267, 4)
(148, 0)
(6681454228, 0)
(152, 0)
(6862034072, 0)
(153, 3)
(6907179033, 3)
(157, 1)
(7087758877, 4)
(158, 3)
(7132903838, 2)
(162, 1)
(7313483682, 1)
(163, 4)
(7358628643, 1)
(167, 4)
(7539208487, 4)
(168, 0)
(7584353448, 0)
(172, 2)
(7764933292, 3)
(173, 1)
(7810078253, 4)
(177, 4)
(7990658097, 4)
(178, 3)
(8035803058, 3)
(182, 3)
(8216382902, 2)
(183, 3)
(8261527863, 3)
(187, 2)
(8442107707, 3)
(188, 0)
(8487252668, 0)
(192, 0)
(8667832512, 0)
(193, 1)
(8712977473, 1)
(197, 0)
(8893557317, 0)
(198, 0)
(8938702278, 0)
(202, 4)
(9119282122, 1)
(203, 1)
(9164427083, 1)
(207, 1)
(9345006927, 4)
(208, 1)
(9390151888, 4)
(212, 0)
(9570731732, 0)
(213, 2)
(9615876693, 3)
(217, 3)
(9796456537, 3)
(218, 0)
(9841601498, 0)
(222, 3)
(10022181342, 2)
(223, 2)
(10067326303, 3)
(227, 0)
(10247906147, 0)
(228, 0)
(10293051108, 0)
(232, 0)
(10473630952, 0)
(233, 3)
(10518775913, 3)
(237, 2)
(10699355757, 3)
(238, 3)
(10744500718, 3)
(242, 4)
(10925080562, 4)
(243, 4)
(10970225523, 4)
(247, 4)
(11150805367, 1)
(248, 0)
(11195950328, 0)
(252, 0)
(11376530172, 0)
(253, 1)
(11421675133, 1)
(257, 1)
(11602254977, 4)
(258, 3)
(11647399938, 2)
(262, 4)
(11827979782, 1)
(263, 3)
(11873124743, 2)
(267, 2)
(12053704587, 2)
(268, 3)
(12098849548, 2)
(272, 3)
(12279429392, 3)
(273, 2)
(12324574353, 3)
(277, 1)
(12505154197, 1)
(278, 4)
(12550299158, 1)
(282, 2)
(12730879002, 2)
(283, 2)
(12776023963, 2)
(287, 1)
(12956603807, 1)
(288, 4)
(13001748768, 4)
(292, 0)
(13182328612, 0)
(293, 2)
(13227473573, 3)
(297, 1)
(13408053417, 4)
(298, 1)
(13453198378, 4)
(302, 3)
(13633778222, 3)
(303, 0)
(13678923183, 0)
(307, 3)
(13859503027, 2)
(308, 0)
(13904647988, 0)
(312, 0)
(14085227832, 0)
(313, 2)
(14130372793, 3)
(317, 0)
(14310952637, 0)
(318, 2)
(14356097598, 3)
(322, 2)
(14536677442, 3)
(323, 1)
(14581822403, 1)
(327, 3)
(14762402247, 2)
(328, 0)
(14807547208, 0)
(332, 1)
(14988127052, 1)
(333, 0)
(15033272013, 0)
(337, 3)
(15213851857, 3)
(338, 0)
(15258996818, 0)
(342, 2)
(15439576662, 2)
(343, 3)
(15484721623, 3)
(347, 0)
(15665301467, 0)
(348, 3)
(15710446428, 3)
(352, 4)
(15891026272, 1)
(353, 4)
(15936171233, 1)
(357, 3)
(16116751077, 3)
(358, 1)
(16161896038, 1)
(362, 2)
(16342475882, 3)
(363, 4)
(16387620843, 4)
(367, 1)
(16568200687, 4)
(368, 3)
(16613345648, 2)
(372, 0)
(16793925492, 0)
(373, 0)
(16839070453, 0)
(377, 1)
(17019650297, 4)
(378, 1)
(17064795258, 1)
(382, 2)
(17245375102, 3)
(383, 2)
(17290520063, 2)
(387, 0)
(17471099907, 0)
(388, 0)
(17516244868, 0)
(392, 0)
(17696824712, 0)
(393, 3)
(17741969673, 2)
(397, 1)
(17922549517, 1)
(398, 0)
(17967694478, 0)
(402, 4)
(18148274322, 1)
(403, 3)
(18193419283, 2)
(407, 4)
(18373999127, 4)
(408, 0)
(18419144088, 0)
(412, 0)
(18599723932, 0)
(413, 0)
(18644868893, 0)
(417, 2)
(18825448737, 3)
(418, 3)
(18870593698, 2)
(422, 0)
(19051173542, 0)
(423, 0)
(19096318503, 0)
(427, 2)
(19276898347, 2)
(428, 4)
(19322043308, 1)
(432, 4)
(19502623152, 4)
(433, 3)
(19547768113, 2)
(437, 0)
(19728347957, 0)
(438, 3)
(19773492918, 3)
(442, 2)
(19954072762, 3)
(443, 0)
(19999217723, 0)
(447, 1)
(20179797567, 4)
(448, 2)
(20224942528, 2)
(452, 0)
(20405522372, 0)
(453, 3)
(20450667333, 3)
(457, 3)
(20631247177, 3)
(458, 1)
(20676392138, 1)
(462, 2)
(20856971982, 3)
(463, 2)
(20902116943, 2)
(467, 2)
(21082696787, 2)
(468, 0)
(21127841748, 0)
(472, 0)
(21308421592, 0)
(473, 3)
(21353566553, 3)
(477, 3)
(21534146397, 2)
(478, 3)
(21579291358, 2)
(482, 0)
(21759871202, 0)
(483, 1)
(21805016163, 4)
(487, 3)
(21985596007, 2)
(488, 0)
(22030740968, 0)
(492, 4)
(22211320812, 4)
(493, 3)
(22256465773, 3)
(497, 4)
(22437045617, 1)
(498, 3)
(22482190578, 3)
(502, 1)
(22662770422, 1)
(503, 1)
(22707915383, 1)
(507, 1)
(22888495227, 1)
(508, 0)
(22933640188, 0)
(512, 4)
(23114220032, 4)
(513, 4)
(23159364993, 4)
(517, 2)
(23339944837, 3)
(518, 1)
(23385089798, 4)
(522, 0)
(23565669642, 0)
(523, 0)
(23610814603, 0)
(527, 2)
(23791394447, 2)
(528, 2)
(23836539408, 3)
(532, 0)
(24017119252, 0)
(533, 3)
(24062264213, 2)
(537, 2)
(24242844057, 2)
(538, 0)
(24287989018, 0)
(542, 1)
(24468568862, 1)
(543, 2)
(24513713823, 3)
(547, 3)
(24694293667, 2)
(548, 0)
(24739438628, 0)
(552, 0)
(24920018472, 0)
(553, 2)
(24965163433, 3)
(557, 3)
(25145743277, 2)
(558, 4)
(25190888238, 4)
(562, 2)
(25371468082, 2)
(563, 1)
(25416613043, 4)
(567, 3)
(25597192887, 3)
(568, 0)
(25642337848, 0)
(572, 0)
(25822917692, 0)
(573, 4)
(25868062653, 1)
(577, 3)
(26048642497, 3)
(578, 2)
(26093787458, 2)
(582, 4)
(26274367302, 1)
(583, 3)
(26319512263, 3)
(587, 2)
(26500092107, 3)
(588, 2)
(26545237068, 2)
(592, 4)
(26725816912, 1)
(593, 1)
(26770961873, 1)
(597, 2)
(26951541717, 2)
(598, 3)
(26996686678, 3)
(602, 1)
(27177266522, 4)
(603, 0)
(27222411483, 0)
(607, 2)
(27402991327, 2)
(608, 3)
(27448136288, 3)
(612, 0)
(27628716132, 0)
(613, 0)
(27673861093, 0)
(617, 2)
(27854440937, 3)
(618, 2)
(27899585898, 2)
(622, 3)
(28080165742, 2)
(623, 2)
(28125310703, 2)
(627, 4)
(28305890547, 1)
(628, 0)
(28351035508, 0)
(632, 0)
(28531615352, 0)
(633, 0)
(28576760313, 0)
(637, 4)
(28757340157, 1)
(638, 0)
(28802485118, 0)
(642, 4)
(28983064962, 1)
(643, 2)
(29028209923, 3)
(647, 2)
(29208789767, 3)
(648, 0)
(29253934728, 0)
(652, 2)
(29434514572, 3)
(653, 1)
(29479659533, 4)
(657, 0)
(29660239377, 0)
(658, 3)
(29705384338, 3)
(662, 3)
(29885964182, 3)
(663, 1)
(29931109143, 4)
(667, 4)
(30111688987, 1)
(668, 3)
(30156833948, 3)
(672, 3)
(30337413792, 3)
(673, 3)
(30382558753, 2)
(677, 0)
(30563138597, 0)
(678, 0)
(30608283558, 0)
(682, 3)
(30788863402, 2)
(683, 0)
(30834008363, 0)
(687, 3)
(31014588207, 3)
(688, 2)
(31059733168, 3)
(692, 0)
(31240313012, 0)
(693, 1)
(31285457973, 4)
(697, 3)
(31466037817, 3)
(698, 1)
(31511182778, 1)
(702, 4)
(31691762622, 1)
(703, 4)
(31736907583, 1)
(707, 1)
(31917487427, 4)
(708, 0)
(31962632388, 0)
(712, 0)
(32143212232, 0)
(713, 1)
(32188357193, 4)
(717, 1)
(32368937037, 4)
(718, 2)
(32414081998, 2)
(722, 1)
(32594661842, 1)
(723, 1)
(32639806803, 1)
(727, 2)
(32820386647, 2)
(728, 0)
(32865531608, 0)
(732, 1)
(33046111452, 1)
(733, 1)
(33091256413, 4)
(737, 0)
(33271836257, 0)
(738, 0)
(33316981218, 0)
(742, 2)
(33497561062, 3)
(743, 1)
(33542706023, 4)
(747, 4)
(33723285867, 4)
(748, 1)
(33768430828, 4)
(752, 0)
(33949010672, 0)
(753, 3)
(33994155633, 3)
(757, 0)
(34174735477, 0)
(758, 2)
(34219880438, 2)
(762, 3)
(34400460282, 2)
(763, 1)
(34445605243, 4)
(767, 3)
(34626185087, 2)
(768, 2)
(34671330048, 2)
(772, 0)
(34851909892, 0)
(773, 4)
(34897054853, 4)
(777, 1)
(35077634697, 4)
(778, 4)
(35122779658, 4)
(782, 1)
(35303359502, 4)
(783, 4)
(35348504463, 4)
(787, 0)
(35529084307, 0)
(788, 0)
(35574229268, 0)
(792, 0)
(35754809112, 0)
(793, 2)
(35799954073, 3)
(797, 0)
(35980533917, 0)
(798, 1)
(36025678878, 1)
(802, 3)
(36206258722, 3)
(803, 0)
(36251403683, 0)
(807, 1)
(36431983527, 1)
(808, 0)
(36477128488, 0)
(812, 3)
(36657708332, 3)
(813, 3)
(36702853293, 3)
(817, 2)
(36883433137, 3)
(818, 3)
(36928578098, 2)
(822, 0)
(37109157942, 0)
(823, 4)
(37154302903, 1)
(827, 2)
(37334882747, 3)
(828, 2)
(37380027708, 3)
(832, 2)
(37560607552, 3)
(833, 2)
(37605752513, 2)
(837, 1)
(37786332357, 1)
(838, 4)
(37831477318, 1)
(842, 4)
(38012057162, 4)
(843, 4)
(38057202123, 4)
(847, 4)
(38237781967, 4)
(848, 3)
(38282926928, 2)
(852, 0)
(38463506772, 0)
(853, 0)
(38508651733, 0)
(857, 2)
(38689231577, 3)
(858, 1)
(38734376538, 1)
(862, 2)
(38914956382, 2)
(863, 1)
(38960101343, 4)
(867, 3)
(39140681187, 3)
(868, 0)
(39185826148, 0)
(872, 0)
(39366405992, 0)
(873, 0)
(39411550953, 0)
(877, 0)
(39592130797, 0)
(878, 0)
(39637275758, 0)
(882, 3)
(39817855602, 3)
(883, 2)
(39863000563, 3)
(887, 1)
(40043580407, 4)
(888, 0)
(40088725368, 0)
(892, 4)
(40269305212, 1)
(893, 2)
(40314450173, 2)
(897, 1)
(40495030017, 1)
(898, 2)
(40540174978, 2)
(902, 2)
(40720754822, 3)
(903, 1)
(40765899783, 4)
(907, 3)
(40946479627, 3)
(908, 0)
(40991624588, 0)
(912, 3)
(41172204432, 3)
(913, 3)
(41217349393, 2)
(917, 0)
(41397929237, 0)
(918, 1)
(41443074198, 1)
(922, 2)
(41623654042, 2)
(923, 0)
(41668799003, 0)
(927, 0)
(41849378847, 0)
(928, 1)
(41894523808, 1)
(932, 0)
(42075103652, 0)
(933, 4)
(42120248613, 1)
(937, 0)
(42300828457, 0)
(938, 1)
(42345973418, 4)
(942, 3)
(42526553262, 2)
(943, 1)
(42571698223, 4)
(947, 0)
(42752278067, 0)
(948, 0)
(42797423028, 0)
(952, 0)
(42978002872, 0)
(953, 3)
(43023147833, 2)
(957, 1)
(43203727677, 4)
(958, 1)
(43248872638, 1)
(962, 2)
(43429452482, 2)
(963, 1)
(43474597443, 4)
(967, 4)
(43655177287, 4)
(968, 0)
(43700322248, 0)
(972, 2)
(43880902092, 2)
(973, 3)
(43926047053, 2)
(977, 0)
(44106626897, 0)
(978, 4)
(44151771858, 1)
(982, 0)
(44332351702, 0)
(983, 2)
(44377496663, 2)
(987, 3)
(44558076507, 3)
(988, 3)
(44603221468, 2)
(992, 1)
(44783801312, 1)
(993, 3)
(44828946273, 3)
(997, 4)
(45009526117, 1)
(998, 1)
(45054671078, 1)
(1002, 4)
(45235250922, 4)
(1003, 1)
(45280395883, 1)
(1007, 0)
(45460975727, 0)
(1008, 0)
(45506120688, 0)
(1012, 0)
(45686700532, 0)
(1013, 4)
(45731845493, 4)
(1017, 4)
(45912425337, 4)
(1018, 3)
(45957570298, 3)
(1022, 3)
(46138150142, 3)
(1023, 1)
(46183295103, 4)
(1027, 4)
(46363874947, 4)
(1028, 0)
(46409019908, 0)
(1032, 0)
(46589599752, 0)
(1033, 3)
(46634744713, 3)
(1037, 0)
(46815324557, 0)
(1038, 2)
(46860469518, 3)
(1042, 3)
(47041049362, 2)
(1043, 2)
(47086194323, 3)
(1047, 4)
(47266774167, 4)
(1048, 0)
(47311919128, 0)
(1052, 1)
(47492498972, 4)
(1053, 1)
(47537643933, 4)
(1057, 1)
(47718223777, 1)
(1058, 0)
(47763368738, 0)
(1062, 0)
(47943948582, 0)
(1063, 4)
(47989093543, 4)
(1067, 2)
(48169673387, 2)
(1068, 1)
(48214818348, 1)
(1072, 3)
(48395398192, 2)
(1073, 1)
(48440543153, 4)
(1077, 4)
(48621122997, 4)
(1078, 3)
(48666267958, 2)
(1082, 3)
(48846847802, 3)
(1083, 2)
(48891992763, 2)
(1087, 1)
(49072572607, 1)
(1088, 1)
(49117717568, 1)
(1092, 0)
(49298297412, 0)
(1093, 0)
(49343442373, 0)
(1097, 1)
(49524022217, 1)
(1098, 0)
(49569167178, 0)
(1102, 0)
(49749747022, 0)
(1103, 3)
(49794891983, 3)
(1107, 3)
(49975471827, 3)
(1108, 0)
(50020616788, 0)
(1112, 0)
(50201196632, 0)
(1113, 4)
(50246341593, 1)
(1117, 4)
(50426921437, 1)
(1118, 1)
(50472066398, 1)
(1122, 4)
(50652646242, 1)
(1123, 0)
(50697791203, 0)
(1127, 3)
(50878371047, 2)
(1128, 0)
(50923516008, 0)
(1132, 1)
(51104095852, 1)
(1133, 2)
(51149240813, 3)
(1137, 0)
(51329820657, 0)
(1138, 2)
(51374965618, 3)
(1142, 2)
(51555545462, 2)
(1143, 0)
(51600690423, 0)
(1147, 1)
(51781270267, 4)
(1148, 2)
(51826415228, 2)
(1152, 3)
(52006995072, 3)
(1153, 4)
(52052140033, 4)
(1157, 3)
(52232719877, 2)
(1158, 4)
(52277864838, 4)
(1162, 3)
(52458444682, 3)
(1163, 3)
(52503589643, 2)
(1167, 3)
(52684169487, 3)
(1168, 2)
(52729314448, 2)
(1172, 0)
(52909894292, 0)
(1173, 1)
(52955039253, 4)
(1177, 2)
(53135619097, 2)
(1178, 1)
(53180764058, 1)
(1182, 0)
(53361343902, 0)
(1183, 0)
(53406488863, 0)
(1187, 4)
(53587068707, 1)
(1188, 0)
(53632213668, 0)
(1192, 0)
(53812793512, 0)
(1193, 4)
(53857938473, 4)
(1197, 0)
(54038518317, 0)
(1198, 2)
(54083663278, 3)
(1202, 1)
(54264243122, 1)
(1203, 4)
(54309388083, 4)
(1207, 2)
(54489967927, 3)
(1208, 0)
(54535112888, 0)
(1212, 0)
(54715692732, 0)
(1213, 0)
(54760837693, 0)
(1217, 2)
(54941417537, 2)
(1218, 4)
(54986562498, 4)
(1222, 3)
(55167142342, 2)
(1223, 0)
(55212287303, 0)
(1227, 4)
(55392867147, 1)
(1228, 4)
(55438012108, 1)
(1232, 1)
(55618591952, 4)
(1233, 1)
(55663736913, 4)
(1237, 4)
(55844316757, 1)
(1238, 2)
(55889461718, 3)
(1242, 3)
(56070041562, 2)
(1243, 1)
(56115186523, 4)
(1247, 4)
(56295766367, 1)
(1248, 2)
(56340911328, 3)
(1252, 0)
(56521491172, 0)
(1253, 3)
(56566636133, 3)
(1257, 0)
(56747215977, 0)
(1258, 2)
(56792360938, 3)
(1262, 4)
(56972940782, 4)
(1263, 0)
(57018085743, 0)
(1267, 1)
(57198665587, 4)
(1268, 0)
(57243810548, 0)
(1272, 0)
(57424390392, 0)
(1273, 0)
(57469535353, 0)
(1277, 4)
(57650115197, 1)
(1278, 0)
(57695260158, 0)
(1282, 3)
(57875840002, 2)
(1283, 4)
(57920984963, 1)
(1287, 0)
(58101564807, 0)
(1288, 0)
(58146709768, 0)
(1292, 3)
(58327289612, 3)
(1293, 1)
(58372434573, 1)
(1297, 2)
(58553014417, 2)
(1298, 2)
(58598159378, 3)
(1302, 4)
(58778739222, 4)
(1303, 1)
(58823884183, 4)
(1307, 1)
(59004464027, 1)
(1308, 1)
(59049608988, 4)
(1312, 3)
(59230188832, 3)
(1313, 1)
(59275333793, 1)
(1317, 0)
(59455913637, 0)
(1318, 0)
(59501058598, 0)
(1322, 3)
(59681638442, 3)
(1323, 4)
(59726783403, 4)
(1327, 0)
(59907363247, 0)
(1328, 1)
(59952508208, 1)
(1332, 0)
(60133088052, 0)
(1333, 0)
(60178233013, 0)
(1337, 4)
(60358812857, 1)
(1338, 0)
(60403957818, 0)
(1342, 0)
(60584537662, 0)
(1343, 4)
(60629682623, 1)
(1347, 1)
(60810262467, 1)
(1348, 0)
(60855407428, 0)
(1352, 0)
(61035987272, 0)
(1353, 4)
(61081132233, 1)
(1357, 1)
(61261712077, 4)
(1358, 4)
(61306857038, 1)
(1362, 1)
(61487436882, 4)
(1363, 4)
(61532581843, 4)
(1367, 0)
(61713161687, 0)
(1368, 0)
(61758306648, 0)
(1372, 1)
(61938886492, 1)
(1373, 2)
(61984031453, 2)
(1377, 1)
(62164611297, 1)
(1378, 0)
(62209756258, 0)
(1382, 2)
(62390336102, 3)
(1383, 3)
(62435481063, 3)
(1387, 4)
(62616060907, 4)
(1388, 0)
(62661205868, 0)
(1392, 4)
(62841785712, 4)
(1393, 4)
(62886930673, 4)
(1397, 4)
(63067510517, 4)
(1398, 0)
(63112655478, 0)
(1402, 1)
(63293235322, 4)
(1403, 1)
(63338380283, 4)
(1407, 1)
(63518960127, 4)
(1408, 3)
(63564105088, 2)
(1412, 0)
(63744684932, 0)
(1413, 0)
(63789829893, 0)
(1417, 1)
(63970409737, 1)
(1418, 4)
(64015554698, 1)
(1422, 1)
(64196134542, 4)
(1423, 4)
(64241279503, 1)
(1427, 0)
(64421859347, 0)
(1428, 0)
(64467004308, 0)
(1432, 0)
(64647584152, 0)
(1433, 4)
(64692729113, 1)
(1437, 4)
(64873308957, 4)
(1438, 1)
(64918453918, 4)
(1442, 1)
(65099033762, 1)
(1443, 2)
(65144178723, 2)
(1447, 2)
(65324758567, 3)
(1448, 0)
(65369903528, 0)
(1452, 2)
(65550483372, 2)
(1453, 1)
(65595628333, 4)
(1457, 4)
(65776208177, 4)
(1458, 2)
(65821353138, 2)
(1462, 4)
(66001932982, 1)
(1463, 2)
(66047077943, 3)
(1467, 0)
(66227657787, 0)
(1468, 2)
(66272802748, 3)
(1472, 4)
(66453382592, 1)
(1473, 2)
(66498527553, 2)
(1477, 1)
(66679107397, 4)
(1478, 0)
(66724252358, 0)
(1482, 1)
(66904832202, 4)
(1483, 3)
(66949977163, 3)
(1487, 3)
(67130557007, 3)
(1488, 2)
(67175701968, 2)
(1492, 0)
(67356281812, 0)
(1493, 3)
(67401426773, 2)
(1497, 0)
(67582006617, 0)
(1498, 1)
(67627151578, 4)
(1502, 1)
(67807731422, 1)
(1503, 3)
(67852876383, 3)
(1507, 4)
(68033456227, 4)
(1508, 0)
(68078601188, 0)
(1512, 0)
(68259181032, 0)
(1513, 4)
(68304325993, 4)
(1517, 3)
(68484905837, 2)
(1518, 4)
(68530050798, 4)
(1522, 0)
(68710630642, 0)
(1523, 3)
(68755775603, 3)
(1527, 1)
(68936355447, 1)
(1528, 0)
(68981500408, 0)
(1532, 4)
(69162080252, 4)
(1533, 1)
(69207225213, 1)
(1537, 1)
(69387805057, 4)
(1538, 4)
(69432950018, 1)
(1542, 0)
(69613529862, 0)
(1543, 4)
(69658674823, 4)
(1547, 2)
(69839254667, 3)
(1548, 0)
(69884399628, 0)
(1552, 3)
(70064979472, 2)
(1553, 0)
(70110124433, 0)
(1557, 2)
(70290704277, 3)
(1558, 2)
(70335849238, 2)
(1562, 2)
(70516429082, 2)
(1563, 4)
(70561574043, 1)
(1567, 0)
(70742153887, 0)
(1568, 2)
(70787298848, 2)
(1572, 0)
(70967878692, 0)
(1573, 3)
(71013023653, 2)
(1577, 3)
(71193603497, 3)
(1578, 1)
(71238748458, 4)
(1582, 4)
(71419328302, 4)
(1583, 3)
(71464473263, 3)
(1587, 0)
(71645053107, 0)
(1588, 0)
(71690198068, 0)
(1592, 0)
(71870777912, 0)
(1593, 4)
(71915922873, 4)
(1597, 4)
(72096502717, 1)
(1598, 2)
(72141647678, 2)
(1602, 0)
(72322227522, 0)
(1603, 4)
(72367372483, 4)
(1607, 3)
(72547952327, 3)
(1608, 0)
(72593097288, 0)
(1612, 4)
(72773677132, 1)
(1613, 3)
(72818822093, 2)
(1617, 3)
(72999401937, 2)
(1618, 2)
(73044546898, 2)
(1622, 0)
(73225126742, 0)
(1623, 3)
(73270271703, 3)
(1627, 2)
(73450851547, 2)
(1628, 3)
(73495996508, 3)
(1632, 3)
(73676576352, 3)
(1633, 4)
(73721721313, 4)
(1637, 3)
(73902301157, 2)
(1638, 1)
(73947446118, 4)
(1642, 1)
(74128025962, 4)
(1643, 0)
(74173170923, 0)
(1647, 3)
(74353750767, 3)
(1648, 0)
(74398895728, 0)
(1652, 0)
(74579475572, 0)
(1653, 4)
(74624620533, 4)
(1657, 1)
(74805200377, 1)
(1658, 2)
(74850345338, 3)
(1662, 0)
(75030925182, 0)
(1663, 2)
(75076070143, 2)
(1667, 3)
(75256649987, 2)
(1668, 0)
(75301794948, 0)
(1672, 0)
(75482374792, 0)
(1673, 3)
(75527519753, 2)
(1677, 1)
(75708099597, 1)
(1678, 0)
(75753244558, 0)
(1682, 4)
(75933824402, 4)
(1683, 0)
(75978969363, 0)
(1687, 2)
(76159549207, 2)
(1688, 0)
(76204694168, 0)
(1692, 0)
(76385274012, 0)
(1693, 3)
(76430418973, 2)
(1697, 3)
(76610998817, 2)
(1698, 1)
(76656143778, 1)
(1702, 0)
(76836723622, 0)
(1703, 3)
(76881868583, 3)
(1707, 0)
(77062448427, 0)
(1708, 1)
(77107593388, 1)
(1712, 4)
(77288173232, 1)
(1713, 4)
(77333318193, 4)
(1717, 1)
(77513898037, 4)
(1718, 1)
(77559042998, 1)
(1722, 1)
(77739622842, 1)
(1723, 0)
(77784767803, 0)
(1727, 4)
(77965347647, 4)
(1728, 0)
(78010492608, 0)
(1732, 0)
(78191072452, 0)
(1733, 1)
(78236217413, 4)
(1737, 0)
(78416797257, 0)
(1738, 1)
(78461942218, 1)
(1742, 1)
(78642522062, 1)
(1743, 4)
(78687667023, 4)
(1747, 0)
(78868246867, 0)
(1748, 0)
(78913391828, 0)
(1752, 0)
(79093971672, 0)
(1753, 0)
(79139116633, 0)
(1757, 3)
(79319696477, 3)
(1758, 0)
(79364841438, 0)
(1762, 1)
(79545421282, 1)
(1763, 3)
(79590566243, 2)
(1767, 3)
(79771146087, 3)
(1768, 0)
(79816291048, 0)
(1772, 0)
(79996870892, 0)
(1773, 0)
(80042015853, 0)
(1777, 4)
(80222595697, 4)
(1778, 0)
(80267740658, 0)
(1782, 1)
(80448320502, 4)
(1783, 2)
(80493465463, 2)
(1787, 2)
(80674045307, 2)
(1788, 2)
(80719190268, 3)
(1792, 1)
(80899770112, 1)
(1793, 4)
(80944915073, 4)
(1797, 4)
(81125494917, 1)
(1798, 0)
(81170639878, 0)
(1802, 3)
(81351219722, 2)
(1803, 2)
(81396364683, 2)
(1807, 3)
(81576944527, 3)
(1808, 4)
(81622089488, 4)
(1812, 0)
(81802669332, 0)
(1813, 2)
(81847814293, 3)
(1817, 0)
(82028394137, 0)
(1818, 0)
(82073539098, 0)
(1822, 4)
(82254118942, 1)
(1823, 0)
(82299263903, 0)
(1827, 2)
(82479843747, 2)
(1828, 0)
(82524988708, 0)
(1832, 0)
(82705568552, 0)
(1833, 1)
(82750713513, 4)
(1837, 4)
(82931293357, 1)
(1838, 3)
(82976438318, 2)
(1842, 4)
(83157018162, 1)
(1843, 4)
(83202163123, 1)
(1847, 2)
(83382742967, 3)
(1848, 0)
(83427887928, 0)
(1852, 4)
(83608467772, 4)
(1853, 4)
(83653612733, 1)
(1857, 0)
(83834192577, 0)
(1858, 0)
(83879337538, 0)
(1862, 3)
(84059917382, 3)
(1863, 2)
(84105062343, 3)
(1867, 0)
(84285642187, 0)
(1868, 1)
(84330787148, 1)
(1872, 0)
(84511366992, 0)
(1873, 3)
(84556511953, 3)
(1877, 4)
(84737091797, 1)
(1878, 4)
(84782236758, 1)
(1882, 2)
(84962816602, 2)
(1883, 1)
(85007961563, 1)
(1887, 0)
(85188541407, 0)
(1888, 3)
(85233686368, 3)
(1892, 0)
(85414266212, 0)
(1893, 0)
(85459411173, 0)
(1897, 1)
(85639991017, 1)
(1898, 3)
(85685135978, 2)
(1902, 4)
(85865715822, 1)
(1903, 2)
(85910860783, 2)
(1907, 3)
(86091440627, 2)
(1908, 0)
(86136585588, 0)
(1912, 0)
(86317165432, 0)
(1913, 4)
(86362310393, 1)
(1917, 2)
(86542890237, 3)
(1918, 1)
(86588035198, 4)
(1922, 2)
(86768615042, 2)
(1923, 0)
(86813760003, 0)
(1927, 2)
(86994339847, 2)
(1928, 0)
(87039484808, 0)
(1932, 3)
(87220064652, 2)
(1933, 2)
(87265209613, 2)
(1937, 3)
(87445789457, 3)
(1938, 2)
(87490934418, 2)
(1942, 3)
(87671514262, 2)
(1943, 2)
(87716659223, 3)
(1947, 3)
(87897239067, 2)
(1948, 1)
(87942384028, 4)
(1952, 0)
(88122963872, 0)
(1953, 0)
(88168108833, 0)
(1957, 1)
(88348688677, 1)
(1958, 2)
(88393833638, 3)
(1962, 0)
(88574413482, 0)
(1963, 4)
(88619558443, 1)
(1967, 4)
(88800138287, 4)
(1968, 4)
(88845283248, 4)
(1972, 0)
(89025863092, 0)
(1973, 3)
(89071008053, 2)
(1977, 1)
(89251587897, 1)
(1978, 2)
(89296732858, 2)
(1982, 1)
(89477312702, 4)
(1983, 1)
(89522457663, 1)
(1987, 2)
(89703037507, 3)
(1988, 0)
(89748182468, 0)
(1992, 0)
(89928762312, 0)
(1993, 1)
(89973907273, 1)
(1997, 2)
(90154487117, 2)
(1998, 3)
(90199632078, 2)
(2002, 4)
(90380211922, 4)
(2003, 1)
(90425356883, 1)
(2007, 0)
(90605936727, 0)
(2008, 0)
(90651081688, 0)
(2012, 2)
(90831661532, 2)
(2013, 4)
(90876806493, 1)
(2017, 2)
(91057386337, 3)
(2018, 3)
(91102531298, 2)
(2022, 1)
(91283111142, 1)
(2023, 4)
(91328256103, 4)
(2027, 1)
(91508835947, 1)
(2028, 3)
(91553980908, 3)
(2032, 0)
(91734560752, 0)
(2033, 2)
(91779705713, 3)
(2037, 4)
(91960285557, 1)
(2038, 3)
(92005430518, 2)
(2042, 0)
(92186010362, 0)
(2043, 0)
(92231155323, 0)
(2047, 2)
(92411735167, 3)
(2048, 0)
(92456880128, 0)
(2052, 0)
(92637459972, 0)
(2053, 2)
(92682604933, 3)
(2057, 4)
(92863184777, 4)
(2058, 2)
(92908329738, 2)
(2062, 3)
(93088909582, 3)
(2063, 0)
(93134054543, 0)
(2067, 3)
(93314634387, 3)
(2068, 0)
(93359779348, 0)
(2072, 0)
(93540359192, 0)
(2073, 0)
(93585504153, 0)
(2077, 1)
(93766083997, 4)
(2078, 0)
(93811228958, 0)
(2082, 1)
(93991808802, 4)
(2083, 3)
(94036953763, 2)
(2087, 0)
(94217533607, 0)
(2088, 0)
(94262678568, 0)
(2092, 0)
(94443258412, 0)
(2093, 0)
(94488403373, 0)
(2097, 1)
(94668983217, 1)
(2098, 4)
(94714128178, 1)
(2102, 4)
(94894708022, 1)
(2103, 4)
(94939852983, 1)
(2107, 4)
(95120432827, 1)
(2108, 4)
(95165577788, 4)
(2112, 4)
(95346157632, 1)
(2113, 4)
(95391302593, 1)
(2117, 1)
(95571882437, 1)
(2118, 0)
(95617027398, 0)
(2122, 2)
(95797607242, 2)
(2123, 1)
(95842752203, 4)
(2127, 2)
(96023332047, 3)
(2128, 2)
(96068477008, 2)
(2132, 0)
(96249056852, 0)
(2133, 2)
(96294201813, 3)
(2137, 1)
(96474781657, 1)
(2138, 2)
(96519926618, 3)
(2142, 0)
(96700506462, 0)
(2143, 3)
(96745651423, 2)
(2147, 4)
(96926231267, 4)
(2148, 0)
(96971376228, 0)
(2152, 0)
(97151956072, 0)
(2153, 3)
(97197101033, 3)
(2157, 4)
(97377680877, 1)
(2158, 0)
(97422825838, 0)
(2162, 4)
(97603405682, 1)
(2163, 2)
(97648550643, 2)
(2167, 2)
(97829130487, 2)
(2168, 0)
(97874275448, 0)
(2172, 4)
(98054855292, 1)
(2173, 0)
(98100000253, 0)
(2177, 0)
(98280580097, 0)
(2178, 3)
(98325725058, 3)
(2182, 3)
(98506304902, 3)
(2183, 2)
(98551449863, 3)
(2187, 0)
(98732029707, 0)
(2188, 4)
(98777174668, 1)
(2192, 1)
(98957754512, 4)
(2193, 1)
(99002899473, 4)
(2197, 3)
(99183479317, 2)
(2198, 1)
(99228624278, 4)
(2202, 0)
(99409204122, 0)
(2203, 0)
(99454349083, 0)
(2207, 1)
(99634928927, 4)
(2208, 4)
(99680073888, 1)
(2212, 0)
(99860653732, 0)
(2213, 3)
(99905798693, 2)
(2217, 3)
(100086378537, 2)
(2218, 1)
(100131523498, 1)
(2222, 3)
(100312103342, 3)
(2223, 0)
(100357248303, 0)
(2227, 1)
(100537828147, 4)
(2228, 0)
(100582973108, 0)
(2232, 0)
(100763552952, 0)
(2233, 4)
(100808697913, 1)
(2237, 0)
(100989277757, 0)
(2238, 3)
(101034422718, 2)
(2242, 4)
(101215002562, 4)
(2243, 0)
(101260147523, 0)
(2247, 0)
(101440727367, 0)
(2248, 0)
(101485872328, 0)
(2252, 3)
(101666452172, 2)
(2253, 4)
(101711597133, 4)
(2257, 4)
(101892176977, 1)
(2258, 3)
(101937321938, 2)
(2262, 1)
(102117901782, 4)
(2263, 2)
(102163046743, 2)
(2267, 1)
(102343626587, 1)
(2268, 1)
(102388771548, 1)
(2272, 3)
(102569351392, 2)
(2273, 2)
(102614496353, 2)
(2277, 0)
(102795076197, 0)
(2278, 4)
(102840221158, 1)
(2282, 0)
(103020801002, 0)
(2283, 4)
(103065945963, 1)
(2287, 1)
(103246525807, 4)
(2288, 0)
(103291670768, 0)
(2292, 0)
(103472250612, 0)
(2293, 1)
(103517395573, 1)
(2297, 0)
(103697975417, 0)
(2298, 2)
(103743120378, 2)
(2302, 4)
(103923700222, 1)
(2303, 0)
(103968845183, 0)
(2307, 3)
(104149425027, 2)
(2308, 0)
(104194569988, 0)
(2312, 0)
(104375149832, 0)
(2313, 2)
(104420294793, 3)
(2317, 4)
(104600874637, 4)
(2318, 1)
(104646019598, 1)
(2322, 3)
(104826599442, 2)
(2323, 2)
(104871744403, 2)
(2327, 2)
(105052324247, 3)
(2328, 0)
(105097469208, 0)
(2332, 1)
(105278049052, 1)
(2333, 1)
(105323194013, 1)
(2337, 2)
(105503773857, 2)
(2338, 4)
(105548918818, 4)
(2342, 3)
(105729498662, 2)
(2343, 2)
(105774643623, 2)
(2347, 0)
(105955223467, 0)
(2348, 1)
(106000368428, 4)
(2352, 2)
(106180948272, 2)
(2353, 4)
(106226093233, 4)
(2357, 2)
(106406673077, 3)
(2358, 0)
(106451818038, 0)
(2362, 4)
(106632397882, 1)
(2363, 0)
(106677542843, 0)
(2367, 1)
(106858122687, 4)
(2368, 3)
(106903267648, 2)
(2372, 0)
(107083847492, 0)
(2373, 1)
(107128992453, 1)
(2377, 1)
(107309572297, 1)
(2378, 0)
(107354717258, 0)
(2382, 2)
(107535297102, 2)
(2383, 4)
(107580442063, 1)
(2387, 2)
(107761021907, 3)
(2388, 0)
(107806166868, 0)
(2392, 0)
(107986746712, 0)
(2393, 0)
(108031891673, 0)
(2397, 2)
(108212471517, 2)
(2398, 0)
(108257616478, 0)
(2402, 0)
(108438196322, 0)
(2403, 2)
(108483341283, 2)
(2407, 0)
(108663921127, 0)
(2408, 0)
(108709066088, 0)
(2412, 0)
(108889645932, 0)
(2413, 1)
(108934790893, 4)
(2417, 1)
(109115370737, 1)
(2418, 4)
(109160515698, 1)
(2422, 0)
(109341095542, 0)
(2423, 3)
(109386240503, 2)
(2427, 4)
(109566820347, 4)
(2428, 4)
(109611965308, 4)
(2432, 1)
(109792545152, 1)
(2433, 0)
(109837690113, 0)
(2437, 3)
(110018269957, 2)
(2438, 3)
(110063414918, 3)
(2442, 3)
(110243994762, 3)
(2443, 4)
(110289139723, 4)
(2447, 3)
(110469719567, 2)
(2448, 1)
(110514864528, 1)
(2452, 0)
(110695444372, 0)
(2453, 3)
(110740589333, 3)
(2457, 2)
(110921169177, 3)
(2458, 3)
(110966314138, 2)
(2462, 3)
(111146893982, 2)
(2463, 4)
(111192038943, 1)
(2467, 2)
(111372618787, 3)
(2468, 0)
(111417763748, 0)
(2472, 0)
(111598343592, 0)
(2473, 0)
(111643488553, 0)
(2477, 3)
(111824068397, 3)
(2478, 2)
(111869213358, 2)
(2482, 1)
(112049793202, 1)
(2483, 0)
(112094938163, 0)
(2487, 0)
(112275518007, 0)
(2488, 0)
(112320662968, 0)
(2492, 4)
(112501242812, 4)
(2493, 0)
(112546387773, 0)
(2497, 3)
(112726967617, 3)
(2498, 0)
(112772112578, 0)
(2502, 3)
(112952692422, 2)
(2503, 1)
(112997837383, 4)
(2507, 4)
(113178417227, 4)
(2508, 2)
(113223562188, 3)
(2512, 2)
(113404142032, 3)
(2513, 3)
(113449286993, 3)
(2517, 4)
(113629866837, 1)
(2518, 0)
(113675011798, 0)
(2522, 4)
(113855591642, 4)
(2523, 3)
(113900736603, 3)
(2527, 4)
(114081316447, 4)
(2528, 4)
(114126461408, 1)
(2532, 0)
(114307041252, 0)
(2533, 4)
(114352186213, 1)
(2537, 0)
(114532766057, 0)
(2538, 2)
(114577911018, 2)
(2542, 4)
(114758490862, 4)
(2543, 0)
(114803635823, 0)
(2547, 0)
(114984215667, 0)
(2548, 0)
(115029360628, 0)
(2552, 0)
(115209940472, 0)
(2553, 1)
(115255085433, 1)
(2557, 3)
(115435665277, 3)
(2558, 4)
(115480810238, 1)
(2562, 1)
(115661390082, 1)
(2563, 4)
(115706535043, 1)
(2567, 1)
(115887114887, 1)
(2568, 0)
(115932259848, 0)
(2572, 1)
(116112839692, 4)
(2573, 1)
(116157984653, 1)
(2577, 0)
(116338564497, 0)
(2578, 1)
(116383709458, 1)
(2582, 0)
(116564289302, 0)
(2583, 2)
(116609434263, 2)
(2587, 3)
(116790014107, 2)
(2588, 4)
(116835159068, 1)
(2592, 3)
(117015738912, 3)
(2593, 1)
(117060883873, 4)
(2597, 4)
(117241463717, 1)
(2598, 4)
(117286608678, 1)
(2602, 4)
(117467188522, 4)
(2603, 0)
(117512333483, 0)
(2607, 2)
(117692913327, 2)
(2608, 2)
(117738058288, 3)
(2612, 0)
(117918638132, 0)
(2613, 1)
(117963783093, 1)
(2617, 2)
(118144362937, 2)
(2618, 0)
(118189507898, 0)
(2622, 1)
(118370087742, 4)
(2623, 2)
(118415232703, 3)
(2627, 2)
(118595812547, 2)
(2628, 0)
(118640957508, 0)
(2632, 0)
(118821537352, 0)
(2633, 3)
(118866682313, 3)
(2637, 4)
(119047262157, 1)
(2638, 0)
(119092407118, 0)
(2642, 3)
(119272986962, 2)
(2643, 0)
(119318131923, 0)
(2647, 0)
(119498711767, 0)
(2648, 0)
(119543856728, 0)
(2652, 2)
(119724436572, 3)
(2653, 1)
(119769581533, 1)
(2657, 2)
(119950161377, 3)
(2658, 4)
(119995306338, 4)
(2662, 1)
(120175886182, 4)
(2663, 3)
(120221031143, 2)
(2667, 3)
(120401610987, 2)
(2668, 2)
(120446755948, 3)
(2672, 4)
(120627335792, 4)
(2673, 3)
(120672480753, 2)
(2677, 2)
(120853060597, 2)
(2678, 0)
(120898205558, 0)
(2682, 0)
(121078785402, 0)
(2683, 0)
(121123930363, 0)
(2687, 4)
(121304510207, 1)
(2688, 1)
(121349655168, 1)
(2692, 0)
(121530235012, 0)
(2693, 3)
(121575379973, 3)
(2697, 4)
(121755959817, 4)
(2698, 4)
(121801104778, 1)
(2702, 2)
(121981684622, 2)
(2703, 3)
(122026829583, 2)
(2707, 2)
(122207409427, 3)
(2708, 0)
(122252554388, 0)
(2712, 0)
(122433134232, 0)
(2713, 1)
(122478279193, 4)
(2717, 2)
(122658859037, 2)
(2718, 1)
(122704003998, 1)
(2722, 0)
(122884583842, 0)
(2723, 3)
(122929728803, 3)
(2727, 0)
(123110308647, 0)
(2728, 0)
(123155453608, 0)
(2732, 0)
(123336033452, 0)
(2733, 3)
(123381178413, 2)
(2737, 1)
(123561758257, 4)
(2738, 4)
(123606903218, 4)
(2742, 3)
(123787483062, 3)
(2743, 0)
(123832628023, 0)
(2747, 3)
(124013207867, 2)
(2748, 1)
(124058352828, 1)
(2752, 0)
(124238932672, 0)
(2753, 2)
(124284077633, 3)
(2757, 4)
(124464657477, 1)
(2758, 4)
(124509802438, 1)
(2762, 4)
(124690382282, 4)
(2763, 0)
(124735527243, 0)
(2767, 4)
(124916107087, 4)
(2768, 2)
(124961252048, 3)
(2772, 0)
(125141831892, 0)
(2773, 4)
(125186976853, 4)
(2777, 0)
(125367556697, 0)
(2778, 1)
(125412701658, 1)
(2782, 2)
(125593281502, 2)
(2783, 4)
(125638426463, 1)
(2787, 1)
(125819006307, 4)
(2788, 0)
(125864151268, 0)
(2792, 0)
(126044731112, 0)
(2793, 4)
(126089876073, 4)
(2797, 3)
(126270455917, 2)
(2798, 4)
(126315600878, 1)
(2802, 1)
(126496180722, 1)
(2803, 1)
(126541325683, 1)
(2807, 3)
(126721905527, 3)
(2808, 0)
(126767050488, 0)
(2812, 3)
(126947630332, 2)
(2813, 0)
(126992775293, 0)
(2817, 0)
(127173355137, 0)
(2818, 0)
(127218500098, 0)
(2822, 2)
(127399079942, 2)
(2823, 1)
(127444224903, 1)
(2827, 3)
(127624804747, 3)
(2828, 3)
(127669949708, 2)
(2832, 3)
(127850529552, 3)
(2833, 3)
(127895674513, 3)
(2837, 1)
(128076254357, 1)
(2838, 0)
(128121399318, 0)
(2842, 2)
(128301979162, 2)
(2843, 0)
(128347124123, 0)
(2847, 3)
(128527703967, 2)
(2848, 4)
(128572848928, 4)
(2852, 0)
(128753428772, 0)
(2853, 0)
(128798573733, 0)
(2857, 0)
(128979153577, 0)
(2858, 3)
(129024298538, 2)
(2862, 2)
(129204878382, 3)
(2863, 2)
(129250023343, 3)
(2867, 2)
(129430603187, 2)
(2868, 0)
(129475748148, 0)
(2872, 0)
(129656327992, 0)
(2873, 3)
(129701472953, 3)
(2877, 0)
(129882052797, 0)
(2878, 1)
(129927197758, 1)
(2882, 1)
(130107777602, 1)
(2883, 3)
(130152922563, 3)
(2887, 0)
(130333502407, 0)
(2888, 0)
(130378647368, 0)
(2892, 3)
(130559227212, 3)
(2893, 4)
(130604372173, 4)
(2897, 1)
(130784952017, 1)
(2898, 0)
(130830096978, 0)
(2902, 2)
(131010676822, 3)
(2903, 4)
(131055821783, 4)
(2907, 2)
(131236401627, 2)
(2908, 4)
(131281546588, 4)
(2912, 4)
(131462126432, 1)
(2913, 2)
(131507271393, 3)
(2917, 2)
(131687851237, 3)
(2918, 4)
(131732996198, 4)
(2922, 1)
(131913576042, 4)
(2923, 4)
(131958721003, 4)
(2927, 4)
(132139300847, 4)
(2928, 3)
(132184445808, 3)
(2932, 0)
(132365025652, 0)
(2933, 1)
(132410170613, 4)
(2937, 4)
(132590750457, 1)
(2938, 4)
(132635895418, 1)
(2942, 0)
(132816475262, 0)
(2943, 3)
(132861620223, 2)
(2947, 3)
(133042200067, 3)
(2948, 0)
(133087345028, 0)
(2952, 0)
(133267924872, 0)
(2953, 1)
(133313069833, 4)
(2957, 4)
(133493649677, 4)
(2958, 2)
(133538794638, 2)
(2962, 4)
(133719374482, 4)
(2963, 2)
(133764519443, 2)
(2967, 1)
(133945099287, 1)
(2968, 0)
(133990244248, 0)
(2972, 2)
(134170824092, 3)
(2973, 2)
(134215969053, 3)
(2977, 4)
(134396548897, 1)
(2978, 0)
(134441693858, 0)
(2982, 1)
(134622273702, 4)
(2983, 0)
(134667418663, 0)
(2987, 0)
(134847998507, 0)
(2988, 2)
(134893143468, 2)
(2992, 1)
(135073723312, 4)
(2993, 2)
(135118868273, 2)
(2997, 4)
(135299448117, 1)
(2998, 3)
(135344593078, 2)
(3002, 4)
(135525172922, 1)
(3003, 2)
(135570317883, 2)
(3007, 0)
(135750897727, 0)
(3008, 0)
(135796042688, 0)
(3012, 0)
(135976622532, 0)
(3013, 3)
(136021767493, 3)
(3017, 3)
(136202347337, 3)
(3018, 4)
(136247492298, 4)
(3022, 2)
(136428072142, 3)
(3023, 2)
(136473217103, 2)
(3027, 2)
(136653796947, 3)
(3028, 0)
(136698941908, 0)
(3032, 0)
(136879521752, 0)
(3033, 0)
(136924666713, 0)
(3037, 3)
(137105246557, 3)
(3038, 1)
(137150391518, 1)
(3042, 0)
(137330971362, 0)
(3043, 3)
(137376116323, 3)
(3047, 2)
(137556696167, 3)
(3048, 0)
(137601841128, 0)
(3052, 3)
(137782420972, 2)
(3053, 0)
(137827565933, 0)
(3057, 3)
(138008145777, 2)
(3058, 2)
(138053290738, 2)
(3062, 4)
(138233870582, 1)
(3063, 1)
(138279015543, 4)
(3067, 2)
(138459595387, 2)
(3068, 1)
(138504740348, 4)
(3072, 4)
(138685320192, 4)
(3073, 1)
(138730465153, 1)
(3077, 4)
(138911044997, 1)
(3078, 4)
(138956189958, 4)
(3082, 0)
(139136769802, 0)
(3083, 2)
(139181914763, 2)
(3087, 0)
(139362494607, 0)
(3088, 2)
(139407639568, 2)
(3092, 0)
(139588219412, 0)
(3093, 2)
(139633364373, 2)
(3097, 3)
(139813944217, 2)
(3098, 4)
(139859089178, 4)
(3102, 1)
(140039669022, 4)
(3103, 0)
(140084813983, 0)
(3107, 3)
(140265393827, 3)
(3108, 0)
(140310538788, 0)
(3112, 0)
(140491118632, 0)
(3113, 1)
(140536263593, 4)
(3117, 0)
(140716843437, 0)
(3118, 0)
(140761988398, 0)
(3122, 3)
(140942568242, 2)
(3123, 0)
(140987713203, 0)
(3127, 1)
(141168293047, 4)
(3128, 0)
(141213438008, 0)
(3132, 3)
(141394017852, 3)
(3133, 0)
(141439162813, 0)
(3137, 1)
(141619742657, 4)
(3138, 4)
(141664887618, 1)
(3142, 0)
(141845467462, 0)
(3143, 1)
(141890612423, 1)
(3147, 0)
(142071192267, 0)
(3148, 0)
(142116337228, 0)
(3152, 0)
(142296917072, 0)
(3153, 4)
(142342062033, 1)
(3157, 4)
(142522641877, 1)
(3158, 2)
(142567786838, 2)
(3162, 0)
(142748366682, 0)
(3163, 1)
(142793511643, 1)
(3167, 2)
(142974091487, 2)
(3168, 0)
(143019236448, 0)
(3172, 0)
(143199816292, 0)
(3173, 0)
(143244961253, 0)
(3177, 3)
(143425541097, 2)
(3178, 0)
(143470686058, 0)
(3182, 2)
(143651265902, 2)
(3183, 4)
(143696410863, 4)
(3187, 2)
(143876990707, 2)
(3188, 0)
(143922135668, 0)
(3192, 0)
(144102715512, 0)
(3193, 4)
(144147860473, 4)
(3197, 4)
(144328440317, 4)
(3198, 2)
(144373585278, 3)
(3202, 1)
(144554165122, 4)
(3203, 4)
(144599310083, 4)
(3207, 3)
(144779889927, 2)
(3208, 0)
(144825034888, 0)
(3212, 0)
(145005614732, 0)
(3213, 3)
(145050759693, 3)
(3217, 1)
(145231339537, 4)
(3218, 1)
(145276484498, 4)
(3222, 0)
(145457064342, 0)
(3223, 0)
(145502209303, 0)
(3227, 4)
(145682789147, 4)
(3228, 2)
(145727934108, 2)
(3232, 2)
(145908513952, 3)
(3233, 4)
(145953658913, 1)
(3237, 2)
(146134238757, 3)
(3238, 3)
(146179383718, 2)
(3242, 3)
(146359963562, 2)
(3243, 2)
(146405108523, 3)
(3247, 3)
(146585688367, 2)
(3248, 3)
(146630833328, 3)
(3252, 0)
(146811413172, 0)
(3253, 1)
(146856558133, 1)
(3257, 1)
(147037137977, 4)
(3258, 4)
(147082282938, 1)
(3262, 3)
(147262862782, 3)
(3263, 3)
(147308007743, 2)
(3267, 4)
(147488587587, 4)
(3268, 0)
(147533732548, 0)
(3272, 0)
(147714312392, 0)
(3273, 4)
(147759457353, 4)
(3277, 3)
(147940037197, 3)
(3278, 1)
(147985182158, 1)
(3282, 0)
(148165762002, 0)
(3283, 1)
(148210906963, 4)
(3287, 1)
(148391486807, 4)
(3288, 0)
(148436631768, 0)
(3292, 3)
(148617211612, 2)
(3293, 1)
(148662356573, 4)
(3297, 0)
(148842936417, 0)
(3298, 1)
(148888081378, 4)
(3302, 1)
(149068661222, 1)
(3303, 0)
(149113806183, 0)
(3307, 4)
(149294386027, 1)
(3308, 1)
(149339530988, 4)
(3312, 1)
(149520110832, 4)
(3313, 1)
(149565255793, 4)
(3317, 1)
(149745835637, 4)
(3318, 2)
(149790980598, 3)
(3322, 4)
(149971560442, 1)
(3323, 3)
(150016705403, 2)
(3327, 4)
(150197285247, 4)
(3328, 2)
(150242430208, 3)
(3332, 0)
(150423010052, 0)
(3333, 3)
(150468155013, 3)
(3337, 4)
(150648734857, 1)
(3338, 0)
(150693879818, 0)
(3342, 4)
(150874459662, 1)
(3343, 4)
(150919604623, 4)
(3347, 1)
(151100184467, 4)
(3348, 0)
(151145329428, 0)
(3352, 0)
(151325909272, 0)
(3353, 0)
(151371054233, 0)
(3357, 0)
(151551634077, 0)
(3358, 2)
(151596779038, 3)
(3362, 4)
(151777358882, 4)
(3363, 4)
(151822503843, 4)
(3367, 0)
(152003083687, 0)
(3368, 0)
(152048228648, 0)
(3372, 2)
(152228808492, 2)
(3373, 4)
(152273953453, 4)
(3377, 3)
(152454533297, 3)
(3378, 4)
(152499678258, 1)
(3382, 0)
(152680258102, 0)
(3383, 1)
(152725403063, 1)
(3387, 2)
(152905982907, 3)
(3388, 3)
(152951127868, 3)
(3392, 1)
(153131707712, 4)
(3393, 2)
(153176852673, 3)
(3397, 0)
(153357432517, 0)
(3398, 3)
(153402577478, 2)
(3402, 3)
(153583157322, 3)
(3403, 2)
(153628302283, 2)
(3407, 3)
(153808882127, 3)
(3408, 4)
(153854027088, 1)
(3412, 0)
(154034606932, 0)
(3413, 3)
(154079751893, 2)
(3417, 4)
(154260331737, 1)
(3418, 2)
(154305476698, 3)
(3422, 3)
(154486056542, 3)
(3423, 0)
(154531201503, 0)
(3427, 1)
(154711781347, 1)
(3428, 0)
(154756926308, 0)
(3432, 0)
(154937506152, 0)
(3433, 1)
(154982651113, 1)
(3437, 2)
(155163230957, 2)
(3438, 0)
(155208375918, 0)
(3442, 0)
(155388955762, 0)
(3443, 4)
(155434100723, 4)
(3447, 4)
(155614680567, 4)
(3448, 0)
(155659825528, 0)
(3452, 2)
(155840405372, 3)
(3453, 3)
(155885550333, 2)
(3457, 3)
(156066130177, 2)
(3458, 0)
(156111275138, 0)
(3462, 3)
(156291854982, 3)
(3463, 4)
(156336999943, 1)
(3467, 4)
(156517579787, 1)
(3468, 4)
(156562724748, 4)
(3472, 1)
(156743304592, 1)
(3473, 0)
(156788449553, 0)
(3477, 2)
(156969029397, 2)
(3478, 4)
(157014174358, 1)
(3482, 4)
(157194754202, 4)
(3483, 3)
(157239899163, 2)
(3487, 2)
(157420479007, 2)
(3488, 0)
(157465623968, 0)
(3492, 0)
(157646203812, 0)
(3493, 3)
(157691348773, 3)
(3497, 2)
(157871928617, 3)
(3498, 0)
(157917073578, 0)
(3502, 4)
(158097653422, 4)
(3503, 2)
(158142798383, 2)
(3507, 3)
(158323378227, 3)
(3508, 0)
(158368523188, 0)
(3512, 0)
(158549103032, 0)
(3513, 4)
(158594247993, 1)
(3517, 0)
(158774827837, 0)
(3518, 3)
(158819972798, 2)
(3522, 3)
(159000552642, 2)
(3523, 4)
(159045697603, 1)
(3527, 0)
(159226277447, 0)
(3528, 0)
(159271422408, 0)
(3532, 1)
(159452002252, 4)
(3533, 0)
(159497147213, 0)
(3537, 3)
(159677727057, 2)
(3538, 3)
(159722872018, 3)
(3542, 2)
(159903451862, 2)
(3543, 3)
(159948596823, 2)
(3547, 4)
(160129176667, 4)
(3548, 2)
(160174321628, 3)
(3552, 4)
(160354901472, 1)
(3553, 1)
(160400046433, 4)
(3557, 4)
(160580626277, 1)
(3558, 3)
(160625771238, 3)
(3562, 2)
(160806351082, 2)
(3563, 3)
(160851496043, 3)
(3567, 0)
(161032075887, 0)
(3568, 2)
(161077220848, 3)
