(2, 4)
(16577282, 4)
(3, 3)
(24865923, 3)
(7, 4)
(58020487, 1)
(8, 0)
(66309128, 0)
(12, 4)
(99463692, 4)
(13, 3)
(107752333, 2)
(17, 4)
(140906897, 1)
(18, 3)
(149195538, 3)
(22, 3)
(182350102, 3)
(23, 3)
(190638743, 2)
(27, 3)
(223793307, 3)
(28, 3)
(232081948, 2)
(32, 2)
(265236512, 2)
(33, 1)
(273525153, 1)
(37, 2)
(306679717, 2)
(38, 1)
(314968358, 1)
(42, 1)
(348122922, 4)
(43, 4)
(356411563, 1)
(47, 0)
(389566127, 0)
(48, 4)
(397854768, 4)
(52, 0)
(431009332, 0)
(53, 4)
(439297973, 4)
(57, 4)
(472452537, 4)
(58, 2)
(480741178, 3)
(62, 2)
(513895742, 2)
(63, 0)
(522184383, 0)
(67, 1)
(555338947, 4)
(68, 0)
(563627588, 0)
(72, 0)
(596782152, 0)
(73, 1)
(605070793, 1)
(77, 3)
(638225357, 2)
(78, 4)
(646513998, 1)
(82, 1)
(679668562, 1)
(83, 2)
(687957203, 2)
(87, 4)
(721111767, 1)
(88, 0)
(729400408, 0)
(92, 1)
(762554972, 4)
(93, 1)
(770843613, 1)
(97, 4)
(803998177, 4)
(98, 4)
(812286818, 4)
(102, 1)
(845441382, 4)
(103, 0)
(853730023, 0)
(107, 3)
(886884587, 3)
(108, 4)
(895173228, 4)
(112, 4)
(928327792, 1)
(113, 2)
(936616433, 3)
(117, 0)
(969770997, 0)
(118, 1)
(978059638, 1)
(122, 0)
(1011214202, 0)
(123, 3)
(1019502843, 3)
(127, 0)
(1052657407, 0)
(128, 4)
(1060946048, 4)
(132, 0)
(1094100612, 0)
(133, 1)
(1102389253, 4)
(137, 3)
(1135543817, 3)
(138, 3)
(1143832458, 2)
(142, 1)
(1176987022, 1)
(143, 0)
(1185275663, 0)
(147, 4)
(1218430227, 4)
(148, 0)
(1226718868, 0)
(152, 0)
(1259873432, 0)
(153, 3)
(1268162073, 2)
(157, 1)
(1301316637, 4)
(158, 3)
(1309605278, 3)
(162, 1)
(1342759842, 1)
(163, 4)
(1351048483, 4)
(167, 4)
(1384203047, 4)
(168, 0)
(1392491688, 0)
(172, 2)
(1425646252, 3)
(173, 1)
(1433934893, 4)
(177, 4)
(1467089457, 4)
(178, 3)
(1475378098, 2)
(182, 3)
(1508532662, 3)
(183, 3)
(1516821303, 3)
(187, 2)
(1549975867, 3)
(188, 0)
(1558264508, 0)
(192, 0)
(1591419072, 0)
(193, 1)
(1599707713, 1)
(197, 0)
(1632862277, 0)
(198, 0)
(1641150918, 0)
(202, 4)
(1674305482, 1)
(203, 1)
(1682594123, 1)
(207, 1)
(1715748687, 4)
(208, 1)
(1724037328, 4)
(212, 0)
(1757191892, 0)
(213, 2)
(1765480533, 2)
(217, 3)
(1798635097, 2)
(218, 0)
(1806923738, 0)
(222, 3)
(1840078302, 3)
(223, 2)
(1848366943, 3)
(227, 0)
(1881521507, 0)
(228, 0)
(1889810148, 0)
(232, 0)
(1922964712, 0)
(233, 3)
(1931253353, 2)
(237, 2)
(1964407917, 2)
(238, 3)
(1972696558, 3)
(242, 4)
(2005851122, 4)
(243, 4)
(2014139763, 4)
(247, 4)
(2047294327, 1)
(248, 0)
(2055582968, 0)
(252, 0)
(2088737532, 0)
(253, 1)
(2097026173, 4)
(257, 1)
(2130180737, 1)
(258, 3)
(2138469378, 2)
(262, 4)
(2171623942, 4)
(263, 3)
(2179912583, 2)
(267, 2)
(2213067147, 3)
(268, 3)
(2221355788, 2)
(272, 3)
(2254510352, 2)
(273, 2)
(2262798993, 2)
(277, 1)
(2295953557, 4)
(278, 4)
(2304242198, 1)
(282, 2)
(2337396762, 3)
(283, 2)
(2345685403, 3)
(287, 1)
(2378839967, 4)
(288, 4)
(2387128608, 4)
(292, 0)
(2420283172, 0)
(293, 2)
(2428571813, 3)
(297, 1)
(2461726377, 1)
(298, 1)
(2470015018, 4)
(302, 3)
(2503169582, 2)
(303, 0)
(2511458223, 0)
(307, 3)
(2544612787, 3)
(308, 0)
(2552901428, 0)
(312, 0)
(2586055992, 0)
(313, 2)
(2594344633, 3)
(317, 0)
(2627499197, 0)
(318, 2)
(2635787838, 2)
(322, 2)
(2668942402, 2)
(323, 1)
(2677231043, 4)
(327, 3)
(2710385607, 3)
(328, 0)
(2718674248, 0)
(332, 1)
(2751828812, 1)
(333, 0)
(2760117453, 0)
(337, 3)
(2793272017, 2)
(338, 0)
(2801560658, 0)
(342, 2)
(2834715222, 2)
(343, 3)
(2843003863, 2)
(347, 0)
(2876158427, 0)
(348, 3)
(2884447068, 2)
(352, 4)
(2917601632, 4)
(353, 4)
(2925890273, 1)
(357, 3)
(2959044837, 3)
(358, 1)
(2967333478, 4)
(362, 2)
(3000488042, 3)
(363, 4)
(3008776683, 4)
(367, 1)
(3041931247, 1)
(368, 3)
(3050219888, 2)
(372, 0)
(3083374452, 0)
(373, 0)
(3091663093, 0)
(377, 1)
(3124817657, 1)
(378, 1)
(3133106298, 4)
(382, 2)
(3166260862, 2)
(383, 2)
(3174549503, 2)
(387, 0)
(3207704067, 0)
(388, 0)
(3215992708, 0)
(392, 0)
(3249147272, 0)
(393, 3)
(3257435913, 3)
(397, 1)
(3290590477, 1)
(398, 0)
(3298879118, 0)
(402, 4)
(3332033682, 1)
(403, 3)
(3340322323, 2)
(407, 4)
(3373476887, 4)
(408, 0)
(3381765528, 0)
(412, 0)
(3414920092, 0)
(413, 0)
(3423208733, 0)
(417, 2)
(3456363297, 3)
(418, 3)
(3464651938, 3)
(422, 0)
(3497806502, 0)
(423, 0)
(3506095143, 0)
(427, 2)
(3539249707, 3)
(428, 4)
(3547538348, 4)
(432, 4)
(3580692912, 4)
(433, 3)
(3588981553, 2)
(437, 0)
(3622136117, 0)
(438, 3)
(3630424758, 3)
(442, 2)
(3663579322, 2)
(443, 0)
(3671867963, 0)
(447, 1)
(3705022527, 4)
(448, 2)
(3713311168, 3)
(452, 0)
(3746465732, 0)
(453, 3)
(3754754373, 2)
(457, 3)
(3787908937, 2)
(458, 1)
(3796197578, 4)
(462, 2)
(3829352142, 3)
(463, 2)
(3837640783, 2)
(467, 2)
(3870795347, 2)
(468, 0)
(3879083988, 0)
(472, 0)
(3912238552, 0)
(473, 3)
(3920527193, 2)
(477, 3)
(3953681757, 3)
(478, 3)
(3961970398, 2)
(482, 0)
(3995124962, 0)
(483, 1)
(4003413603, 1)
(487, 3)
(4036568167, 2)
(488, 0)
(4044856808, 0)
(492, 4)
(4078011372, 4)
(493, 3)
(4086300013, 3)
(497, 4)
(4119454577, 1)
(498, 3)
(4127743218, 3)
(502, 1)
(4160897782, 4)
(503, 1)
(4169186423, 4)
(507, 1)
(4202340987, 1)
(508, 0)
(4210629628, 0)
(512, 4)
(4243784192, 4)
(513, 4)
(4252072833, 4)
(517, 2)
(4285227397, 3)
(518, 1)
(4293516038, 4)
(522, 0)
(4326670602, 0)
(523, 0)
(4334959243, 0)
(527, 2)
(4368113807, 3)
(528, 2)
(4376402448, 2)
(532, 0)
(4409557012, 0)
(533, 3)
(4417845653, 2)
(537, 2)
(4451000217, 3)
(538, 0)
(4459288858, 0)
(542, 1)
(4492443422, 4)
(543, 2)
(4500732063, 3)
(547, 3)
(4533886627, 2)
(548, 0)
(4542175268, 0)
(552, 0)
(4575329832, 0)
(553, 2)
(4583618473, 3)
(557, 3)
(4616773037, 3)
(558, 4)
(4625061678, 4)
(562, 2)
(4658216242, 2)
(563, 1)
(4666504883, 4)
(567, 3)
(4699659447, 2)
(568, 0)
(4707948088, 0)
(572, 0)
(4741102652, 0)
(573, 4)
(4749391293, 4)
(577, 3)
(4782545857, 3)
(578, 2)
(4790834498, 2)
(582, 4)
(4823989062, 4)
(583, 3)
(4832277703, 3)
(587, 2)
(4865432267, 3)
(588, 2)
(4873720908, 2)
(592, 4)
(4906875472, 4)
(593, 1)
(4915164113, 4)
(597, 2)
(4948318677, 2)
(598, 3)
(4956607318, 3)
(602, 1)
(4989761882, 1)
(603, 0)
(4998050523, 0)
(607, 2)
(5031205087, 3)
(608, 3)
(5039493728, 3)
(612, 0)
(5072648292, 0)
(613, 0)
(5080936933, 0)
(617, 2)
(5114091497, 3)
(618, 2)
(5122380138, 3)
(622, 3)
(5155534702, 2)
(623, 2)
(5163823343, 2)
(627, 4)
(5196977907, 4)
(628, 0)
(5205266548, 0)
(632, 0)
(5238421112, 0)
(633, 0)
(5246709753, 0)
(637, 4)
(5279864317, 1)
(638, 0)
(5288152958, 0)
(642, 4)
(5321307522, 4)
(643, 2)
(5329596163, 3)
(647, 2)
(5362750727, 3)
(648, 0)
(5371039368, 0)
(652, 2)
(5404193932, 2)
(653, 1)
(5412482573, 1)
(657, 0)
(5445637137, 0)
(658, 3)
(5453925778, 3)
(662, 3)
(5487080342, 3)
(663, 1)
(5495368983, 1)
(667, 4)
(5528523547, 4)
(668, 3)
(5536812188, 3)
(672, 3)
(5569966752, 2)
(673, 3)
(5578255393, 3)
(677, 0)
(5611409957, 0)
(678, 0)
(5619698598, 0)
(682, 3)
(5652853162, 3)
(683, 0)
(5661141803, 0)
(687, 3)
(5694296367, 2)
(688, 2)
(5702585008, 3)
(692, 0)
(5735739572, 0)
(693, 1)
(5744028213, 4)
(697, 3)
(5777182777, 2)
(698, 1)
(5785471418, 1)
(702, 4)
(5818625982, 1)
(703, 4)
(5826914623, 4)
(707, 1)
(5860069187, 1)
(708, 0)
(5868357828, 0)
(712, 0)
(5901512392, 0)
(713, 1)
(5909801033, 4)
(717, 1)
(5942955597, 4)
(718, 2)
(5951244238, 2)
(722, 1)
(5984398802, 1)
(723, 1)
(5992687443, 4)
(727, 2)
(6025842007, 3)
(728, 0)
(6034130648, 0)
(732, 1)
(6067285212, 1)
(733, 1)
(6075573853, 1)
(737, 0)
(6108728417, 0)
(738, 0)
(6117017058, 0)
(742, 2)
(6150171622, 3)
(743, 1)
(6158460263, 1)
(747, 4)
(6191614827, 4)
(748, 1)
(6199903468, 4)
(752, 0)
(6233058032, 0)
(753, 3)
(6241346673, 2)
(757, 0)
(6274501237, 0)
(758, 2)
(6282789878, 3)
(762, 3)
(6315944442, 3)
(763, 1)
(6324233083, 4)
(767, 3)
(6357387647, 2)
(768, 2)
(6365676288, 2)
(772, 0)
(6398830852, 0)
(773, 4)
(6407119493, 4)
(777, 1)
(6440274057, 4)
(778, 4)
(6448562698, 1)
(782, 1)
(6481717262, 1)
(783, 4)
(6490005903, 1)
(787, 0)
(6523160467, 0)
(788, 0)
(6531449108, 0)
(792, 0)
(6564603672, 0)
(793, 2)
(6572892313, 3)
(797, 0)
(6606046877, 0)
(798, 1)
(6614335518, 4)
(802, 3)
(6647490082, 3)
(803, 0)
(6655778723, 0)
(807, 1)
(6688933287, 1)
(808, 0)
(6697221928, 0)
(812, 3)
(6730376492, 3)
(813, 3)
(6738665133, 2)
(817, 2)
(6771819697, 3)
(818, 3)
(6780108338, 3)
(822, 0)
(6813262902, 0)
(823, 4)
(6821551543, 1)
(827, 2)
(6854706107, 3)
(828, 2)
(6862994748, 3)
(832, 2)
(6896149312, 3)
(833, 2)
(6904437953, 3)
(837, 1)
(6937592517, 1)
(838, 4)
(6945881158, 1)
(842, 4)
(6979035722, 4)
(843, 4)
(6987324363, 4)
(847, 4)
(7020478927, 1)
(848, 3)
(7028767568, 3)
(852, 0)
(7061922132, 0)
(853, 0)
(7070210773, 0)
(857, 2)
(7103365337, 2)
(858, 1)
(7111653978, 4)
(862, 2)
(7144808542, 2)
(863, 1)
(7153097183, 1)
(867, 3)
(7186251747, 3)
(868, 0)
(7194540388, 0)
(872, 0)
(7227694952, 0)
(873, 0)
(7235983593, 0)
(877, 0)
(7269138157, 0)
(878, 0)
(7277426798, 0)
(882, 3)
(7310581362, 3)
(883, 2)
(7318870003, 2)
(887, 1)
(7352024567, 4)
(888, 0)
(7360313208, 0)
(892, 4)
(7393467772, 1)
(893, 2)
(7401756413, 3)
(897, 1)
(7434910977, 1)
(898, 2)
(7443199618, 3)
(902, 2)
(7476354182, 2)
(903, 1)
(7484642823, 1)
(907, 3)
(7517797387, 2)
(908, 0)
(7526086028, 0)
(912, 3)
(7559240592, 3)
(913, 3)
(7567529233, 3)
(917, 0)
(7600683797, 0)
(918, 1)
(7608972438, 4)
(922, 2)
(7642127002, 2)
(923, 0)
(7650415643, 0)
(927, 0)
(7683570207, 0)
(928, 1)
(7691858848, 4)
(932, 0)
(7725013412, 0)
(933, 4)
(7733302053, 1)
(937, 0)
(7766456617, 0)
(938, 1)
(7774745258, 1)
(942, 3)
(7807899822, 2)
(943, 1)
(7816188463, 4)
(947, 0)
(7849343027, 0)
(948, 0)
(7857631668, 0)
(952, 0)
(7890786232, 0)
(953, 3)
(7899074873, 2)
(957, 1)
(7932229437, 4)
(958, 1)
(7940518078, 4)
(962, 2)
(7973672642, 3)
(963, 1)
(7981961283, 1)
(967, 4)
(8015115847, 4)
(968, 0)
(8023404488, 0)
(972, 2)
(8056559052, 2)
(973, 3)
(8064847693, 3)
(977, 0)
(8098002257, 0)
(978, 4)
(8106290898, 4)
(982, 0)
(8139445462, 0)
(983, 2)
(8147734103, 3)
(987, 3)
(8180888667, 3)
(988, 3)
(8189177308, 2)
(992, 1)
(8222331872, 1)
(993, 3)
(8230620513, 3)
(997, 4)
(8263775077, 1)
(998, 1)
(8272063718, 4)
(1002, 4)
(8305218282, 4)
(1003, 1)
(8313506923, 4)
(1007, 0)
(8346661487, 0)
(1008, 0)
(8354950128, 0)
(1012, 0)
(8388104692, 0)
(1013, 4)
(8396393333, 4)
(1017, 4)
(8429547897, 1)
(1018, 3)
(8437836538, 2)
(1022, 3)
(8470991102, 2)
(1023, 1)
(8479279743, 1)
(1027, 4)
(8512434307, 1)
(1028, 0)
(8520722948, 0)
(1032, 0)
(8553877512, 0)
(1033, 3)
(8562166153, 3)
(1037, 0)
(8595320717, 0)
(1038, 2)
(8603609358, 3)
(1042, 3)
(8636763922, 2)
(1043, 2)
(8645052563, 2)
(1047, 4)
(8678207127, 4)
(1048, 0)
(8686495768, 0)
(1052, 1)
(8719650332, 4)
(1053, 1)
(8727938973, 4)
(1057, 1)
(8761093537, 1)
(1058, 0)
(8769382178, 0)
(1062, 0)
(8802536742, 0)
(1063, 4)
(8810825383, 4)
(1067, 2)
(8843979947, 2)
(1068, 1)
(8852268588, 4)
(1072, 3)
(8885423152, 2)
(1073, 1)
(8893711793, 4)
(1077, 4)
(8926866357, 4)
(1078, 3)
(8935154998, 3)
(1082, 3)
(8968309562, 3)
(1083, 2)
(8976598203, 2)
(1087, 1)
(9009752767, 1)
(1088, 1)
(9018041408, 4)
(1092, 0)
(9051195972, 0)
(1093, 0)
(9059484613, 0)
(1097, 1)
(9092639177, 4)
(1098, 0)
(9100927818, 0)
(1102, 0)
(9134082382, 0)
(1103, 3)
(9142371023, 2)
(1107, 3)
(9175525587, 3)
(1108, 0)
(9183814228, 0)
(1112, 0)
(9216968792, 0)
(1113, 4)
(9225257433, 1)
(1117, 4)
(9258411997, 4)
(1118, 1)
(9266700638, 1)
(1122, 4)
(9299855202, 1)
(1123, 0)
(9308143843, 0)
(1127, 3)
(9341298407, 2)
(1128, 0)
(9349587048, 0)
(1132, 1)
(9382741612, 4)
(1133, 2)
(9391030253, 3)
(1137, 0)
(9424184817, 0)
(1138, 2)
(9432473458, 2)
(1142, 2)
(9465628022, 3)
(1143, 0)
(9473916663, 0)
(1147, 1)
(9507071227, 1)
(1148, 2)
(9515359868, 3)
(1152, 3)
(9548514432, 3)
(1153, 4)
(9556803073, 1)
(1157, 3)
(9589957637, 3)
(1158, 4)
(9598246278, 4)
(1162, 3)
(9631400842, 2)
(1163, 3)
(9639689483, 3)
(1167, 3)
(9672844047, 2)
(1168, 2)
(9681132688, 2)
(1172, 0)
(9714287252, 0)
(1173, 1)
(9722575893, 1)
(1177, 2)
(9755730457, 2)
(1178, 1)
(9764019098, 1)
(1182, 0)
(9797173662, 0)
(1183, 0)
(9805462303, 0)
(1187, 4)
(9838616867, 4)
(1188, 0)
(9846905508, 0)
(1192, 0)
(9880060072, 0)
(1193, 4)
(9888348713, 1)
(1197, 0)
(9921503277, 0)
(1198, 2)
(9929791918, 3)
(1202, 1)
(9962946482, 4)
(1203, 4)
(9971235123, 4)
(1207, 2)
(10004389687, 3)
(1208, 0)
(10012678328, 0)
(1212, 0)
(10045832892, 0)
(1213, 0)
(10054121533, 0)
(1217, 2)
(10087276097, 2)
(1218, 4)
(10095564738, 4)
(1222, 3)
(10128719302, 3)
(1223, 0)
(10137007943, 0)
(1227, 4)
(10170162507, 4)
(1228, 4)
(10178451148, 4)
(1232, 1)
(10211605712, 4)
(1233, 1)
(10219894353, 1)
(1237, 4)
(10253048917, 1)
(1238, 2)
(10261337558, 2)
(1242, 3)
(10294492122, 2)
(1243, 1)
(10302780763, 4)
(1247, 4)
(10335935327, 4)
(1248, 2)
(10344223968, 3)
(1252, 0)
(10377378532, 0)
(1253, 3)
(10385667173, 3)
(1257, 0)
(10418821737, 0)
(1258, 2)
(10427110378, 3)
(1262, 4)
(10460264942, 1)
(1263, 0)
(10468553583, 0)
(1267, 1)
(10501708147, 1)
(1268, 0)
(10509996788, 0)
(1272, 0)
(10543151352, 0)
(1273, 0)
(10551439993, 0)
(1277, 4)
(10584594557, 4)
(1278, 0)
(10592883198, 0)
(1282, 3)
(10626037762, 3)
(1283, 4)
(10634326403, 4)
(1287, 0)
(10667480967, 0)
(1288, 0)
(10675769608, 0)
(1292, 3)
(10708924172, 2)
(1293, 1)
(10717212813, 1)
(1297, 2)
(10750367377, 3)
(1298, 2)
(10758656018, 2)
(1302, 4)
(10791810582, 1)
(1303, 1)
(10800099223, 4)
(1307, 1)
(10833253787, 4)
(1308, 1)
(10841542428, 1)
(1312, 3)
(10874696992, 3)
(1313, 1)
(10882985633, 1)
(1317, 0)
(10916140197, 0)
(1318, 0)
(10924428838, 0)
(1322, 3)
(10957583402, 3)
(1323, 4)
(10965872043, 4)
(1327, 0)
(10999026607, 0)
(1328, 1)
(11007315248, 1)
(1332, 0)
(11040469812, 0)
(1333, 0)
(11048758453, 0)
(1337, 4)
(11081913017, 1)
(1338, 0)
(11090201658, 0)
(1342, 0)
(11123356222, 0)
(1343, 4)
(11131644863, 1)
(1347, 1)
(11164799427, 4)
(1348, 0)
(11173088068, 0)
(1352, 0)
(11206242632, 0)
(1353, 4)
(11214531273, 4)
(1357, 1)
(11247685837, 4)
(1358, 4)
(11255974478, 1)
(1362, 1)
(11289129042, 4)
(1363, 4)
(11297417683, 4)
(1367, 0)
(11330572247, 0)
(1368, 0)
(11338860888, 0)
(1372, 1)
(11372015452, 4)
(1373, 2)
(11380304093, 2)
(1377, 1)
(11413458657, 4)
(1378, 0)
(11421747298, 0)
(1382, 2)
(11454901862, 2)
(1383, 3)
(11463190503, 3)
(1387, 4)
(11496345067, 4)
(1388, 0)
(11504633708, 0)
(1392, 4)
(11537788272, 1)
(1393, 4)
(11546076913, 1)
(1397, 4)
(11579231477, 4)
(1398, 0)
(11587520118, 0)
(1402, 1)
(11620674682, 4)
(1403, 1)
(11628963323, 4)
(1407, 1)
(11662117887, 1)
(1408, 3)
(11670406528, 3)
(1412, 0)
(11703561092, 0)
(1413, 0)
(11711849733, 0)
(1417, 1)
(11745004297, 4)
(1418, 4)
(11753292938, 4)
(1422, 1)
(11786447502, 1)
(1423, 4)
(11794736143, 1)
(1427, 0)
(11827890707, 0)
(1428, 0)
(11836179348, 0)
(1432, 0)
(11869333912, 0)
(1433, 4)
(11877622553, 4)
(1437, 4)
(11910777117, 1)
(1438, 1)
(11919065758, 4)
(1442, 1)
(11952220322, 1)
(1443, 2)
(11960508963, 3)
(1447, 2)
(11993663527, 2)
(1448, 0)
(12001952168, 0)
(1452, 2)
(12035106732, 2)
(1453, 1)
(12043395373, 1)
(1457, 4)
(12076549937, 1)
(1458, 2)
(12084838578, 2)
(1462, 4)
(12117993142, 4)
(1463, 2)
(12126281783, 3)
(1467, 0)
(12159436347, 0)
(1468, 2)
(12167724988, 2)
(1472, 4)
(12200879552, 1)
(1473, 2)
(12209168193, 3)
(1477, 1)
(12242322757, 1)
(1478, 0)
(12250611398, 0)
(1482, 1)
(12283765962, 4)
(1483, 3)
(12292054603, 2)
(1487, 3)
(12325209167, 3)
(1488, 2)
(12333497808, 2)
(1492, 0)
(12366652372, 0)
(1493, 3)
(12374941013, 3)
(1497, 0)
(12408095577, 0)
(1498, 1)
(12416384218, 4)
(1502, 1)
(12449538782, 1)
(1503, 3)
(12457827423, 3)
(1507, 4)
(12490981987, 4)
(1508, 0)
(12499270628, 0)
(1512, 0)
(12532425192, 0)
(1513, 4)
(12540713833, 4)
(1517, 3)
(12573868397, 3)
(1518, 4)
(12582157038, 1)
(1522, 0)
(12615311602, 0)
(1523, 3)
(12623600243, 3)
(1527, 1)
(12656754807, 4)
(1528, 0)
(12665043448, 0)
(1532, 4)
(12698198012, 4)
(1533, 1)
(12706486653, 4)
(1537, 1)
(12739641217, 4)
(1538, 4)
(12747929858, 4)
(1542, 0)
(12781084422, 0)
(1543, 4)
(12789373063, 1)
(1547, 2)
(12822527627, 3)
(1548, 0)
(12830816268, 0)
(1552, 3)
(12863970832, 3)
(1553, 0)
(12872259473, 0)
(1557, 2)
(12905414037, 3)
(1558, 2)
(12913702678, 2)
(1562, 2)
(12946857242, 2)
(1563, 4)
(12955145883, 1)
(1567, 0)
(12988300447, 0)
(1568, 2)
(12996589088, 2)
(1572, 0)
(13029743652, 0)
(1573, 3)
(13038032293, 2)
(1577, 3)
(13071186857, 3)
(1578, 1)
(13079475498, 4)
(1582, 4)
(13112630062, 4)
(1583, 3)
(13120918703, 2)
(1587, 0)
(13154073267, 0)
(1588, 0)
(13162361908, 0)
(1592, 0)
(13195516472, 0)
(1593, 4)
(13203805113, 4)
(1597, 4)
(13236959677, 1)
(1598, 2)
(13245248318, 2)
(1602, 0)
(13278402882, 0)
(1603, 4)
(13286691523, 4)
(1607, 3)
(13319846087, 2)
(1608, 0)
(13328134728, 0)
(1612, 4)
(13361289292, 1)
(1613, 3)
(13369577933, 3)
(1617, 3)
(13402732497, 3)
(1618, 2)
(13411021138, 2)
(1622, 0)
(13444175702, 0)
(1623, 3)
(13452464343, 3)
(1627, 2)
(13485618907, 2)
(1628, 3)
(13493907548, 3)
(1632, 3)
(13527062112, 2)
(1633, 4)
(13535350753, 1)
(1637, 3)
(13568505317, 3)
(1638, 1)
(13576793958, 1)
(1642, 1)
(13609948522, 1)
(1643, 0)
(13618237163, 0)
(1647, 3)
(13651391727, 3)
(1648, 0)
(13659680368, 0)
(1652, 0)
(13692834932, 0)
(1653, 4)
(13701123573, 1)
(1657, 1)
(13734278137, 4)
(1658, 2)
(13742566778, 3)
(1662, 0)
(13775721342, 0)
(1663, 2)
(13784009983, 3)
(1667, 3)
(13817164547, 3)
(1668, 0)
(13825453188, 0)
(1672, 0)
(13858607752, 0)
(1673, 3)
(13866896393, 3)
(1677, 1)
(13900050957, 1)
(1678, 0)
(13908339598, 0)
(1682, 4)
(13941494162, 4)
(1683, 0)
(13949782803, 0)
(1687, 2)
(13982937367, 2)
(1688, 0)
(13991226008, 0)
(1692, 0)
(14024380572, 0)
(1693, 3)
(14032669213, 3)
(1697, 3)
(14065823777, 2)
(1698, 1)
(14074112418, 4)
(1702, 0)
(14107266982, 0)
(1703, 3)
(14115555623, 2)
(1707, 0)
(14148710187, 0)
(1708, 1)
(14156998828, 4)
(1712, 4)
(14190153392, 4)
(1713, 4)
(14198442033, 1)
(1717, 1)
(14231596597, 1)
(1718, 1)
(14239885238, 1)
(1722, 1)
(14273039802, 4)
(1723, 0)
(14281328443, 0)
(1727, 4)
(14314483007, 1)
(1728, 0)
(14322771648, 0)
(1732, 0)
(14355926212, 0)
(1733, 1)
(14364214853, 4)
(1737, 0)
(14397369417, 0)
(1738, 1)
(14405658058, 1)
(1742, 1)
(14438812622, 1)
(1743, 4)
(14447101263, 1)
(1747, 0)
(14480255827, 0)
(1748, 0)
(14488544468, 0)
(1752, 0)
(14521699032, 0)
(1753, 0)
(14529987673, 0)
(1757, 3)
(14563142237, 3)
(1758, 0)
(14571430878, 0)
(1762, 1)
(14604585442, 4)
(1763, 3)
(14612874083, 2)
(1767, 3)
(14646028647, 3)
(1768, 0)
(14654317288, 0)
(1772, 0)
(14687471852, 0)
(1773, 0)
(14695760493, 0)
(1777, 4)
(14728915057, 4)
(1778, 0)
(14737203698, 0)
(1782, 1)
(14770358262, 1)
(1783, 2)
(14778646903, 3)
(1787, 2)
(14811801467, 3)
(1788, 2)
(14820090108, 3)
(1792, 1)
(14853244672, 4)
(1793, 4)
(14861533313, 4)
(1797, 4)
(14894687877, 1)
(1798, 0)
(14902976518, 0)
(1802, 3)
(14936131082, 2)
(1803, 2)
(14944419723, 3)
(1807, 3)
(14977574287, 3)
(1808, 4)
(14985862928, 1)
(1812, 0)
(15019017492, 0)
(1813, 2)
(15027306133, 2)
(1817, 0)
(15060460697, 0)
(1818, 0)
(15068749338, 0)
(1822, 4)
(15101903902, 1)
(1823, 0)
(15110192543, 0)
(1827, 2)
(15143347107, 2)
(1828, 0)
(15151635748, 0)
(1832, 0)
(15184790312, 0)
(1833, 1)
(15193078953, 1)
(1837, 4)
(15226233517, 4)
(1838, 3)
(15234522158, 2)
(1842, 4)
(15267676722, 4)
(1843, 4)
(15275965363, 4)
(1847, 2)
(15309119927, 2)
(1848, 0)
(15317408568, 0)
(1852, 4)
(15350563132, 4)
(1853, 4)
(15358851773, 1)
(1857, 0)
(15392006337, 0)
(1858, 0)
(15400294978, 0)
(1862, 3)
(15433449542, 3)
(1863, 2)
(15441738183, 3)
(1867, 0)
(15474892747, 0)
(1868, 1)
(15483181388, 1)
(1872, 0)
(15516335952, 0)
(1873, 3)
(15524624593, 3)
(1877, 4)
(15557779157, 1)
(1878, 4)
(15566067798, 1)
(1882, 2)
(15599222362, 2)
(1883, 1)
(15607511003, 4)
(1887, 0)
(15640665567, 0)
(1888, 3)
(15648954208, 3)
(1892, 0)
(15682108772, 0)
(1893, 0)
(15690397413, 0)
(1897, 1)
(15723551977, 1)
(1898, 3)
(15731840618, 2)
(1902, 4)
(15764995182, 4)
(1903, 2)
(15773283823, 3)
(1907, 3)
(15806438387, 2)
(1908, 0)
(15814727028, 0)
(1912, 0)
(15847881592, 0)
(1913, 4)
(15856170233, 1)
(1917, 2)
(15889324797, 2)
(1918, 1)
(15897613438, 4)
(1922, 2)
(15930768002, 2)
(1923, 0)
(15939056643, 0)
(1927, 2)
(15972211207, 3)
(1928, 0)
(15980499848, 0)
(1932, 3)
(16013654412, 3)
(1933, 2)
(16021943053, 2)
(1937, 3)
(16055097617, 3)
(1938, 2)
(16063386258, 3)
(1942, 3)
(16096540822, 2)
(1943, 2)
(16104829463, 2)
(1947, 3)
(16137984027, 3)
(1948, 1)
(16146272668, 4)
(1952, 0)
(16179427232, 0)
(1953, 0)
(16187715873, 0)
(1957, 1)
(16220870437, 4)
(1958, 2)
(16229159078, 3)
(1962, 0)
(16262313642, 0)
(1963, 4)
(16270602283, 4)
(1967, 4)
(16303756847, 1)
(1968, 4)
(16312045488, 4)
(1972, 0)
(16345200052, 0)
(1973, 3)
(16353488693, 3)
(1977, 1)
(16386643257, 4)
(1978, 2)
(16394931898, 2)
(1982, 1)
(16428086462, 4)
(1983, 1)
(16436375103, 1)
(1987, 2)
(16469529667, 2)
(1988, 0)
(16477818308, 0)
(1992, 0)
(16510972872, 0)
(1993, 1)
(16519261513, 1)
(1997, 2)
(16552416077, 3)
(1998, 3)
(16560704718, 3)
(2002, 4)
(16593859282, 4)
(2003, 1)
(16602147923, 4)
(2007, 0)
(16635302487, 0)
(2008, 0)
(16643591128, 0)
(2012, 2)
(16676745692, 3)
(2013, 4)
(16685034333, 4)
(2017, 2)
(16718188897, 3)
(2018, 3)
(16726477538, 3)
(2022, 1)
(16759632102, 4)
(2023, 4)
(16767920743, 1)
(2027, 1)
(16801075307, 4)
(2028, 3)
(16809363948, 3)
(2032, 0)
(16842518512, 0)
(2033, 2)
(16850807153, 2)
(2037, 4)
(16883961717, 1)
(2038, 3)
(16892250358, 2)
(2042, 0)
(16925404922, 0)
(2043, 0)
(16933693563, 0)
(2047, 2)
(16966848127, 2)
(2048, 0)
(16975136768, 0)
(2052, 0)
(17008291332, 0)
(2053, 2)
(17016579973, 2)
(2057, 4)
(17049734537, 1)
(2058, 2)
(17058023178, 3)
(2062, 3)
(17091177742, 3)
(2063, 0)
(17099466383, 0)
(2067, 3)
(17132620947, 2)
(2068, 0)
(17140909588, 0)
(2072, 0)
(17174064152, 0)
(2073, 0)
(17182352793, 0)
(2077, 1)
(17215507357, 4)
(2078, 0)
(17223795998, 0)
(2082, 1)
(17256950562, 1)
(2083, 3)
(17265239203, 2)
(2087, 0)
(17298393767, 0)
(2088, 0)
(17306682408, 0)
(2092, 0)
(17339836972, 0)
(2093, 0)
(17348125613, 0)
(2097, 1)
(17381280177, 4)
(2098, 4)
(17389568818, 1)
(2102, 4)
(17422723382, 4)
(2103, 4)
(17431012023, 1)
(2107, 4)
(17464166587, 1)
(2108, 4)
(17472455228, 1)
(2112, 4)
(17505609792, 4)
(2113, 4)
(17513898433, 1)
(2117, 1)
(17547052997, 4)
(2118, 0)
(17555341638, 0)
(2122, 2)
(17588496202, 2)
(2123, 1)
(17596784843, 1)
(2127, 2)
(17629939407, 2)
(2128, 2)
(17638228048, 3)
(2132, 0)
(17671382612, 0)
(2133, 2)
(17679671253, 2)
(2137, 1)
(17712825817, 1)
(2138, 2)
(17721114458, 2)
(2142, 0)
(17754269022, 0)
(2143, 3)
(17762557663, 3)
(2147, 4)
(17795712227, 1)
(2148, 0)
(17804000868, 0)
(2152, 0)
(17837155432, 0)
(2153, 3)
(17845444073, 2)
(2157, 4)
(17878598637, 1)
(2158, 0)
(17886887278, 0)
(2162, 4)
(17920041842, 4)
(2163, 2)
(17928330483, 2)
(2167, 2)
(17961485047, 2)
(2168, 0)
(17969773688, 0)
(2172, 4)
(18002928252, 1)
(2173, 0)
(18011216893, 0)
(2177, 0)
(18044371457, 0)
(2178, 3)
(18052660098, 3)
(2182, 3)
(18085814662, 3)
(2183, 2)
(18094103303, 2)
(2187, 0)
(18127257867, 0)
(2188, 4)
(18135546508, 1)
(2192, 1)
(18168701072, 1)
(2193, 1)
(18176989713, 1)
(2197, 3)
(18210144277, 2)
(2198, 1)
(18218432918, 1)
(2202, 0)
(18251587482, 0)
(2203, 0)
(18259876123, 0)
(2207, 1)
(18293030687, 1)
(2208, 4)
(18301319328, 1)
(2212, 0)
(18334473892, 0)
(2213, 3)
(18342762533, 2)
(2217, 3)
(18375917097, 2)
(2218, 1)
(18384205738, 4)
(2222, 3)
(18417360302, 2)
(2223, 0)
(18425648943, 0)
(2227, 1)
(18458803507, 4)
(2228, 0)
(18467092148, 0)
(2232, 0)
(18500246712, 0)
(2233, 4)
(18508535353, 4)
(2237, 0)
(18541689917, 0)
(2238, 3)
(18549978558, 2)
(2242, 4)
(18583133122, 4)
(2243, 0)
(18591421763, 0)
(2247, 0)
(18624576327, 0)
(2248, 0)
(18632864968, 0)
(2252, 3)
(18666019532, 2)
(2253, 4)
(18674308173, 4)
(2257, 4)
(18707462737, 4)
(2258, 3)
(18715751378, 3)
(2262, 1)
(18748905942, 1)
(2263, 2)
(18757194583, 2)
(2267, 1)
(18790349147, 1)
(2268, 1)
(18798637788, 4)
(2272, 3)
(18831792352, 3)
(2273, 2)
(18840080993, 2)
(2277, 0)
(18873235557, 0)
(2278, 4)
(18881524198, 4)
(2282, 0)
(18914678762, 0)
(2283, 4)
(18922967403, 4)
(2287, 1)
(18956121967, 4)
(2288, 0)
(18964410608, 0)
(2292, 0)
(18997565172, 0)
(2293, 1)
(19005853813, 1)
(2297, 0)
(19039008377, 0)
(2298, 2)
(19047297018, 2)
(2302, 4)
(19080451582, 1)
(2303, 0)
(19088740223, 0)
(2307, 3)
(19121894787, 3)
(2308, 0)
(19130183428, 0)
(2312, 0)
(19163337992, 0)
(2313, 2)
(19171626633, 2)
(2317, 4)
(19204781197, 1)
(2318, 1)
(19213069838, 1)
(2322, 3)
(19246224402, 2)
(2323, 2)
(19254513043, 2)
(2327, 2)
(19287667607, 2)
(2328, 0)
(19295956248, 0)
(2332, 1)
(19329110812, 1)
(2333, 1)
(19337399453, 4)
(2337, 2)
(19370554017, 2)
(2338, 4)
(19378842658, 1)
(2342, 3)
(19411997222, 3)
(2343, 2)
(19420285863, 2)
(2347, 0)
(19453440427, 0)
(2348, 1)
(19461729068, 4)
(2352, 2)
(19494883632, 2)
(2353, 4)
(19503172273, 4)
(2357, 2)
(19536326837, 2)
(2358, 0)
(19544615478, 0)
(2362, 4)
(19577770042, 4)
(2363, 0)
(19586058683, 0)
(2367, 1)
(19619213247, 4)
(2368, 3)
(19627501888, 3)
(2372, 0)
(19660656452, 0)
(2373, 1)
(19668945093, 1)
(2377, 1)
(19702099657, 1)
(2378, 0)
(19710388298, 0)
(2382, 2)
(19743542862, 2)
(2383, 4)
(19751831503, 1)
(2387, 2)
(19784986067, 3)
(2388, 0)
(19793274708, 0)
(2392, 0)
(19826429272, 0)
(2393, 0)
(19834717913, 0)
(2397, 2)
(19867872477, 2)
(2398, 0)
(19876161118, 0)
(2402, 0)
(19909315682, 0)
(2403, 2)
(19917604323, 3)
(2407, 0)
(19950758887, 0)
(2408, 0)
(19959047528, 0)
(2412, 0)
(19992202092, 0)
(2413, 1)
(20000490733, 1)
(2417, 1)
(20033645297, 1)
(2418, 4)
(20041933938, 1)
(2422, 0)
(20075088502, 0)
(2423, 3)
(20083377143, 2)
(2427, 4)
(20116531707, 4)
(2428, 4)
(20124820348, 1)
(2432, 1)
(20157974912, 1)
(2433, 0)
(20166263553, 0)
(2437, 3)
(20199418117, 2)
(2438, 3)
(20207706758, 2)
(2442, 3)
(20240861322, 3)
(2443, 4)
(20249149963, 1)
(2447, 3)
(20282304527, 2)
(2448, 1)
(20290593168, 4)
(2452, 0)
(20323747732, 0)
(2453, 3)
(20332036373, 2)
(2457, 2)
(20365190937, 2)
(2458, 3)
(20373479578, 2)
(2462, 3)
(20406634142, 3)
(2463, 4)
(20414922783, 4)
(2467, 2)
(20448077347, 2)
(2468, 0)
(20456365988, 0)
(2472, 0)
(20489520552, 0)
(2473, 0)
(20497809193, 0)
(2477, 3)
(20530963757, 3)
(2478, 2)
(20539252398, 3)
(2482, 1)
(20572406962, 4)
(2483, 0)
(20580695603, 0)
(2487, 0)
(20613850167, 0)
(2488, 0)
(20622138808, 0)
(2492, 4)
(20655293372, 4)
(2493, 0)
(20663582013, 0)
(2497, 3)
(20696736577, 2)
(2498, 0)
(20705025218, 0)
(2502, 3)
(20738179782, 2)
(2503, 1)
(20746468423, 1)
(2507, 4)
(20779622987, 1)
(2508, 2)
(20787911628, 2)
(2512, 2)
(20821066192, 3)
(2513, 3)
(20829354833, 2)
(2517, 4)
(20862509397, 4)
(2518, 0)
(20870798038, 0)
(2522, 4)
(20903952602, 1)
(2523, 3)
(20912241243, 3)
(2527, 4)
(20945395807, 1)
(2528, 4)
(20953684448, 4)
(2532, 0)
(20986839012, 0)
(2533, 4)
(20995127653, 4)
(2537, 0)
(21028282217, 0)
(2538, 2)
(21036570858, 3)
(2542, 4)
(21069725422, 4)
(2543, 0)
(21078014063, 0)
(2547, 0)
(21111168627, 0)
(2548, 0)
(21119457268, 0)
(2552, 0)
(21152611832, 0)
(2553, 1)
(21160900473, 4)
(2557, 3)
(21194055037, 2)
(2558, 4)
(21202343678, 1)
(2562, 1)
(21235498242, 4)
(2563, 4)
(21243786883, 1)
(2567, 1)
(21276941447, 1)
(2568, 0)
(21285230088, 0)
(2572, 1)
(21318384652, 4)
(2573, 1)
(21326673293, 1)
(2577, 0)
(21359827857, 0)
(2578, 1)
(21368116498, 4)
(2582, 0)
(21401271062, 0)
(2583, 2)
(21409559703, 3)
(2587, 3)
(21442714267, 2)
(2588, 4)
(21451002908, 1)
(2592, 3)
(21484157472, 3)
(2593, 1)
(21492446113, 1)
(2597, 4)
(21525600677, 4)
(2598, 4)
(21533889318, 1)
(2602, 4)
(21567043882, 4)
(2603, 0)
(21575332523, 0)
(2607, 2)
(21608487087, 2)
(2608, 2)
(21616775728, 2)
(2612, 0)
(21649930292, 0)
(2613, 1)
(21658218933, 1)
(2617, 2)
(21691373497, 3)
(2618, 0)
(21699662138, 0)
(2622, 1)
(21732816702, 4)
(2623, 2)
(21741105343, 3)
(2627, 2)
(21774259907, 2)
(2628, 0)
(21782548548, 0)
(2632, 0)
(21815703112, 0)
(2633, 3)
(21823991753, 2)
(2637, 4)
(21857146317, 1)
(2638, 0)
(21865434958, 0)
(2642, 3)
(21898589522, 2)
(2643, 0)
(21906878163, 0)
(2647, 0)
(21940032727, 0)
(2648, 0)
(21948321368, 0)
(2652, 2)
(21981475932, 2)
(2653, 1)
(21989764573, 1)
(2657, 2)
(22022919137, 3)
(2658, 4)
(22031207778, 1)
(2662, 1)
(22064362342, 1)
(2663, 3)
(22072650983, 2)
(2667, 3)
(22105805547, 2)
(2668, 2)
(22114094188, 2)
(2672, 4)
(22147248752, 4)
(2673, 3)
(22155537393, 3)
(2677, 2)
(22188691957, 2)
(2678, 0)
(22196980598, 0)
(2682, 0)
(22230135162, 0)
(2683, 0)
(22238423803, 0)
(2687, 4)
(22271578367, 1)
(2688, 1)
(22279867008, 4)
(2692, 0)
(22313021572, 0)
(2693, 3)
(22321310213, 2)
(2697, 4)
(22354464777, 1)
(2698, 4)
(22362753418, 4)
(2702, 2)
(22395907982, 3)
(2703, 3)
(22404196623, 2)
(2707, 2)
(22437351187, 2)
(2708, 0)
(22445639828, 0)
(2712, 0)
(22478794392, 0)
(2713, 1)
(22487083033, 4)
(2717, 2)
(22520237597, 3)
(2718, 1)
(22528526238, 4)
(2722, 0)
(22561680802, 0)
(2723, 3)
(22569969443, 3)
(2727, 0)
(22603124007, 0)
(2728, 0)
(22611412648, 0)
(2732, 0)
(22644567212, 0)
(2733, 3)
(22652855853, 2)
(2737, 1)
(22686010417, 4)
(2738, 4)
(22694299058, 4)
(2742, 3)
(22727453622, 2)
(2743, 0)
(22735742263, 0)
(2747, 3)
(22768896827, 2)
(2748, 1)
(22777185468, 4)
(2752, 0)
(22810340032, 0)
(2753, 2)
(22818628673, 2)
(2757, 4)
(22851783237, 1)
(2758, 4)
(22860071878, 1)
(2762, 4)
(22893226442, 4)
(2763, 0)
(22901515083, 0)
(2767, 4)
(22934669647, 4)
(2768, 2)
(22942958288, 3)
(2772, 0)
(22976112852, 0)
(2773, 4)
(22984401493, 1)
(2777, 0)
(23017556057, 0)
(2778, 1)
(23025844698, 1)
(2782, 2)
(23058999262, 3)
(2783, 4)
(23067287903, 1)
(2787, 1)
(23100442467, 1)
(2788, 0)
(23108731108, 0)
(2792, 0)
(23141885672, 0)
(2793, 4)
(23150174313, 4)
(2797, 3)
(23183328877, 2)
(2798, 4)
(23191617518, 1)
(2802, 1)
(23224772082, 1)
(2803, 1)
(23233060723, 4)
(2807, 3)
(23266215287, 2)
(2808, 0)
(23274503928, 0)
(2812, 3)
(23307658492, 3)
(2813, 0)
(23315947133, 0)
(2817, 0)
(23349101697, 0)
(2818, 0)
(23357390338, 0)
(2822, 2)
(23390544902, 3)
(2823, 1)
(23398833543, 1)
(2827, 3)
(23431988107, 3)
(2828, 3)
(23440276748, 3)
(2832, 3)
(23473431312, 3)
(2833, 3)
(23481719953, 3)
(2837, 1)
(23514874517, 1)
(2838, 0)
(23523163158, 0)
(2842, 2)
(23556317722, 3)
(2843, 0)
(23564606363, 0)
(2847, 3)
(23597760927, 2)
(2848, 4)
(23606049568, 1)
(2852, 0)
(23639204132, 0)
(2853, 0)
(23647492773, 0)
(2857, 0)
(23680647337, 0)
(2858, 3)
(23688935978, 3)
(2862, 2)
(23722090542, 2)
(2863, 2)
(23730379183, 3)
(2867, 2)
(23763533747, 3)
(2868, 0)
(23771822388, 0)
(2872, 0)
(23804976952, 0)
(2873, 3)
(23813265593, 2)
(2877, 0)
(23846420157, 0)
(2878, 1)
(23854708798, 4)
(2882, 1)
(23887863362, 1)
(2883, 3)
(23896152003, 3)
(2887, 0)
(23929306567, 0)
(2888, 0)
(23937595208, 0)
(2892, 3)
(23970749772, 2)
(2893, 4)
(23979038413, 1)
(2897, 1)
(24012192977, 1)
(2898, 0)
(24020481618, 0)
(2902, 2)
(24053636182, 3)
(2903, 4)
(24061924823, 4)
(2907, 2)
(24095079387, 3)
(2908, 4)
(24103368028, 1)
(2912, 4)
(24136522592, 4)
(2913, 2)
(24144811233, 3)
(2917, 2)
(24177965797, 2)
(2918, 4)
(24186254438, 1)
(2922, 1)
(24219409002, 4)
(2923, 4)
(24227697643, 4)
(2927, 4)
(24260852207, 4)
(2928, 3)
(24269140848, 3)
(2932, 0)
(24302295412, 0)
(2933, 1)
(24310584053, 1)
(2937, 4)
(24343738617, 1)
(2938, 4)
(24352027258, 4)
(2942, 0)
(24385181822, 0)
(2943, 3)
(24393470463, 3)
(2947, 3)
(24426625027, 2)
(2948, 0)
(24434913668, 0)
(2952, 0)
(24468068232, 0)
(2953, 1)
(24476356873, 1)
(2957, 4)
(24509511437, 1)
(2958, 2)
(24517800078, 2)
(2962, 4)
(24550954642, 4)
(2963, 2)
(24559243283, 3)
(2967, 1)
(24592397847, 1)
(2968, 0)
(24600686488, 0)
(2972, 2)
(24633841052, 2)
(2973, 2)
(24642129693, 3)
(2977, 4)
(24675284257, 4)
(2978, 0)
(24683572898, 0)
(2982, 1)
(24716727462, 4)
(2983, 0)
(24725016103, 0)
(2987, 0)
(24758170667, 0)
(2988, 2)
(24766459308, 2)
(2992, 1)
(24799613872, 4)
(2993, 2)
(24807902513, 2)
(2997, 4)
(24841057077, 4)
(2998, 3)
(24849345718, 3)
(3002, 4)
(24882500282, 4)
(3003, 2)
(24890788923, 2)
(3007, 0)
(24923943487, 0)
(3008, 0)
(24932232128, 0)
(3012, 0)
(24965386692, 0)
(3013, 3)
(24973675333, 2)
(3017, 3)
(25006829897, 2)
(3018, 4)
(25015118538, 1)
(3022, 2)
(25048273102, 3)
(3023, 2)
(25056561743, 2)
(3027, 2)
(25089716307, 2)
(3028, 0)
(25098004948, 0)
(3032, 0)
(25131159512, 0)
(3033, 0)
(25139448153, 0)
(3037, 3)
(25172602717, 3)
(3038, 1)
(25180891358, 1)
(3042, 0)
(25214045922, 0)
(3043, 3)
(25222334563, 3)
(3047, 2)
(25255489127, 3)
(3048, 0)
(25263777768, 0)
(3052, 3)
(25296932332, 2)
(3053, 0)
(25305220973, 0)
(3057, 3)
(25338375537, 2)
(3058, 2)
(25346664178, 3)
(3062, 4)
(25379818742, 4)
(3063, 1)
(25388107383, 4)
(3067, 2)
(25421261947, 3)
(3068, 1)
(25429550588, 4)
(3072, 4)
(25462705152, 4)
(3073, 1)
(25470993793, 1)
(3077, 4)
(25504148357, 4)
(3078, 4)
(25512436998, 4)
(3082, 0)
(25545591562, 0)
(3083, 2)
(25553880203, 3)
(3087, 0)
(25587034767, 0)
(3088, 2)
(25595323408, 2)
(3092, 0)
(25628477972, 0)
(3093, 2)
(25636766613, 2)
(3097, 3)
(25669921177, 3)
(3098, 4)
(25678209818, 4)
(3102, 1)
(25711364382, 4)
(3103, 0)
(25719653023, 0)
(3107, 3)
(25752807587, 3)
(3108, 0)
(25761096228, 0)
(3112, 0)
(25794250792, 0)
(3113, 1)
(25802539433, 4)
(3117, 0)
(25835693997, 0)
(3118, 0)
(25843982638, 0)
(3122, 3)
(25877137202, 3)
(3123, 0)
(25885425843, 0)
(3127, 1)
(25918580407, 1)
(3128, 0)
(25926869048, 0)
(3132, 3)
(25960023612, 2)
(3133, 0)
(25968312253, 0)
(3137, 1)
(26001466817, 4)
(3138, 4)
(26009755458, 1)
(3142, 0)
(26042910022, 0)
(3143, 1)
(26051198663, 1)
(3147, 0)
(26084353227, 0)
(3148, 0)
(26092641868, 0)
(3152, 0)
(26125796432, 0)
(3153, 4)
(26134085073, 4)
(3157, 4)
(26167239637, 1)
(3158, 2)
(26175528278, 2)
(3162, 0)
(26208682842, 0)
(3163, 1)
(26216971483, 1)
(3167, 2)
(26250126047, 2)
(3168, 0)
(26258414688, 0)
(3172, 0)
(26291569252, 0)
(3173, 0)
(26299857893, 0)
(3177, 3)
(26333012457, 2)
(3178, 0)
(26341301098, 0)
(3182, 2)
(26374455662, 3)
(3183, 4)
(26382744303, 4)
(3187, 2)
(26415898867, 3)
(3188, 0)
(26424187508, 0)
(3192, 0)
(26457342072, 0)
(3193, 4)
(26465630713, 1)
(3197, 4)
(26498785277, 4)
(3198, 2)
(26507073918, 3)
(3202, 1)
(26540228482, 4)
(3203, 4)
(26548517123, 4)
(3207, 3)
(26581671687, 3)
(3208, 0)
(26589960328, 0)
(3212, 0)
(26623114892, 0)
(3213, 3)
(26631403533, 3)
(3217, 1)
(26664558097, 1)
(3218, 1)
(26672846738, 4)
(3222, 0)
(26706001302, 0)
(3223, 0)
(26714289943, 0)
(3227, 4)
(26747444507, 1)
(3228, 2)
(26755733148, 2)
(3232, 2)
(26788887712, 3)
(3233, 4)
(26797176353, 4)
(3237, 2)
(26830330917, 3)
(3238, 3)
(26838619558, 3)
(3242, 3)
(26871774122, 3)
(3243, 2)
(26880062763, 2)
(3247, 3)
(26913217327, 2)
(3248, 3)
(26921505968, 3)
(3252, 0)
(26954660532, 0)
(3253, 1)
(26962949173, 4)
(3257, 1)
(26996103737, 4)
(3258, 4)
(27004392378, 1)
(3262, 3)
(27037546942, 3)
(3263, 3)
(27045835583, 3)
(3267, 4)
(27078990147, 4)
(3268, 0)
(27087278788, 0)
(3272, 0)
(27120433352, 0)
(3273, 4)
(27128721993, 4)
(3277, 3)
(27161876557, 3)
(3278, 1)
(27170165198, 4)
(3282, 0)
(27203319762, 0)
(3283, 1)
(27211608403, 4)
(3287, 1)
(27244762967, 4)
(3288, 0)
(27253051608, 0)
(3292, 3)
(27286206172, 2)
(3293, 1)
(27294494813, 4)
(3297, 0)
(27327649377, 0)
(3298, 1)
(27335938018, 4)
(3302, 1)
(27369092582, 4)
(3303, 0)
(27377381223, 0)
(3307, 4)
(27410535787, 4)
(3308, 1)
(27418824428, 4)
(3312, 1)
(27451978992, 4)
(3313, 1)
(27460267633, 4)
(3317, 1)
(27493422197, 1)
(3318, 2)
(27501710838, 3)
(3322, 4)
(27534865402, 1)
(3323, 3)
(27543154043, 3)
(3327, 4)
(27576308607, 1)
(3328, 2)
(27584597248, 3)
(3332, 0)
(27617751812, 0)
(3333, 3)
(27626040453, 2)
(3337, 4)
(27659195017, 1)
(3338, 0)
(27667483658, 0)
(3342, 4)
(27700638222, 4)
(3343, 4)
(27708926863, 1)
(3347, 1)
(27742081427, 4)
(3348, 0)
(27750370068, 0)
(3352, 0)
(27783524632, 0)
(3353, 0)
(27791813273, 0)
(3357, 0)
(27824967837, 0)
(3358, 2)
(27833256478, 3)
(3362, 4)
(27866411042, 4)
(3363, 4)
(27874699683, 4)
(3367, 0)
(27907854247, 0)
(3368, 0)
(27916142888, 0)
(3372, 2)
(27949297452, 2)
(3373, 4)
(27957586093, 1)
(3377, 3)
(27990740657, 3)
(3378, 4)
(27999029298, 1)
(3382, 0)
(28032183862, 0)
(3383, 1)
(28040472503, 4)
(3387, 2)
(28073627067, 2)
(3388, 3)
(28081915708, 2)
(3392, 1)
(28115070272, 1)
(3393, 2)
(28123358913, 2)
(3397, 0)
(28156513477, 0)
(3398, 3)
(28164802118, 2)
(3402, 3)
(28197956682, 2)
(3403, 2)
(28206245323, 2)
(3407, 3)
(28239399887, 3)
(3408, 4)
(28247688528, 4)
(3412, 0)
(28280843092, 0)
(3413, 3)
(28289131733, 2)
(3417, 4)
(28322286297, 4)
(3418, 2)
(28330574938, 2)
(3422, 3)
(28363729502, 2)
(3423, 0)
(28372018143, 0)
(3427, 1)
(28405172707, 1)
(3428, 0)
(28413461348, 0)
(3432, 0)
(28446615912, 0)
(3433, 1)
(28454904553, 4)
(3437, 2)
(28488059117, 2)
(3438, 0)
(28496347758, 0)
(3442, 0)
(28529502322, 0)
(3443, 4)
(28537790963, 1)
(3447, 4)
(28570945527, 4)
(3448, 0)
(28579234168, 0)
(3452, 2)
(28612388732, 2)
(3453, 3)
(28620677373, 2)
(3457, 3)
(28653831937, 3)
(3458, 0)
(28662120578, 0)
(3462, 3)
(28695275142, 3)
(3463, 4)
(28703563783, 4)
(3467, 4)
(28736718347, 4)
(3468, 4)
(28745006988, 4)
(3472, 1)
(28778161552, 4)
(3473, 0)
(28786450193, 0)
(3477, 2)
(28819604757, 2)
(3478, 4)
(28827893398, 1)
(3482, 4)
(28861047962, 1)
(3483, 3)
(28869336603, 2)
(3487, 2)
(28902491167, 2)
(3488, 0)
(28910779808, 0)
(3492, 0)
(28943934372, 0)
(3493, 3)
(28952223013, 3)
(3497, 2)
(28985377577, 3)
(3498, 0)
(28993666218, 0)
(3502, 4)
(29026820782, 4)
(3503, 2)
(29035109423, 3)
(3507, 3)
(29068263987, 2)
(3508, 0)
(29076552628, 0)
(3512, 0)
(29109707192, 0)
(3513, 4)
(29117995833, 4)
(3517, 0)
(29151150397, 0)
(3518, 3)
(29159439038, 3)
(3522, 3)
(29192593602, 2)
(3523, 4)
(29200882243, 4)
(3527, 0)
(29234036807, 0)
(3528, 0)
(29242325448, 0)
(3532, 1)
(29275480012, 1)
(3533, 0)
(29283768653, 0)
(3537, 3)
(29316923217, 3)
(3538, 3)
(29325211858, 2)
(3542, 2)
(29358366422, 2)
(3543, 3)
(29366655063, 3)
(3547, 4)
(29399809627, 4)
(3548, 2)
(29408098268, 3)
(3552, 4)
(29441252832, 4)
(3553, 1)
(29449541473, 4)
(3557, 4)
(29482696037, 1)
(3558, 3)
(29490984678, 2)
(3562, 2)
(29524139242, 3)
(3563, 3)
(29532427883, 3)
(3567, 0)
(29565582447, 0)
(3568, 2)
(29573871088, 3)
