(2, 4)
(46060802, 4)
(3, 3)
(69091203, 3)
(7, 4)
(161212807, 1)
(8, 0)
(184243208, 0)
(12, 4)
(276364812, 4)
(13, 3)
(299395213, 2)
(17, 4)
(391516817, 1)
(18, 3)
(414547218, 3)
(22, 3)
(506668822, 2)
(23, 3)
(529699223, 3)
(27, 3)
(621820827, 3)
(28, 3)
(644851228, 2)
(32, 2)
(736972832, 2)
(33, 1)
(760003233, 4)
(37, 2)
(852124837, 2)
(38, 1)
(875155238, 4)
(42, 1)
(967276842, 4)
(43, 4)
(990307243, 4)
(47, 0)
(1082428847, 0)
(48, 4)
(1105459248, 4)
(52, 0)
(1197580852, 0)
(53, 4)
(1220611253, 4)
(57, 4)
(1312732857, 1)
(58, 2)
(1335763258, 3)
(62, 2)
(1427884862, 3)
(63, 0)
(1450915263, 0)
(67, 1)
(1543036867, 1)
(68, 0)
(1566067268, 0)
(72, 0)
(1658188872, 0)
(73, 1)
(1681219273, 1)
(77, 3)
(1773340877, 3)
(78, 4)
(1796371278, 1)
(82, 1)
(1888492882, 1)
(83, 2)
(1911523283, 3)
(87, 4)
(2003644887, 1)
(88, 0)
(2026675288, 0)
(92, 1)
(2118796892, 1)
(93, 1)
(2141827293, 4)
(97, 4)
(2233948897, 1)
(98, 4)
(2256979298, 4)
(102, 1)
(2349100902, 4)
(103, 0)
(2372131303, 0)
(107, 3)
(2464252907, 3)
(108, 4)
(2487283308, 4)
(112, 4)
(2579404912, 1)
(113, 2)
(2602435313, 2)
(117, 0)
(2694556917, 0)
(118, 1)
(2717587318, 4)
(122, 0)
(2809708922, 0)
(123, 3)
(2832739323, 3)
(127, 0)
(2924860927, 0)
(128, 4)
(2947891328, 4)
(132, 0)
(3040012932, 0)
(133, 1)
(3063043333, 1)
(137, 3)
(3155164937, 3)
(138, 3)
(3178195338, 3)
(142, 1)
(3270316942, 1)
(143, 0)
(3293347343, 0)
(147, 4)
(3385468947, 4)
(148, 0)
(3408499348, 0)
(152, 0)
(3500620952, 0)
(153, 3)
(3523651353, 2)
(157, 1)
(3615772957, 1)
(158, 3)
(3638803358, 3)
(162, 1)
(3730924962, 1)
(163, 4)
(3753955363, 4)
(167, 4)
(3846076967, 4)
(168, 0)
(3869107368, 0)
(172, 2)
(3961228972, 2)
(173, 1)
(3984259373, 4)
(177, 4)
(4076380977, 1)
(178, 3)
(4099411378, 2)
(182, 3)
(4191532982, 3)
(183, 3)
(4214563383, 3)
(187, 2)
(4306684987, 2)
(188, 0)
(4329715388, 0)
(192, 0)
(4421836992, 0)
(193, 1)
(4444867393, 4)
(197, 0)
(4536988997, 0)
(198, 0)
(4560019398, 0)
(202, 4)
(4652141002, 4)
(203, 1)
(4675171403, 1)
(207, 1)
(4767293007, 1)
(208, 1)
(4790323408, 4)
(212, 0)
(4882445012, 0)
(213, 2)
(4905475413, 2)
(217, 3)
(4997597017, 3)
(218, 0)
(5020627418, 0)
(222, 3)
(5112749022, 3)
(223, 2)
(5135779423, 3)
(227, 0)
(5227901027, 0)
(228, 0)
(5250931428, 0)
(232, 0)
(5343053032, 0)
(233, 3)
(5366083433, 2)
(237, 2)
(5458205037, 2)
(238, 3)
(5481235438, 3)
(242, 4)
(5573357042, 4)
(243, 4)
(5596387443, 4)
(247, 4)
(5688509047, 4)
(248, 0)
(5711539448, 0)
(252, 0)
(5803661052, 0)
(253, 1)
(5826691453, 4)
(257, 1)
(5918813057, 1)
(258, 3)
(5941843458, 3)
(262, 4)
(6033965062, 4)
(263, 3)
(6056995463, 3)
(267, 2)
(6149117067, 3)
(268, 3)
(6172147468, 3)
(272, 3)
(6264269072, 2)
(273, 2)
(6287299473, 2)
(277, 1)
(6379421077, 1)
(278, 4)
(6402451478, 4)
(282, 2)
(6494573082, 2)
(283, 2)
(6517603483, 3)
(287, 1)
(6609725087, 4)
(288, 4)
(6632755488, 4)
(292, 0)
(6724877092, 0)
(293, 2)
(6747907493, 3)
(297, 1)
(6840029097, 4)
(298, 1)
(6863059498, 1)
(302, 3)
(6955181102, 2)
(303, 0)
(6978211503, 0)
(307, 3)
(7070333107, 3)
(308, 0)
(7093363508, 0)
(312, 0)
(7185485112, 0)
(313, 2)
(7208515513, 2)
(317, 0)
(7300637117, 0)
(318, 2)
(7323667518, 2)
(322, 2)
(7415789122, 3)
(323, 1)
(7438819523, 1)
(327, 3)
(7530941127, 3)
(328, 0)
(7553971528, 0)
(332, 1)
(7646093132, 4)
(333, 0)
(7669123533, 0)
(337, 3)
(7761245137, 3)
(338, 0)
(7784275538, 0)
(342, 2)
(7876397142, 3)
(343, 3)
(7899427543, 2)
(347, 0)
(7991549147, 0)
(348, 3)
(8014579548, 2)
(352, 4)
(8106701152, 1)
(353, 4)
(8129731553, 1)
(357, 3)
(8221853157, 3)
(358, 1)
(8244883558, 4)
(362, 2)
(8337005162, 3)
(363, 4)
(8360035563, 4)
(367, 1)
(8452157167, 4)
(368, 3)
(8475187568, 3)
(372, 0)
(8567309172, 0)
(373, 0)
(8590339573, 0)
(377, 1)
(8682461177, 1)
(378, 1)
(8705491578, 4)
(382, 2)
(8797613182, 3)
(383, 2)
(8820643583, 3)
(387, 0)
(8912765187, 0)
(388, 0)
(8935795588, 0)
(392, 0)
(9027917192, 0)
(393, 3)
(9050947593, 3)
(397, 1)
(9143069197, 1)
(398, 0)
(9166099598, 0)
(402, 4)
(9258221202, 4)
(403, 3)
(9281251603, 3)
(407, 4)
(9373373207, 1)
(408, 0)
(9396403608, 0)
(412, 0)
(9488525212, 0)
(413, 0)
(9511555613, 0)
(417, 2)
(9603677217, 2)
(418, 3)
(9626707618, 3)
(422, 0)
(9718829222, 0)
(423, 0)
(9741859623, 0)
(427, 2)
(9833981227, 3)
(428, 4)
(9857011628, 4)
(432, 4)
(9949133232, 4)
(433, 3)
(9972163633, 3)
(437, 0)
(10064285237, 0)
(438, 3)
(10087315638, 3)
(442, 2)
(10179437242, 2)
(443, 0)
(10202467643, 0)
(447, 1)
(10294589247, 1)
(448, 2)
(10317619648, 3)
(452, 0)
(10409741252, 0)
(453, 3)
(10432771653, 2)
(457, 3)
(10524893257, 3)
(458, 1)
(10547923658, 4)
(462, 2)
(10640045262, 2)
(463, 2)
(10663075663, 3)
(467, 2)
(10755197267, 3)
(468, 0)
(10778227668, 0)
(472, 0)
(10870349272, 0)
(473, 3)
(10893379673, 2)
(477, 3)
(10985501277, 3)
(478, 3)
(11008531678, 3)
(482, 0)
(11100653282, 0)
(483, 1)
(11123683683, 4)
(487, 3)
(11215805287, 3)
(488, 0)
(11238835688, 0)
(492, 4)
(11330957292, 4)
(493, 3)
(11353987693, 3)
(497, 4)
(11446109297, 1)
(498, 3)
(11469139698, 2)
(502, 1)
(11561261302, 1)
(503, 1)
(11584291703, 1)
(507, 1)
(11676413307, 1)
(508, 0)
(11699443708, 0)
(512, 4)
(11791565312, 4)
(513, 4)
(11814595713, 1)
(517, 2)
(11906717317, 3)
(518, 1)
(11929747718, 4)
(522, 0)
(12021869322, 0)
(523, 0)
(12044899723, 0)
(527, 2)
(12137021327, 2)
(528, 2)
(12160051728, 3)
(532, 0)
(12252173332, 0)
(533, 3)
(12275203733, 2)
(537, 2)
(12367325337, 3)
(538, 0)
(12390355738, 0)
(542, 1)
(12482477342, 1)
(543, 2)
(12505507743, 3)
(547, 3)
(12597629347, 2)
(548, 0)
(12620659748, 0)
(552, 0)
(12712781352, 0)
(553, 2)
(12735811753, 3)
(557, 3)
(12827933357, 3)
(558, 4)
(12850963758, 1)
(562, 2)
(12943085362, 3)
(563, 1)
(12966115763, 1)
(567, 3)
(13058237367, 2)
(568, 0)
(13081267768, 0)
(572, 0)
(13173389372, 0)
(573, 4)
(13196419773, 1)
(577, 3)
(13288541377, 2)
(578, 2)
(13311571778, 2)
(582, 4)
(13403693382, 1)
(583, 3)
(13426723783, 2)
(587, 2)
(13518845387, 2)
(588, 2)
(13541875788, 2)
(592, 4)
(13633997392, 4)
(593, 1)
(13657027793, 1)
(597, 2)
(13749149397, 3)
(598, 3)
(13772179798, 2)
(602, 1)
(13864301402, 4)
(603, 0)
(13887331803, 0)
(607, 2)
(13979453407, 3)
(608, 3)
(14002483808, 2)
(612, 0)
(14094605412, 0)
(613, 0)
(14117635813, 0)
(617, 2)
(14209757417, 2)
(618, 2)
(14232787818, 3)
(622, 3)
(14324909422, 2)
(623, 2)
(14347939823, 2)
(627, 4)
(14440061427, 4)
(628, 0)
(14463091828, 0)
(632, 0)
(14555213432, 0)
(633, 0)
(14578243833, 0)
(637, 4)
(14670365437, 1)
(638, 0)
(14693395838, 0)
(642, 4)
(14785517442, 4)
(643, 2)
(14808547843, 2)
(647, 2)
(14900669447, 2)
(648, 0)
(14923699848, 0)
(652, 2)
(15015821452, 2)
(653, 1)
(15038851853, 4)
(657, 0)
(15130973457, 0)
(658, 3)
(15154003858, 2)
(662, 3)
(15246125462, 2)
(663, 1)
(15269155863, 1)
(667, 4)
(15361277467, 1)
(668, 3)
(15384307868, 3)
(672, 3)
(15476429472, 2)
(673, 3)
(15499459873, 2)
(677, 0)
(15591581477, 0)
(678, 0)
(15614611878, 0)
(682, 3)
(15706733482, 3)
(683, 0)
(15729763883, 0)
(687, 3)
(15821885487, 2)
(688, 2)
(15844915888, 2)
(692, 0)
(15937037492, 0)
(693, 1)
(15960067893, 1)
(697, 3)
(16052189497, 2)
(698, 1)
(16075219898, 1)
(702, 4)
(16167341502, 1)
(703, 4)
(16190371903, 1)
(707, 1)
(16282493507, 4)
(708, 0)
(16305523908, 0)
(712, 0)
(16397645512, 0)
(713, 1)
(16420675913, 4)
(717, 1)
(16512797517, 1)
(718, 2)
(16535827918, 3)
(722, 1)
(16627949522, 1)
(723, 1)
(16650979923, 4)
(727, 2)
(16743101527, 2)
(728, 0)
(16766131928, 0)
(732, 1)
(16858253532, 1)
(733, 1)
(16881283933, 1)
(737, 0)
(16973405537, 0)
(738, 0)
(16996435938, 0)
(742, 2)
(17088557542, 3)
(743, 1)
(17111587943, 4)
(747, 4)
(17203709547, 1)
(748, 1)
(17226739948, 1)
(752, 0)
(17318861552, 0)
(753, 3)
(17341891953, 3)
(757, 0)
(17434013557, 0)
(758, 2)
(17457043958, 3)
(762, 3)
(17549165562, 2)
(763, 1)
(17572195963, 4)
(767, 3)
(17664317567, 3)
(768, 2)
(17687347968, 2)
(772, 0)
(17779469572, 0)
(773, 4)
(17802499973, 4)
(777, 1)
(17894621577, 4)
(778, 4)
(17917651978, 1)
(782, 1)
(18009773582, 4)
(783, 4)
(18032803983, 1)
(787, 0)
(18124925587, 0)
(788, 0)
(18147955988, 0)
(792, 0)
(18240077592, 0)
(793, 2)
(18263107993, 3)
(797, 0)
(18355229597, 0)
(798, 1)
(18378259998, 1)
(802, 3)
(18470381602, 2)
(803, 0)
(18493412003, 0)
(807, 1)
(18585533607, 1)
(808, 0)
(18608564008, 0)
(812, 3)
(18700685612, 3)
(813, 3)
(18723716013, 3)
(817, 2)
(18815837617, 3)
(818, 3)
(18838868018, 3)
(822, 0)
(18930989622, 0)
(823, 4)
(18954020023, 4)
(827, 2)
(19046141627, 2)
(828, 2)
(19069172028, 2)
(832, 2)
(19161293632, 3)
(833, 2)
(19184324033, 3)
(837, 1)
(19276445637, 4)
(838, 4)
(19299476038, 1)
(842, 4)
(19391597642, 1)
(843, 4)
(19414628043, 1)
(847, 4)
(19506749647, 1)
(848, 3)
(19529780048, 3)
(852, 0)
(19621901652, 0)
(853, 0)
(19644932053, 0)
(857, 2)
(19737053657, 3)
(858, 1)
(19760084058, 1)
(862, 2)
(19852205662, 3)
(863, 1)
(19875236063, 4)
(867, 3)
(19967357667, 3)
(868, 0)
(19990388068, 0)
(872, 0)
(20082509672, 0)
(873, 0)
(20105540073, 0)
(877, 0)
(20197661677, 0)
(878, 0)
(20220692078, 0)
(882, 3)
(20312813682, 3)
(883, 2)
(20335844083, 3)
(887, 1)
(20427965687, 4)
(888, 0)
(20450996088, 0)
(892, 4)
(20543117692, 1)
(893, 2)
(20566148093, 3)
(897, 1)
(20658269697, 4)
(898, 2)
(20681300098, 2)
(902, 2)
(20773421702, 3)
(903, 1)
(20796452103, 4)
(907, 3)
(20888573707, 3)
(908, 0)
(20911604108, 0)
(912, 3)
(21003725712, 2)
(913, 3)
(21026756113, 3)
(917, 0)
(21118877717, 0)
(918, 1)
(21141908118, 4)
(922, 2)
(21234029722, 2)
(923, 0)
(21257060123, 0)
(927, 0)
(21349181727, 0)
(928, 1)
(21372212128, 4)
(932, 0)
(21464333732, 0)
(933, 4)
(21487364133, 1)
(937, 0)
(21579485737, 0)
(938, 1)
(21602516138, 4)
(942, 3)
(21694637742, 3)
(943, 1)
(21717668143, 1)
(947, 0)
(21809789747, 0)
(948, 0)
(21832820148, 0)
(952, 0)
(21924941752, 0)
(953, 3)
(21947972153, 3)
(957, 1)
(22040093757, 1)
(958, 1)
(22063124158, 4)
(962, 2)
(22155245762, 3)
(963, 1)
(22178276163, 1)
(967, 4)
(22270397767, 4)
(968, 0)
(22293428168, 0)
(972, 2)
(22385549772, 2)
(973, 3)
(22408580173, 2)
(977, 0)
(22500701777, 0)
(978, 4)
(22523732178, 4)
(982, 0)
(22615853782, 0)
(983, 2)
(22638884183, 3)
(987, 3)
(22731005787, 2)
(988, 3)
(22754036188, 3)
(992, 1)
(22846157792, 4)
(993, 3)
(22869188193, 2)
(997, 4)
(22961309797, 1)
(998, 1)
(22984340198, 4)
(1002, 4)
(23076461802, 4)
(1003, 1)
(23099492203, 1)
(1007, 0)
(23191613807, 0)
(1008, 0)
(23214644208, 0)
(1012, 0)
(23306765812, 0)
(1013, 4)
(23329796213, 4)
(1017, 4)
(23421917817, 4)
(1018, 3)
(23444948218, 2)
(1022, 3)
(23537069822, 2)
(1023, 1)
(23560100223, 1)
(1027, 4)
(23652221827, 1)
(1028, 0)
(23675252228, 0)
(1032, 0)
(23767373832, 0)
(1033, 3)
(23790404233, 3)
(1037, 0)
(23882525837, 0)
(1038, 2)
(23905556238, 3)
(1042, 3)
(23997677842, 3)
(1043, 2)
(24020708243, 3)
(1047, 4)
(24112829847, 4)
(1048, 0)
(24135860248, 0)
(1052, 1)
(24227981852, 1)
(1053, 1)
(24251012253, 4)
(1057, 1)
(24343133857, 1)
(1058, 0)
(24366164258, 0)
(1062, 0)
(24458285862, 0)
(1063, 4)
(24481316263, 4)
(1067, 2)
(24573437867, 2)
(1068, 1)
(24596468268, 4)
(1072, 3)
(24688589872, 3)
(1073, 1)
(24711620273, 4)
(1077, 4)
(24803741877, 1)
(1078, 3)
(24826772278, 2)
(1082, 3)
(24918893882, 2)
(1083, 2)
(24941924283, 2)
(1087, 1)
(25034045887, 1)
(1088, 1)
(25057076288, 4)
(1092, 0)
(25149197892, 0)
(1093, 0)
(25172228293, 0)
(1097, 1)
(25264349897, 4)
(1098, 0)
(25287380298, 0)
(1102, 0)
(25379501902, 0)
(1103, 3)
(25402532303, 2)
(1107, 3)
(25494653907, 3)
(1108, 0)
(25517684308, 0)
(1112, 0)
(25609805912, 0)
(1113, 4)
(25632836313, 1)
(1117, 4)
(25724957917, 4)
(1118, 1)
(25747988318, 4)
(1122, 4)
(25840109922, 4)
(1123, 0)
(25863140323, 0)
(1127, 3)
(25955261927, 3)
(1128, 0)
(25978292328, 0)
(1132, 1)
(26070413932, 4)
(1133, 2)
(26093444333, 2)
(1137, 0)
(26185565937, 0)
(1138, 2)
(26208596338, 3)
(1142, 2)
(26300717942, 3)
(1143, 0)
(26323748343, 0)
(1147, 1)
(26415869947, 4)
(1148, 2)
(26438900348, 3)
(1152, 3)
(26531021952, 3)
(1153, 4)
(26554052353, 1)
(1157, 3)
(26646173957, 3)
(1158, 4)
(26669204358, 1)
(1162, 3)
(26761325962, 3)
(1163, 3)
(26784356363, 2)
(1167, 3)
(26876477967, 2)
(1168, 2)
(26899508368, 2)
(1172, 0)
(26991629972, 0)
(1173, 1)
(27014660373, 4)
(1177, 2)
(27106781977, 3)
(1178, 1)
(27129812378, 1)
(1182, 0)
(27221933982, 0)
(1183, 0)
(27244964383, 0)
(1187, 4)
(27337085987, 4)
(1188, 0)
(27360116388, 0)
(1192, 0)
(27452237992, 0)
(1193, 4)
(27475268393, 1)
(1197, 0)
(27567389997, 0)
(1198, 2)
(27590420398, 2)
(1202, 1)
(27682542002, 1)
(1203, 4)
(27705572403, 1)
(1207, 2)
(27797694007, 3)
(1208, 0)
(27820724408, 0)
(1212, 0)
(27912846012, 0)
(1213, 0)
(27935876413, 0)
(1217, 2)
(28027998017, 2)
(1218, 4)
(28051028418, 4)
(1222, 3)
(28143150022, 2)
(1223, 0)
(28166180423, 0)
(1227, 4)
(28258302027, 4)
(1228, 4)
(28281332428, 4)
(1232, 1)
(28373454032, 1)
(1233, 1)
(28396484433, 1)
(1237, 4)
(28488606037, 4)
(1238, 2)
(28511636438, 3)
(1242, 3)
(28603758042, 3)
(1243, 1)
(28626788443, 4)
(1247, 4)
(28718910047, 1)
(1248, 2)
(28741940448, 3)
(1252, 0)
(28834062052, 0)
(1253, 3)
(28857092453, 3)
(1257, 0)
(28949214057, 0)
(1258, 2)
(28972244458, 3)
(1262, 4)
(29064366062, 1)
(1263, 0)
(29087396463, 0)
(1267, 1)
(29179518067, 1)
(1268, 0)
(29202548468, 0)
(1272, 0)
(29294670072, 0)
(1273, 0)
(29317700473, 0)
(1277, 4)
(29409822077, 1)
(1278, 0)
(29432852478, 0)
(1282, 3)
(29524974082, 2)
(1283, 4)
(29548004483, 4)
(1287, 0)
(29640126087, 0)
(1288, 0)
(29663156488, 0)
(1292, 3)
(29755278092, 3)
(1293, 1)
(29778308493, 4)
(1297, 2)
(29870430097, 3)
(1298, 2)
(29893460498, 2)
(1302, 4)
(29985582102, 4)
(1303, 1)
(30008612503, 1)
(1307, 1)
(30100734107, 1)
(1308, 1)
(30123764508, 1)
(1312, 3)
(30215886112, 3)
(1313, 1)
(30238916513, 4)
(1317, 0)
(30331038117, 0)
(1318, 0)
(30354068518, 0)
(1322, 3)
(30446190122, 3)
(1323, 4)
(30469220523, 4)
(1327, 0)
(30561342127, 0)
(1328, 1)
(30584372528, 4)
(1332, 0)
(30676494132, 0)
(1333, 0)
(30699524533, 0)
(1337, 4)
(30791646137, 4)
(1338, 0)
(30814676538, 0)
(1342, 0)
(30906798142, 0)
(1343, 4)
(30929828543, 1)
(1347, 1)
(31021950147, 1)
(1348, 0)
(31044980548, 0)
(1352, 0)
(31137102152, 0)
(1353, 4)
(31160132553, 1)
(1357, 1)
(31252254157, 4)
(1358, 4)
(31275284558, 4)
(1362, 1)
(31367406162, 1)
(1363, 4)
(31390436563, 1)
(1367, 0)
(31482558167, 0)
(1368, 0)
(31505588568, 0)
(1372, 1)
(31597710172, 4)
(1373, 2)
(31620740573, 2)
(1377, 1)
(31712862177, 4)
(1378, 0)
(31735892578, 0)
(1382, 2)
(31828014182, 2)
(1383, 3)
(31851044583, 3)
(1387, 4)
(31943166187, 1)
(1388, 0)
(31966196588, 0)
(1392, 4)
(32058318192, 1)
(1393, 4)
(32081348593, 4)
(1397, 4)
(32173470197, 4)
(1398, 0)
(32196500598, 0)
(1402, 1)
(32288622202, 4)
(1403, 1)
(32311652603, 1)
(1407, 1)
(32403774207, 4)
(1408, 3)
(32426804608, 2)
(1412, 0)
(32518926212, 0)
(1413, 0)
(32541956613, 0)
(1417, 1)
(32634078217, 4)
(1418, 4)
(32657108618, 1)
(1422, 1)
(32749230222, 1)
(1423, 4)
(32772260623, 1)
(1427, 0)
(32864382227, 0)
(1428, 0)
(32887412628, 0)
(1432, 0)
(32979534232, 0)
(1433, 4)
(33002564633, 1)
(1437, 4)
(33094686237, 1)
(1438, 1)
(33117716638, 1)
(1442, 1)
(33209838242, 1)
(1443, 2)
(33232868643, 3)
(1447, 2)
(33324990247, 2)
(1448, 0)
(33348020648, 0)
(1452, 2)
(33440142252, 2)
(1453, 1)
(33463172653, 1)
(1457, 4)
(33555294257, 1)
(1458, 2)
(33578324658, 2)
(1462, 4)
(33670446262, 1)
(1463, 2)
(33693476663, 3)
(1467, 0)
(33785598267, 0)
(1468, 2)
(33808628668, 3)
(1472, 4)
(33900750272, 4)
(1473, 2)
(33923780673, 2)
(1477, 1)
(34015902277, 4)
(1478, 0)
(34038932678, 0)
(1482, 1)
(34131054282, 1)
(1483, 3)
(34154084683, 3)
(1487, 3)
(34246206287, 2)
(1488, 2)
(34269236688, 3)
(1492, 0)
(34361358292, 0)
(1493, 3)
(34384388693, 2)
(1497, 0)
(34476510297, 0)
(1498, 1)
(34499540698, 4)
(1502, 1)
(34591662302, 1)
(1503, 3)
(34614692703, 3)
(1507, 4)
(34706814307, 1)
(1508, 0)
(34729844708, 0)
(1512, 0)
(34821966312, 0)
(1513, 4)
(34844996713, 4)
(1517, 3)
(34937118317, 3)
(1518, 4)
(34960148718, 1)
(1522, 0)
(35052270322, 0)
(1523, 3)
(35075300723, 2)
(1527, 1)
(35167422327, 4)
(1528, 0)
(35190452728, 0)
(1532, 4)
(35282574332, 1)
(1533, 1)
(35305604733, 4)
(1537, 1)
(35397726337, 4)
(1538, 4)
(35420756738, 1)
(1542, 0)
(35512878342, 0)
(1543, 4)
(35535908743, 4)
(1547, 2)
(35628030347, 3)
(1548, 0)
(35651060748, 0)
(1552, 3)
(35743182352, 2)
(1553, 0)
(35766212753, 0)
(1557, 2)
(35858334357, 3)
(1558, 2)
(35881364758, 3)
(1562, 2)
(35973486362, 3)
(1563, 4)
(35996516763, 4)
(1567, 0)
(36088638367, 0)
(1568, 2)
(36111668768, 2)
(1572, 0)
(36203790372, 0)
(1573, 3)
(36226820773, 2)
(1577, 3)
(36318942377, 3)
(1578, 1)
(36341972778, 1)
(1582, 4)
(36434094382, 1)
(1583, 3)
(36457124783, 2)
(1587, 0)
(36549246387, 0)
(1588, 0)
(36572276788, 0)
(1592, 0)
(36664398392, 0)
(1593, 4)
(36687428793, 1)
(1597, 4)
(36779550397, 1)
(1598, 2)
(36802580798, 3)
(1602, 0)
(36894702402, 0)
(1603, 4)
(36917732803, 4)
(1607, 3)
(37009854407, 2)
(1608, 0)
(37032884808, 0)
(1612, 4)
(37125006412, 4)
(1613, 3)
(37148036813, 3)
(1617, 3)
(37240158417, 2)
(1618, 2)
(37263188818, 3)
(1622, 0)
(37355310422, 0)
(1623, 3)
(37378340823, 2)
(1627, 2)
(37470462427, 2)
(1628, 3)
(37493492828, 2)
(1632, 3)
(37585614432, 2)
(1633, 4)
(37608644833, 4)
(1637, 3)
(37700766437, 2)
(1638, 1)
(37723796838, 1)
(1642, 1)
(37815918442, 4)
(1643, 0)
(37838948843, 0)
(1647, 3)
(37931070447, 3)
(1648, 0)
(37954100848, 0)
(1652, 0)
(38046222452, 0)
(1653, 4)
(38069252853, 4)
(1657, 1)
(38161374457, 1)
(1658, 2)
(38184404858, 3)
(1662, 0)
(38276526462, 0)
(1663, 2)
(38299556863, 3)
(1667, 3)
(38391678467, 3)
(1668, 0)
(38414708868, 0)
(1672, 0)
(38506830472, 0)
(1673, 3)
(38529860873, 2)
(1677, 1)
(38621982477, 4)
(1678, 0)
(38645012878, 0)
(1682, 4)
(38737134482, 4)
(1683, 0)
(38760164883, 0)
(1687, 2)
(38852286487, 2)
(1688, 0)
(38875316888, 0)
(1692, 0)
(38967438492, 0)
(1693, 3)
(38990468893, 2)
(1697, 3)
(39082590497, 3)
(1698, 1)
(39105620898, 4)
(1702, 0)
(39197742502, 0)
(1703, 3)
(39220772903, 2)
(1707, 0)
(39312894507, 0)
(1708, 1)
(39335924908, 4)
(1712, 4)
(39428046512, 4)
(1713, 4)
(39451076913, 1)
(1717, 1)
(39543198517, 4)
(1718, 1)
(39566228918, 1)
(1722, 1)
(39658350522, 4)
(1723, 0)
(39681380923, 0)
(1727, 4)
(39773502527, 1)
(1728, 0)
(39796532928, 0)
(1732, 0)
(39888654532, 0)
(1733, 1)
(39911684933, 1)
(1737, 0)
(40003806537, 0)
(1738, 1)
(40026836938, 4)
(1742, 1)
(40118958542, 4)
(1743, 4)
(40141988943, 4)
(1747, 0)
(40234110547, 0)
(1748, 0)
(40257140948, 0)
(1752, 0)
(40349262552, 0)
(1753, 0)
(40372292953, 0)
(1757, 3)
(40464414557, 2)
(1758, 0)
(40487444958, 0)
(1762, 1)
(40579566562, 1)
(1763, 3)
(40602596963, 3)
(1767, 3)
(40694718567, 3)
(1768, 0)
(40717748968, 0)
(1772, 0)
(40809870572, 0)
(1773, 0)
(40832900973, 0)
(1777, 4)
(40925022577, 4)
(1778, 0)
(40948052978, 0)
(1782, 1)
(41040174582, 4)
(1783, 2)
(41063204983, 3)
(1787, 2)
(41155326587, 3)
(1788, 2)
(41178356988, 2)
(1792, 1)
(41270478592, 4)
(1793, 4)
(41293508993, 1)
(1797, 4)
(41385630597, 4)
(1798, 0)
(41408660998, 0)
(1802, 3)
(41500782602, 2)
(1803, 2)
(41523813003, 2)
(1807, 3)
(41615934607, 2)
(1808, 4)
(41638965008, 4)
(1812, 0)
(41731086612, 0)
(1813, 2)
(41754117013, 2)
(1817, 0)
(41846238617, 0)
(1818, 0)
(41869269018, 0)
(1822, 4)
(41961390622, 1)
(1823, 0)
(41984421023, 0)
(1827, 2)
(42076542627, 2)
(1828, 0)
(42099573028, 0)
(1832, 0)
(42191694632, 0)
(1833, 1)
(42214725033, 4)
(1837, 4)
(42306846637, 1)
(1838, 3)
(42329877038, 3)
(1842, 4)
(42421998642, 4)
(1843, 4)
(42445029043, 4)
(1847, 2)
(42537150647, 3)
(1848, 0)
(42560181048, 0)
(1852, 4)
(42652302652, 1)
(1853, 4)
(42675333053, 1)
(1857, 0)
(42767454657, 0)
(1858, 0)
(42790485058, 0)
(1862, 3)
(42882606662, 2)
(1863, 2)
(42905637063, 2)
(1867, 0)
(42997758667, 0)
(1868, 1)
(43020789068, 4)
(1872, 0)
(43112910672, 0)
(1873, 3)
(43135941073, 3)
(1877, 4)
(43228062677, 1)
(1878, 4)
(43251093078, 4)
(1882, 2)
(43343214682, 3)
(1883, 1)
(43366245083, 4)
(1887, 0)
(43458366687, 0)
(1888, 3)
(43481397088, 2)
(1892, 0)
(43573518692, 0)
(1893, 0)
(43596549093, 0)
(1897, 1)
(43688670697, 4)
(1898, 3)
(43711701098, 2)
(1902, 4)
(43803822702, 4)
(1903, 2)
(43826853103, 2)
(1907, 3)
(43918974707, 3)
(1908, 0)
(43942005108, 0)
(1912, 0)
(44034126712, 0)
(1913, 4)
(44057157113, 4)
(1917, 2)
(44149278717, 2)
(1918, 1)
(44172309118, 4)
(1922, 2)
(44264430722, 2)
(1923, 0)
(44287461123, 0)
(1927, 2)
(44379582727, 2)
(1928, 0)
(44402613128, 0)
(1932, 3)
(44494734732, 2)
(1933, 2)
(44517765133, 2)
(1937, 3)
(44609886737, 2)
(1938, 2)
(44632917138, 2)
(1942, 3)
(44725038742, 2)
(1943, 2)
(44748069143, 3)
(1947, 3)
(44840190747, 3)
(1948, 1)
(44863221148, 1)
(1952, 0)
(44955342752, 0)
(1953, 0)
(44978373153, 0)
(1957, 1)
(45070494757, 1)
(1958, 2)
(45093525158, 2)
(1962, 0)
(45185646762, 0)
(1963, 4)
(45208677163, 4)
(1967, 4)
(45300798767, 4)
(1968, 4)
(45323829168, 4)
(1972, 0)
(45415950772, 0)
(1973, 3)
(45438981173, 2)
(1977, 1)
(45531102777, 4)
(1978, 2)
(45554133178, 2)
(1982, 1)
(45646254782, 4)
(1983, 1)
(45669285183, 1)
(1987, 2)
(45761406787, 2)
(1988, 0)
(45784437188, 0)
(1992, 0)
(45876558792, 0)
(1993, 1)
(45899589193, 4)
(1997, 2)
(45991710797, 2)
(1998, 3)
(46014741198, 3)
(2002, 4)
(46106862802, 1)
(2003, 1)
(46129893203, 1)
(2007, 0)
(46222014807, 0)
(2008, 0)
(46245045208, 0)
(2012, 2)
(46337166812, 2)
(2013, 4)
(46360197213, 1)
(2017, 2)
(46452318817, 2)
(2018, 3)
(46475349218, 3)
(2022, 1)
(46567470822, 1)
(2023, 4)
(46590501223, 1)
(2027, 1)
(46682622827, 4)
(2028, 3)
(46705653228, 3)
(2032, 0)
(46797774832, 0)
(2033, 2)
(46820805233, 3)
(2037, 4)
(46912926837, 4)
(2038, 3)
(46935957238, 3)
(2042, 0)
(47028078842, 0)
(2043, 0)
(47051109243, 0)
(2047, 2)
(47143230847, 3)
(2048, 0)
(47166261248, 0)
(2052, 0)
(47258382852, 0)
(2053, 2)
(47281413253, 3)
(2057, 4)
(47373534857, 1)
(2058, 2)
(47396565258, 3)
(2062, 3)
(47488686862, 2)
(2063, 0)
(47511717263, 0)
(2067, 3)
(47603838867, 2)
(2068, 0)
(47626869268, 0)
(2072, 0)
(47718990872, 0)
(2073, 0)
(47742021273, 0)
(2077, 1)
(47834142877, 4)
(2078, 0)
(47857173278, 0)
(2082, 1)
(47949294882, 1)
(2083, 3)
(47972325283, 2)
(2087, 0)
(48064446887, 0)
(2088, 0)
(48087477288, 0)
(2092, 0)
(48179598892, 0)
(2093, 0)
(48202629293, 0)
(2097, 1)
(48294750897, 4)
(2098, 4)
(48317781298, 1)
(2102, 4)
(48409902902, 1)
(2103, 4)
(48432933303, 1)
(2107, 4)
(48525054907, 4)
(2108, 4)
(48548085308, 4)
(2112, 4)
(48640206912, 1)
(2113, 4)
(48663237313, 4)
(2117, 1)
(48755358917, 4)
(2118, 0)
(48778389318, 0)
(2122, 2)
(48870510922, 3)
(2123, 1)
(48893541323, 1)
(2127, 2)
(48985662927, 3)
(2128, 2)
(49008693328, 2)
(2132, 0)
(49100814932, 0)
(2133, 2)
(49123845333, 2)
(2137, 1)
(49215966937, 1)
(2138, 2)
(49238997338, 2)
(2142, 0)
(49331118942, 0)
(2143, 3)
(49354149343, 3)
(2147, 4)
(49446270947, 1)
(2148, 0)
(49469301348, 0)
(2152, 0)
(49561422952, 0)
(2153, 3)
(49584453353, 2)
(2157, 4)
(49676574957, 4)
(2158, 0)
(49699605358, 0)
(2162, 4)
(49791726962, 4)
(2163, 2)
(49814757363, 2)
(2167, 2)
(49906878967, 2)
(2168, 0)
(49929909368, 0)
(2172, 4)
(50022030972, 1)
(2173, 0)
(50045061373, 0)
(2177, 0)
(50137182977, 0)
(2178, 3)
(50160213378, 3)
(2182, 3)
(50252334982, 3)
(2183, 2)
(50275365383, 3)
(2187, 0)
(50367486987, 0)
(2188, 4)
(50390517388, 1)
(2192, 1)
(50482638992, 1)
(2193, 1)
(50505669393, 4)
(2197, 3)
(50597790997, 2)
(2198, 1)
(50620821398, 4)
(2202, 0)
(50712943002, 0)
(2203, 0)
(50735973403, 0)
(2207, 1)
(50828095007, 4)
(2208, 4)
(50851125408, 4)
(2212, 0)
(50943247012, 0)
(2213, 3)
(50966277413, 3)
(2217, 3)
(51058399017, 2)
(2218, 1)
(51081429418, 4)
(2222, 3)
(51173551022, 2)
(2223, 0)
(51196581423, 0)
(2227, 1)
(51288703027, 4)
(2228, 0)
(51311733428, 0)
(2232, 0)
(51403855032, 0)
(2233, 4)
(51426885433, 1)
(2237, 0)
(51519007037, 0)
(2238, 3)
(51542037438, 2)
(2242, 4)
(51634159042, 4)
(2243, 0)
(51657189443, 0)
(2247, 0)
(51749311047, 0)
(2248, 0)
(51772341448, 0)
(2252, 3)
(51864463052, 3)
(2253, 4)
(51887493453, 4)
(2257, 4)
(51979615057, 4)
(2258, 3)
(52002645458, 3)
(2262, 1)
(52094767062, 1)
(2263, 2)
(52117797463, 3)
(2267, 1)
(52209919067, 4)
(2268, 1)
(52232949468, 4)
(2272, 3)
(52325071072, 3)
(2273, 2)
(52348101473, 2)
(2277, 0)
(52440223077, 0)
(2278, 4)
(52463253478, 1)
(2282, 0)
(52555375082, 0)
(2283, 4)
(52578405483, 4)
(2287, 1)
(52670527087, 4)
(2288, 0)
(52693557488, 0)
(2292, 0)
(52785679092, 0)
(2293, 1)
(52808709493, 4)
(2297, 0)
(52900831097, 0)
(2298, 2)
(52923861498, 3)
(2302, 4)
(53015983102, 4)
(2303, 0)
(53039013503, 0)
(2307, 3)
(53131135107, 2)
(2308, 0)
(53154165508, 0)
(2312, 0)
(53246287112, 0)
(2313, 2)
(53269317513, 2)
(2317, 4)
(53361439117, 4)
(2318, 1)
(53384469518, 4)
(2322, 3)
(53476591122, 3)
(2323, 2)
(53499621523, 2)
(2327, 2)
(53591743127, 2)
(2328, 0)
(53614773528, 0)
(2332, 1)
(53706895132, 4)
(2333, 1)
(53729925533, 4)
(2337, 2)
(53822047137, 3)
(2338, 4)
(53845077538, 1)
(2342, 3)
(53937199142, 2)
(2343, 2)
(53960229543, 3)
(2347, 0)
(54052351147, 0)
(2348, 1)
(54075381548, 1)
(2352, 2)
(54167503152, 2)
(2353, 4)
(54190533553, 4)
(2357, 2)
(54282655157, 2)
(2358, 0)
(54305685558, 0)
(2362, 4)
(54397807162, 1)
(2363, 0)
(54420837563, 0)
(2367, 1)
(54512959167, 1)
(2368, 3)
(54535989568, 3)
(2372, 0)
(54628111172, 0)
(2373, 1)
(54651141573, 4)
(2377, 1)
(54743263177, 4)
(2378, 0)
(54766293578, 0)
(2382, 2)
(54858415182, 2)
(2383, 4)
(54881445583, 4)
(2387, 2)
(54973567187, 3)
(2388, 0)
(54996597588, 0)
(2392, 0)
(55088719192, 0)
(2393, 0)
(55111749593, 0)
(2397, 2)
(55203871197, 3)
(2398, 0)
(55226901598, 0)
(2402, 0)
(55319023202, 0)
(2403, 2)
(55342053603, 3)
(2407, 0)
(55434175207, 0)
(2408, 0)
(55457205608, 0)
(2412, 0)
(55549327212, 0)
(2413, 1)
(55572357613, 1)
(2417, 1)
(55664479217, 4)
(2418, 4)
(55687509618, 4)
(2422, 0)
(55779631222, 0)
(2423, 3)
(55802661623, 3)
(2427, 4)
(55894783227, 1)
(2428, 4)
(55917813628, 1)
(2432, 1)
(56009935232, 4)
(2433, 0)
(56032965633, 0)
(2437, 3)
(56125087237, 3)
(2438, 3)
(56148117638, 3)
(2442, 3)
(56240239242, 2)
(2443, 4)
(56263269643, 1)
(2447, 3)
(56355391247, 2)
(2448, 1)
(56378421648, 4)
(2452, 0)
(56470543252, 0)
(2453, 3)
(56493573653, 3)
(2457, 2)
(56585695257, 2)
(2458, 3)
(56608725658, 2)
(2462, 3)
(56700847262, 3)
(2463, 4)
(56723877663, 1)
(2467, 2)
(56815999267, 2)
(2468, 0)
(56839029668, 0)
(2472, 0)
(56931151272, 0)
(2473, 0)
(56954181673, 0)
(2477, 3)
(57046303277, 2)
(2478, 2)
(57069333678, 2)
(2482, 1)
(57161455282, 4)
(2483, 0)
(57184485683, 0)
(2487, 0)
(57276607287, 0)
(2488, 0)
(57299637688, 0)
(2492, 4)
(57391759292, 4)
(2493, 0)
(57414789693, 0)
(2497, 3)
(57506911297, 2)
(2498, 0)
(57529941698, 0)
(2502, 3)
(57622063302, 3)
(2503, 1)
(57645093703, 1)
(2507, 4)
(57737215307, 4)
(2508, 2)
(57760245708, 2)
(2512, 2)
(57852367312, 2)
(2513, 3)
(57875397713, 3)
(2517, 4)
(57967519317, 4)
(2518, 0)
(57990549718, 0)
(2522, 4)
(58082671322, 4)
(2523, 3)
(58105701723, 3)
(2527, 4)
(58197823327, 1)
(2528, 4)
(58220853728, 4)
(2532, 0)
(58312975332, 0)
(2533, 4)
(58336005733, 1)
(2537, 0)
(58428127337, 0)
(2538, 2)
(58451157738, 2)
(2542, 4)
(58543279342, 1)
(2543, 0)
(58566309743, 0)
(2547, 0)
(58658431347, 0)
(2548, 0)
(58681461748, 0)
(2552, 0)
(58773583352, 0)
(2553, 1)
(58796613753, 1)
(2557, 3)
(58888735357, 2)
(2558, 4)
(58911765758, 4)
(2562, 1)
(59003887362, 4)
(2563, 4)
(59026917763, 4)
(2567, 1)
(59119039367, 1)
(2568, 0)
(59142069768, 0)
(2572, 1)
(59234191372, 1)
(2573, 1)
(59257221773, 1)
(2577, 0)
(59349343377, 0)
(2578, 1)
(59372373778, 1)
(2582, 0)
(59464495382, 0)
(2583, 2)
(59487525783, 3)
(2587, 3)
(59579647387, 3)
(2588, 4)
(59602677788, 4)
(2592, 3)
(59694799392, 3)
(2593, 1)
(59717829793, 1)
(2597, 4)
(59809951397, 4)
(2598, 4)
(59832981798, 4)
(2602, 4)
(59925103402, 4)
(2603, 0)
(59948133803, 0)
(2607, 2)
(60040255407, 3)
(2608, 2)
(60063285808, 2)
(2612, 0)
(60155407412, 0)
(2613, 1)
(60178437813, 4)
(2617, 2)
(60270559417, 3)
(2618, 0)
(60293589818, 0)
(2622, 1)
(60385711422, 4)
(2623, 2)
(60408741823, 2)
(2627, 2)
(60500863427, 2)
(2628, 0)
(60523893828, 0)
(2632, 0)
(60616015432, 0)
(2633, 3)
(60639045833, 2)
(2637, 4)
(60731167437, 1)
(2638, 0)
(60754197838, 0)
(2642, 3)
(60846319442, 2)
(2643, 0)
(60869349843, 0)
(2647, 0)
(60961471447, 0)
(2648, 0)
(60984501848, 0)
(2652, 2)
(61076623452, 2)
(2653, 1)
(61099653853, 1)
(2657, 2)
(61191775457, 3)
(2658, 4)
(61214805858, 1)
(2662, 1)
(61306927462, 4)
(2663, 3)
(61329957863, 3)
(2667, 3)
(61422079467, 3)
(2668, 2)
(61445109868, 3)
(2672, 4)
(61537231472, 4)
(2673, 3)
(61560261873, 2)
(2677, 2)
(61652383477, 2)
(2678, 0)
(61675413878, 0)
(2682, 0)
(61767535482, 0)
(2683, 0)
(61790565883, 0)
(2687, 4)
(61882687487, 4)
(2688, 1)
(61905717888, 4)
(2692, 0)
(61997839492, 0)
(2693, 3)
(62020869893, 3)
(2697, 4)
(62112991497, 4)
(2698, 4)
(62136021898, 1)
(2702, 2)
(62228143502, 2)
(2703, 3)
(62251173903, 2)
(2707, 2)
(62343295507, 2)
(2708, 0)
(62366325908, 0)
(2712, 0)
(62458447512, 0)
(2713, 1)
(62481477913, 1)
(2717, 2)
(62573599517, 3)
(2718, 1)
(62596629918, 4)
(2722, 0)
(62688751522, 0)
(2723, 3)
(62711781923, 3)
(2727, 0)
(62803903527, 0)
(2728, 0)
(62826933928, 0)
(2732, 0)
(62919055532, 0)
(2733, 3)
(62942085933, 2)
(2737, 1)
(63034207537, 1)
(2738, 4)
(63057237938, 4)
(2742, 3)
(63149359542, 3)
(2743, 0)
(63172389943, 0)
(2747, 3)
(63264511547, 3)
(2748, 1)
(63287541948, 4)
(2752, 0)
(63379663552, 0)
(2753, 2)
(63402693953, 3)
(2757, 4)
(63494815557, 4)
(2758, 4)
(63517845958, 4)
(2762, 4)
(63609967562, 1)
(2763, 0)
(63632997963, 0)
(2767, 4)
(63725119567, 4)
(2768, 2)
(63748149968, 3)
(2772, 0)
(63840271572, 0)
(2773, 4)
(63863301973, 1)
(2777, 0)
(63955423577, 0)
(2778, 1)
(63978453978, 4)
(2782, 2)
(64070575582, 3)
(2783, 4)
(64093605983, 4)
(2787, 1)
(64185727587, 4)
(2788, 0)
(64208757988, 0)
(2792, 0)
(64300879592, 0)
(2793, 4)
(64323909993, 1)
(2797, 3)
(64416031597, 3)
(2798, 4)
(64439061998, 4)
(2802, 1)
(64531183602, 4)
(2803, 1)
(64554214003, 1)
(2807, 3)
(64646335607, 3)
(2808, 0)
(64669366008, 0)
(2812, 3)
(64761487612, 2)
(2813, 0)
(64784518013, 0)
(2817, 0)
(64876639617, 0)
(2818, 0)
(64899670018, 0)
(2822, 2)
(64991791622, 2)
(2823, 1)
(65014822023, 4)
(2827, 3)
(65106943627, 2)
(2828, 3)
(65129974028, 2)
(2832, 3)
(65222095632, 2)
(2833, 3)
(65245126033, 3)
(2837, 1)
(65337247637, 4)
(2838, 0)
(65360278038, 0)
(2842, 2)
(65452399642, 3)
(2843, 0)
(65475430043, 0)
(2847, 3)
(65567551647, 2)
(2848, 4)
(65590582048, 1)
(2852, 0)
(65682703652, 0)
(2853, 0)
(65705734053, 0)
(2857, 0)
(65797855657, 0)
(2858, 3)
(65820886058, 2)
(2862, 2)
(65913007662, 2)
(2863, 2)
(65936038063, 3)
(2867, 2)
(66028159667, 2)
(2868, 0)
(66051190068, 0)
(2872, 0)
(66143311672, 0)
(2873, 3)
(66166342073, 2)
(2877, 0)
(66258463677, 0)
(2878, 1)
(66281494078, 1)
(2882, 1)
(66373615682, 4)
(2883, 3)
(66396646083, 3)
(2887, 0)
(66488767687, 0)
(2888, 0)
(66511798088, 0)
(2892, 3)
(66603919692, 2)
(2893, 4)
(66626950093, 1)
(2897, 1)
(66719071697, 4)
(2898, 0)
(66742102098, 0)
(2902, 2)
(66834223702, 2)
(2903, 4)
(66857254103, 1)
(2907, 2)
(66949375707, 2)
(2908, 4)
(66972406108, 4)
(2912, 4)
(67064527712, 4)
(2913, 2)
(67087558113, 3)
(2917, 2)
(67179679717, 2)
(2918, 4)
(67202710118, 1)
(2922, 1)
(67294831722, 1)
(2923, 4)
(67317862123, 4)
(2927, 4)
(67409983727, 4)
(2928, 3)
(67433014128, 3)
(2932, 0)
(67525135732, 0)
(2933, 1)
(67548166133, 1)
(2937, 4)
(67640287737, 4)
(2938, 4)
(67663318138, 1)
(2942, 0)
(67755439742, 0)
(2943, 3)
(67778470143, 3)
(2947, 3)
(67870591747, 3)
(2948, 0)
(67893622148, 0)
(2952, 0)
(67985743752, 0)
(2953, 1)
(68008774153, 1)
(2957, 4)
(68100895757, 1)
(2958, 2)
(68123926158, 2)
(2962, 4)
(68216047762, 4)
(2963, 2)
(68239078163, 2)
(2967, 1)
(68331199767, 1)
(2968, 0)
(68354230168, 0)
(2972, 2)
(68446351772, 3)
(2973, 2)
(68469382173, 3)
(2977, 4)
(68561503777, 4)
(2978, 0)
(68584534178, 0)
(2982, 1)
(68676655782, 4)
(2983, 0)
(68699686183, 0)
(2987, 0)
(68791807787, 0)
(2988, 2)
(68814838188, 3)
(2992, 1)
(68906959792, 1)
(2993, 2)
(68929990193, 2)
(2997, 4)
(69022111797, 4)
(2998, 3)
(69045142198, 3)
(3002, 4)
(69137263802, 1)
(3003, 2)
(69160294203, 3)
(3007, 0)
(69252415807, 0)
(3008, 0)
(69275446208, 0)
(3012, 0)
(69367567812, 0)
(3013, 3)
(69390598213, 3)
(3017, 3)
(69482719817, 3)
(3018, 4)
(69505750218, 4)
(3022, 2)
(69597871822, 3)
(3023, 2)
(69620902223, 3)
(3027, 2)
(69713023827, 2)
(3028, 0)
(69736054228, 0)
(3032, 0)
(69828175832, 0)
(3033, 0)
(69851206233, 0)
(3037, 3)
(69943327837, 2)
(3038, 1)
(69966358238, 4)
(3042, 0)
(70058479842, 0)
(3043, 3)
(70081510243, 3)
(3047, 2)
(70173631847, 3)
(3048, 0)
(70196662248, 0)
(3052, 3)
(70288783852, 2)
(3053, 0)
(70311814253, 0)
(3057, 3)
(70403935857, 3)
(3058, 2)
(70426966258, 3)
(3062, 4)
(70519087862, 4)
(3063, 1)
(70542118263, 4)
(3067, 2)
(70634239867, 3)
(3068, 1)
(70657270268, 1)
(3072, 4)
(70749391872, 4)
(3073, 1)
(70772422273, 1)
(3077, 4)
(70864543877, 4)
(3078, 4)
(70887574278, 1)
(3082, 0)
(70979695882, 0)
(3083, 2)
(71002726283, 3)
(3087, 0)
(71094847887, 0)
(3088, 2)
(71117878288, 3)
(3092, 0)
(71209999892, 0)
(3093, 2)
(71233030293, 3)
(3097, 3)
(71325151897, 2)
(3098, 4)
(71348182298, 4)
(3102, 1)
(71440303902, 4)
(3103, 0)
(71463334303, 0)
(3107, 3)
(71555455907, 2)
(3108, 0)
(71578486308, 0)
(3112, 0)
(71670607912, 0)
(3113, 1)
(71693638313, 1)
(3117, 0)
(71785759917, 0)
(3118, 0)
(71808790318, 0)
(3122, 3)
(71900911922, 3)
(3123, 0)
(71923942323, 0)
(3127, 1)
(72016063927, 4)
(3128, 0)
(72039094328, 0)
(3132, 3)
(72131215932, 2)
(3133, 0)
(72154246333, 0)
(3137, 1)
(72246367937, 4)
(3138, 4)
(72269398338, 1)
(3142, 0)
(72361519942, 0)
(3143, 1)
(72384550343, 4)
(3147, 0)
(72476671947, 0)
(3148, 0)
(72499702348, 0)
(3152, 0)
(72591823952, 0)
(3153, 4)
(72614854353, 1)
(3157, 4)
(72706975957, 4)
(3158, 2)
(72730006358, 2)
(3162, 0)
(72822127962, 0)
(3163, 1)
(72845158363, 4)
(3167, 2)
(72937279967, 2)
(3168, 0)
(72960310368, 0)
(3172, 0)
(73052431972, 0)
(3173, 0)
(73075462373, 0)
(3177, 3)
(73167583977, 2)
(3178, 0)
(73190614378, 0)
(3182, 2)
(73282735982, 2)
(3183, 4)
(73305766383, 1)
(3187, 2)
(73397887987, 3)
(3188, 0)
(73420918388, 0)
(3192, 0)
(73513039992, 0)
(3193, 4)
(73536070393, 4)
(3197, 4)
(73628191997, 4)
(3198, 2)
(73651222398, 3)
(3202, 1)
(73743344002, 1)
(3203, 4)
(73766374403, 1)
(3207, 3)
(73858496007, 3)
(3208, 0)
(73881526408, 0)
(3212, 0)
(73973648012, 0)
(3213, 3)
(73996678413, 3)
(3217, 1)
(74088800017, 1)
(3218, 1)
(74111830418, 4)
(3222, 0)
(74203952022, 0)
(3223, 0)
(74226982423, 0)
(3227, 4)
(74319104027, 1)
(3228, 2)
(74342134428, 2)
(3232, 2)
(74434256032, 2)
(3233, 4)
(74457286433, 4)
(3237, 2)
(74549408037, 2)
(3238, 3)
(74572438438, 2)
(3242, 3)
(74664560042, 3)
(3243, 2)
(74687590443, 2)
(3247, 3)
(74779712047, 3)
(3248, 3)
(74802742448, 3)
(3252, 0)
(74894864052, 0)
(3253, 1)
(74917894453, 4)
(3257, 1)
(75010016057, 4)
(3258, 4)
(75033046458, 1)
(3262, 3)
(75125168062, 3)
(3263, 3)
(75148198463, 2)
(3267, 4)
(75240320067, 4)
(3268, 0)
(75263350468, 0)
(3272, 0)
(75355472072, 0)
(3273, 4)
(75378502473, 4)
(3277, 3)
(75470624077, 2)
(3278, 1)
(75493654478, 4)
(3282, 0)
(75585776082, 0)
(3283, 1)
(75608806483, 1)
(3287, 1)
(75700928087, 1)
(3288, 0)
(75723958488, 0)
(3292, 3)
(75816080092, 3)
(3293, 1)
(75839110493, 4)
(3297, 0)
(75931232097, 0)
(3298, 1)
(75954262498, 1)
(3302, 1)
(76046384102, 1)
(3303, 0)
(76069414503, 0)
(3307, 4)
(76161536107, 4)
(3308, 1)
(76184566508, 1)
(3312, 1)
(76276688112, 1)
(3313, 1)
(76299718513, 1)
(3317, 1)
(76391840117, 4)
(3318, 2)
(76414870518, 3)
(3322, 4)
(76506992122, 4)
(3323, 3)
(76530022523, 2)
(3327, 4)
(76622144127, 1)
(3328, 2)
(76645174528, 3)
(3332, 0)
(76737296132, 0)
(3333, 3)
(76760326533, 2)
(3337, 4)
(76852448137, 4)
(3338, 0)
(76875478538, 0)
(3342, 4)
(76967600142, 4)
(3343, 4)
(76990630543, 1)
(3347, 1)
(77082752147, 4)
(3348, 0)
(77105782548, 0)
(3352, 0)
(77197904152, 0)
(3353, 0)
(77220934553, 0)
(3357, 0)
(77313056157, 0)
(3358, 2)
(77336086558, 2)
(3362, 4)
(77428208162, 4)
(3363, 4)
(77451238563, 4)
(3367, 0)
(77543360167, 0)
(3368, 0)
(77566390568, 0)
(3372, 2)
(77658512172, 3)
(3373, 4)
(77681542573, 4)
(3377, 3)
(77773664177, 2)
(3378, 4)
(77796694578, 4)
(3382, 0)
(77888816182, 0)
(3383, 1)
(77911846583, 1)
(3387, 2)
(78003968187, 2)
(3388, 3)
(78026998588, 2)
(3392, 1)
(78119120192, 1)
(3393, 2)
(78142150593, 2)
(3397, 0)
(78234272197, 0)
(3398, 3)
(78257302598, 3)
(3402, 3)
(78349424202, 2)
(3403, 2)
(78372454603, 3)
(3407, 3)
(78464576207, 3)
(3408, 4)
(78487606608, 4)
(3412, 0)
(78579728212, 0)
(3413, 3)
(78602758613, 2)
(3417, 4)
(78694880217, 1)
(3418, 2)
(78717910618, 2)
(3422, 3)
(78810032222, 3)
(3423, 0)
(78833062623, 0)
(3427, 1)
(78925184227, 1)
(3428, 0)
(78948214628, 0)
(3432, 0)
(79040336232, 0)
(3433, 1)
(79063366633, 4)
(3437, 2)
(79155488237, 3)
(3438, 0)
(79178518638, 0)
(3442, 0)
(79270640242, 0)
(3443, 4)
(79293670643, 1)
(3447, 4)
(79385792247, 1)
(3448, 0)
(79408822648, 0)
(3452, 2)
(79500944252, 3)
(3453, 3)
(79523974653, 3)
(3457, 3)
(79616096257, 3)
(3458, 0)
(79639126658, 0)
(3462, 3)
(79731248262, 2)
(3463, 4)
(79754278663, 1)
(3467, 4)
(79846400267, 1)
(3468, 4)
(79869430668, 4)
(3472, 1)
(79961552272, 1)
(3473, 0)
(79984582673, 0)
(3477, 2)
(80076704277, 3)
(3478, 4)
(80099734678, 4)
(3482, 4)
(80191856282, 4)
(3483, 3)
(80214886683, 3)
(3487, 2)
(80307008287, 3)
(3488, 0)
(80330038688, 0)
(3492, 0)
(80422160292, 0)
(3493, 3)
(80445190693, 3)
(3497, 2)
(80537312297, 3)
(3498, 0)
(80560342698, 0)
(3502, 4)
(80652464302, 4)
(3503, 2)
(80675494703, 3)
(3507, 3)
(80767616307, 2)
(3508, 0)
(80790646708, 0)
(3512, 0)
(80882768312, 0)
(3513, 4)
(80905798713, 1)
(3517, 0)
(80997920317, 0)
(3518, 3)
(81020950718, 3)
(3522, 3)
(81113072322, 3)
(3523, 4)
(81136102723, 1)
(3527, 0)
(81228224327, 0)
(3528, 0)
(81251254728, 0)
(3532, 1)
(81343376332, 4)
(3533, 0)
(81366406733, 0)
(3537, 3)
(81458528337, 3)
(3538, 3)
(81481558738, 2)
(3542, 2)
(81573680342, 2)
(3543, 3)
(81596710743, 2)
(3547, 4)
(81688832347, 1)
(3548, 2)
(81711862748, 3)
(3552, 4)
(81803984352, 4)
(3553, 1)
(81827014753, 4)
(3557, 4)
(81919136357, 1)
(3558, 3)
(81942166758, 3)
(3562, 2)
(82034288362, 3)
(3563, 3)
(82057318763, 3)
(3567, 0)
(82149440367, 0)
(3568, 2)
(82172470768, 3)
