(2, 4)
(10026242, 4)
(3, 3)
(15039363, 2)
(7, 4)
(35091847, 4)
(8, 0)
(40104968, 0)
(12, 4)
(60157452, 1)
(13, 3)
(65170573, 3)
(17, 4)
(85223057, 1)
(18, 3)
(90236178, 3)
(22, 3)
(110288662, 3)
(23, 3)
(115301783, 2)
(27, 3)
(135354267, 2)
(28, 3)
(140367388, 3)
(32, 2)
(160419872, 2)
(33, 1)
(165432993, 4)
(37, 2)
(185485477, 3)
(38, 1)
(190498598, 4)
(42, 1)
(210551082, 4)
(43, 4)
(215564203, 4)
(47, 0)
(235616687, 0)
(48, 4)
(240629808, 1)
(52, 0)
(260682292, 0)
(53, 4)
(265695413, 4)
(57, 4)
(285747897, 4)
(58, 2)
(290761018, 2)
(62, 2)
(310813502, 3)
(63, 0)
(315826623, 0)
(67, 1)
(335879107, 1)
(68, 0)
(340892228, 0)
(72, 0)
(360944712, 0)
(73, 1)
(365957833, 1)
(77, 3)
(386010317, 3)
(78, 4)
(391023438, 1)
(82, 1)
(411075922, 1)
(83, 2)
(416089043, 3)
(87, 4)
(436141527, 1)
(88, 0)
(441154648, 0)
(92, 1)
(461207132, 4)
(93, 1)
(466220253, 1)
(97, 4)
(486272737, 4)
(98, 4)
(491285858, 4)
(102, 1)
(511338342, 1)
(103, 0)
(516351463, 0)
(107, 3)
(536403947, 2)
(108, 4)
(541417068, 1)
(112, 4)
(561469552, 4)
(113, 2)
(566482673, 3)
(117, 0)
(586535157, 0)
(118, 1)
(591548278, 1)
(122, 0)
(611600762, 0)
(123, 3)
(616613883, 2)
(127, 0)
(636666367, 0)
(128, 4)
(641679488, 4)
(132, 0)
(661731972, 0)
(133, 1)
(666745093, 4)
(137, 3)
(686797577, 2)
(138, 3)
(691810698, 3)
(142, 1)
(711863182, 4)
(143, 0)
(716876303, 0)
(147, 4)
(736928787, 1)
(148, 0)
(741941908, 0)
(152, 0)
(761994392, 0)
(153, 3)
(767007513, 2)
(157, 1)
(787059997, 4)
(158, 3)
(792073118, 3)
(162, 1)
(812125602, 1)
(163, 4)
(817138723, 4)
(167, 4)
(837191207, 4)
(168, 0)
(842204328, 0)
(172, 2)
(862256812, 2)
(173, 1)
(867269933, 1)
(177, 4)
(887322417, 1)
(178, 3)
(892335538, 2)
(182, 3)
(912388022, 3)
(183, 3)
(917401143, 3)
(187, 2)
(937453627, 3)
(188, 0)
(942466748, 0)
(192, 0)
(962519232, 0)
(193, 1)
(967532353, 4)
(197, 0)
(987584837, 0)
(198, 0)
(992597958, 0)
(202, 4)
(1012650442, 4)
(203, 1)
(1017663563, 1)
(207, 1)
(1037716047, 4)
(208, 1)
(1042729168, 1)
(212, 0)
(1062781652, 0)
(213, 2)
(1067794773, 2)
(217, 3)
(1087847257, 2)
(218, 0)
(1092860378, 0)
(222, 3)
(1112912862, 3)
(223, 2)
(1117925983, 3)
(227, 0)
(1137978467, 0)
(228, 0)
(1142991588, 0)
(232, 0)
(1163044072, 0)
(233, 3)
(1168057193, 3)
(237, 2)
(1188109677, 3)
(238, 3)
(1193122798, 2)
(242, 4)
(1213175282, 4)
(243, 4)
(1218188403, 1)
(247, 4)
(1238240887, 1)
(248, 0)
(1243254008, 0)
(252, 0)
(1263306492, 0)
(253, 1)
(1268319613, 4)
(257, 1)
(1288372097, 4)
(258, 3)
(1293385218, 2)
(262, 4)
(1313437702, 1)
(263, 3)
(1318450823, 3)
(267, 2)
(1338503307, 2)
(268, 3)
(1343516428, 3)
(272, 3)
(1363568912, 2)
(273, 2)
(1368582033, 3)
(277, 1)
(1388634517, 1)
(278, 4)
(1393647638, 4)
(282, 2)
(1413700122, 3)
(283, 2)
(1418713243, 2)
(287, 1)
(1438765727, 1)
(288, 4)
(1443778848, 4)
(292, 0)
(1463831332, 0)
(293, 2)
(1468844453, 3)
(297, 1)
(1488896937, 4)
(298, 1)
(1493910058, 1)
(302, 3)
(1513962542, 2)
(303, 0)
(1518975663, 0)
(307, 3)
(1539028147, 2)
(308, 0)
(1544041268, 0)
(312, 0)
(1564093752, 0)
(313, 2)
(1569106873, 2)
(317, 0)
(1589159357, 0)
(318, 2)
(1594172478, 3)
(322, 2)
(1614224962, 3)
(323, 1)
(1619238083, 1)
(327, 3)
(1639290567, 3)
(328, 0)
(1644303688, 0)
(332, 1)
(1664356172, 4)
(333, 0)
(1669369293, 0)
(337, 3)
(1689421777, 2)
(338, 0)
(1694434898, 0)
(342, 2)
(1714487382, 3)
(343, 3)
(1719500503, 3)
(347, 0)
(1739552987, 0)
(348, 3)
(1744566108, 2)
(352, 4)
(1764618592, 4)
(353, 4)
(1769631713, 4)
(357, 3)
(1789684197, 3)
(358, 1)
(1794697318, 1)
(362, 2)
(1814749802, 2)
(363, 4)
(1819762923, 1)
(367, 1)
(1839815407, 4)
(368, 3)
(1844828528, 2)
(372, 0)
(1864881012, 0)
(373, 0)
(1869894133, 0)
(377, 1)
(1889946617, 1)
(378, 1)
(1894959738, 4)
(382, 2)
(1915012222, 3)
(383, 2)
(1920025343, 3)
(387, 0)
(1940077827, 0)
(388, 0)
(1945090948, 0)
(392, 0)
(1965143432, 0)
(393, 3)
(1970156553, 3)
(397, 1)
(1990209037, 4)
(398, 0)
(1995222158, 0)
(402, 4)
(2015274642, 1)
(403, 3)
(2020287763, 2)
(407, 4)
(2040340247, 1)
(408, 0)
(2045353368, 0)
(412, 0)
(2065405852, 0)
(413, 0)
(2070418973, 0)
(417, 2)
(2090471457, 3)
(418, 3)
(2095484578, 2)
(422, 0)
(2115537062, 0)
(423, 0)
(2120550183, 0)
(427, 2)
(2140602667, 3)
(428, 4)
(2145615788, 1)
(432, 4)
(2165668272, 1)
(433, 3)
(2170681393, 3)
(437, 0)
(2190733877, 0)
(438, 3)
(2195746998, 2)
(442, 2)
(2215799482, 3)
(443, 0)
(2220812603, 0)
(447, 1)
(2240865087, 4)
(448, 2)
(2245878208, 2)
(452, 0)
(2265930692, 0)
(453, 3)
(2270943813, 3)
(457, 3)
(2290996297, 2)
(458, 1)
(2296009418, 1)
(462, 2)
(2316061902, 3)
(463, 2)
(2321075023, 3)
(467, 2)
(2341127507, 3)
(468, 0)
(2346140628, 0)
(472, 0)
(2366193112, 0)
(473, 3)
(2371206233, 3)
(477, 3)
(2391258717, 3)
(478, 3)
(2396271838, 2)
(482, 0)
(2416324322, 0)
(483, 1)
(2421337443, 1)
(487, 3)
(2441389927, 3)
(488, 0)
(2446403048, 0)
(492, 4)
(2466455532, 1)
(493, 3)
(2471468653, 2)
(497, 4)
(2491521137, 1)
(498, 3)
(2496534258, 3)
(502, 1)
(2516586742, 1)
(503, 1)
(2521599863, 1)
(507, 1)
(2541652347, 4)
(508, 0)
(2546665468, 0)
(512, 4)
(2566717952, 4)
(513, 4)
(2571731073, 4)
(517, 2)
(2591783557, 2)
(518, 1)
(2596796678, 4)
(522, 0)
(2616849162, 0)
(523, 0)
(2621862283, 0)
(527, 2)
(2641914767, 2)
(528, 2)
(2646927888, 3)
(532, 0)
(2666980372, 0)
(533, 3)
(2671993493, 3)
(537, 2)
(2692045977, 3)
(538, 0)
(2697059098, 0)
(542, 1)
(2717111582, 1)
(543, 2)
(2722124703, 3)
(547, 3)
(2742177187, 2)
(548, 0)
(2747190308, 0)
(552, 0)
(2767242792, 0)
(553, 2)
(2772255913, 2)
(557, 3)
(2792308397, 2)
(558, 4)
(2797321518, 1)
(562, 2)
(2817374002, 2)
(563, 1)
(2822387123, 1)
(567, 3)
(2842439607, 3)
(568, 0)
(2847452728, 0)
(572, 0)
(2867505212, 0)
(573, 4)
(2872518333, 4)
(577, 3)
(2892570817, 3)
(578, 2)
(2897583938, 2)
(582, 4)
(2917636422, 1)
(583, 3)
(2922649543, 3)
(587, 2)
(2942702027, 3)
(588, 2)
(2947715148, 3)
(592, 4)
(2967767632, 1)
(593, 1)
(2972780753, 4)
(597, 2)
(2992833237, 2)
(598, 3)
(2997846358, 2)
(602, 1)
(3017898842, 1)
(603, 0)
(3022911963, 0)
(607, 2)
(3042964447, 3)
(608, 3)
(3047977568, 2)
(612, 0)
(3068030052, 0)
(613, 0)
(3073043173, 0)
(617, 2)
(3093095657, 2)
(618, 2)
(3098108778, 2)
(622, 3)
(3118161262, 3)
(623, 2)
(3123174383, 3)
(627, 4)
(3143226867, 4)
(628, 0)
(3148239988, 0)
(632, 0)
(3168292472, 0)
(633, 0)
(3173305593, 0)
(637, 4)
(3193358077, 4)
(638, 0)
(3198371198, 0)
(642, 4)
(3218423682, 4)
(643, 2)
(3223436803, 3)
(647, 2)
(3243489287, 2)
(648, 0)
(3248502408, 0)
(652, 2)
(3268554892, 2)
(653, 1)
(3273568013, 1)
(657, 0)
(3293620497, 0)
(658, 3)
(3298633618, 3)
(662, 3)
(3318686102, 2)
(663, 1)
(3323699223, 1)
(667, 4)
(3343751707, 1)
(668, 3)
(3348764828, 3)
(672, 3)
(3368817312, 2)
(673, 3)
(3373830433, 3)
(677, 0)
(3393882917, 0)
(678, 0)
(3398896038, 0)
(682, 3)
(3418948522, 2)
(683, 0)
(3423961643, 0)
(687, 3)
(3444014127, 2)
(688, 2)
(3449027248, 2)
(692, 0)
(3469079732, 0)
(693, 1)
(3474092853, 1)
(697, 3)
(3494145337, 2)
(698, 1)
(3499158458, 1)
(702, 4)
(3519210942, 1)
(703, 4)
(3524224063, 4)
(707, 1)
(3544276547, 1)
(708, 0)
(3549289668, 0)
(712, 0)
(3569342152, 0)
(713, 1)
(3574355273, 1)
(717, 1)
(3594407757, 1)
(718, 2)
(3599420878, 3)
(722, 1)
(3619473362, 1)
(723, 1)
(3624486483, 1)
(727, 2)
(3644538967, 2)
(728, 0)
(3649552088, 0)
(732, 1)
(3669604572, 1)
(733, 1)
(3674617693, 1)
(737, 0)
(3694670177, 0)
(738, 0)
(3699683298, 0)
(742, 2)
(3719735782, 2)
(743, 1)
(3724748903, 1)
(747, 4)
(3744801387, 1)
(748, 1)
(3749814508, 4)
(752, 0)
(3769866992, 0)
(753, 3)
(3774880113, 2)
(757, 0)
(3794932597, 0)
(758, 2)
(3799945718, 3)
(762, 3)
(3819998202, 2)
(763, 1)
(3825011323, 4)
(767, 3)
(3845063807, 3)
(768, 2)
(3850076928, 3)
(772, 0)
(3870129412, 0)
(773, 4)
(3875142533, 1)
(777, 1)
(3895195017, 1)
(778, 4)
(3900208138, 4)
(782, 1)
(3920260622, 1)
(783, 4)
(3925273743, 1)
(787, 0)
(3945326227, 0)
(788, 0)
(3950339348, 0)
(792, 0)
(3970391832, 0)
(793, 2)
(3975404953, 3)
(797, 0)
(3995457437, 0)
(798, 1)
(4000470558, 1)
(802, 3)
(4020523042, 2)
(803, 0)
(4025536163, 0)
(807, 1)
(4045588647, 4)
(808, 0)
(4050601768, 0)
(812, 3)
(4070654252, 3)
(813, 3)
(4075667373, 2)
(817, 2)
(4095719857, 3)
(818, 3)
(4100732978, 2)
(822, 0)
(4120785462, 0)
(823, 4)
(4125798583, 4)
(827, 2)
(4145851067, 3)
(828, 2)
(4150864188, 3)
(832, 2)
(4170916672, 2)
(833, 2)
(4175929793, 3)
(837, 1)
(4195982277, 1)
(838, 4)
(4200995398, 1)
(842, 4)
(4221047882, 1)
(843, 4)
(4226061003, 1)
(847, 4)
(4246113487, 4)
(848, 3)
(4251126608, 3)
(852, 0)
(4271179092, 0)
(853, 0)
(4276192213, 0)
(857, 2)
(4296244697, 2)
(858, 1)
(4301257818, 4)
(862, 2)
(4321310302, 2)
(863, 1)
(4326323423, 4)
(867, 3)
(4346375907, 2)
(868, 0)
(4351389028, 0)
(872, 0)
(4371441512, 0)
(873, 0)
(4376454633, 0)
(877, 0)
(4396507117, 0)
(878, 0)
(4401520238, 0)
(882, 3)
(4421572722, 3)
(883, 2)
(4426585843, 3)
(887, 1)
(4446638327, 4)
(888, 0)
(4451651448, 0)
(892, 4)
(4471703932, 1)
(893, 2)
(4476717053, 3)
(897, 1)
(4496769537, 1)
(898, 2)
(4501782658, 3)
(902, 2)
(4521835142, 2)
(903, 1)
(4526848263, 4)
(907, 3)
(4546900747, 3)
(908, 0)
(4551913868, 0)
(912, 3)
(4571966352, 3)
(913, 3)
(4576979473, 2)
(917, 0)
(4597031957, 0)
(918, 1)
(4602045078, 1)
(922, 2)
(4622097562, 3)
(923, 0)
(4627110683, 0)
(927, 0)
(4647163167, 0)
(928, 1)
(4652176288, 1)
(932, 0)
(4672228772, 0)
(933, 4)
(4677241893, 1)
(937, 0)
(4697294377, 0)
(938, 1)
(4702307498, 1)
(942, 3)
(4722359982, 3)
(943, 1)
(4727373103, 4)
(947, 0)
(4747425587, 0)
(948, 0)
(4752438708, 0)
(952, 0)
(4772491192, 0)
(953, 3)
(4777504313, 3)
(957, 1)
(4797556797, 4)
(958, 1)
(4802569918, 4)
(962, 2)
(4822622402, 3)
(963, 1)
(4827635523, 4)
(967, 4)
(4847688007, 4)
(968, 0)
(4852701128, 0)
(972, 2)
(4872753612, 3)
(973, 3)
(4877766733, 3)
(977, 0)
(4897819217, 0)
(978, 4)
(4902832338, 1)
(982, 0)
(4922884822, 0)
(983, 2)
(4927897943, 2)
(987, 3)
(4947950427, 2)
(988, 3)
(4952963548, 2)
(992, 1)
(4973016032, 4)
(993, 3)
(4978029153, 3)
(997, 4)
(4998081637, 1)
(998, 1)
(5003094758, 1)
(1002, 4)
(5023147242, 1)
(1003, 1)
(5028160363, 4)
(1007, 0)
(5048212847, 0)
(1008, 0)
(5053225968, 0)
(1012, 0)
(5073278452, 0)
(1013, 4)
(5078291573, 1)
(1017, 4)
(5098344057, 1)
(1018, 3)
(5103357178, 2)
(1022, 3)
(5123409662, 3)
(1023, 1)
(5128422783, 1)
(1027, 4)
(5148475267, 4)
(1028, 0)
(5153488388, 0)
(1032, 0)
(5173540872, 0)
(1033, 3)
(5178553993, 2)
(1037, 0)
(5198606477, 0)
(1038, 2)
(5203619598, 3)
(1042, 3)
(5223672082, 3)
(1043, 2)
(5228685203, 2)
(1047, 4)
(5248737687, 1)
(1048, 0)
(5253750808, 0)
(1052, 1)
(5273803292, 1)
(1053, 1)
(5278816413, 1)
(1057, 1)
(5298868897, 4)
(1058, 0)
(5303882018, 0)
(1062, 0)
(5323934502, 0)
(1063, 4)
(5328947623, 4)
(1067, 2)
(5349000107, 2)
(1068, 1)
(5354013228, 1)
(1072, 3)
(5374065712, 3)
(1073, 1)
(5379078833, 4)
(1077, 4)
(5399131317, 4)
(1078, 3)
(5404144438, 3)
(1082, 3)
(5424196922, 3)
(1083, 2)
(5429210043, 3)
(1087, 1)
(5449262527, 4)
(1088, 1)
(5454275648, 4)
(1092, 0)
(5474328132, 0)
(1093, 0)
(5479341253, 0)
(1097, 1)
(5499393737, 4)
(1098, 0)
(5504406858, 0)
(1102, 0)
(5524459342, 0)
(1103, 3)
(5529472463, 3)
(1107, 3)
(5549524947, 2)
(1108, 0)
(5554538068, 0)
(1112, 0)
(5574590552, 0)
(1113, 4)
(5579603673, 1)
(1117, 4)
(5599656157, 1)
(1118, 1)
(5604669278, 1)
(1122, 4)
(5624721762, 4)
(1123, 0)
(5629734883, 0)
(1127, 3)
(5649787367, 2)
(1128, 0)
(5654800488, 0)
(1132, 1)
(5674852972, 1)
(1133, 2)
(5679866093, 3)
(1137, 0)
(5699918577, 0)
(1138, 2)
(5704931698, 3)
(1142, 2)
(5724984182, 2)
(1143, 0)
(5729997303, 0)
(1147, 1)
(5750049787, 1)
(1148, 2)
(5755062908, 2)
(1152, 3)
(5775115392, 3)
(1153, 4)
(5780128513, 4)
(1157, 3)
(5800180997, 2)
(1158, 4)
(5805194118, 4)
(1162, 3)
(5825246602, 2)
(1163, 3)
(5830259723, 2)
(1167, 3)
(5850312207, 2)
(1168, 2)
(5855325328, 2)
(1172, 0)
(5875377812, 0)
(1173, 1)
(5880390933, 4)
(1177, 2)
(5900443417, 3)
(1178, 1)
(5905456538, 1)
(1182, 0)
(5925509022, 0)
(1183, 0)
(5930522143, 0)
(1187, 4)
(5950574627, 1)
(1188, 0)
(5955587748, 0)
(1192, 0)
(5975640232, 0)
(1193, 4)
(5980653353, 1)
(1197, 0)
(6000705837, 0)
(1198, 2)
(6005718958, 3)
(1202, 1)
(6025771442, 4)
(1203, 4)
(6030784563, 4)
(1207, 2)
(6050837047, 2)
(1208, 0)
(6055850168, 0)
(1212, 0)
(6075902652, 0)
(1213, 0)
(6080915773, 0)
(1217, 2)
(6100968257, 3)
(1218, 4)
(6105981378, 1)
(1222, 3)
(6126033862, 3)
(1223, 0)
(6131046983, 0)
(1227, 4)
(6151099467, 4)
(1228, 4)
(6156112588, 1)
(1232, 1)
(6176165072, 1)
(1233, 1)
(6181178193, 4)
(1237, 4)
(6201230677, 4)
(1238, 2)
(6206243798, 3)
(1242, 3)
(6226296282, 3)
(1243, 1)
(6231309403, 4)
(1247, 4)
(6251361887, 4)
(1248, 2)
(6256375008, 3)
(1252, 0)
(6276427492, 0)
(1253, 3)
(6281440613, 3)
(1257, 0)
(6301493097, 0)
(1258, 2)
(6306506218, 2)
(1262, 4)
(6326558702, 4)
(1263, 0)
(6331571823, 0)
(1267, 1)
(6351624307, 1)
(1268, 0)
(6356637428, 0)
(1272, 0)
(6376689912, 0)
(1273, 0)
(6381703033, 0)
(1277, 4)
(6401755517, 4)
(1278, 0)
(6406768638, 0)
(1282, 3)
(6426821122, 3)
(1283, 4)
(6431834243, 4)
(1287, 0)
(6451886727, 0)
(1288, 0)
(6456899848, 0)
(1292, 3)
(6476952332, 3)
(1293, 1)
(6481965453, 4)
(1297, 2)
(6502017937, 3)
(1298, 2)
(6507031058, 2)
(1302, 4)
(6527083542, 4)
(1303, 1)
(6532096663, 4)
(1307, 1)
(6552149147, 4)
(1308, 1)
(6557162268, 1)
(1312, 3)
(6577214752, 3)
(1313, 1)
(6582227873, 1)
(1317, 0)
(6602280357, 0)
(1318, 0)
(6607293478, 0)
(1322, 3)
(6627345962, 3)
(1323, 4)
(6632359083, 1)
(1327, 0)
(6652411567, 0)
(1328, 1)
(6657424688, 4)
(1332, 0)
(6677477172, 0)
(1333, 0)
(6682490293, 0)
(1337, 4)
(6702542777, 1)
(1338, 0)
(6707555898, 0)
(1342, 0)
(6727608382, 0)
(1343, 4)
(6732621503, 1)
(1347, 1)
(6752673987, 1)
(1348, 0)
(6757687108, 0)
(1352, 0)
(6777739592, 0)
(1353, 4)
(6782752713, 1)
(1357, 1)
(6802805197, 4)
(1358, 4)
(6807818318, 4)
(1362, 1)
(6827870802, 1)
(1363, 4)
(6832883923, 4)
(1367, 0)
(6852936407, 0)
(1368, 0)
(6857949528, 0)
(1372, 1)
(6878002012, 1)
(1373, 2)
(6883015133, 3)
(1377, 1)
(6903067617, 4)
(1378, 0)
(6908080738, 0)
(1382, 2)
(6928133222, 3)
(1383, 3)
(6933146343, 3)
(1387, 4)
(6953198827, 1)
(1388, 0)
(6958211948, 0)
(1392, 4)
(6978264432, 1)
(1393, 4)
(6983277553, 1)
(1397, 4)
(7003330037, 4)
(1398, 0)
(7008343158, 0)
(1402, 1)
(7028395642, 4)
(1403, 1)
(7033408763, 1)
(1407, 1)
(7053461247, 4)
(1408, 3)
(7058474368, 3)
(1412, 0)
(7078526852, 0)
(1413, 0)
(7083539973, 0)
(1417, 1)
(7103592457, 4)
(1418, 4)
(7108605578, 4)
(1422, 1)
(7128658062, 1)
(1423, 4)
(7133671183, 1)
(1427, 0)
(7153723667, 0)
(1428, 0)
(7158736788, 0)
(1432, 0)
(7178789272, 0)
(1433, 4)
(7183802393, 4)
(1437, 4)
(7203854877, 4)
(1438, 1)
(7208867998, 1)
(1442, 1)
(7228920482, 4)
(1443, 2)
(7233933603, 2)
(1447, 2)
(7253986087, 3)
(1448, 0)
(7258999208, 0)
(1452, 2)
(7279051692, 3)
(1453, 1)
(7284064813, 4)
(1457, 4)
(7304117297, 1)
(1458, 2)
(7309130418, 2)
(1462, 4)
(7329182902, 1)
(1463, 2)
(7334196023, 3)
(1467, 0)
(7354248507, 0)
(1468, 2)
(7359261628, 3)
(1472, 4)
(7379314112, 1)
(1473, 2)
(7384327233, 2)
(1477, 1)
(7404379717, 1)
(1478, 0)
(7409392838, 0)
(1482, 1)
(7429445322, 1)
(1483, 3)
(7434458443, 3)
(1487, 3)
(7454510927, 2)
(1488, 2)
(7459524048, 2)
(1492, 0)
(7479576532, 0)
(1493, 3)
(7484589653, 2)
(1497, 0)
(7504642137, 0)
(1498, 1)
(7509655258, 4)
(1502, 1)
(7529707742, 4)
(1503, 3)
(7534720863, 3)
(1507, 4)
(7554773347, 1)
(1508, 0)
(7559786468, 0)
(1512, 0)
(7579838952, 0)
(1513, 4)
(7584852073, 4)
(1517, 3)
(7604904557, 2)
(1518, 4)
(7609917678, 4)
(1522, 0)
(7629970162, 0)
(1523, 3)
(7634983283, 2)
(1527, 1)
(7655035767, 1)
(1528, 0)
(7660048888, 0)
(1532, 4)
(7680101372, 1)
(1533, 1)
(7685114493, 4)
(1537, 1)
(7705166977, 1)
(1538, 4)
(7710180098, 4)
(1542, 0)
(7730232582, 0)
(1543, 4)
(7735245703, 4)
(1547, 2)
(7755298187, 3)
(1548, 0)
(7760311308, 0)
(1552, 3)
(7780363792, 3)
(1553, 0)
(7785376913, 0)
(1557, 2)
(7805429397, 2)
(1558, 2)
(7810442518, 3)
(1562, 2)
(7830495002, 3)
(1563, 4)
(7835508123, 1)
(1567, 0)
(7855560607, 0)
(1568, 2)
(7860573728, 2)
(1572, 0)
(7880626212, 0)
(1573, 3)
(7885639333, 3)
(1577, 3)
(7905691817, 3)
(1578, 1)
(7910704938, 4)
(1582, 4)
(7930757422, 1)
(1583, 3)
(7935770543, 2)
(1587, 0)
(7955823027, 0)
(1588, 0)
(7960836148, 0)
(1592, 0)
(7980888632, 0)
(1593, 4)
(7985901753, 1)
(1597, 4)
(8005954237, 1)
(1598, 2)
(8010967358, 3)
(1602, 0)
(8031019842, 0)
(1603, 4)
(8036032963, 4)
(1607, 3)
(8056085447, 2)
(1608, 0)
(8061098568, 0)
(1612, 4)
(8081151052, 1)
(1613, 3)
(8086164173, 2)
(1617, 3)
(8106216657, 2)
(1618, 2)
(8111229778, 3)
(1622, 0)
(8131282262, 0)
(1623, 3)
(8136295383, 2)
(1627, 2)
(8156347867, 2)
(1628, 3)
(8161360988, 2)
(1632, 3)
(8181413472, 3)
(1633, 4)
(8186426593, 4)
(1637, 3)
(8206479077, 2)
(1638, 1)
(8211492198, 1)
(1642, 1)
(8231544682, 4)
(1643, 0)
(8236557803, 0)
(1647, 3)
(8256610287, 3)
(1648, 0)
(8261623408, 0)
(1652, 0)
(8281675892, 0)
(1653, 4)
(8286689013, 4)
(1657, 1)
(8306741497, 1)
(1658, 2)
(8311754618, 2)
(1662, 0)
(8331807102, 0)
(1663, 2)
(8336820223, 3)
(1667, 3)
(8356872707, 2)
(1668, 0)
(8361885828, 0)
(1672, 0)
(8381938312, 0)
(1673, 3)
(8386951433, 2)
(1677, 1)
(8407003917, 4)
(1678, 0)
(8412017038, 0)
(1682, 4)
(8432069522, 4)
(1683, 0)
(8437082643, 0)
(1687, 2)
(8457135127, 3)
(1688, 0)
(8462148248, 0)
(1692, 0)
(8482200732, 0)
(1693, 3)
(8487213853, 3)
(1697, 3)
(8507266337, 2)
(1698, 1)
(8512279458, 4)
(1702, 0)
(8532331942, 0)
(1703, 3)
(8537345063, 2)
(1707, 0)
(8557397547, 0)
(1708, 1)
(8562410668, 4)
(1712, 4)
(8582463152, 1)
(1713, 4)
(8587476273, 1)
(1717, 1)
(8607528757, 4)
(1718, 1)
(8612541878, 4)
(1722, 1)
(8632594362, 4)
(1723, 0)
(8637607483, 0)
(1727, 4)
(8657659967, 1)
(1728, 0)
(8662673088, 0)
(1732, 0)
(8682725572, 0)
(1733, 1)
(8687738693, 1)
(1737, 0)
(8707791177, 0)
(1738, 1)
(8712804298, 1)
(1742, 1)
(8732856782, 1)
(1743, 4)
(8737869903, 4)
(1747, 0)
(8757922387, 0)
(1748, 0)
(8762935508, 0)
(1752, 0)
(8782987992, 0)
(1753, 0)
(8788001113, 0)
(1757, 3)
(8808053597, 3)
(1758, 0)
(8813066718, 0)
(1762, 1)
(8833119202, 4)
(1763, 3)
(8838132323, 3)
(1767, 3)
(8858184807, 2)
(1768, 0)
(8863197928, 0)
(1772, 0)
(8883250412, 0)
(1773, 0)
(8888263533, 0)
(1777, 4)
(8908316017, 4)
(1778, 0)
(8913329138, 0)
(1782, 1)
(8933381622, 1)
(1783, 2)
(8938394743, 3)
(1787, 2)
(8958447227, 2)
(1788, 2)
(8963460348, 3)
(1792, 1)
(8983512832, 1)
(1793, 4)
(8988525953, 4)
(1797, 4)
(9008578437, 4)
(1798, 0)
(9013591558, 0)
(1802, 3)
(9033644042, 2)
(1803, 2)
(9038657163, 2)
(1807, 3)
(9058709647, 3)
(1808, 4)
(9063722768, 1)
(1812, 0)
(9083775252, 0)
(1813, 2)
(9088788373, 3)
(1817, 0)
(9108840857, 0)
(1818, 0)
(9113853978, 0)
(1822, 4)
(9133906462, 4)
(1823, 0)
(9138919583, 0)
(1827, 2)
(9158972067, 2)
(1828, 0)
(9163985188, 0)
(1832, 0)
(9184037672, 0)
(1833, 1)
(9189050793, 4)
(1837, 4)
(9209103277, 4)
(1838, 3)
(9214116398, 3)
(1842, 4)
(9234168882, 4)
(1843, 4)
(9239182003, 1)
(1847, 2)
(9259234487, 3)
(1848, 0)
(9264247608, 0)
(1852, 4)
(9284300092, 1)
(1853, 4)
(9289313213, 4)
(1857, 0)
(9309365697, 0)
(1858, 0)
(9314378818, 0)
(1862, 3)
(9334431302, 2)
(1863, 2)
(9339444423, 3)
(1867, 0)
(9359496907, 0)
(1868, 1)
(9364510028, 4)
(1872, 0)
(9384562512, 0)
(1873, 3)
(9389575633, 2)
(1877, 4)
(9409628117, 1)
(1878, 4)
(9414641238, 1)
(1882, 2)
(9434693722, 3)
(1883, 1)
(9439706843, 1)
(1887, 0)
(9459759327, 0)
(1888, 3)
(9464772448, 3)
(1892, 0)
(9484824932, 0)
(1893, 0)
(9489838053, 0)
(1897, 1)
(9509890537, 1)
(1898, 3)
(9514903658, 3)
(1902, 4)
(9534956142, 4)
(1903, 2)
(9539969263, 2)
(1907, 3)
(9560021747, 3)
(1908, 0)
(9565034868, 0)
(1912, 0)
(9585087352, 0)
(1913, 4)
(9590100473, 1)
(1917, 2)
(9610152957, 2)
(1918, 1)
(9615166078, 4)
(1922, 2)
(9635218562, 2)
(1923, 0)
(9640231683, 0)
(1927, 2)
(9660284167, 2)
(1928, 0)
(9665297288, 0)
(1932, 3)
(9685349772, 3)
(1933, 2)
(9690362893, 2)
(1937, 3)
(9710415377, 3)
(1938, 2)
(9715428498, 3)
(1942, 3)
(9735480982, 3)
(1943, 2)
(9740494103, 2)
(1947, 3)
(9760546587, 2)
(1948, 1)
(9765559708, 1)
(1952, 0)
(9785612192, 0)
(1953, 0)
(9790625313, 0)
(1957, 1)
(9810677797, 1)
(1958, 2)
(9815690918, 3)
(1962, 0)
(9835743402, 0)
(1963, 4)
(9840756523, 1)
(1967, 4)
(9860809007, 4)
(1968, 4)
(9865822128, 1)
(1972, 0)
(9885874612, 0)
(1973, 3)
(9890887733, 3)
(1977, 1)
(9910940217, 1)
(1978, 2)
(9915953338, 3)
(1982, 1)
(9936005822, 1)
(1983, 1)
(9941018943, 4)
(1987, 2)
(9961071427, 3)
(1988, 0)
(9966084548, 0)
(1992, 0)
(9986137032, 0)
(1993, 1)
(9991150153, 1)
(1997, 2)
(10011202637, 3)
(1998, 3)
(10016215758, 3)
(2002, 4)
(10036268242, 4)
(2003, 1)
(10041281363, 4)
(2007, 0)
(10061333847, 0)
(2008, 0)
(10066346968, 0)
(2012, 2)
(10086399452, 2)
(2013, 4)
(10091412573, 4)
(2017, 2)
(10111465057, 3)
(2018, 3)
(10116478178, 3)
(2022, 1)
(10136530662, 1)
(2023, 4)
(10141543783, 4)
(2027, 1)
(10161596267, 4)
(2028, 3)
(10166609388, 2)
(2032, 0)
(10186661872, 0)
(2033, 2)
(10191674993, 2)
(2037, 4)
(10211727477, 1)
(2038, 3)
(10216740598, 3)
(2042, 0)
(10236793082, 0)
(2043, 0)
(10241806203, 0)
(2047, 2)
(10261858687, 2)
(2048, 0)
(10266871808, 0)
(2052, 0)
(10286924292, 0)
(2053, 2)
(10291937413, 3)
(2057, 4)
(10311989897, 1)
(2058, 2)
(10317003018, 3)
(2062, 3)
(10337055502, 3)
(2063, 0)
(10342068623, 0)
(2067, 3)
(10362121107, 2)
(2068, 0)
(10367134228, 0)
(2072, 0)
(10387186712, 0)
(2073, 0)
(10392199833, 0)
(2077, 1)
(10412252317, 4)
(2078, 0)
(10417265438, 0)
(2082, 1)
(10437317922, 1)
(2083, 3)
(10442331043, 3)
(2087, 0)
(10462383527, 0)
(2088, 0)
(10467396648, 0)
(2092, 0)
(10487449132, 0)
(2093, 0)
(10492462253, 0)
(2097, 1)
(10512514737, 1)
(2098, 4)
(10517527858, 4)
(2102, 4)
(10537580342, 4)
(2103, 4)
(10542593463, 4)
(2107, 4)
(10562645947, 4)
(2108, 4)
(10567659068, 4)
(2112, 4)
(10587711552, 1)
(2113, 4)
(10592724673, 1)
(2117, 1)
(10612777157, 1)
(2118, 0)
(10617790278, 0)
(2122, 2)
(10637842762, 3)
(2123, 1)
(10642855883, 4)
(2127, 2)
(10662908367, 3)
(2128, 2)
(10667921488, 3)
(2132, 0)
(10687973972, 0)
(2133, 2)
(10692987093, 3)
(2137, 1)
(10713039577, 4)
(2138, 2)
(10718052698, 3)
(2142, 0)
(10738105182, 0)
(2143, 3)
(10743118303, 3)
(2147, 4)
(10763170787, 4)
(2148, 0)
(10768183908, 0)
(2152, 0)
(10788236392, 0)
(2153, 3)
(10793249513, 2)
(2157, 4)
(10813301997, 1)
(2158, 0)
(10818315118, 0)
(2162, 4)
(10838367602, 1)
(2163, 2)
(10843380723, 2)
(2167, 2)
(10863433207, 3)
(2168, 0)
(10868446328, 0)
(2172, 4)
(10888498812, 1)
(2173, 0)
(10893511933, 0)
(2177, 0)
(10913564417, 0)
(2178, 3)
(10918577538, 3)
(2182, 3)
(10938630022, 2)
(2183, 2)
(10943643143, 3)
(2187, 0)
(10963695627, 0)
(2188, 4)
(10968708748, 1)
(2192, 1)
(10988761232, 4)
(2193, 1)
(10993774353, 1)
(2197, 3)
(11013826837, 3)
(2198, 1)
(11018839958, 4)
(2202, 0)
(11038892442, 0)
(2203, 0)
(11043905563, 0)
(2207, 1)
(11063958047, 4)
(2208, 4)
(11068971168, 4)
(2212, 0)
(11089023652, 0)
(2213, 3)
(11094036773, 2)
(2217, 3)
(11114089257, 2)
(2218, 1)
(11119102378, 1)
(2222, 3)
(11139154862, 3)
(2223, 0)
(11144167983, 0)
(2227, 1)
(11164220467, 1)
(2228, 0)
(11169233588, 0)
(2232, 0)
(11189286072, 0)
(2233, 4)
(11194299193, 4)
(2237, 0)
(11214351677, 0)
(2238, 3)
(11219364798, 2)
(2242, 4)
(11239417282, 1)
(2243, 0)
(11244430403, 0)
(2247, 0)
(11264482887, 0)
(2248, 0)
(11269496008, 0)
(2252, 3)
(11289548492, 3)
(2253, 4)
(11294561613, 4)
(2257, 4)
(11314614097, 4)
(2258, 3)
(11319627218, 2)
(2262, 1)
(11339679702, 4)
(2263, 2)
(11344692823, 3)
(2267, 1)
(11364745307, 1)
(2268, 1)
(11369758428, 1)
(2272, 3)
(11389810912, 2)
(2273, 2)
(11394824033, 3)
(2277, 0)
(11414876517, 0)
(2278, 4)
(11419889638, 1)
(2282, 0)
(11439942122, 0)
(2283, 4)
(11444955243, 4)
(2287, 1)
(11465007727, 4)
(2288, 0)
(11470020848, 0)
(2292, 0)
(11490073332, 0)
(2293, 1)
(11495086453, 4)
(2297, 0)
(11515138937, 0)
(2298, 2)
(11520152058, 2)
(2302, 4)
(11540204542, 4)
(2303, 0)
(11545217663, 0)
(2307, 3)
(11565270147, 2)
(2308, 0)
(11570283268, 0)
(2312, 0)
(11590335752, 0)
(2313, 2)
(11595348873, 3)
(2317, 4)
(11615401357, 1)
(2318, 1)
(11620414478, 1)
(2322, 3)
(11640466962, 2)
(2323, 2)
(11645480083, 3)
(2327, 2)
(11665532567, 2)
(2328, 0)
(11670545688, 0)
(2332, 1)
(11690598172, 1)
(2333, 1)
(11695611293, 1)
(2337, 2)
(11715663777, 2)
(2338, 4)
(11720676898, 4)
(2342, 3)
(11740729382, 2)
(2343, 2)
(11745742503, 2)
(2347, 0)
(11765794987, 0)
(2348, 1)
(11770808108, 4)
(2352, 2)
(11790860592, 3)
(2353, 4)
(11795873713, 4)
(2357, 2)
(11815926197, 2)
(2358, 0)
(11820939318, 0)
(2362, 4)
(11840991802, 1)
(2363, 0)
(11846004923, 0)
(2367, 1)
(11866057407, 1)
(2368, 3)
(11871070528, 2)
(2372, 0)
(11891123012, 0)
(2373, 1)
(11896136133, 1)
(2377, 1)
(11916188617, 1)
(2378, 0)
(11921201738, 0)
(2382, 2)
(11941254222, 2)
(2383, 4)
(11946267343, 4)
(2387, 2)
(11966319827, 3)
(2388, 0)
(11971332948, 0)
(2392, 0)
(11991385432, 0)
(2393, 0)
(11996398553, 0)
(2397, 2)
(12016451037, 2)
(2398, 0)
(12021464158, 0)
(2402, 0)
(12041516642, 0)
(2403, 2)
(12046529763, 2)
(2407, 0)
(12066582247, 0)
(2408, 0)
(12071595368, 0)
(2412, 0)
(12091647852, 0)
(2413, 1)
(12096660973, 4)
(2417, 1)
(12116713457, 4)
(2418, 4)
(12121726578, 4)
(2422, 0)
(12141779062, 0)
(2423, 3)
(12146792183, 2)
(2427, 4)
(12166844667, 4)
(2428, 4)
(12171857788, 1)
(2432, 1)
(12191910272, 4)
(2433, 0)
(12196923393, 0)
(2437, 3)
(12216975877, 3)
(2438, 3)
(12221988998, 2)
(2442, 3)
(12242041482, 3)
(2443, 4)
(12247054603, 4)
(2447, 3)
(12267107087, 3)
(2448, 1)
(12272120208, 4)
(2452, 0)
(12292172692, 0)
(2453, 3)
(12297185813, 2)
(2457, 2)
(12317238297, 3)
(2458, 3)
(12322251418, 2)
(2462, 3)
(12342303902, 2)
(2463, 4)
(12347317023, 4)
(2467, 2)
(12367369507, 2)
(2468, 0)
(12372382628, 0)
(2472, 0)
(12392435112, 0)
(2473, 0)
(12397448233, 0)
(2477, 3)
(12417500717, 2)
(2478, 2)
(12422513838, 3)
(2482, 1)
(12442566322, 4)
(2483, 0)
(12447579443, 0)
(2487, 0)
(12467631927, 0)
(2488, 0)
(12472645048, 0)
(2492, 4)
(12492697532, 1)
(2493, 0)
(12497710653, 0)
(2497, 3)
(12517763137, 2)
(2498, 0)
(12522776258, 0)
(2502, 3)
(12542828742, 3)
(2503, 1)
(12547841863, 4)
(2507, 4)
(12567894347, 4)
(2508, 2)
(12572907468, 2)
(2512, 2)
(12592959952, 3)
(2513, 3)
(12597973073, 2)
(2517, 4)
(12618025557, 4)
(2518, 0)
(12623038678, 0)
(2522, 4)
(12643091162, 4)
(2523, 3)
(12648104283, 2)
(2527, 4)
(12668156767, 4)
(2528, 4)
(12673169888, 4)
(2532, 0)
(12693222372, 0)
(2533, 4)
(12698235493, 1)
(2537, 0)
(12718287977, 0)
(2538, 2)
(12723301098, 3)
(2542, 4)
(12743353582, 1)
(2543, 0)
(12748366703, 0)
(2547, 0)
(12768419187, 0)
(2548, 0)
(12773432308, 0)
(2552, 0)
(12793484792, 0)
(2553, 1)
(12798497913, 4)
(2557, 3)
(12818550397, 2)
(2558, 4)
(12823563518, 4)
(2562, 1)
(12843616002, 1)
(2563, 4)
(12848629123, 4)
(2567, 1)
(12868681607, 1)
(2568, 0)
(12873694728, 0)
(2572, 1)
(12893747212, 4)
(2573, 1)
(12898760333, 1)
(2577, 0)
(12918812817, 0)
(2578, 1)
(12923825938, 1)
(2582, 0)
(12943878422, 0)
(2583, 2)
(12948891543, 2)
(2587, 3)
(12968944027, 2)
(2588, 4)
(12973957148, 4)
(2592, 3)
(12994009632, 3)
(2593, 1)
(12999022753, 4)
(2597, 4)
(13019075237, 4)
(2598, 4)
(13024088358, 1)
(2602, 4)
(13044140842, 1)
(2603, 0)
(13049153963, 0)
(2607, 2)
(13069206447, 3)
(2608, 2)
(13074219568, 2)
(2612, 0)
(13094272052, 0)
(2613, 1)
(13099285173, 4)
(2617, 2)
(13119337657, 3)
(2618, 0)
(13124350778, 0)
(2622, 1)
(13144403262, 4)
(2623, 2)
(13149416383, 3)
(2627, 2)
(13169468867, 2)
(2628, 0)
(13174481988, 0)
(2632, 0)
(13194534472, 0)
(2633, 3)
(13199547593, 2)
(2637, 4)
(13219600077, 1)
(2638, 0)
(13224613198, 0)
(2642, 3)
(13244665682, 2)
(2643, 0)
(13249678803, 0)
(2647, 0)
(13269731287, 0)
(2648, 0)
(13274744408, 0)
(2652, 2)
(13294796892, 2)
(2653, 1)
(13299810013, 4)
(2657, 2)
(13319862497, 3)
(2658, 4)
(13324875618, 1)
(2662, 1)
(13344928102, 1)
(2663, 3)
(13349941223, 3)
(2667, 3)
(13369993707, 2)
(2668, 2)
(13375006828, 3)
(2672, 4)
(13395059312, 4)
(2673, 3)
(13400072433, 2)
(2677, 2)
(13420124917, 3)
(2678, 0)
(13425138038, 0)
(2682, 0)
(13445190522, 0)
(2683, 0)
(13450203643, 0)
(2687, 4)
(13470256127, 4)
(2688, 1)
(13475269248, 4)
(2692, 0)
(13495321732, 0)
(2693, 3)
(13500334853, 2)
(2697, 4)
(13520387337, 4)
(2698, 4)
(13525400458, 4)
(2702, 2)
(13545452942, 3)
(2703, 3)
(13550466063, 3)
(2707, 2)
(13570518547, 2)
(2708, 0)
(13575531668, 0)
(2712, 0)
(13595584152, 0)
(2713, 1)
(13600597273, 4)
(2717, 2)
(13620649757, 3)
(2718, 1)
(13625662878, 4)
(2722, 0)
(13645715362, 0)
(2723, 3)
(13650728483, 3)
(2727, 0)
(13670780967, 0)
(2728, 0)
(13675794088, 0)
(2732, 0)
(13695846572, 0)
(2733, 3)
(13700859693, 2)
(2737, 1)
(13720912177, 1)
(2738, 4)
(13725925298, 4)
(2742, 3)
(13745977782, 3)
(2743, 0)
(13750990903, 0)
(2747, 3)
(13771043387, 3)
(2748, 1)
(13776056508, 4)
(2752, 0)
(13796108992, 0)
(2753, 2)
(13801122113, 3)
(2757, 4)
(13821174597, 1)
(2758, 4)
(13826187718, 1)
(2762, 4)
(13846240202, 4)
(2763, 0)
(13851253323, 0)
(2767, 4)
(13871305807, 1)
(2768, 2)
(13876318928, 2)
(2772, 0)
(13896371412, 0)
(2773, 4)
(13901384533, 4)
(2777, 0)
(13921437017, 0)
(2778, 1)
(13926450138, 1)
(2782, 2)
(13946502622, 3)
(2783, 4)
(13951515743, 1)
(2787, 1)
(13971568227, 4)
(2788, 0)
(13976581348, 0)
(2792, 0)
(13996633832, 0)
(2793, 4)
(14001646953, 4)
(2797, 3)
(14021699437, 2)
(2798, 4)
(14026712558, 4)
(2802, 1)
(14046765042, 1)
(2803, 1)
(14051778163, 4)
(2807, 3)
(14071830647, 2)
(2808, 0)
(14076843768, 0)
(2812, 3)
(14096896252, 3)
(2813, 0)
(14101909373, 0)
(2817, 0)
(14121961857, 0)
(2818, 0)
(14126974978, 0)
(2822, 2)
(14147027462, 2)
(2823, 1)
(14152040583, 1)
(2827, 3)
(14172093067, 2)
(2828, 3)
(14177106188, 3)
(2832, 3)
(14197158672, 2)
(2833, 3)
(14202171793, 2)
(2837, 1)
(14222224277, 4)
(2838, 0)
(14227237398, 0)
(2842, 2)
(14247289882, 2)
(2843, 0)
(14252303003, 0)
(2847, 3)
(14272355487, 2)
(2848, 4)
(14277368608, 1)
(2852, 0)
(14297421092, 0)
(2853, 0)
(14302434213, 0)
(2857, 0)
(14322486697, 0)
(2858, 3)
(14327499818, 2)
(2862, 2)
(14347552302, 3)
(2863, 2)
(14352565423, 3)
(2867, 2)
(14372617907, 3)
(2868, 0)
(14377631028, 0)
(2872, 0)
(14397683512, 0)
(2873, 3)
(14402696633, 2)
(2877, 0)
(14422749117, 0)
(2878, 1)
(14427762238, 4)
(2882, 1)
(14447814722, 4)
(2883, 3)
(14452827843, 2)
(2887, 0)
(14472880327, 0)
(2888, 0)
(14477893448, 0)
(2892, 3)
(14497945932, 3)
(2893, 4)
(14502959053, 4)
(2897, 1)
(14523011537, 1)
(2898, 0)
(14528024658, 0)
(2902, 2)
(14548077142, 2)
(2903, 4)
(14553090263, 1)
(2907, 2)
(14573142747, 2)
(2908, 4)
(14578155868, 4)
(2912, 4)
(14598208352, 4)
(2913, 2)
(14603221473, 3)
(2917, 2)
(14623273957, 2)
(2918, 4)
(14628287078, 4)
(2922, 1)
(14648339562, 4)
(2923, 4)
(14653352683, 1)
(2927, 4)
(14673405167, 4)
(2928, 3)
(14678418288, 3)
(2932, 0)
(14698470772, 0)
(2933, 1)
(14703483893, 4)
(2937, 4)
(14723536377, 4)
(2938, 4)
(14728549498, 1)
(2942, 0)
(14748601982, 0)
(2943, 3)
(14753615103, 3)
(2947, 3)
(14773667587, 2)
(2948, 0)
(14778680708, 0)
(2952, 0)
(14798733192, 0)
(2953, 1)
(14803746313, 1)
(2957, 4)
(14823798797, 1)
(2958, 2)
(14828811918, 2)
(2962, 4)
(14848864402, 4)
(2963, 2)
(14853877523, 2)
(2967, 1)
(14873930007, 1)
(2968, 0)
(14878943128, 0)
(2972, 2)
(14898995612, 2)
(2973, 2)
(14904008733, 3)
(2977, 4)
(14924061217, 4)
(2978, 0)
(14929074338, 0)
(2982, 1)
(14949126822, 1)
(2983, 0)
(14954139943, 0)
(2987, 0)
(14974192427, 0)
(2988, 2)
(14979205548, 3)
(2992, 1)
(14999258032, 4)
(2993, 2)
(15004271153, 2)
(2997, 4)
(15024323637, 1)
(2998, 3)
(15029336758, 3)
(3002, 4)
(15049389242, 1)
(3003, 2)
(15054402363, 3)
(3007, 0)
(15074454847, 0)
(3008, 0)
(15079467968, 0)
(3012, 0)
(15099520452, 0)
(3013, 3)
(15104533573, 3)
(3017, 3)
(15124586057, 3)
(3018, 4)
(15129599178, 1)
(3022, 2)
(15149651662, 3)
(3023, 2)
(15154664783, 2)
(3027, 2)
(15174717267, 3)
(3028, 0)
(15179730388, 0)
(3032, 0)
(15199782872, 0)
(3033, 0)
(15204795993, 0)
(3037, 3)
(15224848477, 3)
(3038, 1)
(15229861598, 4)
(3042, 0)
(15249914082, 0)
(3043, 3)
(15254927203, 2)
(3047, 2)
(15274979687, 2)
(3048, 0)
(15279992808, 0)
(3052, 3)
(15300045292, 2)
(3053, 0)
(15305058413, 0)
(3057, 3)
(15325110897, 2)
(3058, 2)
(15330124018, 2)
(3062, 4)
(15350176502, 4)
(3063, 1)
(15355189623, 4)
(3067, 2)
(15375242107, 3)
(3068, 1)
(15380255228, 1)
(3072, 4)
(15400307712, 1)
(3073, 1)
(15405320833, 4)
(3077, 4)
(15425373317, 1)
(3078, 4)
(15430386438, 1)
(3082, 0)
(15450438922, 0)
(3083, 2)
(15455452043, 2)
(3087, 0)
(15475504527, 0)
(3088, 2)
(15480517648, 3)
(3092, 0)
(15500570132, 0)
(3093, 2)
(15505583253, 3)
(3097, 3)
(15525635737, 2)
(3098, 4)
(15530648858, 1)
(3102, 1)
(15550701342, 4)
(3103, 0)
(15555714463, 0)
(3107, 3)
(15575766947, 2)
(3108, 0)
(15580780068, 0)
(3112, 0)
(15600832552, 0)
(3113, 1)
(15605845673, 1)
(3117, 0)
(15625898157, 0)
(3118, 0)
(15630911278, 0)
(3122, 3)
(15650963762, 2)
(3123, 0)
(15655976883, 0)
(3127, 1)
(15676029367, 1)
(3128, 0)
(15681042488, 0)
(3132, 3)
(15701094972, 2)
(3133, 0)
(15706108093, 0)
(3137, 1)
(15726160577, 4)
(3138, 4)
(15731173698, 1)
(3142, 0)
(15751226182, 0)
(3143, 1)
(15756239303, 4)
(3147, 0)
(15776291787, 0)
(3148, 0)
(15781304908, 0)
(3152, 0)
(15801357392, 0)
(3153, 4)
(15806370513, 1)
(3157, 4)
(15826422997, 4)
(3158, 2)
(15831436118, 2)
(3162, 0)
(15851488602, 0)
(3163, 1)
(15856501723, 4)
(3167, 2)
(15876554207, 2)
(3168, 0)
(15881567328, 0)
(3172, 0)
(15901619812, 0)
(3173, 0)
(15906632933, 0)
(3177, 3)
(15926685417, 3)
(3178, 0)
(15931698538, 0)
(3182, 2)
(15951751022, 3)
(3183, 4)
(15956764143, 4)
(3187, 2)
(15976816627, 3)
(3188, 0)
(15981829748, 0)
(3192, 0)
(16001882232, 0)
(3193, 4)
(16006895353, 4)
(3197, 4)
(16026947837, 1)
(3198, 2)
(16031960958, 3)
(3202, 1)
(16052013442, 4)
(3203, 4)
(16057026563, 1)
(3207, 3)
(16077079047, 3)
(3208, 0)
(16082092168, 0)
(3212, 0)
(16102144652, 0)
(3213, 3)
(16107157773, 3)
(3217, 1)
(16127210257, 4)
(3218, 1)
(16132223378, 4)
(3222, 0)
(16152275862, 0)
(3223, 0)
(16157288983, 0)
(3227, 4)
(16177341467, 1)
(3228, 2)
(16182354588, 3)
(3232, 2)
(16202407072, 2)
(3233, 4)
(16207420193, 1)
(3237, 2)
(16227472677, 2)
(3238, 3)
(16232485798, 3)
(3242, 3)
(16252538282, 2)
(3243, 2)
(16257551403, 2)
(3247, 3)
(16277603887, 3)
(3248, 3)
(16282617008, 3)
(3252, 0)
(16302669492, 0)
(3253, 1)
(16307682613, 4)
(3257, 1)
(16327735097, 4)
(3258, 4)
(16332748218, 4)
(3262, 3)
(16352800702, 3)
(3263, 3)
(16357813823, 3)
(3267, 4)
(16377866307, 1)
(3268, 0)
(16382879428, 0)
(3272, 0)
(16402931912, 0)
(3273, 4)
(16407945033, 4)
(3277, 3)
(16427997517, 2)
(3278, 1)
(16433010638, 1)
(3282, 0)
(16453063122, 0)
(3283, 1)
(16458076243, 1)
(3287, 1)
(16478128727, 4)
(3288, 0)
(16483141848, 0)
(3292, 3)
(16503194332, 3)
(3293, 1)
(16508207453, 1)
(3297, 0)
(16528259937, 0)
(3298, 1)
(16533273058, 4)
(3302, 1)
(16553325542, 1)
(3303, 0)
(16558338663, 0)
(3307, 4)
(16578391147, 4)
(3308, 1)
(16583404268, 4)
(3312, 1)
(16603456752, 4)
(3313, 1)
(16608469873, 4)
(3317, 1)
(16628522357, 1)
(3318, 2)
(16633535478, 3)
(3322, 4)
(16653587962, 1)
(3323, 3)
(16658601083, 3)
(3327, 4)
(16678653567, 1)
(3328, 2)
(16683666688, 2)
(3332, 0)
(16703719172, 0)
(3333, 3)
(16708732293, 2)
(3337, 4)
(16728784777, 1)
(3338, 0)
(16733797898, 0)
(3342, 4)
(16753850382, 4)
(3343, 4)
(16758863503, 4)
(3347, 1)
(16778915987, 1)
(3348, 0)
(16783929108, 0)
(3352, 0)
(16803981592, 0)
(3353, 0)
(16808994713, 0)
(3357, 0)
(16829047197, 0)
(3358, 2)
(16834060318, 3)
(3362, 4)
(16854112802, 4)
(3363, 4)
(16859125923, 4)
(3367, 0)
(16879178407, 0)
(3368, 0)
(16884191528, 0)
(3372, 2)
(16904244012, 3)
(3373, 4)
(16909257133, 4)
(3377, 3)
(16929309617, 2)
(3378, 4)
(16934322738, 1)
(3382, 0)
(16954375222, 0)
(3383, 1)
(16959388343, 1)
(3387, 2)
(16979440827, 2)
(3388, 3)
(16984453948, 3)
(3392, 1)
(17004506432, 1)
(3393, 2)
(17009519553, 2)
(3397, 0)
(17029572037, 0)
(3398, 3)
(17034585158, 3)
(3402, 3)
(17054637642, 2)
(3403, 2)
(17059650763, 3)
(3407, 3)
(17079703247, 3)
(3408, 4)
(17084716368, 4)
(3412, 0)
(17104768852, 0)
(3413, 3)
(17109781973, 2)
(3417, 4)
(17129834457, 4)
(3418, 2)
(17134847578, 3)
(3422, 3)
(17154900062, 3)
(3423, 0)
(17159913183, 0)
(3427, 1)
(17179965667, 4)
(3428, 0)
(17184978788, 0)
(3432, 0)
(17205031272, 0)
(3433, 1)
(17210044393, 1)
(3437, 2)
(17230096877, 3)
(3438, 0)
(17235109998, 0)
(3442, 0)
(17255162482, 0)
(3443, 4)
(17260175603, 4)
(3447, 4)
(17280228087, 1)
(3448, 0)
(17285241208, 0)
(3452, 2)
(17305293692, 3)
(3453, 3)
(17310306813, 2)
(3457, 3)
(17330359297, 2)
(3458, 0)
(17335372418, 0)
(3462, 3)
(17355424902, 2)
(3463, 4)
(17360438023, 1)
(3467, 4)
(17380490507, 1)
(3468, 4)
(17385503628, 1)
(3472, 1)
(17405556112, 4)
(3473, 0)
(17410569233, 0)
(3477, 2)
(17430621717, 3)
(3478, 4)
(17435634838, 1)
(3482, 4)
(17455687322, 1)
(3483, 3)
(17460700443, 3)
(3487, 2)
(17480752927, 3)
(3488, 0)
(17485766048, 0)
(3492, 0)
(17505818532, 0)
(3493, 3)
(17510831653, 3)
(3497, 2)
(17530884137, 2)
(3498, 0)
(17535897258, 0)
(3502, 4)
(17555949742, 4)
(3503, 2)
(17560962863, 2)
(3507, 3)
(17581015347, 2)
(3508, 0)
(17586028468, 0)
(3512, 0)
(17606080952, 0)
(3513, 4)
(17611094073, 4)
(3517, 0)
(17631146557, 0)
(3518, 3)
(17636159678, 3)
(3522, 3)
(17656212162, 3)
(3523, 4)
(17661225283, 4)
(3527, 0)
(17681277767, 0)
(3528, 0)
(17686290888, 0)
(3532, 1)
(17706343372, 4)
(3533, 0)
(17711356493, 0)
(3537, 3)
(17731408977, 3)
(3538, 3)
(17736422098, 2)
(3542, 2)
(17756474582, 3)
(3543, 3)
(17761487703, 3)
(3547, 4)
(17781540187, 4)
(3548, 2)
(17786553308, 3)
(3552, 4)
(17806605792, 4)
(3553, 1)
(17811618913, 1)
(3557, 4)
(17831671397, 1)
(3558, 3)
(17836684518, 3)
(3562, 2)
(17856737002, 3)
(3563, 3)
(17861750123, 2)
(3567, 0)
(17881802607, 0)
(3568, 2)
(17886815728, 3)
