(2, 4)
(187366082, 4)
(3, 3)
(281049123, 2)
(7, 4)
(655781287, 4)
(8, 0)
(749464328, 0)
(12, 4)
(1124196492, 1)
(13, 3)
(1217879533, 2)
(17, 4)
(1592611697, 1)
(18, 3)
(1686294738, 3)
(22, 3)
(2061026902, 3)
(23, 3)
(2154709943, 3)
(27, 3)
(2529442107, 2)
(28, 3)
(2623125148, 3)
(32, 2)
(2997857312, 2)
(33, 1)
(3091540353, 4)
(37, 2)
(3466272517, 3)
(38, 1)
(3559955558, 1)
(42, 1)
(3934687722, 4)
(43, 4)
(4028370763, 1)
(47, 0)
(4403102927, 0)
(48, 4)
(4496785968, 1)
(52, 0)
(4871518132, 0)
(53, 4)
(4965201173, 1)
(57, 4)
(5339933337, 1)
(58, 2)
(5433616378, 2)
(62, 2)
(5808348542, 3)
(63, 0)
(5902031583, 0)
(67, 1)
(6276763747, 1)
(68, 0)
(6370446788, 0)
(72, 0)
(6745178952, 0)
(73, 1)
(6838861993, 4)
(77, 3)
(7213594157, 3)
(78, 4)
(7307277198, 4)
(82, 1)
(7682009362, 4)
(83, 2)
(7775692403, 3)
(87, 4)
(8150424567, 1)
(88, 0)
(8244107608, 0)
(92, 1)
(8618839772, 1)
(93, 1)
(8712522813, 1)
(97, 4)
(9087254977, 1)
(98, 4)
(9180938018, 4)
(102, 1)
(9555670182, 1)
(103, 0)
(9649353223, 0)
(107, 3)
(10024085387, 2)
(108, 4)
(10117768428, 1)
(112, 4)
(10492500592, 4)
(113, 2)
(10586183633, 3)
(117, 0)
(10960915797, 0)
(118, 1)
(11054598838, 4)
(122, 0)
(11429331002, 0)
(123, 3)
(11523014043, 3)
(127, 0)
(11897746207, 0)
(128, 4)
(11991429248, 4)
(132, 0)
(12366161412, 0)
(133, 1)
(12459844453, 1)
(137, 3)
(12834576617, 2)
(138, 3)
(12928259658, 2)
(142, 1)
(13302991822, 1)
(143, 0)
(13396674863, 0)
(147, 4)
(13771407027, 1)
(148, 0)
(13865090068, 0)
(152, 0)
(14239822232, 0)
(153, 3)
(14333505273, 2)
(157, 1)
(14708237437, 4)
(158, 3)
(14801920478, 3)
(162, 1)
(15176652642, 1)
(163, 4)
(15270335683, 1)
(167, 4)
(15645067847, 4)
(168, 0)
(15738750888, 0)
(172, 2)
(16113483052, 3)
(173, 1)
(16207166093, 1)
(177, 4)
(16581898257, 4)
(178, 3)
(16675581298, 3)
(182, 3)
(17050313462, 2)
(183, 3)
(17143996503, 2)
(187, 2)
(17518728667, 3)
(188, 0)
(17612411708, 0)
(192, 0)
(17987143872, 0)
(193, 1)
(18080826913, 4)
(197, 0)
(18455559077, 0)
(198, 0)
(18549242118, 0)
(202, 4)
(18923974282, 4)
(203, 1)
(19017657323, 1)
(207, 1)
(19392389487, 1)
(208, 1)
(19486072528, 4)
(212, 0)
(19860804692, 0)
(213, 2)
(19954487733, 3)
(217, 3)
(20329219897, 2)
(218, 0)
(20422902938, 0)
(222, 3)
(20797635102, 3)
(223, 2)
(20891318143, 2)
(227, 0)
(21266050307, 0)
(228, 0)
(21359733348, 0)
(232, 0)
(21734465512, 0)
(233, 3)
(21828148553, 3)
(237, 2)
(22202880717, 3)
(238, 3)
(22296563758, 2)
(242, 4)
(22671295922, 4)
(243, 4)
(22764978963, 1)
(247, 4)
(23139711127, 1)
(248, 0)
(23233394168, 0)
(252, 0)
(23608126332, 0)
(253, 1)
(23701809373, 1)
(257, 1)
(24076541537, 4)
(258, 3)
(24170224578, 3)
(262, 4)
(24544956742, 4)
(263, 3)
(24638639783, 3)
(267, 2)
(25013371947, 3)
(268, 3)
(25107054988, 3)
(272, 3)
(25481787152, 2)
(273, 2)
(25575470193, 2)
(277, 1)
(25950202357, 1)
(278, 4)
(26043885398, 4)
(282, 2)
(26418617562, 3)
(283, 2)
(26512300603, 3)
(287, 1)
(26887032767, 4)
(288, 4)
(26980715808, 4)
(292, 0)
(27355447972, 0)
(293, 2)
(27449131013, 2)
(297, 1)
(27823863177, 4)
(298, 1)
(27917546218, 1)
(302, 3)
(28292278382, 3)
(303, 0)
(28385961423, 0)
(307, 3)
(28760693587, 3)
(308, 0)
(28854376628, 0)
(312, 0)
(29229108792, 0)
(313, 2)
(29322791833, 2)
(317, 0)
(29697523997, 0)
(318, 2)
(29791207038, 2)
(322, 2)
(30165939202, 2)
(323, 1)
(30259622243, 4)
(327, 3)
(30634354407, 2)
(328, 0)
(30728037448, 0)
(332, 1)
(31102769612, 4)
(333, 0)
(31196452653, 0)
(337, 3)
(31571184817, 3)
(338, 0)
(31664867858, 0)
(342, 2)
(32039600022, 2)
(343, 3)
(32133283063, 3)
(347, 0)
(32508015227, 0)
(348, 3)
(32601698268, 2)
(352, 4)
(32976430432, 4)
(353, 4)
(33070113473, 1)
(357, 3)
(33444845637, 3)
(358, 1)
(33538528678, 4)
(362, 2)
(33913260842, 3)
(363, 4)
(34006943883, 1)
(367, 1)
(34381676047, 4)
(368, 3)
(34475359088, 3)
(372, 0)
(34850091252, 0)
(373, 0)
(34943774293, 0)
(377, 1)
(35318506457, 4)
(378, 1)
(35412189498, 4)
(382, 2)
(35786921662, 3)
(383, 2)
(35880604703, 2)
(387, 0)
(36255336867, 0)
(388, 0)
(36349019908, 0)
(392, 0)
(36723752072, 0)
(393, 3)
(36817435113, 2)
(397, 1)
(37192167277, 1)
(398, 0)
(37285850318, 0)
(402, 4)
(37660582482, 1)
(403, 3)
(37754265523, 3)
(407, 4)
(38128997687, 1)
(408, 0)
(38222680728, 0)
(412, 0)
(38597412892, 0)
(413, 0)
(38691095933, 0)
(417, 2)
(39065828097, 3)
(418, 3)
(39159511138, 3)
(422, 0)
(39534243302, 0)
(423, 0)
(39627926343, 0)
(427, 2)
(40002658507, 2)
(428, 4)
(40096341548, 1)
(432, 4)
(40471073712, 1)
(433, 3)
(40564756753, 3)
(437, 0)
(40939488917, 0)
(438, 3)
(41033171958, 3)
(442, 2)
(41407904122, 2)
(443, 0)
(41501587163, 0)
(447, 1)
(41876319327, 4)
(448, 2)
(41970002368, 2)
(452, 0)
(42344734532, 0)
(453, 3)
(42438417573, 2)
(457, 3)
(42813149737, 2)
(458, 1)
(42906832778, 1)
(462, 2)
(43281564942, 3)
(463, 2)
(43375247983, 3)
(467, 2)
(43749980147, 3)
(468, 0)
(43843663188, 0)
(472, 0)
(44218395352, 0)
(473, 3)
(44312078393, 2)
(477, 3)
(44686810557, 2)
(478, 3)
(44780493598, 3)
(482, 0)
(45155225762, 0)
(483, 1)
(45248908803, 4)
(487, 3)
(45623640967, 3)
(488, 0)
(45717324008, 0)
(492, 4)
(46092056172, 4)
(493, 3)
(46185739213, 2)
(497, 4)
(46560471377, 4)
(498, 3)
(46654154418, 3)
(502, 1)
(47028886582, 1)
(503, 1)
(47122569623, 4)
(507, 1)
(47497301787, 4)
(508, 0)
(47590984828, 0)
(512, 4)
(47965716992, 4)
(513, 4)
(48059400033, 1)
(517, 2)
(48434132197, 2)
(518, 1)
(48527815238, 4)
(522, 0)
(48902547402, 0)
(523, 0)
(48996230443, 0)
(527, 2)
(49370962607, 2)
(528, 2)
(49464645648, 3)
(532, 0)
(49839377812, 0)
(533, 3)
(49933060853, 3)
(537, 2)
(50307793017, 2)
(538, 0)
(50401476058, 0)
(542, 1)
(50776208222, 1)
(543, 2)
(50869891263, 2)
(547, 3)
(51244623427, 3)
(548, 0)
(51338306468, 0)
(552, 0)
(51713038632, 0)
(553, 2)
(51806721673, 2)
(557, 3)
(52181453837, 2)
(558, 4)
(52275136878, 1)
(562, 2)
(52649869042, 2)
(563, 1)
(52743552083, 4)
(567, 3)
(53118284247, 3)
(568, 0)
(53211967288, 0)
(572, 0)
(53586699452, 0)
(573, 4)
(53680382493, 4)
(577, 3)
(54055114657, 3)
(578, 2)
(54148797698, 2)
(582, 4)
(54523529862, 4)
(583, 3)
(54617212903, 2)
(587, 2)
(54991945067, 2)
(588, 2)
(55085628108, 3)
(592, 4)
(55460360272, 1)
(593, 1)
(55554043313, 1)
(597, 2)
(55928775477, 3)
(598, 3)
(56022458518, 2)
(602, 1)
(56397190682, 4)
(603, 0)
(56490873723, 0)
(607, 2)
(56865605887, 3)
(608, 3)
(56959288928, 3)
(612, 0)
(57334021092, 0)
(613, 0)
(57427704133, 0)
(617, 2)
(57802436297, 3)
(618, 2)
(57896119338, 2)
(622, 3)
(58270851502, 3)
(623, 2)
(58364534543, 2)
(627, 4)
(58739266707, 1)
(628, 0)
(58832949748, 0)
(632, 0)
(59207681912, 0)
(633, 0)
(59301364953, 0)
(637, 4)
(59676097117, 1)
(638, 0)
(59769780158, 0)
(642, 4)
(60144512322, 4)
(643, 2)
(60238195363, 3)
(647, 2)
(60612927527, 2)
(648, 0)
(60706610568, 0)
(652, 2)
(61081342732, 3)
(653, 1)
(61175025773, 4)
(657, 0)
(61549757937, 0)
(658, 3)
(61643440978, 3)
(662, 3)
(62018173142, 2)
(663, 1)
(62111856183, 4)
(667, 4)
(62486588347, 4)
(668, 3)
(62580271388, 3)
(672, 3)
(62955003552, 2)
(673, 3)
(63048686593, 3)
(677, 0)
(63423418757, 0)
(678, 0)
(63517101798, 0)
(682, 3)
(63891833962, 2)
(683, 0)
(63985517003, 0)
(687, 3)
(64360249167, 2)
(688, 2)
(64453932208, 3)
(692, 0)
(64828664372, 0)
(693, 1)
(64922347413, 1)
(697, 3)
(65297079577, 3)
(698, 1)
(65390762618, 1)
(702, 4)
(65765494782, 4)
(703, 4)
(65859177823, 1)
(707, 1)
(66233909987, 1)
(708, 0)
(66327593028, 0)
(712, 0)
(66702325192, 0)
(713, 1)
(66796008233, 4)
(717, 1)
(67170740397, 4)
(718, 2)
(67264423438, 3)
(722, 1)
(67639155602, 1)
(723, 1)
(67732838643, 1)
(727, 2)
(68107570807, 3)
(728, 0)
(68201253848, 0)
(732, 1)
(68575986012, 4)
(733, 1)
(68669669053, 4)
(737, 0)
(69044401217, 0)
(738, 0)
(69138084258, 0)
(742, 2)
(69512816422, 3)
(743, 1)
(69606499463, 1)
(747, 4)
(69981231627, 1)
(748, 1)
(70074914668, 4)
(752, 0)
(70449646832, 0)
(753, 3)
(70543329873, 2)
(757, 0)
(70918062037, 0)
(758, 2)
(71011745078, 3)
(762, 3)
(71386477242, 2)
(763, 1)
(71480160283, 1)
(767, 3)
(71854892447, 3)
(768, 2)
(71948575488, 3)
(772, 0)
(72323307652, 0)
(773, 4)
(72416990693, 4)
(777, 1)
(72791722857, 1)
(778, 4)
(72885405898, 4)
(782, 1)
(73260138062, 4)
(783, 4)
(73353821103, 1)
(787, 0)
(73728553267, 0)
(788, 0)
(73822236308, 0)
(792, 0)
(74196968472, 0)
(793, 2)
(74290651513, 3)
(797, 0)
(74665383677, 0)
(798, 1)
(74759066718, 4)
(802, 3)
(75133798882, 3)
(803, 0)
(75227481923, 0)
(807, 1)
(75602214087, 4)
(808, 0)
(75695897128, 0)
(812, 3)
(76070629292, 3)
(813, 3)
(76164312333, 2)
(817, 2)
(76539044497, 3)
(818, 3)
(76632727538, 3)
(822, 0)
(77007459702, 0)
(823, 4)
(77101142743, 1)
(827, 2)
(77475874907, 3)
(828, 2)
(77569557948, 2)
(832, 2)
(77944290112, 3)
(833, 2)
(78037973153, 3)
(837, 1)
(78412705317, 1)
(838, 4)
(78506388358, 4)
(842, 4)
(78881120522, 4)
(843, 4)
(78974803563, 1)
(847, 4)
(79349535727, 4)
(848, 3)
(79443218768, 2)
(852, 0)
(79817950932, 0)
(853, 0)
(79911633973, 0)
(857, 2)
(80286366137, 3)
(858, 1)
(80380049178, 1)
(862, 2)
(80754781342, 3)
(863, 1)
(80848464383, 4)
(867, 3)
(81223196547, 2)
(868, 0)
(81316879588, 0)
(872, 0)
(81691611752, 0)
(873, 0)
(81785294793, 0)
(877, 0)
(82160026957, 0)
(878, 0)
(82253709998, 0)
(882, 3)
(82628442162, 3)
(883, 2)
(82722125203, 3)
(887, 1)
(83096857367, 1)
(888, 0)
(83190540408, 0)
(892, 4)
(83565272572, 4)
(893, 2)
(83658955613, 2)
(897, 1)
(84033687777, 1)
(898, 2)
(84127370818, 2)
(902, 2)
(84502102982, 3)
(903, 1)
(84595786023, 1)
(907, 3)
(84970518187, 3)
(908, 0)
(85064201228, 0)
(912, 3)
(85438933392, 2)
(913, 3)
(85532616433, 2)
(917, 0)
(85907348597, 0)
(918, 1)
(86001031638, 1)
(922, 2)
(86375763802, 3)
(923, 0)
(86469446843, 0)
(927, 0)
(86844179007, 0)
(928, 1)
(86937862048, 1)
(932, 0)
(87312594212, 0)
(933, 4)
(87406277253, 1)
(937, 0)
(87781009417, 0)
(938, 1)
(87874692458, 1)
(942, 3)
(88249424622, 3)
(943, 1)
(88343107663, 4)
(947, 0)
(88717839827, 0)
(948, 0)
(88811522868, 0)
(952, 0)
(89186255032, 0)
(953, 3)
(89279938073, 2)
(957, 1)
(89654670237, 4)
(958, 1)
(89748353278, 4)
(962, 2)
(90123085442, 2)
(963, 1)
(90216768483, 4)
(967, 4)
(90591500647, 1)
(968, 0)
(90685183688, 0)
(972, 2)
(91059915852, 3)
(973, 3)
(91153598893, 3)
(977, 0)
(91528331057, 0)
(978, 4)
(91622014098, 4)
(982, 0)
(91996746262, 0)
(983, 2)
(92090429303, 2)
(987, 3)
(92465161467, 2)
(988, 3)
(92558844508, 2)
(992, 1)
(92933576672, 4)
(993, 3)
(93027259713, 3)
(997, 4)
(93401991877, 4)
(998, 1)
(93495674918, 4)
(1002, 4)
(93870407082, 1)
(1003, 1)
(93964090123, 1)
(1007, 0)
(94338822287, 0)
(1008, 0)
(94432505328, 0)
(1012, 0)
(94807237492, 0)
(1013, 4)
(94900920533, 1)
(1017, 4)
(95275652697, 1)
(1018, 3)
(95369335738, 2)
(1022, 3)
(95744067902, 2)
(1023, 1)
(95837750943, 1)
(1027, 4)
(96212483107, 1)
(1028, 0)
(96306166148, 0)
(1032, 0)
(96680898312, 0)
(1033, 3)
(96774581353, 3)
(1037, 0)
(97149313517, 0)
(1038, 2)
(97242996558, 3)
(1042, 3)
(97617728722, 3)
(1043, 2)
(97711411763, 2)
(1047, 4)
(98086143927, 1)
(1048, 0)
(98179826968, 0)
(1052, 1)
(98554559132, 1)
(1053, 1)
(98648242173, 4)
(1057, 1)
(99022974337, 1)
(1058, 0)
(99116657378, 0)
(1062, 0)
(99491389542, 0)
(1063, 4)
(99585072583, 1)
(1067, 2)
(99959804747, 3)
(1068, 1)
(100053487788, 4)
(1072, 3)
(100428219952, 3)
(1073, 1)
(100521902993, 4)
(1077, 4)
(100896635157, 4)
(1078, 3)
(100990318198, 3)
(1082, 3)
(101365050362, 2)
(1083, 2)
(101458733403, 3)
(1087, 1)
(101833465567, 4)
(1088, 1)
(101927148608, 4)
(1092, 0)
(102301880772, 0)
(1093, 0)
(102395563813, 0)
(1097, 1)
(102770295977, 4)
(1098, 0)
(102863979018, 0)
(1102, 0)
(103238711182, 0)
(1103, 3)
(103332394223, 2)
(1107, 3)
(103707126387, 3)
(1108, 0)
(103800809428, 0)
(1112, 0)
(104175541592, 0)
(1113, 4)
(104269224633, 4)
(1117, 4)
(104643956797, 1)
(1118, 1)
(104737639838, 1)
(1122, 4)
(105112372002, 4)
(1123, 0)
(105206055043, 0)
(1127, 3)
(105580787207, 3)
(1128, 0)
(105674470248, 0)
(1132, 1)
(106049202412, 4)
(1133, 2)
(106142885453, 3)
(1137, 0)
(106517617617, 0)
(1138, 2)
(106611300658, 3)
(1142, 2)
(106986032822, 3)
(1143, 0)
(107079715863, 0)
(1147, 1)
(107454448027, 1)
(1148, 2)
(107548131068, 3)
(1152, 3)
(107922863232, 3)
(1153, 4)
(108016546273, 4)
(1157, 3)
(108391278437, 2)
(1158, 4)
(108484961478, 4)
(1162, 3)
(108859693642, 2)
(1163, 3)
(108953376683, 3)
(1167, 3)
(109328108847, 2)
(1168, 2)
(109421791888, 3)
(1172, 0)
(109796524052, 0)
(1173, 1)
(109890207093, 1)
(1177, 2)
(110264939257, 3)
(1178, 1)
(110358622298, 4)
(1182, 0)
(110733354462, 0)
(1183, 0)
(110827037503, 0)
(1187, 4)
(111201769667, 4)
(1188, 0)
(111295452708, 0)
(1192, 0)
(111670184872, 0)
(1193, 4)
(111763867913, 4)
(1197, 0)
(112138600077, 0)
(1198, 2)
(112232283118, 3)
(1202, 1)
(112607015282, 4)
(1203, 4)
(112700698323, 1)
(1207, 2)
(113075430487, 3)
(1208, 0)
(113169113528, 0)
(1212, 0)
(113543845692, 0)
(1213, 0)
(113637528733, 0)
(1217, 2)
(114012260897, 3)
(1218, 4)
(114105943938, 1)
(1222, 3)
(114480676102, 2)
(1223, 0)
(114574359143, 0)
(1227, 4)
(114949091307, 1)
(1228, 4)
(115042774348, 4)
(1232, 1)
(115417506512, 1)
(1233, 1)
(115511189553, 4)
(1237, 4)
(115885921717, 1)
(1238, 2)
(115979604758, 2)
(1242, 3)
(116354336922, 2)
(1243, 1)
(116448019963, 4)
(1247, 4)
(116822752127, 1)
(1248, 2)
(116916435168, 2)
(1252, 0)
(117291167332, 0)
(1253, 3)
(117384850373, 2)
(1257, 0)
(117759582537, 0)
(1258, 2)
(117853265578, 2)
(1262, 4)
(118227997742, 1)
(1263, 0)
(118321680783, 0)
(1267, 1)
(118696412947, 4)
(1268, 0)
(118790095988, 0)
(1272, 0)
(119164828152, 0)
(1273, 0)
(119258511193, 0)
(1277, 4)
(119633243357, 4)
(1278, 0)
(119726926398, 0)
(1282, 3)
(120101658562, 3)
(1283, 4)
(120195341603, 1)
(1287, 0)
(120570073767, 0)
(1288, 0)
(120663756808, 0)
(1292, 3)
(121038488972, 2)
(1293, 1)
(121132172013, 1)
(1297, 2)
(121506904177, 2)
(1298, 2)
(121600587218, 3)
(1302, 4)
(121975319382, 4)
(1303, 1)
(122069002423, 1)
(1307, 1)
(122443734587, 1)
(1308, 1)
(122537417628, 4)
(1312, 3)
(122912149792, 2)
(1313, 1)
(123005832833, 4)
(1317, 0)
(123380564997, 0)
(1318, 0)
(123474248038, 0)
(1322, 3)
(123848980202, 3)
(1323, 4)
(123942663243, 1)
(1327, 0)
(124317395407, 0)
(1328, 1)
(124411078448, 4)
(1332, 0)
(124785810612, 0)
(1333, 0)
(124879493653, 0)
(1337, 4)
(125254225817, 1)
(1338, 0)
(125347908858, 0)
(1342, 0)
(125722641022, 0)
(1343, 4)
(125816324063, 1)
(1347, 1)
(126191056227, 4)
(1348, 0)
(126284739268, 0)
(1352, 0)
(126659471432, 0)
(1353, 4)
(126753154473, 4)
(1357, 1)
(127127886637, 4)
(1358, 4)
(127221569678, 1)
(1362, 1)
(127596301842, 4)
(1363, 4)
(127689984883, 4)
(1367, 0)
(128064717047, 0)
(1368, 0)
(128158400088, 0)
(1372, 1)
(128533132252, 1)
(1373, 2)
(128626815293, 2)
(1377, 1)
(129001547457, 4)
(1378, 0)
(129095230498, 0)
(1382, 2)
(129469962662, 3)
(1383, 3)
(129563645703, 3)
(1387, 4)
(129938377867, 1)
(1388, 0)
(130032060908, 0)
(1392, 4)
(130406793072, 1)
(1393, 4)
(130500476113, 4)
(1397, 4)
(130875208277, 4)
(1398, 0)
(130968891318, 0)
(1402, 1)
(131343623482, 4)
(1403, 1)
(131437306523, 1)
(1407, 1)
(131812038687, 4)
(1408, 3)
(131905721728, 3)
(1412, 0)
(132280453892, 0)
(1413, 0)
(132374136933, 0)
(1417, 1)
(132748869097, 4)
(1418, 4)
(132842552138, 1)
(1422, 1)
(133217284302, 1)
(1423, 4)
(133310967343, 1)
(1427, 0)
(133685699507, 0)
(1428, 0)
(133779382548, 0)
(1432, 0)
(134154114712, 0)
(1433, 4)
(134247797753, 4)
(1437, 4)
(134622529917, 4)
(1438, 1)
(134716212958, 4)
(1442, 1)
(135090945122, 4)
(1443, 2)
(135184628163, 3)
(1447, 2)
(135559360327, 2)
(1448, 0)
(135653043368, 0)
(1452, 2)
(136027775532, 3)
(1453, 1)
(136121458573, 1)
(1457, 4)
(136496190737, 1)
(1458, 2)
(136589873778, 2)
(1462, 4)
(136964605942, 4)
(1463, 2)
(137058288983, 2)
(1467, 0)
(137433021147, 0)
(1468, 2)
(137526704188, 3)
(1472, 4)
(137901436352, 4)
(1473, 2)
(137995119393, 2)
(1477, 1)
(138369851557, 4)
(1478, 0)
(138463534598, 0)
(1482, 1)
(138838266762, 1)
(1483, 3)
(138931949803, 3)
(1487, 3)
(139306681967, 2)
(1488, 2)
(139400365008, 2)
(1492, 0)
(139775097172, 0)
(1493, 3)
(139868780213, 2)
(1497, 0)
(140243512377, 0)
(1498, 1)
(140337195418, 4)
(1502, 1)
(140711927582, 1)
(1503, 3)
(140805610623, 3)
(1507, 4)
(141180342787, 1)
(1508, 0)
(141274025828, 0)
(1512, 0)
(141648757992, 0)
(1513, 4)
(141742441033, 1)
(1517, 3)
(142117173197, 3)
(1518, 4)
(142210856238, 1)
(1522, 0)
(142585588402, 0)
(1523, 3)
(142679271443, 2)
(1527, 1)
(143054003607, 1)
(1528, 0)
(143147686648, 0)
(1532, 4)
(143522418812, 4)
(1533, 1)
(143616101853, 1)
(1537, 1)
(143990834017, 4)
(1538, 4)
(144084517058, 1)
(1542, 0)
(144459249222, 0)
(1543, 4)
(144552932263, 4)
(1547, 2)
(144927664427, 2)
(1548, 0)
(145021347468, 0)
(1552, 3)
(145396079632, 2)
(1553, 0)
(145489762673, 0)
(1557, 2)
(145864494837, 2)
(1558, 2)
(145958177878, 3)
(1562, 2)
(146332910042, 2)
(1563, 4)
(146426593083, 1)
(1567, 0)
(146801325247, 0)
(1568, 2)
(146895008288, 2)
(1572, 0)
(147269740452, 0)
(1573, 3)
(147363423493, 2)
(1577, 3)
(147738155657, 2)
(1578, 1)
(147831838698, 4)
(1582, 4)
(148206570862, 1)
(1583, 3)
(148300253903, 2)
(1587, 0)
(148674986067, 0)
(1588, 0)
(148768669108, 0)
(1592, 0)
(149143401272, 0)
(1593, 4)
(149237084313, 4)
(1597, 4)
(149611816477, 1)
(1598, 2)
(149705499518, 3)
(1602, 0)
(150080231682, 0)
(1603, 4)
(150173914723, 4)
(1607, 3)
(150548646887, 2)
(1608, 0)
(150642329928, 0)
(1612, 4)
(151017062092, 4)
(1613, 3)
(151110745133, 3)
(1617, 3)
(151485477297, 2)
(1618, 2)
(151579160338, 3)
(1622, 0)
(151953892502, 0)
(1623, 3)
(152047575543, 3)
(1627, 2)
(152422307707, 2)
(1628, 3)
(152515990748, 2)
(1632, 3)
(152890722912, 3)
(1633, 4)
(152984405953, 4)
(1637, 3)
(153359138117, 3)
(1638, 1)
(153452821158, 4)
(1642, 1)
(153827553322, 4)
(1643, 0)
(153921236363, 0)
(1647, 3)
(154295968527, 2)
(1648, 0)
(154389651568, 0)
(1652, 0)
(154764383732, 0)
(1653, 4)
(154858066773, 1)
(1657, 1)
(155232798937, 4)
(1658, 2)
(155326481978, 3)
(1662, 0)
(155701214142, 0)
(1663, 2)
(155794897183, 2)
(1667, 3)
(156169629347, 3)
(1668, 0)
(156263312388, 0)
(1672, 0)
(156638044552, 0)
(1673, 3)
(156731727593, 3)
(1677, 1)
(157106459757, 4)
(1678, 0)
(157200142798, 0)
(1682, 4)
(157574874962, 4)
(1683, 0)
(157668558003, 0)
(1687, 2)
(158043290167, 3)
(1688, 0)
(158136973208, 0)
(1692, 0)
(158511705372, 0)
(1693, 3)
(158605388413, 3)
(1697, 3)
(158980120577, 3)
(1698, 1)
(159073803618, 1)
(1702, 0)
(159448535782, 0)
(1703, 3)
(159542218823, 2)
(1707, 0)
(159916950987, 0)
(1708, 1)
(160010634028, 1)
(1712, 4)
(160385366192, 1)
(1713, 4)
(160479049233, 4)
(1717, 1)
(160853781397, 4)
(1718, 1)
(160947464438, 4)
(1722, 1)
(161322196602, 1)
(1723, 0)
(161415879643, 0)
(1727, 4)
(161790611807, 1)
(1728, 0)
(161884294848, 0)
(1732, 0)
(162259027012, 0)
(1733, 1)
(162352710053, 1)
(1737, 0)
(162727442217, 0)
(1738, 1)
(162821125258, 1)
(1742, 1)
(163195857422, 4)
(1743, 4)
(163289540463, 4)
(1747, 0)
(163664272627, 0)
(1748, 0)
(163757955668, 0)
(1752, 0)
(164132687832, 0)
(1753, 0)
(164226370873, 0)
(1757, 3)
(164601103037, 3)
(1758, 0)
(164694786078, 0)
(1762, 1)
(165069518242, 4)
(1763, 3)
(165163201283, 3)
(1767, 3)
(165537933447, 3)
(1768, 0)
(165631616488, 0)
(1772, 0)
(166006348652, 0)
(1773, 0)
(166100031693, 0)
(1777, 4)
(166474763857, 1)
(1778, 0)
(166568446898, 0)
(1782, 1)
(166943179062, 1)
(1783, 2)
(167036862103, 2)
(1787, 2)
(167411594267, 3)
(1788, 2)
(167505277308, 3)
(1792, 1)
(167880009472, 1)
(1793, 4)
(167973692513, 1)
(1797, 4)
(168348424677, 4)
(1798, 0)
(168442107718, 0)
(1802, 3)
(168816839882, 3)
(1803, 2)
(168910522923, 2)
(1807, 3)
(169285255087, 2)
(1808, 4)
(169378938128, 1)
(1812, 0)
(169753670292, 0)
(1813, 2)
(169847353333, 3)
(1817, 0)
(170222085497, 0)
(1818, 0)
(170315768538, 0)
(1822, 4)
(170690500702, 4)
(1823, 0)
(170784183743, 0)
(1827, 2)
(171158915907, 2)
(1828, 0)
(171252598948, 0)
(1832, 0)
(171627331112, 0)
(1833, 1)
(171721014153, 1)
(1837, 4)
(172095746317, 4)
(1838, 3)
(172189429358, 2)
(1842, 4)
(172564161522, 1)
(1843, 4)
(172657844563, 1)
(1847, 2)
(173032576727, 3)
(1848, 0)
(173126259768, 0)
(1852, 4)
(173500991932, 1)
(1853, 4)
(173594674973, 1)
(1857, 0)
(173969407137, 0)
(1858, 0)
(174063090178, 0)
(1862, 3)
(174437822342, 3)
(1863, 2)
(174531505383, 2)
(1867, 0)
(174906237547, 0)
(1868, 1)
(174999920588, 4)
(1872, 0)
(175374652752, 0)
(1873, 3)
(175468335793, 3)
(1877, 4)
(175843067957, 4)
(1878, 4)
(175936750998, 1)
(1882, 2)
(176311483162, 3)
(1883, 1)
(176405166203, 1)
(1887, 0)
(176779898367, 0)
(1888, 3)
(176873581408, 2)
(1892, 0)
(177248313572, 0)
(1893, 0)
(177341996613, 0)
(1897, 1)
(177716728777, 1)
(1898, 3)
(177810411818, 3)
(1902, 4)
(178185143982, 1)
(1903, 2)
(178278827023, 2)
(1907, 3)
(178653559187, 2)
(1908, 0)
(178747242228, 0)
(1912, 0)
(179121974392, 0)
(1913, 4)
(179215657433, 4)
(1917, 2)
(179590389597, 3)
(1918, 1)
(179684072638, 4)
(1922, 2)
(180058804802, 2)
(1923, 0)
(180152487843, 0)
(1927, 2)
(180527220007, 3)
(1928, 0)
(180620903048, 0)
(1932, 3)
(180995635212, 2)
(1933, 2)
(181089318253, 3)
(1937, 3)
(181464050417, 2)
(1938, 2)
(181557733458, 2)
(1942, 3)
(181932465622, 2)
(1943, 2)
(182026148663, 2)
(1947, 3)
(182400880827, 3)
(1948, 1)
(182494563868, 1)
(1952, 0)
(182869296032, 0)
(1953, 0)
(182962979073, 0)
(1957, 1)
(183337711237, 4)
(1958, 2)
(183431394278, 2)
(1962, 0)
(183806126442, 0)
(1963, 4)
(183899809483, 1)
(1967, 4)
(184274541647, 4)
(1968, 4)
(184368224688, 4)
(1972, 0)
(184742956852, 0)
(1973, 3)
(184836639893, 3)
(1977, 1)
(185211372057, 4)
(1978, 2)
(185305055098, 3)
(1982, 1)
(185679787262, 4)
(1983, 1)
(185773470303, 4)
(1987, 2)
(186148202467, 2)
(1988, 0)
(186241885508, 0)
(1992, 0)
(186616617672, 0)
(1993, 1)
(186710300713, 4)
(1997, 2)
(187085032877, 3)
(1998, 3)
(187178715918, 3)
(2002, 4)
(187553448082, 1)
(2003, 1)
(187647131123, 4)
(2007, 0)
(188021863287, 0)
(2008, 0)
(188115546328, 0)
(2012, 2)
(188490278492, 3)
(2013, 4)
(188583961533, 1)
(2017, 2)
(188958693697, 2)
(2018, 3)
(189052376738, 3)
(2022, 1)
(189427108902, 4)
(2023, 4)
(189520791943, 4)
(2027, 1)
(189895524107, 4)
(2028, 3)
(189989207148, 2)
(2032, 0)
(190363939312, 0)
(2033, 2)
(190457622353, 3)
(2037, 4)
(190832354517, 4)
(2038, 3)
(190926037558, 2)
(2042, 0)
(191300769722, 0)
(2043, 0)
(191394452763, 0)
(2047, 2)
(191769184927, 2)
(2048, 0)
(191862867968, 0)
(2052, 0)
(192237600132, 0)
(2053, 2)
(192331283173, 2)
(2057, 4)
(192706015337, 1)
(2058, 2)
(192799698378, 3)
(2062, 3)
(193174430542, 2)
(2063, 0)
(193268113583, 0)
(2067, 3)
(193642845747, 2)
(2068, 0)
(193736528788, 0)
(2072, 0)
(194111260952, 0)
(2073, 0)
(194204943993, 0)
(2077, 1)
(194579676157, 4)
(2078, 0)
(194673359198, 0)
(2082, 1)
(195048091362, 1)
(2083, 3)
(195141774403, 3)
(2087, 0)
(195516506567, 0)
(2088, 0)
(195610189608, 0)
(2092, 0)
(195984921772, 0)
(2093, 0)
(196078604813, 0)
(2097, 1)
(196453336977, 1)
(2098, 4)
(196547020018, 4)
(2102, 4)
(196921752182, 1)
(2103, 4)
(197015435223, 4)
(2107, 4)
(197390167387, 1)
(2108, 4)
(197483850428, 4)
(2112, 4)
(197858582592, 1)
(2113, 4)
(197952265633, 4)
(2117, 1)
(198326997797, 4)
(2118, 0)
(198420680838, 0)
(2122, 2)
(198795413002, 2)
(2123, 1)
(198889096043, 4)
(2127, 2)
(199263828207, 2)
(2128, 2)
(199357511248, 2)
(2132, 0)
(199732243412, 0)
(2133, 2)
(199825926453, 3)
(2137, 1)
(200200658617, 4)
(2138, 2)
(200294341658, 3)
(2142, 0)
(200669073822, 0)
(2143, 3)
(200762756863, 2)
(2147, 4)
(201137489027, 1)
(2148, 0)
(201231172068, 0)
(2152, 0)
(201605904232, 0)
(2153, 3)
(201699587273, 3)
(2157, 4)
(202074319437, 4)
(2158, 0)
(202168002478, 0)
(2162, 4)
(202542734642, 4)
(2163, 2)
(202636417683, 2)
(2167, 2)
(203011149847, 2)
(2168, 0)
(203104832888, 0)
(2172, 4)
(203479565052, 4)
(2173, 0)
(203573248093, 0)
(2177, 0)
(203947980257, 0)
(2178, 3)
(204041663298, 3)
(2182, 3)
(204416395462, 3)
(2183, 2)
(204510078503, 2)
(2187, 0)
(204884810667, 0)
(2188, 4)
(204978493708, 4)
(2192, 1)
(205353225872, 4)
(2193, 1)
(205446908913, 4)
(2197, 3)
(205821641077, 2)
(2198, 1)
(205915324118, 4)
(2202, 0)
(206290056282, 0)
(2203, 0)
(206383739323, 0)
(2207, 1)
(206758471487, 1)
(2208, 4)
(206852154528, 1)
(2212, 0)
(207226886692, 0)
(2213, 3)
(207320569733, 3)
(2217, 3)
(207695301897, 2)
(2218, 1)
(207788984938, 1)
(2222, 3)
(208163717102, 3)
(2223, 0)
(208257400143, 0)
(2227, 1)
(208632132307, 4)
(2228, 0)
(208725815348, 0)
(2232, 0)
(209100547512, 0)
(2233, 4)
(209194230553, 4)
(2237, 0)
(209568962717, 0)
(2238, 3)
(209662645758, 3)
(2242, 4)
(210037377922, 1)
(2243, 0)
(210131060963, 0)
(2247, 0)
(210505793127, 0)
(2248, 0)
(210599476168, 0)
(2252, 3)
(210974208332, 2)
(2253, 4)
(211067891373, 1)
(2257, 4)
(211442623537, 1)
(2258, 3)
(211536306578, 2)
(2262, 1)
(211911038742, 1)
(2263, 2)
(212004721783, 2)
(2267, 1)
(212379453947, 1)
(2268, 1)
(212473136988, 1)
(2272, 3)
(212847869152, 3)
(2273, 2)
(212941552193, 3)
(2277, 0)
(213316284357, 0)
(2278, 4)
(213409967398, 1)
(2282, 0)
(213784699562, 0)
(2283, 4)
(213878382603, 1)
(2287, 1)
(214253114767, 1)
(2288, 0)
(214346797808, 0)
(2292, 0)
(214721529972, 0)
(2293, 1)
(214815213013, 1)
(2297, 0)
(215189945177, 0)
(2298, 2)
(215283628218, 3)
(2302, 4)
(215658360382, 1)
(2303, 0)
(215752043423, 0)
(2307, 3)
(216126775587, 3)
(2308, 0)
(216220458628, 0)
(2312, 0)
(216595190792, 0)
(2313, 2)
(216688873833, 3)
(2317, 4)
(217063605997, 1)
(2318, 1)
(217157289038, 1)
(2322, 3)
(217532021202, 3)
(2323, 2)
(217625704243, 2)
(2327, 2)
(218000436407, 2)
(2328, 0)
(218094119448, 0)
(2332, 1)
(218468851612, 4)
(2333, 1)
(218562534653, 1)
(2337, 2)
(218937266817, 2)
(2338, 4)
(219030949858, 4)
(2342, 3)
(219405682022, 2)
(2343, 2)
(219499365063, 3)
(2347, 0)
(219874097227, 0)
(2348, 1)
(219967780268, 1)
(2352, 2)
(220342512432, 3)
(2353, 4)
(220436195473, 4)
(2357, 2)
(220810927637, 3)
(2358, 0)
(220904610678, 0)
(2362, 4)
(221279342842, 4)
(2363, 0)
(221373025883, 0)
(2367, 1)
(221747758047, 1)
(2368, 3)
(221841441088, 2)
(2372, 0)
(222216173252, 0)
(2373, 1)
(222309856293, 1)
(2377, 1)
(222684588457, 4)
(2378, 0)
(222778271498, 0)
(2382, 2)
(223153003662, 3)
(2383, 4)
(223246686703, 4)
(2387, 2)
(223621418867, 3)
(2388, 0)
(223715101908, 0)
(2392, 0)
(224089834072, 0)
(2393, 0)
(224183517113, 0)
(2397, 2)
(224558249277, 2)
(2398, 0)
(224651932318, 0)
(2402, 0)
(225026664482, 0)
(2403, 2)
(225120347523, 3)
(2407, 0)
(225495079687, 0)
(2408, 0)
(225588762728, 0)
(2412, 0)
(225963494892, 0)
(2413, 1)
(226057177933, 1)
(2417, 1)
(226431910097, 4)
(2418, 4)
(226525593138, 1)
(2422, 0)
(226900325302, 0)
(2423, 3)
(226994008343, 2)
(2427, 4)
(227368740507, 4)
(2428, 4)
(227462423548, 1)
(2432, 1)
(227837155712, 1)
(2433, 0)
(227930838753, 0)
(2437, 3)
(228305570917, 2)
(2438, 3)
(228399253958, 2)
(2442, 3)
(228773986122, 3)
(2443, 4)
(228867669163, 4)
(2447, 3)
(229242401327, 3)
(2448, 1)
(229336084368, 4)
(2452, 0)
(229710816532, 0)
(2453, 3)
(229804499573, 3)
(2457, 2)
(230179231737, 2)
(2458, 3)
(230272914778, 2)
(2462, 3)
(230647646942, 3)
(2463, 4)
(230741329983, 4)
(2467, 2)
(231116062147, 3)
(2468, 0)
(231209745188, 0)
(2472, 0)
(231584477352, 0)
(2473, 0)
(231678160393, 0)
(2477, 3)
(232052892557, 3)
(2478, 2)
(232146575598, 2)
(2482, 1)
(232521307762, 1)
(2483, 0)
(232614990803, 0)
(2487, 0)
(232989722967, 0)
(2488, 0)
(233083406008, 0)
(2492, 4)
(233458138172, 4)
(2493, 0)
(233551821213, 0)
(2497, 3)
(233926553377, 3)
(2498, 0)
(234020236418, 0)
(2502, 3)
(234394968582, 3)
(2503, 1)
(234488651623, 4)
(2507, 4)
(234863383787, 4)
(2508, 2)
(234957066828, 3)
(2512, 2)
(235331798992, 3)
(2513, 3)
(235425482033, 2)
(2517, 4)
(235800214197, 4)
(2518, 0)
(235893897238, 0)
(2522, 4)
(236268629402, 4)
(2523, 3)
(236362312443, 2)
(2527, 4)
(236737044607, 4)
(2528, 4)
(236830727648, 4)
(2532, 0)
(237205459812, 0)
(2533, 4)
(237299142853, 1)
(2537, 0)
(237673875017, 0)
(2538, 2)
(237767558058, 3)
(2542, 4)
(238142290222, 4)
(2543, 0)
(238235973263, 0)
(2547, 0)
(238610705427, 0)
(2548, 0)
(238704388468, 0)
(2552, 0)
(239079120632, 0)
(2553, 1)
(239172803673, 1)
(2557, 3)
(239547535837, 3)
(2558, 4)
(239641218878, 4)
(2562, 1)
(240015951042, 4)
(2563, 4)
(240109634083, 4)
(2567, 1)
(240484366247, 4)
(2568, 0)
(240578049288, 0)
(2572, 1)
(240952781452, 4)
(2573, 1)
(241046464493, 1)
(2577, 0)
(241421196657, 0)
(2578, 1)
(241514879698, 1)
(2582, 0)
(241889611862, 0)
(2583, 2)
(241983294903, 3)
(2587, 3)
(242358027067, 2)
(2588, 4)
(242451710108, 4)
(2592, 3)
(242826442272, 3)
(2593, 1)
(242920125313, 1)
(2597, 4)
(243294857477, 1)
(2598, 4)
(243388540518, 1)
(2602, 4)
(243763272682, 4)
(2603, 0)
(243856955723, 0)
(2607, 2)
(244231687887, 3)
(2608, 2)
(244325370928, 3)
(2612, 0)
(244700103092, 0)
(2613, 1)
(244793786133, 1)
(2617, 2)
(245168518297, 3)
(2618, 0)
(245262201338, 0)
(2622, 1)
(245636933502, 4)
(2623, 2)
(245730616543, 3)
(2627, 2)
(246105348707, 3)
(2628, 0)
(246199031748, 0)
(2632, 0)
(246573763912, 0)
(2633, 3)
(246667446953, 3)
(2637, 4)
(247042179117, 4)
(2638, 0)
(247135862158, 0)
(2642, 3)
(247510594322, 3)
(2643, 0)
(247604277363, 0)
(2647, 0)
(247979009527, 0)
(2648, 0)
(248072692568, 0)
(2652, 2)
(248447424732, 3)
(2653, 1)
(248541107773, 4)
(2657, 2)
(248915839937, 2)
(2658, 4)
(249009522978, 1)
(2662, 1)
(249384255142, 1)
(2663, 3)
(249477938183, 3)
(2667, 3)
(249852670347, 2)
(2668, 2)
(249946353388, 2)
(2672, 4)
(250321085552, 4)
(2673, 3)
(250414768593, 2)
(2677, 2)
(250789500757, 3)
(2678, 0)
(250883183798, 0)
(2682, 0)
(251257915962, 0)
(2683, 0)
(251351599003, 0)
(2687, 4)
(251726331167, 1)
(2688, 1)
(251820014208, 4)
(2692, 0)
(252194746372, 0)
(2693, 3)
(252288429413, 3)
(2697, 4)
(252663161577, 4)
(2698, 4)
(252756844618, 4)
(2702, 2)
(253131576782, 3)
(2703, 3)
(253225259823, 2)
(2707, 2)
(253599991987, 3)
(2708, 0)
(253693675028, 0)
(2712, 0)
(254068407192, 0)
(2713, 1)
(254162090233, 1)
(2717, 2)
(254536822397, 3)
(2718, 1)
(254630505438, 1)
(2722, 0)
(255005237602, 0)
(2723, 3)
(255098920643, 3)
(2727, 0)
(255473652807, 0)
(2728, 0)
(255567335848, 0)
(2732, 0)
(255942068012, 0)
(2733, 3)
(256035751053, 2)
(2737, 1)
(256410483217, 4)
(2738, 4)
(256504166258, 4)
(2742, 3)
(256878898422, 3)
(2743, 0)
(256972581463, 0)
(2747, 3)
(257347313627, 2)
(2748, 1)
(257440996668, 4)
(2752, 0)
(257815728832, 0)
(2753, 2)
(257909411873, 2)
(2757, 4)
(258284144037, 4)
(2758, 4)
(258377827078, 4)
(2762, 4)
(258752559242, 4)
(2763, 0)
(258846242283, 0)
(2767, 4)
(259220974447, 4)
(2768, 2)
(259314657488, 2)
(2772, 0)
(259689389652, 0)
(2773, 4)
(259783072693, 1)
(2777, 0)
(260157804857, 0)
(2778, 1)
(260251487898, 1)
(2782, 2)
(260626220062, 2)
(2783, 4)
(260719903103, 4)
(2787, 1)
(261094635267, 1)
(2788, 0)
(261188318308, 0)
(2792, 0)
(261563050472, 0)
(2793, 4)
(261656733513, 1)
(2797, 3)
(262031465677, 3)
(2798, 4)
(262125148718, 1)
(2802, 1)
(262499880882, 1)
(2803, 1)
(262593563923, 1)
(2807, 3)
(262968296087, 3)
(2808, 0)
(263061979128, 0)
(2812, 3)
(263436711292, 2)
(2813, 0)
(263530394333, 0)
(2817, 0)
(263905126497, 0)
(2818, 0)
(263998809538, 0)
(2822, 2)
(264373541702, 2)
(2823, 1)
(264467224743, 1)
(2827, 3)
(264841956907, 2)
(2828, 3)
(264935639948, 3)
(2832, 3)
(265310372112, 3)
(2833, 3)
(265404055153, 2)
(2837, 1)
(265778787317, 4)
(2838, 0)
(265872470358, 0)
(2842, 2)
(266247202522, 2)
(2843, 0)
(266340885563, 0)
(2847, 3)
(266715617727, 2)
(2848, 4)
(266809300768, 4)
(2852, 0)
(267184032932, 0)
(2853, 0)
(267277715973, 0)
(2857, 0)
(267652448137, 0)
(2858, 3)
(267746131178, 3)
(2862, 2)
(268120863342, 2)
(2863, 2)
(268214546383, 2)
(2867, 2)
(268589278547, 2)
(2868, 0)
(268682961588, 0)
(2872, 0)
(269057693752, 0)
(2873, 3)
(269151376793, 2)
(2877, 0)
(269526108957, 0)
(2878, 1)
(269619791998, 1)
(2882, 1)
(269994524162, 1)
(2883, 3)
(270088207203, 2)
(2887, 0)
(270462939367, 0)
(2888, 0)
(270556622408, 0)
(2892, 3)
(270931354572, 3)
(2893, 4)
(271025037613, 4)
(2897, 1)
(271399769777, 4)
(2898, 0)
(271493452818, 0)
(2902, 2)
(271868184982, 2)
(2903, 4)
(271961868023, 1)
(2907, 2)
(272336600187, 3)
(2908, 4)
(272430283228, 1)
(2912, 4)
(272805015392, 1)
(2913, 2)
(272898698433, 2)
(2917, 2)
(273273430597, 2)
(2918, 4)
(273367113638, 1)
(2922, 1)
(273741845802, 4)
(2923, 4)
(273835528843, 1)
(2927, 4)
(274210261007, 4)
(2928, 3)
(274303944048, 2)
(2932, 0)
(274678676212, 0)
(2933, 1)
(274772359253, 1)
(2937, 4)
(275147091417, 1)
(2938, 4)
(275240774458, 4)
(2942, 0)
(275615506622, 0)
(2943, 3)
(275709189663, 2)
(2947, 3)
(276083921827, 3)
(2948, 0)
(276177604868, 0)
(2952, 0)
(276552337032, 0)
(2953, 1)
(276646020073, 4)
(2957, 4)
(277020752237, 4)
(2958, 2)
(277114435278, 2)
(2962, 4)
(277489167442, 1)
(2963, 2)
(277582850483, 2)
(2967, 1)
(277957582647, 1)
(2968, 0)
(278051265688, 0)
(2972, 2)
(278425997852, 2)
(2973, 2)
(278519680893, 2)
(2977, 4)
(278894413057, 1)
(2978, 0)
(278988096098, 0)
(2982, 1)
(279362828262, 4)
(2983, 0)
(279456511303, 0)
(2987, 0)
(279831243467, 0)
(2988, 2)
(279924926508, 3)
(2992, 1)
(280299658672, 4)
(2993, 2)
(280393341713, 2)
(2997, 4)
(280768073877, 1)
(2998, 3)
(280861756918, 2)
(3002, 4)
(281236489082, 4)
(3003, 2)
(281330172123, 2)
(3007, 0)
(281704904287, 0)
(3008, 0)
(281798587328, 0)
(3012, 0)
(282173319492, 0)
(3013, 3)
(282267002533, 3)
(3017, 3)
(282641734697, 2)
(3018, 4)
(282735417738, 4)
(3022, 2)
(283110149902, 2)
(3023, 2)
(283203832943, 2)
(3027, 2)
(283578565107, 3)
(3028, 0)
(283672248148, 0)
(3032, 0)
(284046980312, 0)
(3033, 0)
(284140663353, 0)
(3037, 3)
(284515395517, 3)
(3038, 1)
(284609078558, 4)
(3042, 0)
(284983810722, 0)
(3043, 3)
(285077493763, 3)
(3047, 2)
(285452225927, 2)
(3048, 0)
(285545908968, 0)
(3052, 3)
(285920641132, 3)
(3053, 0)
(286014324173, 0)
(3057, 3)
(286389056337, 3)
(3058, 2)
(286482739378, 2)
(3062, 4)
(286857471542, 1)
(3063, 1)
(286951154583, 1)
(3067, 2)
(287325886747, 2)
(3068, 1)
(287419569788, 1)
(3072, 4)
(287794301952, 1)
(3073, 1)
(287887984993, 1)
(3077, 4)
(288262717157, 4)
(3078, 4)
(288356400198, 4)
(3082, 0)
(288731132362, 0)
(3083, 2)
(288824815403, 3)
(3087, 0)
(289199547567, 0)
(3088, 2)
(289293230608, 3)
(3092, 0)
(289667962772, 0)
(3093, 2)
(289761645813, 2)
(3097, 3)
(290136377977, 2)
(3098, 4)
(290230061018, 4)
(3102, 1)
(290604793182, 4)
(3103, 0)
(290698476223, 0)
(3107, 3)
(291073208387, 2)
(3108, 0)
(291166891428, 0)
(3112, 0)
(291541623592, 0)
(3113, 1)
(291635306633, 4)
(3117, 0)
(292010038797, 0)
(3118, 0)
(292103721838, 0)
(3122, 3)
(292478454002, 3)
(3123, 0)
(292572137043, 0)
(3127, 1)
(292946869207, 1)
(3128, 0)
(293040552248, 0)
(3132, 3)
(293415284412, 2)
(3133, 0)
(293508967453, 0)
(3137, 1)
(293883699617, 1)
(3138, 4)
(293977382658, 1)
(3142, 0)
(294352114822, 0)
(3143, 1)
(294445797863, 1)
(3147, 0)
(294820530027, 0)
(3148, 0)
(294914213068, 0)
(3152, 0)
(295288945232, 0)
(3153, 4)
(295382628273, 4)
(3157, 4)
(295757360437, 1)
(3158, 2)
(295851043478, 3)
(3162, 0)
(296225775642, 0)
(3163, 1)
(296319458683, 1)
(3167, 2)
(296694190847, 2)
(3168, 0)
(296787873888, 0)
(3172, 0)
(297162606052, 0)
(3173, 0)
(297256289093, 0)
(3177, 3)
(297631021257, 2)
(3178, 0)
(297724704298, 0)
(3182, 2)
(298099436462, 2)
(3183, 4)
(298193119503, 1)
(3187, 2)
(298567851667, 3)
(3188, 0)
(298661534708, 0)
(3192, 0)
(299036266872, 0)
(3193, 4)
(299129949913, 4)
(3197, 4)
(299504682077, 4)
(3198, 2)
(299598365118, 3)
(3202, 1)
(299973097282, 4)
(3203, 4)
(300066780323, 4)
(3207, 3)
(300441512487, 3)
(3208, 0)
(300535195528, 0)
(3212, 0)
(300909927692, 0)
(3213, 3)
(301003610733, 3)
(3217, 1)
(301378342897, 1)
(3218, 1)
(301472025938, 1)
(3222, 0)
(301846758102, 0)
(3223, 0)
(301940441143, 0)
(3227, 4)
(302315173307, 1)
(3228, 2)
(302408856348, 3)
(3232, 2)
(302783588512, 2)
(3233, 4)
(302877271553, 1)
(3237, 2)
(303252003717, 3)
(3238, 3)
(303345686758, 2)
(3242, 3)
(303720418922, 2)
(3243, 2)
(303814101963, 3)
(3247, 3)
(304188834127, 3)
(3248, 3)
(304282517168, 3)
(3252, 0)
(304657249332, 0)
(3253, 1)
(304750932373, 4)
(3257, 1)
(305125664537, 4)
(3258, 4)
(305219347578, 1)
(3262, 3)
(305594079742, 3)
(3263, 3)
(305687762783, 2)
(3267, 4)
(306062494947, 1)
(3268, 0)
(306156177988, 0)
(3272, 0)
(306530910152, 0)
(3273, 4)
(306624593193, 1)
(3277, 3)
(306999325357, 2)
(3278, 1)
(307093008398, 1)
(3282, 0)
(307467740562, 0)
(3283, 1)
(307561423603, 1)
(3287, 1)
(307936155767, 1)
(3288, 0)
(308029838808, 0)
(3292, 3)
(308404570972, 2)
(3293, 1)
(308498254013, 4)
(3297, 0)
(308872986177, 0)
(3298, 1)
(308966669218, 1)
(3302, 1)
(309341401382, 4)
(3303, 0)
(309435084423, 0)
(3307, 4)
(309809816587, 1)
(3308, 1)
(309903499628, 4)
(3312, 1)
(310278231792, 1)
(3313, 1)
(310371914833, 1)
(3317, 1)
(310746646997, 1)
(3318, 2)
(310840330038, 3)
(3322, 4)
(311215062202, 4)
(3323, 3)
(311308745243, 2)
(3327, 4)
(311683477407, 1)
(3328, 2)
(311777160448, 3)
(3332, 0)
(312151892612, 0)
(3333, 3)
(312245575653, 2)
(3337, 4)
(312620307817, 4)
(3338, 0)
(312713990858, 0)
(3342, 4)
(313088723022, 4)
(3343, 4)
(313182406063, 1)
(3347, 1)
(313557138227, 1)
(3348, 0)
(313650821268, 0)
(3352, 0)
(314025553432, 0)
(3353, 0)
(314119236473, 0)
(3357, 0)
(314493968637, 0)
(3358, 2)
(314587651678, 3)
(3362, 4)
(314962383842, 4)
(3363, 4)
(315056066883, 4)
(3367, 0)
(315430799047, 0)
(3368, 0)
(315524482088, 0)
(3372, 2)
(315899214252, 3)
(3373, 4)
(315992897293, 1)
(3377, 3)
(316367629457, 3)
(3378, 4)
(316461312498, 4)
(3382, 0)
(316836044662, 0)
(3383, 1)
(316929727703, 4)
(3387, 2)
(317304459867, 2)
(3388, 3)
(317398142908, 3)
(3392, 1)
(317772875072, 4)
(3393, 2)
(317866558113, 3)
(3397, 0)
(318241290277, 0)
(3398, 3)
(318334973318, 3)
(3402, 3)
(318709705482, 2)
(3403, 2)
(318803388523, 2)
(3407, 3)
(319178120687, 2)
(3408, 4)
(319271803728, 1)
(3412, 0)
(319646535892, 0)
(3413, 3)
(319740218933, 2)
(3417, 4)
(320114951097, 4)
(3418, 2)
(320208634138, 3)
(3422, 3)
(320583366302, 2)
(3423, 0)
(320677049343, 0)
(3427, 1)
(321051781507, 1)
(3428, 0)
(321145464548, 0)
(3432, 0)
(321520196712, 0)
(3433, 1)
(321613879753, 1)
(3437, 2)
(321988611917, 3)
(3438, 0)
(322082294958, 0)
(3442, 0)
(322457027122, 0)
(3443, 4)
(322550710163, 4)
(3447, 4)
(322925442327, 4)
(3448, 0)
(323019125368, 0)
(3452, 2)
(323393857532, 3)
(3453, 3)
(323487540573, 3)
(3457, 3)
(323862272737, 2)
(3458, 0)
(323955955778, 0)
(3462, 3)
(324330687942, 2)
(3463, 4)
(324424370983, 1)
(3467, 4)
(324799103147, 1)
(3468, 4)
(324892786188, 1)
(3472, 1)
(325267518352, 4)
(3473, 0)
(325361201393, 0)
(3477, 2)
(325735933557, 3)
(3478, 4)
(325829616598, 1)
(3482, 4)
(326204348762, 1)
(3483, 3)
(326298031803, 2)
(3487, 2)
(326672763967, 2)
(3488, 0)
(326766447008, 0)
(3492, 0)
(327141179172, 0)
(3493, 3)
(327234862213, 2)
(3497, 2)
(327609594377, 3)
(3498, 0)
(327703277418, 0)
(3502, 4)
(328078009582, 4)
(3503, 2)
(328171692623, 2)
(3507, 3)
(328546424787, 2)
(3508, 0)
(328640107828, 0)
(3512, 0)
(329014839992, 0)
(3513, 4)
(329108523033, 4)
(3517, 0)
(329483255197, 0)
(3518, 3)
(329576938238, 2)
(3522, 3)
(329951670402, 2)
(3523, 4)
(330045353443, 1)
(3527, 0)
(330420085607, 0)
(3528, 0)
(330513768648, 0)
(3532, 1)
(330888500812, 4)
(3533, 0)
(330982183853, 0)
(3537, 3)
(331356916017, 2)
(3538, 3)
(331450599058, 3)
(3542, 2)
(331825331222, 2)
(3543, 3)
(331919014263, 2)
(3547, 4)
(332293746427, 1)
(3548, 2)
(332387429468, 2)
(3552, 4)
(332762161632, 4)
(3553, 1)
(332855844673, 4)
(3557, 4)
(333230576837, 4)
(3558, 3)
(333324259878, 2)
(3562, 2)
(333698992042, 2)
(3563, 3)
(333792675083, 2)
(3567, 0)
(334167407247, 0)
(3568, 2)
(334261090288, 2)
