(2, 4)
(11510402, 4)
(3, 3)
(17265603, 3)
(7, 4)
(40286407, 4)
(8, 0)
(46041608, 0)
(12, 4)
(69062412, 4)
(13, 3)
(74817613, 2)
(17, 4)
(97838417, 4)
(18, 3)
(103593618, 3)
(22, 3)
(126614422, 2)
(23, 3)
(132369623, 3)
(27, 3)
(155390427, 3)
(28, 3)
(161145628, 3)
(32, 2)
(184166432, 2)
(33, 1)
(189921633, 4)
(37, 2)
(212942437, 3)
(38, 1)
(218697638, 4)
(42, 1)
(241718442, 1)
(43, 4)
(247473643, 4)
(47, 0)
(270494447, 0)
(48, 4)
(276249648, 4)
(52, 0)
(299270452, 0)
(53, 4)
(305025653, 1)
(57, 4)
(328046457, 1)
(58, 2)
(333801658, 3)
(62, 2)
(356822462, 2)
(63, 0)
(362577663, 0)
(67, 1)
(385598467, 4)
(68, 0)
(391353668, 0)
(72, 0)
(414374472, 0)
(73, 1)
(420129673, 4)
(77, 3)
(443150477, 2)
(78, 4)
(448905678, 1)
(82, 1)
(471926482, 1)
(83, 2)
(477681683, 3)
(87, 4)
(500702487, 1)
(88, 0)
(506457688, 0)
(92, 1)
(529478492, 1)
(93, 1)
(535233693, 1)
(97, 4)
(558254497, 1)
(98, 4)
(564009698, 4)
(102, 1)
(587030502, 1)
(103, 0)
(592785703, 0)
(107, 3)
(615806507, 3)
(108, 4)
(621561708, 4)
(112, 4)
(644582512, 4)
(113, 2)
(650337713, 2)
(117, 0)
(673358517, 0)
(118, 1)
(679113718, 1)
(122, 0)
(702134522, 0)
(123, 3)
(707889723, 3)
(127, 0)
(730910527, 0)
(128, 4)
(736665728, 4)
(132, 0)
(759686532, 0)
(133, 1)
(765441733, 4)
(137, 3)
(788462537, 2)
(138, 3)
(794217738, 3)
(142, 1)
(817238542, 1)
(143, 0)
(822993743, 0)
(147, 4)
(846014547, 4)
(148, 0)
(851769748, 0)
(152, 0)
(874790552, 0)
(153, 3)
(880545753, 3)
(157, 1)
(903566557, 1)
(158, 3)
(909321758, 3)
(162, 1)
(932342562, 1)
(163, 4)
(938097763, 4)
(167, 4)
(961118567, 1)
(168, 0)
(966873768, 0)
(172, 2)
(989894572, 2)
(173, 1)
(995649773, 1)
(177, 4)
(1018670577, 4)
(178, 3)
(1024425778, 3)
(182, 3)
(1047446582, 2)
(183, 3)
(1053201783, 3)
(187, 2)
(1076222587, 3)
(188, 0)
(1081977788, 0)
(192, 0)
(1104998592, 0)
(193, 1)
(1110753793, 1)
(197, 0)
(1133774597, 0)
(198, 0)
(1139529798, 0)
(202, 4)
(1162550602, 4)
(203, 1)
(1168305803, 4)
(207, 1)
(1191326607, 1)
(208, 1)
(1197081808, 4)
(212, 0)
(1220102612, 0)
(213, 2)
(1225857813, 2)
(217, 3)
(1248878617, 3)
(218, 0)
(1254633818, 0)
(222, 3)
(1277654622, 2)
(223, 2)
(1283409823, 3)
(227, 0)
(1306430627, 0)
(228, 0)
(1312185828, 0)
(232, 0)
(1335206632, 0)
(233, 3)
(1340961833, 2)
(237, 2)
(1363982637, 2)
(238, 3)
(1369737838, 3)
(242, 4)
(1392758642, 4)
(243, 4)
(1398513843, 4)
(247, 4)
(1421534647, 4)
(248, 0)
(1427289848, 0)
(252, 0)
(1450310652, 0)
(253, 1)
(1456065853, 4)
(257, 1)
(1479086657, 4)
(258, 3)
(1484841858, 3)
(262, 4)
(1507862662, 1)
(263, 3)
(1513617863, 2)
(267, 2)
(1536638667, 2)
(268, 3)
(1542393868, 2)
(272, 3)
(1565414672, 3)
(273, 2)
(1571169873, 3)
(277, 1)
(1594190677, 4)
(278, 4)
(1599945878, 1)
(282, 2)
(1622966682, 3)
(283, 2)
(1628721883, 3)
(287, 1)
(1651742687, 1)
(288, 4)
(1657497888, 4)
(292, 0)
(1680518692, 0)
(293, 2)
(1686273893, 2)
(297, 1)
(1709294697, 4)
(298, 1)
(1715049898, 4)
(302, 3)
(1738070702, 3)
(303, 0)
(1743825903, 0)
(307, 3)
(1766846707, 2)
(308, 0)
(1772601908, 0)
(312, 0)
(1795622712, 0)
(313, 2)
(1801377913, 2)
(317, 0)
(1824398717, 0)
(318, 2)
(1830153918, 3)
(322, 2)
(1853174722, 2)
(323, 1)
(1858929923, 4)
(327, 3)
(1881950727, 3)
(328, 0)
(1887705928, 0)
(332, 1)
(1910726732, 4)
(333, 0)
(1916481933, 0)
(337, 3)
(1939502737, 2)
(338, 0)
(1945257938, 0)
(342, 2)
(1968278742, 3)
(343, 3)
(1974033943, 3)
(347, 0)
(1997054747, 0)
(348, 3)
(2002809948, 2)
(352, 4)
(2025830752, 1)
(353, 4)
(2031585953, 4)
(357, 3)
(2054606757, 3)
(358, 1)
(2060361958, 1)
(362, 2)
(2083382762, 2)
(363, 4)
(2089137963, 4)
(367, 1)
(2112158767, 1)
(368, 3)
(2117913968, 3)
(372, 0)
(2140934772, 0)
(373, 0)
(2146689973, 0)
(377, 1)
(2169710777, 1)
(378, 1)
(2175465978, 1)
(382, 2)
(2198486782, 3)
(383, 2)
(2204241983, 3)
(387, 0)
(2227262787, 0)
(388, 0)
(2233017988, 0)
(392, 0)
(2256038792, 0)
(393, 3)
(2261793993, 2)
(397, 1)
(2284814797, 4)
(398, 0)
(2290569998, 0)
(402, 4)
(2313590802, 1)
(403, 3)
(2319346003, 2)
(407, 4)
(2342366807, 4)
(408, 0)
(2348122008, 0)
(412, 0)
(2371142812, 0)
(413, 0)
(2376898013, 0)
(417, 2)
(2399918817, 3)
(418, 3)
(2405674018, 3)
(422, 0)
(2428694822, 0)
(423, 0)
(2434450023, 0)
(427, 2)
(2457470827, 2)
(428, 4)
(2463226028, 4)
(432, 4)
(2486246832, 4)
(433, 3)
(2492002033, 3)
(437, 0)
(2515022837, 0)
(438, 3)
(2520778038, 2)
(442, 2)
(2543798842, 3)
(443, 0)
(2549554043, 0)
(447, 1)
(2572574847, 4)
(448, 2)
(2578330048, 2)
(452, 0)
(2601350852, 0)
(453, 3)
(2607106053, 3)
(457, 3)
(2630126857, 3)
(458, 1)
(2635882058, 4)
(462, 2)
(2658902862, 3)
(463, 2)
(2664658063, 3)
(467, 2)
(2687678867, 3)
(468, 0)
(2693434068, 0)
(472, 0)
(2716454872, 0)
(473, 3)
(2722210073, 2)
(477, 3)
(2745230877, 2)
(478, 3)
(2750986078, 2)
(482, 0)
(2774006882, 0)
(483, 1)
(2779762083, 1)
(487, 3)
(2802782887, 3)
(488, 0)
(2808538088, 0)
(492, 4)
(2831558892, 4)
(493, 3)
(2837314093, 2)
(497, 4)
(2860334897, 4)
(498, 3)
(2866090098, 2)
(502, 1)
(2889110902, 4)
(503, 1)
(2894866103, 4)
(507, 1)
(2917886907, 1)
(508, 0)
(2923642108, 0)
(512, 4)
(2946662912, 4)
(513, 4)
(2952418113, 1)
(517, 2)
(2975438917, 2)
(518, 1)
(2981194118, 4)
(522, 0)
(3004214922, 0)
(523, 0)
(3009970123, 0)
(527, 2)
(3032990927, 2)
(528, 2)
(3038746128, 3)
(532, 0)
(3061766932, 0)
(533, 3)
(3067522133, 2)
(537, 2)
(3090542937, 2)
(538, 0)
(3096298138, 0)
(542, 1)
(3119318942, 1)
(543, 2)
(3125074143, 2)
(547, 3)
(3148094947, 3)
(548, 0)
(3153850148, 0)
(552, 0)
(3176870952, 0)
(553, 2)
(3182626153, 2)
(557, 3)
(3205646957, 3)
(558, 4)
(3211402158, 4)
(562, 2)
(3234422962, 3)
(563, 1)
(3240178163, 4)
(567, 3)
(3263198967, 3)
(568, 0)
(3268954168, 0)
(572, 0)
(3291974972, 0)
(573, 4)
(3297730173, 1)
(577, 3)
(3320750977, 3)
(578, 2)
(3326506178, 2)
(582, 4)
(3349526982, 1)
(583, 3)
(3355282183, 3)
(587, 2)
(3378302987, 3)
(588, 2)
(3384058188, 2)
(592, 4)
(3407078992, 1)
(593, 1)
(3412834193, 4)
(597, 2)
(3435854997, 2)
(598, 3)
(3441610198, 2)
(602, 1)
(3464631002, 1)
(603, 0)
(3470386203, 0)
(607, 2)
(3493407007, 3)
(608, 3)
(3499162208, 2)
(612, 0)
(3522183012, 0)
(613, 0)
(3527938213, 0)
(617, 2)
(3550959017, 2)
(618, 2)
(3556714218, 3)
(622, 3)
(3579735022, 3)
(623, 2)
(3585490223, 2)
(627, 4)
(3608511027, 4)
(628, 0)
(3614266228, 0)
(632, 0)
(3637287032, 0)
(633, 0)
(3643042233, 0)
(637, 4)
(3666063037, 1)
(638, 0)
(3671818238, 0)
(642, 4)
(3694839042, 4)
(643, 2)
(3700594243, 2)
(647, 2)
(3723615047, 2)
(648, 0)
(3729370248, 0)
(652, 2)
(3752391052, 2)
(653, 1)
(3758146253, 1)
(657, 0)
(3781167057, 0)
(658, 3)
(3786922258, 2)
(662, 3)
(3809943062, 2)
(663, 1)
(3815698263, 4)
(667, 4)
(3838719067, 1)
(668, 3)
(3844474268, 2)
(672, 3)
(3867495072, 3)
(673, 3)
(3873250273, 3)
(677, 0)
(3896271077, 0)
(678, 0)
(3902026278, 0)
(682, 3)
(3925047082, 2)
(683, 0)
(3930802283, 0)
(687, 3)
(3953823087, 2)
(688, 2)
(3959578288, 2)
(692, 0)
(3982599092, 0)
(693, 1)
(3988354293, 4)
(697, 3)
(4011375097, 3)
(698, 1)
(4017130298, 4)
(702, 4)
(4040151102, 1)
(703, 4)
(4045906303, 4)
(707, 1)
(4068927107, 1)
(708, 0)
(4074682308, 0)
(712, 0)
(4097703112, 0)
(713, 1)
(4103458313, 1)
(717, 1)
(4126479117, 4)
(718, 2)
(4132234318, 3)
(722, 1)
(4155255122, 1)
(723, 1)
(4161010323, 4)
(727, 2)
(4184031127, 3)
(728, 0)
(4189786328, 0)
(732, 1)
(4212807132, 1)
(733, 1)
(4218562333, 4)
(737, 0)
(4241583137, 0)
(738, 0)
(4247338338, 0)
(742, 2)
(4270359142, 3)
(743, 1)
(4276114343, 4)
(747, 4)
(4299135147, 1)
(748, 1)
(4304890348, 4)
(752, 0)
(4327911152, 0)
(753, 3)
(4333666353, 2)
(757, 0)
(4356687157, 0)
(758, 2)
(4362442358, 3)
(762, 3)
(4385463162, 2)
(763, 1)
(4391218363, 1)
(767, 3)
(4414239167, 2)
(768, 2)
(4419994368, 2)
(772, 0)
(4443015172, 0)
(773, 4)
(4448770373, 1)
(777, 1)
(4471791177, 4)
(778, 4)
(4477546378, 4)
(782, 1)
(4500567182, 1)
(783, 4)
(4506322383, 1)
(787, 0)
(4529343187, 0)
(788, 0)
(4535098388, 0)
(792, 0)
(4558119192, 0)
(793, 2)
(4563874393, 3)
(797, 0)
(4586895197, 0)
(798, 1)
(4592650398, 4)
(802, 3)
(4615671202, 3)
(803, 0)
(4621426403, 0)
(807, 1)
(4644447207, 4)
(808, 0)
(4650202408, 0)
(812, 3)
(4673223212, 2)
(813, 3)
(4678978413, 3)
(817, 2)
(4701999217, 3)
(818, 3)
(4707754418, 2)
(822, 0)
(4730775222, 0)
(823, 4)
(4736530423, 4)
(827, 2)
(4759551227, 2)
(828, 2)
(4765306428, 2)
(832, 2)
(4788327232, 3)
(833, 2)
(4794082433, 2)
(837, 1)
(4817103237, 1)
(838, 4)
(4822858438, 4)
(842, 4)
(4845879242, 1)
(843, 4)
(4851634443, 1)
(847, 4)
(4874655247, 4)
(848, 3)
(4880410448, 2)
(852, 0)
(4903431252, 0)
(853, 0)
(4909186453, 0)
(857, 2)
(4932207257, 2)
(858, 1)
(4937962458, 1)
(862, 2)
(4960983262, 3)
(863, 1)
(4966738463, 4)
(867, 3)
(4989759267, 3)
(868, 0)
(4995514468, 0)
(872, 0)
(5018535272, 0)
(873, 0)
(5024290473, 0)
(877, 0)
(5047311277, 0)
(878, 0)
(5053066478, 0)
(882, 3)
(5076087282, 3)
(883, 2)
(5081842483, 2)
(887, 1)
(5104863287, 4)
(888, 0)
(5110618488, 0)
(892, 4)
(5133639292, 1)
(893, 2)
(5139394493, 2)
(897, 1)
(5162415297, 4)
(898, 2)
(5168170498, 2)
(902, 2)
(5191191302, 3)
(903, 1)
(5196946503, 1)
(907, 3)
(5219967307, 3)
(908, 0)
(5225722508, 0)
(912, 3)
(5248743312, 2)
(913, 3)
(5254498513, 3)
(917, 0)
(5277519317, 0)
(918, 1)
(5283274518, 1)
(922, 2)
(5306295322, 2)
(923, 0)
(5312050523, 0)
(927, 0)
(5335071327, 0)
(928, 1)
(5340826528, 4)
(932, 0)
(5363847332, 0)
(933, 4)
(5369602533, 4)
(937, 0)
(5392623337, 0)
(938, 1)
(5398378538, 4)
(942, 3)
(5421399342, 3)
(943, 1)
(5427154543, 1)
(947, 0)
(5450175347, 0)
(948, 0)
(5455930548, 0)
(952, 0)
(5478951352, 0)
(953, 3)
(5484706553, 3)
(957, 1)
(5507727357, 1)
(958, 1)
(5513482558, 4)
(962, 2)
(5536503362, 2)
(963, 1)
(5542258563, 1)
(967, 4)
(5565279367, 1)
(968, 0)
(5571034568, 0)
(972, 2)
(5594055372, 2)
(973, 3)
(5599810573, 2)
(977, 0)
(5622831377, 0)
(978, 4)
(5628586578, 4)
(982, 0)
(5651607382, 0)
(983, 2)
(5657362583, 3)
(987, 3)
(5680383387, 2)
(988, 3)
(5686138588, 3)
(992, 1)
(5709159392, 1)
(993, 3)
(5714914593, 2)
(997, 4)
(5737935397, 1)
(998, 1)
(5743690598, 1)
(1002, 4)
(5766711402, 1)
(1003, 1)
(5772466603, 1)
(1007, 0)
(5795487407, 0)
(1008, 0)
(5801242608, 0)
(1012, 0)
(5824263412, 0)
(1013, 4)
(5830018613, 4)
(1017, 4)
(5853039417, 4)
(1018, 3)
(5858794618, 2)
(1022, 3)
(5881815422, 2)
(1023, 1)
(5887570623, 4)
(1027, 4)
(5910591427, 1)
(1028, 0)
(5916346628, 0)
(1032, 0)
(5939367432, 0)
(1033, 3)
(5945122633, 3)
(1037, 0)
(5968143437, 0)
(1038, 2)
(5973898638, 2)
(1042, 3)
(5996919442, 2)
(1043, 2)
(6002674643, 3)
(1047, 4)
(6025695447, 1)
(1048, 0)
(6031450648, 0)
(1052, 1)
(6054471452, 4)
(1053, 1)
(6060226653, 4)
(1057, 1)
(6083247457, 1)
(1058, 0)
(6089002658, 0)
(1062, 0)
(6112023462, 0)
(1063, 4)
(6117778663, 4)
(1067, 2)
(6140799467, 2)
(1068, 1)
(6146554668, 1)
(1072, 3)
(6169575472, 2)
(1073, 1)
(6175330673, 1)
(1077, 4)
(6198351477, 1)
(1078, 3)
(6204106678, 2)
(1082, 3)
(6227127482, 3)
(1083, 2)
(6232882683, 2)
(1087, 1)
(6255903487, 4)
(1088, 1)
(6261658688, 1)
(1092, 0)
(6284679492, 0)
(1093, 0)
(6290434693, 0)
(1097, 1)
(6313455497, 4)
(1098, 0)
(6319210698, 0)
(1102, 0)
(6342231502, 0)
(1103, 3)
(6347986703, 2)
(1107, 3)
(6371007507, 3)
(1108, 0)
(6376762708, 0)
(1112, 0)
(6399783512, 0)
(1113, 4)
(6405538713, 1)
(1117, 4)
(6428559517, 4)
(1118, 1)
(6434314718, 4)
(1122, 4)
(6457335522, 1)
(1123, 0)
(6463090723, 0)
(1127, 3)
(6486111527, 3)
(1128, 0)
(6491866728, 0)
(1132, 1)
(6514887532, 4)
(1133, 2)
(6520642733, 2)
(1137, 0)
(6543663537, 0)
(1138, 2)
(6549418738, 3)
(1142, 2)
(6572439542, 3)
(1143, 0)
(6578194743, 0)
(1147, 1)
(6601215547, 4)
(1148, 2)
(6606970748, 2)
(1152, 3)
(6629991552, 3)
(1153, 4)
(6635746753, 1)
(1157, 3)
(6658767557, 2)
(1158, 4)
(6664522758, 4)
(1162, 3)
(6687543562, 2)
(1163, 3)
(6693298763, 3)
(1167, 3)
(6716319567, 3)
(1168, 2)
(6722074768, 3)
(1172, 0)
(6745095572, 0)
(1173, 1)
(6750850773, 1)
(1177, 2)
(6773871577, 3)
(1178, 1)
(6779626778, 4)
(1182, 0)
(6802647582, 0)
(1183, 0)
(6808402783, 0)
(1187, 4)
(6831423587, 1)
(1188, 0)
(6837178788, 0)
(1192, 0)
(6860199592, 0)
(1193, 4)
(6865954793, 4)
(1197, 0)
(6888975597, 0)
(1198, 2)
(6894730798, 3)
(1202, 1)
(6917751602, 1)
(1203, 4)
(6923506803, 4)
(1207, 2)
(6946527607, 2)
(1208, 0)
(6952282808, 0)
(1212, 0)
(6975303612, 0)
(1213, 0)
(6981058813, 0)
(1217, 2)
(7004079617, 2)
(1218, 4)
(7009834818, 1)
(1222, 3)
(7032855622, 3)
(1223, 0)
(7038610823, 0)
(1227, 4)
(7061631627, 1)
(1228, 4)
(7067386828, 1)
(1232, 1)
(7090407632, 4)
(1233, 1)
(7096162833, 4)
(1237, 4)
(7119183637, 4)
(1238, 2)
(7124938838, 3)
(1242, 3)
(7147959642, 3)
(1243, 1)
(7153714843, 4)
(1247, 4)
(7176735647, 1)
(1248, 2)
(7182490848, 3)
(1252, 0)
(7205511652, 0)
(1253, 3)
(7211266853, 3)
(1257, 0)
(7234287657, 0)
(1258, 2)
(7240042858, 3)
(1262, 4)
(7263063662, 4)
(1263, 0)
(7268818863, 0)
(1267, 1)
(7291839667, 1)
(1268, 0)
(7297594868, 0)
(1272, 0)
(7320615672, 0)
(1273, 0)
(7326370873, 0)
(1277, 4)
(7349391677, 4)
(1278, 0)
(7355146878, 0)
(1282, 3)
(7378167682, 2)
(1283, 4)
(7383922883, 1)
(1287, 0)
(7406943687, 0)
(1288, 0)
(7412698888, 0)
(1292, 3)
(7435719692, 2)
(1293, 1)
(7441474893, 4)
(1297, 2)
(7464495697, 3)
(1298, 2)
(7470250898, 3)
(1302, 4)
(7493271702, 4)
(1303, 1)
(7499026903, 1)
(1307, 1)
(7522047707, 1)
(1308, 1)
(7527802908, 1)
(1312, 3)
(7550823712, 3)
(1313, 1)
(7556578913, 4)
(1317, 0)
(7579599717, 0)
(1318, 0)
(7585354918, 0)
(1322, 3)
(7608375722, 3)
(1323, 4)
(7614130923, 4)
(1327, 0)
(7637151727, 0)
(1328, 1)
(7642906928, 4)
(1332, 0)
(7665927732, 0)
(1333, 0)
(7671682933, 0)
(1337, 4)
(7694703737, 1)
(1338, 0)
(7700458938, 0)
(1342, 0)
(7723479742, 0)
(1343, 4)
(7729234943, 4)
(1347, 1)
(7752255747, 1)
(1348, 0)
(7758010948, 0)
(1352, 0)
(7781031752, 0)
(1353, 4)
(7786786953, 1)
(1357, 1)
(7809807757, 1)
(1358, 4)
(7815562958, 1)
(1362, 1)
(7838583762, 4)
(1363, 4)
(7844338963, 4)
(1367, 0)
(7867359767, 0)
(1368, 0)
(7873114968, 0)
(1372, 1)
(7896135772, 1)
(1373, 2)
(7901890973, 2)
(1377, 1)
(7924911777, 1)
(1378, 0)
(7930666978, 0)
(1382, 2)
(7953687782, 3)
(1383, 3)
(7959442983, 3)
(1387, 4)
(7982463787, 4)
(1388, 0)
(7988218988, 0)
(1392, 4)
(8011239792, 1)
(1393, 4)
(8016994993, 4)
(1397, 4)
(8040015797, 4)
(1398, 0)
(8045770998, 0)
(1402, 1)
(8068791802, 1)
(1403, 1)
(8074547003, 1)
(1407, 1)
(8097567807, 4)
(1408, 3)
(8103323008, 2)
(1412, 0)
(8126343812, 0)
(1413, 0)
(8132099013, 0)
(1417, 1)
(8155119817, 4)
(1418, 4)
(8160875018, 1)
(1422, 1)
(8183895822, 1)
(1423, 4)
(8189651023, 1)
(1427, 0)
(8212671827, 0)
(1428, 0)
(8218427028, 0)
(1432, 0)
(8241447832, 0)
(1433, 4)
(8247203033, 1)
(1437, 4)
(8270223837, 1)
(1438, 1)
(8275979038, 4)
(1442, 1)
(8298999842, 4)
(1443, 2)
(8304755043, 2)
(1447, 2)
(8327775847, 3)
(1448, 0)
(8333531048, 0)
(1452, 2)
(8356551852, 2)
(1453, 1)
(8362307053, 1)
(1457, 4)
(8385327857, 1)
(1458, 2)
(8391083058, 2)
(1462, 4)
(8414103862, 4)
(1463, 2)
(8419859063, 2)
(1467, 0)
(8442879867, 0)
(1468, 2)
(8448635068, 2)
(1472, 4)
(8471655872, 4)
(1473, 2)
(8477411073, 2)
(1477, 1)
(8500431877, 4)
(1478, 0)
(8506187078, 0)
(1482, 1)
(8529207882, 1)
(1483, 3)
(8534963083, 3)
(1487, 3)
(8557983887, 3)
(1488, 2)
(8563739088, 2)
(1492, 0)
(8586759892, 0)
(1493, 3)
(8592515093, 2)
(1497, 0)
(8615535897, 0)
(1498, 1)
(8621291098, 1)
(1502, 1)
(8644311902, 1)
(1503, 3)
(8650067103, 2)
(1507, 4)
(8673087907, 4)
(1508, 0)
(8678843108, 0)
(1512, 0)
(8701863912, 0)
(1513, 4)
(8707619113, 4)
(1517, 3)
(8730639917, 2)
(1518, 4)
(8736395118, 1)
(1522, 0)
(8759415922, 0)
(1523, 3)
(8765171123, 3)
(1527, 1)
(8788191927, 4)
(1528, 0)
(8793947128, 0)
(1532, 4)
(8816967932, 1)
(1533, 1)
(8822723133, 4)
(1537, 1)
(8845743937, 1)
(1538, 4)
(8851499138, 1)
(1542, 0)
(8874519942, 0)
(1543, 4)
(8880275143, 1)
(1547, 2)
(8903295947, 3)
(1548, 0)
(8909051148, 0)
(1552, 3)
(8932071952, 2)
(1553, 0)
(8937827153, 0)
(1557, 2)
(8960847957, 2)
(1558, 2)
(8966603158, 3)
(1562, 2)
(8989623962, 3)
(1563, 4)
(8995379163, 1)
(1567, 0)
(9018399967, 0)
(1568, 2)
(9024155168, 2)
(1572, 0)
(9047175972, 0)
(1573, 3)
(9052931173, 2)
(1577, 3)
(9075951977, 3)
(1578, 1)
(9081707178, 4)
(1582, 4)
(9104727982, 4)
(1583, 3)
(9110483183, 2)
(1587, 0)
(9133503987, 0)
(1588, 0)
(9139259188, 0)
(1592, 0)
(9162279992, 0)
(1593, 4)
(9168035193, 4)
(1597, 4)
(9191055997, 1)
(1598, 2)
(9196811198, 3)
(1602, 0)
(9219832002, 0)
(1603, 4)
(9225587203, 1)
(1607, 3)
(9248608007, 3)
(1608, 0)
(9254363208, 0)
(1612, 4)
(9277384012, 1)
(1613, 3)
(9283139213, 3)
(1617, 3)
(9306160017, 2)
(1618, 2)
(9311915218, 2)
(1622, 0)
(9334936022, 0)
(1623, 3)
(9340691223, 3)
(1627, 2)
(9363712027, 3)
(1628, 3)
(9369467228, 3)
(1632, 3)
(9392488032, 3)
(1633, 4)
(9398243233, 4)
(1637, 3)
(9421264037, 3)
(1638, 1)
(9427019238, 4)
(1642, 1)
(9450040042, 1)
(1643, 0)
(9455795243, 0)
(1647, 3)
(9478816047, 3)
(1648, 0)
(9484571248, 0)
(1652, 0)
(9507592052, 0)
(1653, 4)
(9513347253, 4)
(1657, 1)
(9536368057, 1)
(1658, 2)
(9542123258, 3)
(1662, 0)
(9565144062, 0)
(1663, 2)
(9570899263, 3)
(1667, 3)
(9593920067, 2)
(1668, 0)
(9599675268, 0)
(1672, 0)
(9622696072, 0)
(1673, 3)
(9628451273, 2)
(1677, 1)
(9651472077, 4)
(1678, 0)
(9657227278, 0)
(1682, 4)
(9680248082, 4)
(1683, 0)
(9686003283, 0)
(1687, 2)
(9709024087, 3)
(1688, 0)
(9714779288, 0)
(1692, 0)
(9737800092, 0)
(1693, 3)
(9743555293, 2)
(1697, 3)
(9766576097, 3)
(1698, 1)
(9772331298, 4)
(1702, 0)
(9795352102, 0)
(1703, 3)
(9801107303, 3)
(1707, 0)
(9824128107, 0)
(1708, 1)
(9829883308, 1)
(1712, 4)
(9852904112, 4)
(1713, 4)
(9858659313, 1)
(1717, 1)
(9881680117, 1)
(1718, 1)
(9887435318, 1)
(1722, 1)
(9910456122, 1)
(1723, 0)
(9916211323, 0)
(1727, 4)
(9939232127, 1)
(1728, 0)
(9944987328, 0)
(1732, 0)
(9968008132, 0)
(1733, 1)
(9973763333, 1)
(1737, 0)
(9996784137, 0)
(1738, 1)
(10002539338, 4)
(1742, 1)
(10025560142, 1)
(1743, 4)
(10031315343, 1)
(1747, 0)
(10054336147, 0)
(1748, 0)
(10060091348, 0)
(1752, 0)
(10083112152, 0)
(1753, 0)
(10088867353, 0)
(1757, 3)
(10111888157, 2)
(1758, 0)
(10117643358, 0)
(1762, 1)
(10140664162, 1)
(1763, 3)
(10146419363, 3)
(1767, 3)
(10169440167, 2)
(1768, 0)
(10175195368, 0)
(1772, 0)
(10198216172, 0)
(1773, 0)
(10203971373, 0)
(1777, 4)
(10226992177, 1)
(1778, 0)
(10232747378, 0)
(1782, 1)
(10255768182, 4)
(1783, 2)
(10261523383, 2)
(1787, 2)
(10284544187, 3)
(1788, 2)
(10290299388, 3)
(1792, 1)
(10313320192, 1)
(1793, 4)
(10319075393, 1)
(1797, 4)
(10342096197, 1)
(1798, 0)
(10347851398, 0)
(1802, 3)
(10370872202, 2)
(1803, 2)
(10376627403, 2)
(1807, 3)
(10399648207, 3)
(1808, 4)
(10405403408, 4)
(1812, 0)
(10428424212, 0)
(1813, 2)
(10434179413, 3)
(1817, 0)
(10457200217, 0)
(1818, 0)
(10462955418, 0)
(1822, 4)
(10485976222, 1)
(1823, 0)
(10491731423, 0)
(1827, 2)
(10514752227, 3)
(1828, 0)
(10520507428, 0)
(1832, 0)
(10543528232, 0)
(1833, 1)
(10549283433, 1)
(1837, 4)
(10572304237, 4)
(1838, 3)
(10578059438, 3)
(1842, 4)
(10601080242, 1)
(1843, 4)
(10606835443, 4)
(1847, 2)
(10629856247, 3)
(1848, 0)
(10635611448, 0)
(1852, 4)
(10658632252, 1)
(1853, 4)
(10664387453, 4)
(1857, 0)
(10687408257, 0)
(1858, 0)
(10693163458, 0)
(1862, 3)
(10716184262, 2)
(1863, 2)
(10721939463, 2)
(1867, 0)
(10744960267, 0)
(1868, 1)
(10750715468, 4)
(1872, 0)
(10773736272, 0)
(1873, 3)
(10779491473, 3)
(1877, 4)
(10802512277, 4)
(1878, 4)
(10808267478, 4)
(1882, 2)
(10831288282, 3)
(1883, 1)
(10837043483, 4)
(1887, 0)
(10860064287, 0)
(1888, 3)
(10865819488, 3)
(1892, 0)
(10888840292, 0)
(1893, 0)
(10894595493, 0)
(1897, 1)
(10917616297, 1)
(1898, 3)
(10923371498, 3)
(1902, 4)
(10946392302, 1)
(1903, 2)
(10952147503, 3)
(1907, 3)
(10975168307, 2)
(1908, 0)
(10980923508, 0)
(1912, 0)
(11003944312, 0)
(1913, 4)
(11009699513, 1)
(1917, 2)
(11032720317, 2)
(1918, 1)
(11038475518, 4)
(1922, 2)
(11061496322, 2)
(1923, 0)
(11067251523, 0)
(1927, 2)
(11090272327, 3)
(1928, 0)
(11096027528, 0)
(1932, 3)
(11119048332, 3)
(1933, 2)
(11124803533, 2)
(1937, 3)
(11147824337, 3)
(1938, 2)
(11153579538, 3)
(1942, 3)
(11176600342, 2)
(1943, 2)
(11182355543, 2)
(1947, 3)
(11205376347, 2)
(1948, 1)
(11211131548, 1)
(1952, 0)
(11234152352, 0)
(1953, 0)
(11239907553, 0)
(1957, 1)
(11262928357, 1)
(1958, 2)
(11268683558, 3)
(1962, 0)
(11291704362, 0)
(1963, 4)
(11297459563, 1)
(1967, 4)
(11320480367, 1)
(1968, 4)
(11326235568, 4)
(1972, 0)
(11349256372, 0)
(1973, 3)
(11355011573, 2)
(1977, 1)
(11378032377, 1)
(1978, 2)
(11383787578, 2)
(1982, 1)
(11406808382, 1)
(1983, 1)
(11412563583, 1)
(1987, 2)
(11435584387, 2)
(1988, 0)
(11441339588, 0)
(1992, 0)
(11464360392, 0)
(1993, 1)
(11470115593, 1)
(1997, 2)
(11493136397, 2)
(1998, 3)
(11498891598, 2)
(2002, 4)
(11521912402, 4)
(2003, 1)
(11527667603, 1)
(2007, 0)
(11550688407, 0)
(2008, 0)
(11556443608, 0)
(2012, 2)
(11579464412, 3)
(2013, 4)
(11585219613, 1)
(2017, 2)
(11608240417, 2)
(2018, 3)
(11613995618, 3)
(2022, 1)
(11637016422, 4)
(2023, 4)
(11642771623, 4)
(2027, 1)
(11665792427, 4)
(2028, 3)
(11671547628, 3)
(2032, 0)
(11694568432, 0)
(2033, 2)
(11700323633, 3)
(2037, 4)
(11723344437, 1)
(2038, 3)
(11729099638, 2)
(2042, 0)
(11752120442, 0)
(2043, 0)
(11757875643, 0)
(2047, 2)
(11780896447, 2)
(2048, 0)
(11786651648, 0)
(2052, 0)
(11809672452, 0)
(2053, 2)
(11815427653, 3)
(2057, 4)
(11838448457, 4)
(2058, 2)
(11844203658, 2)
(2062, 3)
(11867224462, 3)
(2063, 0)
(11872979663, 0)
(2067, 3)
(11896000467, 3)
(2068, 0)
(11901755668, 0)
(2072, 0)
(11924776472, 0)
(2073, 0)
(11930531673, 0)
(2077, 1)
(11953552477, 4)
(2078, 0)
(11959307678, 0)
(2082, 1)
(11982328482, 1)
(2083, 3)
(11988083683, 2)
(2087, 0)
(12011104487, 0)
(2088, 0)
(12016859688, 0)
(2092, 0)
(12039880492, 0)
(2093, 0)
(12045635693, 0)
(2097, 1)
(12068656497, 4)
(2098, 4)
(12074411698, 1)
(2102, 4)
(12097432502, 4)
(2103, 4)
(12103187703, 4)
(2107, 4)
(12126208507, 4)
(2108, 4)
(12131963708, 4)
(2112, 4)
(12154984512, 1)
(2113, 4)
(12160739713, 1)
(2117, 1)
(12183760517, 1)
(2118, 0)
(12189515718, 0)
(2122, 2)
(12212536522, 2)
(2123, 1)
(12218291723, 4)
(2127, 2)
(12241312527, 3)
(2128, 2)
(12247067728, 3)
(2132, 0)
(12270088532, 0)
(2133, 2)
(12275843733, 2)
(2137, 1)
(12298864537, 1)
(2138, 2)
(12304619738, 2)
(2142, 0)
(12327640542, 0)
(2143, 3)
(12333395743, 2)
(2147, 4)
(12356416547, 1)
(2148, 0)
(12362171748, 0)
(2152, 0)
(12385192552, 0)
(2153, 3)
(12390947753, 2)
(2157, 4)
(12413968557, 1)
(2158, 0)
(12419723758, 0)
(2162, 4)
(12442744562, 1)
(2163, 2)
(12448499763, 3)
(2167, 2)
(12471520567, 2)
(2168, 0)
(12477275768, 0)
(2172, 4)
(12500296572, 4)
(2173, 0)
(12506051773, 0)
(2177, 0)
(12529072577, 0)
(2178, 3)
(12534827778, 3)
(2182, 3)
(12557848582, 2)
(2183, 2)
(12563603783, 3)
(2187, 0)
(12586624587, 0)
(2188, 4)
(12592379788, 4)
(2192, 1)
(12615400592, 4)
(2193, 1)
(12621155793, 1)
(2197, 3)
(12644176597, 2)
(2198, 1)
(12649931798, 1)
(2202, 0)
(12672952602, 0)
(2203, 0)
(12678707803, 0)
(2207, 1)
(12701728607, 4)
(2208, 4)
(12707483808, 4)
(2212, 0)
(12730504612, 0)
(2213, 3)
(12736259813, 2)
(2217, 3)
(12759280617, 3)
(2218, 1)
(12765035818, 4)
(2222, 3)
(12788056622, 2)
(2223, 0)
(12793811823, 0)
(2227, 1)
(12816832627, 4)
(2228, 0)
(12822587828, 0)
(2232, 0)
(12845608632, 0)
(2233, 4)
(12851363833, 4)
(2237, 0)
(12874384637, 0)
(2238, 3)
(12880139838, 2)
(2242, 4)
(12903160642, 1)
(2243, 0)
(12908915843, 0)
(2247, 0)
(12931936647, 0)
(2248, 0)
(12937691848, 0)
(2252, 3)
(12960712652, 2)
(2253, 4)
(12966467853, 4)
(2257, 4)
(12989488657, 1)
(2258, 3)
(12995243858, 3)
(2262, 1)
(13018264662, 1)
(2263, 2)
(13024019863, 3)
(2267, 1)
(13047040667, 1)
(2268, 1)
(13052795868, 1)
(2272, 3)
(13075816672, 3)
(2273, 2)
(13081571873, 3)
(2277, 0)
(13104592677, 0)
(2278, 4)
(13110347878, 1)
(2282, 0)
(13133368682, 0)
(2283, 4)
(13139123883, 4)
(2287, 1)
(13162144687, 4)
(2288, 0)
(13167899888, 0)
(2292, 0)
(13190920692, 0)
(2293, 1)
(13196675893, 1)
(2297, 0)
(13219696697, 0)
(2298, 2)
(13225451898, 3)
(2302, 4)
(13248472702, 4)
(2303, 0)
(13254227903, 0)
(2307, 3)
(13277248707, 2)
(2308, 0)
(13283003908, 0)
(2312, 0)
(13306024712, 0)
(2313, 2)
(13311779913, 3)
(2317, 4)
(13334800717, 1)
(2318, 1)
(13340555918, 4)
(2322, 3)
(13363576722, 3)
(2323, 2)
(13369331923, 2)
(2327, 2)
(13392352727, 3)
(2328, 0)
(13398107928, 0)
(2332, 1)
(13421128732, 1)
(2333, 1)
(13426883933, 1)
(2337, 2)
(13449904737, 3)
(2338, 4)
(13455659938, 1)
(2342, 3)
(13478680742, 3)
(2343, 2)
(13484435943, 3)
(2347, 0)
(13507456747, 0)
(2348, 1)
(13513211948, 4)
(2352, 2)
(13536232752, 2)
(2353, 4)
(13541987953, 1)
(2357, 2)
(13565008757, 3)
(2358, 0)
(13570763958, 0)
(2362, 4)
(13593784762, 4)
(2363, 0)
(13599539963, 0)
(2367, 1)
(13622560767, 4)
(2368, 3)
(13628315968, 2)
(2372, 0)
(13651336772, 0)
(2373, 1)
(13657091973, 1)
(2377, 1)
(13680112777, 1)
(2378, 0)
(13685867978, 0)
(2382, 2)
(13708888782, 3)
(2383, 4)
(13714643983, 1)
(2387, 2)
(13737664787, 3)
(2388, 0)
(13743419988, 0)
(2392, 0)
(13766440792, 0)
(2393, 0)
(13772195993, 0)
(2397, 2)
(13795216797, 3)
(2398, 0)
(13800971998, 0)
(2402, 0)
(13823992802, 0)
(2403, 2)
(13829748003, 2)
(2407, 0)
(13852768807, 0)
(2408, 0)
(13858524008, 0)
(2412, 0)
(13881544812, 0)
(2413, 1)
(13887300013, 1)
(2417, 1)
(13910320817, 1)
(2418, 4)
(13916076018, 1)
(2422, 0)
(13939096822, 0)
(2423, 3)
(13944852023, 3)
(2427, 4)
(13967872827, 4)
(2428, 4)
(13973628028, 1)
(2432, 1)
(13996648832, 4)
(2433, 0)
(14002404033, 0)
(2437, 3)
(14025424837, 2)
(2438, 3)
(14031180038, 2)
(2442, 3)
(14054200842, 3)
(2443, 4)
(14059956043, 1)
(2447, 3)
(14082976847, 3)
(2448, 1)
(14088732048, 1)
(2452, 0)
(14111752852, 0)
(2453, 3)
(14117508053, 3)
(2457, 2)
(14140528857, 3)
(2458, 3)
(14146284058, 3)
(2462, 3)
(14169304862, 3)
(2463, 4)
(14175060063, 4)
(2467, 2)
(14198080867, 2)
(2468, 0)
(14203836068, 0)
(2472, 0)
(14226856872, 0)
(2473, 0)
(14232612073, 0)
(2477, 3)
(14255632877, 2)
(2478, 2)
(14261388078, 2)
(2482, 1)
(14284408882, 4)
(2483, 0)
(14290164083, 0)
(2487, 0)
(14313184887, 0)
(2488, 0)
(14318940088, 0)
(2492, 4)
(14341960892, 4)
(2493, 0)
(14347716093, 0)
(2497, 3)
(14370736897, 3)
(2498, 0)
(14376492098, 0)
(2502, 3)
(14399512902, 2)
(2503, 1)
(14405268103, 4)
(2507, 4)
(14428288907, 4)
(2508, 2)
(14434044108, 2)
(2512, 2)
(14457064912, 2)
(2513, 3)
(14462820113, 2)
(2517, 4)
(14485840917, 4)
(2518, 0)
(14491596118, 0)
(2522, 4)
(14514616922, 4)
(2523, 3)
(14520372123, 3)
(2527, 4)
(14543392927, 4)
(2528, 4)
(14549148128, 4)
(2532, 0)
(14572168932, 0)
(2533, 4)
(14577924133, 1)
(2537, 0)
(14600944937, 0)
(2538, 2)
(14606700138, 3)
(2542, 4)
(14629720942, 4)
(2543, 0)
(14635476143, 0)
(2547, 0)
(14658496947, 0)
(2548, 0)
(14664252148, 0)
(2552, 0)
(14687272952, 0)
(2553, 1)
(14693028153, 4)
(2557, 3)
(14716048957, 3)
(2558, 4)
(14721804158, 1)
(2562, 1)
(14744824962, 1)
(2563, 4)
(14750580163, 4)
(2567, 1)
(14773600967, 1)
(2568, 0)
(14779356168, 0)
(2572, 1)
(14802376972, 1)
(2573, 1)
(14808132173, 4)
(2577, 0)
(14831152977, 0)
(2578, 1)
(14836908178, 1)
(2582, 0)
(14859928982, 0)
(2583, 2)
(14865684183, 2)
(2587, 3)
(14888704987, 2)
(2588, 4)
(14894460188, 4)
(2592, 3)
(14917480992, 3)
(2593, 1)
(14923236193, 4)
(2597, 4)
(14946256997, 1)
(2598, 4)
(14952012198, 4)
(2602, 4)
(14975033002, 1)
(2603, 0)
(14980788203, 0)
(2607, 2)
(15003809007, 3)
(2608, 2)
(15009564208, 2)
(2612, 0)
(15032585012, 0)
(2613, 1)
(15038340213, 1)
(2617, 2)
(15061361017, 2)
(2618, 0)
(15067116218, 0)
(2622, 1)
(15090137022, 4)
(2623, 2)
(15095892223, 2)
(2627, 2)
(15118913027, 3)
(2628, 0)
(15124668228, 0)
(2632, 0)
(15147689032, 0)
(2633, 3)
(15153444233, 2)
(2637, 4)
(15176465037, 4)
(2638, 0)
(15182220238, 0)
(2642, 3)
(15205241042, 3)
(2643, 0)
(15210996243, 0)
(2647, 0)
(15234017047, 0)
(2648, 0)
(15239772248, 0)
(2652, 2)
(15262793052, 3)
(2653, 1)
(15268548253, 4)
(2657, 2)
(15291569057, 2)
(2658, 4)
(15297324258, 1)
(2662, 1)
(15320345062, 4)
(2663, 3)
(15326100263, 2)
(2667, 3)
(15349121067, 2)
(2668, 2)
(15354876268, 3)
(2672, 4)
(15377897072, 1)
(2673, 3)
(15383652273, 2)
(2677, 2)
(15406673077, 3)
(2678, 0)
(15412428278, 0)
(2682, 0)
(15435449082, 0)
(2683, 0)
(15441204283, 0)
(2687, 4)
(15464225087, 4)
(2688, 1)
(15469980288, 1)
(2692, 0)
(15493001092, 0)
(2693, 3)
(15498756293, 3)
(2697, 4)
(15521777097, 1)
(2698, 4)
(15527532298, 1)
(2702, 2)
(15550553102, 2)
(2703, 3)
(15556308303, 2)
(2707, 2)
(15579329107, 3)
(2708, 0)
(15585084308, 0)
(2712, 0)
(15608105112, 0)
(2713, 1)
(15613860313, 1)
(2717, 2)
(15636881117, 3)
(2718, 1)
(15642636318, 1)
(2722, 0)
(15665657122, 0)
(2723, 3)
(15671412323, 3)
(2727, 0)
(15694433127, 0)
(2728, 0)
(15700188328, 0)
(2732, 0)
(15723209132, 0)
(2733, 3)
(15728964333, 2)
(2737, 1)
(15751985137, 1)
(2738, 4)
(15757740338, 4)
(2742, 3)
(15780761142, 3)
(2743, 0)
(15786516343, 0)
(2747, 3)
(15809537147, 2)
(2748, 1)
(15815292348, 4)
(2752, 0)
(15838313152, 0)
(2753, 2)
(15844068353, 2)
(2757, 4)
(15867089157, 4)
(2758, 4)
(15872844358, 1)
(2762, 4)
(15895865162, 4)
(2763, 0)
(15901620363, 0)
(2767, 4)
(15924641167, 4)
(2768, 2)
(15930396368, 2)
(2772, 0)
(15953417172, 0)
(2773, 4)
(15959172373, 1)
(2777, 0)
(15982193177, 0)
(2778, 1)
(15987948378, 4)
(2782, 2)
(16010969182, 3)
(2783, 4)
(16016724383, 4)
(2787, 1)
(16039745187, 4)
(2788, 0)
(16045500388, 0)
(2792, 0)
(16068521192, 0)
(2793, 4)
(16074276393, 1)
(2797, 3)
(16097297197, 3)
(2798, 4)
(16103052398, 1)
(2802, 1)
(16126073202, 4)
(2803, 1)
(16131828403, 1)
(2807, 3)
(16154849207, 3)
(2808, 0)
(16160604408, 0)
(2812, 3)
(16183625212, 3)
(2813, 0)
(16189380413, 0)
(2817, 0)
(16212401217, 0)
(2818, 0)
(16218156418, 0)
(2822, 2)
(16241177222, 3)
(2823, 1)
(16246932423, 4)
(2827, 3)
(16269953227, 3)
(2828, 3)
(16275708428, 3)
(2832, 3)
(16298729232, 3)
(2833, 3)
(16304484433, 3)
(2837, 1)
(16327505237, 4)
(2838, 0)
(16333260438, 0)
(2842, 2)
(16356281242, 3)
(2843, 0)
(16362036443, 0)
(2847, 3)
(16385057247, 3)
(2848, 4)
(16390812448, 4)
(2852, 0)
(16413833252, 0)
(2853, 0)
(16419588453, 0)
(2857, 0)
(16442609257, 0)
(2858, 3)
(16448364458, 3)
(2862, 2)
(16471385262, 3)
(2863, 2)
(16477140463, 3)
(2867, 2)
(16500161267, 3)
(2868, 0)
(16505916468, 0)
(2872, 0)
(16528937272, 0)
(2873, 3)
(16534692473, 3)
(2877, 0)
(16557713277, 0)
(2878, 1)
(16563468478, 4)
(2882, 1)
(16586489282, 1)
(2883, 3)
(16592244483, 3)
(2887, 0)
(16615265287, 0)
(2888, 0)
(16621020488, 0)
(2892, 3)
(16644041292, 2)
(2893, 4)
(16649796493, 4)
(2897, 1)
(16672817297, 4)
(2898, 0)
(16678572498, 0)
(2902, 2)
(16701593302, 3)
(2903, 4)
(16707348503, 4)
(2907, 2)
(16730369307, 3)
(2908, 4)
(16736124508, 1)
(2912, 4)
(16759145312, 1)
(2913, 2)
(16764900513, 3)
(2917, 2)
(16787921317, 3)
(2918, 4)
(16793676518, 4)
(2922, 1)
(16816697322, 1)
(2923, 4)
(16822452523, 1)
(2927, 4)
(16845473327, 1)
(2928, 3)
(16851228528, 3)
(2932, 0)
(16874249332, 0)
(2933, 1)
(16880004533, 1)
(2937, 4)
(16903025337, 1)
(2938, 4)
(16908780538, 1)
(2942, 0)
(16931801342, 0)
(2943, 3)
(16937556543, 3)
(2947, 3)
(16960577347, 2)
(2948, 0)
(16966332548, 0)
(2952, 0)
(16989353352, 0)
(2953, 1)
(16995108553, 4)
(2957, 4)
(17018129357, 4)
(2958, 2)
(17023884558, 3)
(2962, 4)
(17046905362, 1)
(2963, 2)
(17052660563, 3)
(2967, 1)
(17075681367, 1)
(2968, 0)
(17081436568, 0)
(2972, 2)
(17104457372, 3)
(2973, 2)
(17110212573, 2)
(2977, 4)
(17133233377, 4)
(2978, 0)
(17138988578, 0)
(2982, 1)
(17162009382, 1)
(2983, 0)
(17167764583, 0)
(2987, 0)
(17190785387, 0)
(2988, 2)
(17196540588, 3)
(2992, 1)
(17219561392, 4)
(2993, 2)
(17225316593, 3)
(2997, 4)
(17248337397, 1)
(2998, 3)
(17254092598, 2)
(3002, 4)
(17277113402, 1)
(3003, 2)
(17282868603, 2)
(3007, 0)
(17305889407, 0)
(3008, 0)
(17311644608, 0)
(3012, 0)
(17334665412, 0)
(3013, 3)
(17340420613, 2)
(3017, 3)
(17363441417, 2)
(3018, 4)
(17369196618, 1)
(3022, 2)
(17392217422, 2)
(3023, 2)
(17397972623, 3)
(3027, 2)
(17420993427, 2)
(3028, 0)
(17426748628, 0)
(3032, 0)
(17449769432, 0)
(3033, 0)
(17455524633, 0)
(3037, 3)
(17478545437, 3)
(3038, 1)
(17484300638, 1)
(3042, 0)
(17507321442, 0)
(3043, 3)
(17513076643, 3)
(3047, 2)
(17536097447, 2)
(3048, 0)
(17541852648, 0)
(3052, 3)
(17564873452, 3)
(3053, 0)
(17570628653, 0)
(3057, 3)
(17593649457, 2)
(3058, 2)
(17599404658, 2)
(3062, 4)
(17622425462, 1)
(3063, 1)
(17628180663, 4)
(3067, 2)
(17651201467, 3)
(3068, 1)
(17656956668, 4)
(3072, 4)
(17679977472, 4)
(3073, 1)
(17685732673, 4)
(3077, 4)
(17708753477, 4)
(3078, 4)
(17714508678, 1)
(3082, 0)
(17737529482, 0)
(3083, 2)
(17743284683, 3)
(3087, 0)
(17766305487, 0)
(3088, 2)
(17772060688, 2)
(3092, 0)
(17795081492, 0)
(3093, 2)
(17800836693, 2)
(3097, 3)
(17823857497, 2)
(3098, 4)
(17829612698, 1)
(3102, 1)
(17852633502, 1)
(3103, 0)
(17858388703, 0)
(3107, 3)
(17881409507, 3)
(3108, 0)
(17887164708, 0)
(3112, 0)
(17910185512, 0)
(3113, 1)
(17915940713, 1)
(3117, 0)
(17938961517, 0)
(3118, 0)
(17944716718, 0)
(3122, 3)
(17967737522, 2)
(3123, 0)
(17973492723, 0)
(3127, 1)
(17996513527, 4)
(3128, 0)
(18002268728, 0)
(3132, 3)
(18025289532, 2)
(3133, 0)
(18031044733, 0)
(3137, 1)
(18054065537, 1)
(3138, 4)
(18059820738, 4)
(3142, 0)
(18082841542, 0)
(3143, 1)
(18088596743, 1)
(3147, 0)
(18111617547, 0)
(3148, 0)
(18117372748, 0)
(3152, 0)
(18140393552, 0)
(3153, 4)
(18146148753, 4)
(3157, 4)
(18169169557, 1)
(3158, 2)
(18174924758, 3)
(3162, 0)
(18197945562, 0)
(3163, 1)
(18203700763, 4)
(3167, 2)
(18226721567, 2)
(3168, 0)
(18232476768, 0)
(3172, 0)
(18255497572, 0)
(3173, 0)
(18261252773, 0)
(3177, 3)
(18284273577, 3)
(3178, 0)
(18290028778, 0)
(3182, 2)
(18313049582, 3)
(3183, 4)
(18318804783, 4)
(3187, 2)
(18341825587, 3)
(3188, 0)
(18347580788, 0)
(3192, 0)
(18370601592, 0)
(3193, 4)
(18376356793, 1)
(3197, 4)
(18399377597, 1)
(3198, 2)
(18405132798, 3)
(3202, 1)
(18428153602, 1)
(3203, 4)
(18433908803, 1)
(3207, 3)
(18456929607, 3)
(3208, 0)
(18462684808, 0)
(3212, 0)
(18485705612, 0)
(3213, 3)
(18491460813, 3)
(3217, 1)
(18514481617, 4)
(3218, 1)
(18520236818, 4)
(3222, 0)
(18543257622, 0)
(3223, 0)
(18549012823, 0)
(3227, 4)
(18572033627, 4)
(3228, 2)
(18577788828, 3)
(3232, 2)
(18600809632, 2)
(3233, 4)
(18606564833, 1)
(3237, 2)
(18629585637, 2)
(3238, 3)
(18635340838, 3)
(3242, 3)
(18658361642, 2)
(3243, 2)
(18664116843, 3)
(3247, 3)
(18687137647, 2)
(3248, 3)
(18692892848, 2)
(3252, 0)
(18715913652, 0)
(3253, 1)
(18721668853, 1)
(3257, 1)
(18744689657, 1)
(3258, 4)
(18750444858, 4)
(3262, 3)
(18773465662, 2)
(3263, 3)
(18779220863, 3)
(3267, 4)
(18802241667, 4)
(3268, 0)
(18807996868, 0)
(3272, 0)
(18831017672, 0)
(3273, 4)
(18836772873, 1)
(3277, 3)
(18859793677, 2)
(3278, 1)
(18865548878, 1)
(3282, 0)
(18888569682, 0)
(3283, 1)
(18894324883, 4)
(3287, 1)
(18917345687, 4)
(3288, 0)
(18923100888, 0)
(3292, 3)
(18946121692, 3)
(3293, 1)
(18951876893, 4)
(3297, 0)
(18974897697, 0)
(3298, 1)
(18980652898, 4)
(3302, 1)
(19003673702, 1)
(3303, 0)
(19009428903, 0)
(3307, 4)
(19032449707, 1)
(3308, 1)
(19038204908, 1)
(3312, 1)
(19061225712, 1)
(3313, 1)
(19066980913, 1)
(3317, 1)
(19090001717, 1)
(3318, 2)
(19095756918, 2)
(3322, 4)
(19118777722, 1)
(3323, 3)
(19124532923, 2)
(3327, 4)
(19147553727, 1)
(3328, 2)
(19153308928, 3)
(3332, 0)
(19176329732, 0)
(3333, 3)
(19182084933, 2)
(3337, 4)
(19205105737, 1)
(3338, 0)
(19210860938, 0)
(3342, 4)
(19233881742, 4)
(3343, 4)
(19239636943, 4)
(3347, 1)
(19262657747, 1)
(3348, 0)
(19268412948, 0)
(3352, 0)
(19291433752, 0)
(3353, 0)
(19297188953, 0)
(3357, 0)
(19320209757, 0)
(3358, 2)
(19325964958, 3)
(3362, 4)
(19348985762, 4)
(3363, 4)
(19354740963, 1)
(3367, 0)
(19377761767, 0)
(3368, 0)
(19383516968, 0)
(3372, 2)
(19406537772, 3)
(3373, 4)
(19412292973, 4)
(3377, 3)
(19435313777, 3)
(3378, 4)
(19441068978, 1)
(3382, 0)
(19464089782, 0)
(3383, 1)
(19469844983, 1)
(3387, 2)
(19492865787, 2)
(3388, 3)
(19498620988, 3)
(3392, 1)
(19521641792, 4)
(3393, 2)
(19527396993, 2)
(3397, 0)
(19550417797, 0)
(3398, 3)
(19556172998, 2)
(3402, 3)
(19579193802, 3)
(3403, 2)
(19584949003, 3)
(3407, 3)
(19607969807, 3)
(3408, 4)
(19613725008, 4)
(3412, 0)
(19636745812, 0)
(3413, 3)
(19642501013, 3)
(3417, 4)
(19665521817, 1)
(3418, 2)
(19671277018, 3)
(3422, 3)
(19694297822, 2)
(3423, 0)
(19700053023, 0)
(3427, 1)
(19723073827, 4)
(3428, 0)
(19728829028, 0)
(3432, 0)
(19751849832, 0)
(3433, 1)
(19757605033, 1)
(3437, 2)
(19780625837, 2)
(3438, 0)
(19786381038, 0)
(3442, 0)
(19809401842, 0)
(3443, 4)
(19815157043, 1)
(3447, 4)
(19838177847, 1)
(3448, 0)
(19843933048, 0)
(3452, 2)
(19866953852, 3)
(3453, 3)
(19872709053, 3)
(3457, 3)
(19895729857, 3)
(3458, 0)
(19901485058, 0)
(3462, 3)
(19924505862, 3)
(3463, 4)
(19930261063, 1)
(3467, 4)
(19953281867, 4)
(3468, 4)
(19959037068, 4)
(3472, 1)
(19982057872, 1)
(3473, 0)
(19987813073, 0)
(3477, 2)
(20010833877, 3)
(3478, 4)
(20016589078, 4)
(3482, 4)
(20039609882, 4)
(3483, 3)
(20045365083, 3)
(3487, 2)
(20068385887, 2)
(3488, 0)
(20074141088, 0)
(3492, 0)
(20097161892, 0)
(3493, 3)
(20102917093, 3)
(3497, 2)
(20125937897, 2)
(3498, 0)
(20131693098, 0)
(3502, 4)
(20154713902, 1)
(3503, 2)
(20160469103, 2)
(3507, 3)
(20183489907, 2)
(3508, 0)
(20189245108, 0)
(3512, 0)
(20212265912, 0)
(3513, 4)
(20218021113, 4)
(3517, 0)
(20241041917, 0)
(3518, 3)
(20246797118, 2)
(3522, 3)
(20269817922, 2)
(3523, 4)
(20275573123, 1)
(3527, 0)
(20298593927, 0)
(3528, 0)
(20304349128, 0)
(3532, 1)
(20327369932, 1)
(3533, 0)
(20333125133, 0)
(3537, 3)
(20356145937, 2)
(3538, 3)
(20361901138, 2)
(3542, 2)
(20384921942, 3)
(3543, 3)
(20390677143, 3)
(3547, 4)
(20413697947, 4)
(3548, 2)
(20419453148, 3)
(3552, 4)
(20442473952, 1)
(3553, 1)
(20448229153, 1)
(3557, 4)
(20471249957, 4)
(3558, 3)
(20477005158, 2)
(3562, 2)
(20500025962, 2)
(3563, 3)
(20505781163, 2)
(3567, 0)
(20528801967, 0)
(3568, 2)
(20534557168, 3)
