(2, 4)
(458882, 4)
(3, 3)
(688323, 3)
(7, 4)
(1606087, 4)
(8, 0)
(1835528, 0)
(12, 4)
(2753292, 4)
(13, 3)
(2982733, 2)
(17, 4)
(3900497, 1)
(18, 3)
(4129938, 3)
(22, 3)
(5047702, 3)
(23, 3)
(5277143, 3)
(27, 3)
(6194907, 3)
(28, 3)
(6424348, 3)
(32, 2)
(7342112, 2)
(33, 1)
(7571553, 1)
(37, 2)
(8489317, 3)
(38, 1)
(8718758, 4)
(42, 1)
(9636522, 1)
(43, 4)
(9865963, 1)
(47, 0)
(10783727, 0)
(48, 4)
(11013168, 4)
(52, 0)
(11930932, 0)
(53, 4)
(12160373, 1)
(57, 4)
(13078137, 1)
(58, 2)
(13307578, 3)
(62, 2)
(14225342, 3)
(63, 0)
(14454783, 0)
(67, 1)
(15372547, 4)
(68, 0)
(15601988, 0)
(72, 0)
(16519752, 0)
(73, 1)
(16749193, 1)
(77, 3)
(17666957, 3)
(78, 4)
(17896398, 1)
(82, 1)
(18814162, 4)
(83, 2)
(19043603, 3)
(87, 4)
(19961367, 1)
(88, 0)
(20190808, 0)
(92, 1)
(21108572, 1)
(93, 1)
(21338013, 4)
(97, 4)
(22255777, 4)
(98, 4)
(22485218, 4)
(102, 1)
(23402982, 4)
(103, 0)
(23632423, 0)
(107, 3)
(24550187, 3)
(108, 4)
(24779628, 4)
(112, 4)
(25697392, 4)
(113, 2)
(25926833, 3)
(117, 0)
(26844597, 0)
(118, 1)
(27074038, 4)
(122, 0)
(27991802, 0)
(123, 3)
(28221243, 2)
(127, 0)
(29139007, 0)
(128, 4)
(29368448, 4)
(132, 0)
(30286212, 0)
(133, 1)
(30515653, 4)
(137, 3)
(31433417, 3)
(138, 3)
(31662858, 3)
(142, 1)
(32580622, 1)
(143, 0)
(32810063, 0)
(147, 4)
(33727827, 4)
(148, 0)
(33957268, 0)
(152, 0)
(34875032, 0)
(153, 3)
(35104473, 2)
(157, 1)
(36022237, 4)
(158, 3)
(36251678, 2)
(162, 1)
(37169442, 1)
(163, 4)
(37398883, 4)
(167, 4)
(38316647, 4)
(168, 0)
(38546088, 0)
(172, 2)
(39463852, 3)
(173, 1)
(39693293, 1)
(177, 4)
(40611057, 1)
(178, 3)
(40840498, 3)
(182, 3)
(41758262, 2)
(183, 3)
(41987703, 3)
(187, 2)
(42905467, 3)
(188, 0)
(43134908, 0)
(192, 0)
(44052672, 0)
(193, 1)
(44282113, 1)
(197, 0)
(45199877, 0)
(198, 0)
(45429318, 0)
(202, 4)
(46347082, 1)
(203, 1)
(46576523, 4)
(207, 1)
(47494287, 1)
(208, 1)
(47723728, 4)
(212, 0)
(48641492, 0)
(213, 2)
(48870933, 2)
(217, 3)
(49788697, 2)
(218, 0)
(50018138, 0)
(222, 3)
(50935902, 2)
(223, 2)
(51165343, 3)
(227, 0)
(52083107, 0)
(228, 0)
(52312548, 0)
(232, 0)
(53230312, 0)
(233, 3)
(53459753, 3)
(237, 2)
(54377517, 3)
(238, 3)
(54606958, 2)
(242, 4)
(55524722, 4)
(243, 4)
(55754163, 4)
(247, 4)
(56671927, 4)
(248, 0)
(56901368, 0)
(252, 0)
(57819132, 0)
(253, 1)
(58048573, 1)
(257, 1)
(58966337, 1)
(258, 3)
(59195778, 2)
(262, 4)
(60113542, 4)
(263, 3)
(60342983, 2)
(267, 2)
(61260747, 2)
(268, 3)
(61490188, 2)
(272, 3)
(62407952, 2)
(273, 2)
(62637393, 3)
(277, 1)
(63555157, 1)
(278, 4)
(63784598, 4)
(282, 2)
(64702362, 3)
(283, 2)
(64931803, 3)
(287, 1)
(65849567, 4)
(288, 4)
(66079008, 4)
(292, 0)
(66996772, 0)
(293, 2)
(67226213, 2)
(297, 1)
(68143977, 1)
(298, 1)
(68373418, 4)
(302, 3)
(69291182, 3)
(303, 0)
(69520623, 0)
(307, 3)
(70438387, 3)
(308, 0)
(70667828, 0)
(312, 0)
(71585592, 0)
(313, 2)
(71815033, 2)
(317, 0)
(72732797, 0)
(318, 2)
(72962238, 3)
(322, 2)
(73880002, 2)
(323, 1)
(74109443, 1)
(327, 3)
(75027207, 3)
(328, 0)
(75256648, 0)
(332, 1)
(76174412, 4)
(333, 0)
(76403853, 0)
(337, 3)
(77321617, 2)
(338, 0)
(77551058, 0)
(342, 2)
(78468822, 3)
(343, 3)
(78698263, 3)
(347, 0)
(79616027, 0)
(348, 3)
(79845468, 2)
(352, 4)
(80763232, 4)
(353, 4)
(80992673, 1)
(357, 3)
(81910437, 2)
(358, 1)
(82139878, 4)
(362, 2)
(83057642, 2)
(363, 4)
(83287083, 4)
(367, 1)
(84204847, 4)
(368, 3)
(84434288, 3)
(372, 0)
(85352052, 0)
(373, 0)
(85581493, 0)
(377, 1)
(86499257, 1)
(378, 1)
(86728698, 1)
(382, 2)
(87646462, 3)
(383, 2)
(87875903, 3)
(387, 0)
(88793667, 0)
(388, 0)
(89023108, 0)
(392, 0)
(89940872, 0)
(393, 3)
(90170313, 3)
(397, 1)
(91088077, 1)
(398, 0)
(91317518, 0)
(402, 4)
(92235282, 1)
(403, 3)
(92464723, 3)
(407, 4)
(93382487, 1)
(408, 0)
(93611928, 0)
(412, 0)
(94529692, 0)
(413, 0)
(94759133, 0)
(417, 2)
(95676897, 2)
(418, 3)
(95906338, 2)
(422, 0)
(96824102, 0)
(423, 0)
(97053543, 0)
(427, 2)
(97971307, 2)
(428, 4)
(98200748, 4)
(432, 4)
(99118512, 4)
(433, 3)
(99347953, 2)
(437, 0)
(100265717, 0)
(438, 3)
(100495158, 3)
(442, 2)
(101412922, 2)
(443, 0)
(101642363, 0)
(447, 1)
(102560127, 4)
(448, 2)
(102789568, 2)
(452, 0)
(103707332, 0)
(453, 3)
(103936773, 3)
(457, 3)
(104854537, 2)
(458, 1)
(105083978, 4)
(462, 2)
(106001742, 2)
(463, 2)
(106231183, 3)
(467, 2)
(107148947, 3)
(468, 0)
(107378388, 0)
(472, 0)
(108296152, 0)
(473, 3)
(108525593, 2)
(477, 3)
(109443357, 2)
(478, 3)
(109672798, 2)
(482, 0)
(110590562, 0)
(483, 1)
(110820003, 1)
(487, 3)
(111737767, 3)
(488, 0)
(111967208, 0)
(492, 4)
(112884972, 1)
(493, 3)
(113114413, 3)
(497, 4)
(114032177, 4)
(498, 3)
(114261618, 2)
(502, 1)
(115179382, 1)
(503, 1)
(115408823, 1)
(507, 1)
(116326587, 1)
(508, 0)
(116556028, 0)
(512, 4)
(117473792, 4)
(513, 4)
(117703233, 1)
(517, 2)
(118620997, 3)
(518, 1)
(118850438, 4)
(522, 0)
(119768202, 0)
(523, 0)
(119997643, 0)
(527, 2)
(120915407, 2)
(528, 2)
(121144848, 2)
(532, 0)
(122062612, 0)
(533, 3)
(122292053, 3)
(537, 2)
(123209817, 3)
(538, 0)
(123439258, 0)
(542, 1)
(124357022, 1)
(543, 2)
(124586463, 2)
(547, 3)
(125504227, 2)
(548, 0)
(125733668, 0)
(552, 0)
(126651432, 0)
(553, 2)
(126880873, 3)
(557, 3)
(127798637, 2)
(558, 4)
(128028078, 1)
(562, 2)
(128945842, 3)
(563, 1)
(129175283, 1)
(567, 3)
(130093047, 3)
(568, 0)
(130322488, 0)
(572, 0)
(131240252, 0)
(573, 4)
(131469693, 1)
(577, 3)
(132387457, 3)
(578, 2)
(132616898, 2)
(582, 4)
(133534662, 4)
(583, 3)
(133764103, 2)
(587, 2)
(134681867, 2)
(588, 2)
(134911308, 2)
(592, 4)
(135829072, 1)
(593, 1)
(136058513, 4)
(597, 2)
(136976277, 3)
(598, 3)
(137205718, 2)
(602, 1)
(138123482, 4)
(603, 0)
(138352923, 0)
(607, 2)
(139270687, 2)
(608, 3)
(139500128, 2)
(612, 0)
(140417892, 0)
(613, 0)
(140647333, 0)
(617, 2)
(141565097, 2)
(618, 2)
(141794538, 2)
(622, 3)
(142712302, 2)
(623, 2)
(142941743, 2)
(627, 4)
(143859507, 1)
(628, 0)
(144088948, 0)
(632, 0)
(145006712, 0)
(633, 0)
(145236153, 0)
(637, 4)
(146153917, 1)
(638, 0)
(146383358, 0)
(642, 4)
(147301122, 4)
(643, 2)
(147530563, 3)
(647, 2)
(148448327, 2)
(648, 0)
(148677768, 0)
(652, 2)
(149595532, 2)
(653, 1)
(149824973, 4)
(657, 0)
(150742737, 0)
(658, 3)
(150972178, 2)
(662, 3)
(151889942, 3)
(663, 1)
(152119383, 1)
(667, 4)
(153037147, 1)
(668, 3)
(153266588, 3)
(672, 3)
(154184352, 3)
(673, 3)
(154413793, 3)
(677, 0)
(155331557, 0)
(678, 0)
(155560998, 0)
(682, 3)
(156478762, 2)
(683, 0)
(156708203, 0)
(687, 3)
(157625967, 2)
(688, 2)
(157855408, 3)
(692, 0)
(158773172, 0)
(693, 1)
(159002613, 1)
(697, 3)
(159920377, 3)
(698, 1)
(160149818, 1)
(702, 4)
(161067582, 1)
(703, 4)
(161297023, 4)
(707, 1)
(162214787, 4)
(708, 0)
(162444228, 0)
(712, 0)
(163361992, 0)
(713, 1)
(163591433, 4)
(717, 1)
(164509197, 4)
(718, 2)
(164738638, 3)
(722, 1)
(165656402, 1)
(723, 1)
(165885843, 1)
(727, 2)
(166803607, 3)
(728, 0)
(167033048, 0)
(732, 1)
(167950812, 1)
(733, 1)
(168180253, 4)
(737, 0)
(169098017, 0)
(738, 0)
(169327458, 0)
(742, 2)
(170245222, 3)
(743, 1)
(170474663, 1)
(747, 4)
(171392427, 1)
(748, 1)
(171621868, 4)
(752, 0)
(172539632, 0)
(753, 3)
(172769073, 3)
(757, 0)
(173686837, 0)
(758, 2)
(173916278, 3)
(762, 3)
(174834042, 2)
(763, 1)
(175063483, 1)
(767, 3)
(175981247, 3)
(768, 2)
(176210688, 2)
(772, 0)
(177128452, 0)
(773, 4)
(177357893, 4)
(777, 1)
(178275657, 4)
(778, 4)
(178505098, 1)
(782, 1)
(179422862, 4)
(783, 4)
(179652303, 1)
(787, 0)
(180570067, 0)
(788, 0)
(180799508, 0)
(792, 0)
(181717272, 0)
(793, 2)
(181946713, 3)
(797, 0)
(182864477, 0)
(798, 1)
(183093918, 4)
(802, 3)
(184011682, 3)
(803, 0)
(184241123, 0)
(807, 1)
(185158887, 4)
(808, 0)
(185388328, 0)
(812, 3)
(186306092, 2)
(813, 3)
(186535533, 3)
(817, 2)
(187453297, 2)
(818, 3)
(187682738, 2)
(822, 0)
(188600502, 0)
(823, 4)
(188829943, 1)
(827, 2)
(189747707, 3)
(828, 2)
(189977148, 2)
(832, 2)
(190894912, 3)
(833, 2)
(191124353, 3)
(837, 1)
(192042117, 4)
(838, 4)
(192271558, 1)
(842, 4)
(193189322, 4)
(843, 4)
(193418763, 1)
(847, 4)
(194336527, 4)
(848, 3)
(194565968, 2)
(852, 0)
(195483732, 0)
(853, 0)
(195713173, 0)
(857, 2)
(196630937, 2)
(858, 1)
(196860378, 4)
(862, 2)
(197778142, 3)
(863, 1)
(198007583, 1)
(867, 3)
(198925347, 3)
(868, 0)
(199154788, 0)
(872, 0)
(200072552, 0)
(873, 0)
(200301993, 0)
(877, 0)
(201219757, 0)
(878, 0)
(201449198, 0)
(882, 3)
(202366962, 3)
(883, 2)
(202596403, 3)
(887, 1)
(203514167, 4)
(888, 0)
(203743608, 0)
(892, 4)
(204661372, 1)
(893, 2)
(204890813, 2)
(897, 1)
(205808577, 4)
(898, 2)
(206038018, 3)
(902, 2)
(206955782, 3)
(903, 1)
(207185223, 4)
(907, 3)
(208102987, 3)
(908, 0)
(208332428, 0)
(912, 3)
(209250192, 2)
(913, 3)
(209479633, 2)
(917, 0)
(210397397, 0)
(918, 1)
(210626838, 4)
(922, 2)
(211544602, 3)
(923, 0)
(211774043, 0)
(927, 0)
(212691807, 0)
(928, 1)
(212921248, 4)
(932, 0)
(213839012, 0)
(933, 4)
(214068453, 1)
(937, 0)
(214986217, 0)
(938, 1)
(215215658, 4)
(942, 3)
(216133422, 2)
(943, 1)
(216362863, 4)
(947, 0)
(217280627, 0)
(948, 0)
(217510068, 0)
(952, 0)
(218427832, 0)
(953, 3)
(218657273, 2)
(957, 1)
(219575037, 4)
(958, 1)
(219804478, 0)
(962, 2)
(220722242, 2)
(963, 1)
(220951683, 1)
(967, 4)
(221869447, 4)
(968, 0)
(222098888, 0)
(972, 2)
(223016652, 2)
(973, 3)
(223246093, 3)
(977, 0)
(224163857, 0)
(978, 4)
(224393298, 4)
(982, 0)
(225311062, 0)
(983, 2)
(225540503, 2)
(987, 3)
(226458267, 2)
(988, 3)
(226687708, 3)
(992, 1)
(227605472, 4)
(993, 3)
(227834913, 3)
(997, 4)
(228752677, 1)
(998, 1)
(228982118, 1)
(1002, 4)
(229899882, 4)
(1003, 1)
(230129323, 1)
(1007, 0)
(231047087, 0)
(1008, 0)
(231276528, 0)
(1012, 0)
(232194292, 0)
(1013, 4)
(232423733, 4)
(1017, 4)
(233341497, 1)
(1018, 3)
(233570938, 3)
(1022, 3)
(234488702, 3)
(1023, 1)
(234718143, 4)
(1027, 4)
(235635907, 4)
(1028, 0)
(235865348, 0)
(1032, 0)
(236783112, 0)
(1033, 3)
(237012553, 3)
(1037, 0)
(237930317, 0)
(1038, 2)
(238159758, 2)
(1042, 3)
(239077522, 3)
(1043, 2)
(239306963, 3)
(1047, 4)
(240224727, 4)
(1048, 0)
(240454168, 0)
(1052, 1)
(241371932, 4)
(1053, 1)
(241601373, 4)
(1057, 1)
(242519137, 1)
(1058, 0)
(242748578, 0)
(1062, 0)
(243666342, 0)
(1063, 4)
(243895783, 4)
(1067, 2)
(244813547, 2)
(1068, 1)
(245042988, 1)
(1072, 3)
(245960752, 2)
(1073, 1)
(246190193, 1)
(1077, 4)
(247107957, 1)
(1078, 3)
(247337398, 3)
(1082, 3)
(248255162, 2)
(1083, 2)
(248484603, 2)
(1087, 1)
(249402367, 4)
(1088, 1)
(249631808, 4)
(1092, 0)
(250549572, 0)
(1093, 0)
(250779013, 0)
(1097, 1)
(251696777, 1)
(1098, 0)
(251926218, 0)
(1102, 0)
(252843982, 0)
(1103, 3)
(253073423, 2)
(1107, 3)
(253991187, 2)
(1108, 0)
(254220628, 0)
(1112, 0)
(255138392, 0)
(1113, 4)
(255367833, 1)
(1117, 4)
(256285597, 1)
(1118, 1)
(256515038, 1)
(1122, 4)
(257432802, 1)
(1123, 0)
(257662243, 0)
(1127, 3)
(258580007, 3)
(1128, 0)
(258809448, 0)
(1132, 1)
(259727212, 4)
(1133, 2)
(259956653, 2)
(1137, 0)
(260874417, 0)
(1138, 2)
(261103858, 2)
(1142, 2)
(262021622, 2)
(1143, 0)
(262251063, 0)
(1147, 1)
(263168827, 1)
(1148, 2)
(263398268, 3)
(1152, 3)
(264316032, 3)
(1153, 4)
(264545473, 1)
(1157, 3)
(265463237, 2)
(1158, 4)
(265692678, 4)
(1162, 3)
(266610442, 2)
(1163, 3)
(266839883, 2)
(1167, 3)
(267757647, 2)
(1168, 2)
(267987088, 2)
(1172, 0)
(268904852, 0)
(1173, 1)
(269134293, 4)
(1177, 2)
(270052057, 2)
(1178, 1)
(270281498, 1)
(1182, 0)
(271199262, 0)
(1183, 0)
(271428703, 0)
(1187, 4)
(272346467, 1)
(1188, 0)
(272575908, 0)
(1192, 0)
(273493672, 0)
(1193, 4)
(273723113, 1)
(1197, 0)
(274640877, 0)
(1198, 2)
(274870318, 2)
(1202, 1)
(275788082, 1)
(1203, 4)
(276017523, 4)
(1207, 2)
(276935287, 3)
(1208, 0)
(277164728, 0)
(1212, 0)
(278082492, 0)
(1213, 0)
(278311933, 0)
(1217, 2)
(279229697, 3)
(1218, 4)
(279459138, 1)
(1222, 3)
(280376902, 3)
(1223, 0)
(280606343, 0)
(1227, 4)
(281524107, 1)
(1228, 4)
(281753548, 4)
(1232, 1)
(282671312, 1)
(1233, 1)
(282900753, 1)
(1237, 4)
(283818517, 1)
(1238, 2)
(284047958, 2)
(1242, 3)
(284965722, 3)
(1243, 1)
(285195163, 4)
(1247, 4)
(286112927, 4)
(1248, 2)
(286342368, 3)
(1252, 0)
(287260132, 0)
(1253, 3)
(287489573, 2)
(1257, 0)
(288407337, 0)
(1258, 2)
(288636778, 2)
(1262, 4)
(289554542, 1)
(1263, 0)
(289783983, 0)
(1267, 1)
(290701747, 1)
(1268, 0)
(290931188, 0)
(1272, 0)
(291848952, 0)
(1273, 0)
(292078393, 0)
(1277, 4)
(292996157, 1)
(1278, 0)
(293225598, 0)
(1282, 3)
(294143362, 3)
(1283, 4)
(294372803, 1)
(1287, 0)
(295290567, 0)
(1288, 0)
(295520008, 0)
(1292, 3)
(296437772, 3)
(1293, 1)
(296667213, 4)
(1297, 2)
(297584977, 3)
(1298, 2)
(297814418, 3)
(1302, 4)
(298732182, 1)
(1303, 1)
(298961623, 1)
(1307, 1)
(299879387, 1)
(1308, 1)
(300108828, 1)
(1312, 3)
(301026592, 2)
(1313, 1)
(301256033, 1)
(1317, 0)
(302173797, 0)
(1318, 0)
(302403238, 0)
(1322, 3)
(303321002, 2)
(1323, 4)
(303550443, 4)
(1327, 0)
(304468207, 0)
(1328, 1)
(304697648, 4)
(1332, 0)
(305615412, 0)
(1333, 0)
(305844853, 0)
(1337, 4)
(306762617, 1)
(1338, 0)
(306992058, 0)
(1342, 0)
(307909822, 0)
(1343, 4)
(308139263, 4)
(1347, 1)
(309057027, 4)
(1348, 0)
(309286468, 0)
(1352, 0)
(310204232, 0)
(1353, 4)
(310433673, 1)
(1357, 1)
(311351437, 4)
(1358, 4)
(311580878, 4)
(1362, 1)
(312498642, 4)
(1363, 4)
(312728083, 4)
(1367, 0)
(313645847, 0)
(1368, 0)
(313875288, 0)
(1372, 1)
(314793052, 1)
(1373, 2)
(315022493, 3)
(1377, 1)
(315940257, 4)
(1378, 0)
(316169698, 0)
(1382, 2)
(317087462, 3)
(1383, 3)
(317316903, 2)
(1387, 4)
(318234667, 1)
(1388, 0)
(318464108, 0)
(1392, 4)
(319381872, 1)
(1393, 4)
(319611313, 1)
(1397, 4)
(320529077, 1)
(1398, 0)
(320758518, 0)
(1402, 1)
(321676282, 4)
(1403, 1)
(321905723, 1)
(1407, 1)
(322823487, 4)
(1408, 3)
(323052928, 3)
(1412, 0)
(323970692, 0)
(1413, 0)
(324200133, 0)
(1417, 1)
(325117897, 4)
(1418, 4)
(325347338, 4)
(1422, 1)
(326265102, 4)
(1423, 4)
(326494543, 1)
(1427, 0)
(327412307, 0)
(1428, 0)
(327641748, 0)
(1432, 0)
(328559512, 0)
(1433, 4)
(328788953, 1)
(1437, 4)
(329706717, 0)
(1438, 1)
(329936158, 1)
(1442, 1)
(330853922, 1)
(1443, 2)
(331083363, 2)
(1447, 2)
(332001127, 2)
(1448, 0)
(332230568, 0)
(1452, 2)
(333148332, 2)
(1453, 1)
(333377773, 1)
(1457, 4)
(334295537, 4)
(1458, 2)
(334524978, 2)
(1462, 4)
(335442742, 4)
(1463, 2)
(335672183, 3)
(1467, 0)
(336589947, 0)
(1468, 2)
(336819388, 3)
(1472, 4)
(337737152, 4)
(1473, 2)
(337966593, 2)
(1477, 1)
(338884357, 1)
(1478, 0)
(339113798, 0)
(1482, 1)
(340031562, 1)
(1483, 3)
(340261003, 3)
(1487, 3)
(341178767, 3)
(1488, 2)
(341408208, 3)
(1492, 0)
(342325972, 0)
(1493, 3)
(342555413, 3)
(1497, 0)
(343473177, 0)
(1498, 1)
(343702618, 1)
(1502, 1)
(344620382, 4)
(1503, 3)
(344849823, 3)
(1507, 4)
(345767587, 4)
(1508, 0)
(345997028, 0)
(1512, 0)
(346914792, 0)
(1513, 4)
(347144233, 1)
(1517, 3)
(348061997, 3)
(1518, 4)
(348291438, 4)
(1522, 0)
(349209202, 0)
(1523, 3)
(349438643, 2)
(1527, 1)
(350356407, 1)
(1528, 0)
(350585848, 0)
(1532, 4)
(351503612, 1)
(1533, 1)
(351733053, 1)
(1537, 1)
(352650817, 1)
(1538, 4)
(352880258, 1)
(1542, 0)
(353798022, 0)
(1543, 4)
(354027463, 1)
(1547, 2)
(354945227, 2)
(1548, 0)
(355174668, 0)
(1552, 3)
(356092432, 3)
(1553, 0)
(356321873, 0)
(1557, 2)
(357239637, 2)
(1558, 2)
(357469078, 2)
(1562, 2)
(358386842, 2)
(1563, 4)
(358616283, 4)
(1567, 0)
(359534047, 0)
(1568, 2)
(359763488, 2)
(1572, 0)
(360681252, 0)
(1573, 3)
(360910693, 2)
(1577, 3)
(361828457, 3)
(1578, 1)
(362057898, 4)
(1582, 4)
(362975662, 1)
(1583, 3)
(363205103, 3)
(1587, 0)
(364122867, 0)
(1588, 0)
(364352308, 0)
(1592, 0)
(365270072, 0)
(1593, 4)
(365499513, 1)
(1597, 4)
(366417277, 4)
(1598, 2)
(366646718, 2)
(1602, 0)
(367564482, 0)
(1603, 4)
(367793923, 1)
(1607, 3)
(368711687, 2)
(1608, 0)
(368941128, 0)
(1612, 4)
(369858892, 4)
(1613, 3)
(370088333, 3)
(1617, 3)
(371006097, 3)
(1618, 2)
(371235538, 2)
(1622, 0)
(372153302, 0)
(1623, 3)
(372382743, 2)
(1627, 2)
(373300507, 3)
(1628, 3)
(373529948, 2)
(1632, 3)
(374447712, 2)
(1633, 4)
(374677153, 4)
(1637, 3)
(375594917, 3)
(1638, 1)
(375824358, 4)
(1642, 1)
(376742122, 4)
(1643, 0)
(376971563, 0)
(1647, 3)
(377889327, 3)
(1648, 0)
(378118768, 0)
(1652, 0)
(379036532, 0)
(1653, 4)
(379265973, 4)
(1657, 1)
(380183737, 1)
(1658, 2)
(380413178, 2)
(1662, 0)
(381330942, 0)
(1663, 2)
(381560383, 3)
(1667, 3)
(382478147, 3)
(1668, 0)
(382707588, 0)
(1672, 0)
(383625352, 0)
(1673, 3)
(383854793, 2)
(1677, 1)
(384772557, 1)
(1678, 0)
(385001998, 0)
(1682, 4)
(385919762, 4)
(1683, 0)
(386149203, 0)
(1687, 2)
(387066967, 2)
(1688, 0)
(387296408, 0)
(1692, 0)
(388214172, 0)
(1693, 3)
(388443613, 3)
(1697, 3)
(389361377, 2)
(1698, 1)
(389590818, 4)
(1702, 0)
(390508582, 0)
(1703, 3)
(390738023, 2)
(1707, 0)
(391655787, 0)
(1708, 1)
(391885228, 1)
(1712, 4)
(392802992, 4)
(1713, 4)
(393032433, 4)
(1717, 1)
(393950197, 1)
(1718, 1)
(394179638, 4)
(1722, 1)
(395097402, 4)
(1723, 0)
(395326843, 0)
(1727, 4)
(396244607, 1)
(1728, 0)
(396474048, 0)
(1732, 0)
(397391812, 0)
(1733, 1)
(397621253, 4)
(1737, 0)
(398539017, 0)
(1738, 1)
(398768458, 4)
(1742, 1)
(399686222, 1)
(1743, 4)
(399915663, 1)
(1747, 0)
(400833427, 0)
(1748, 0)
(401062868, 0)
(1752, 0)
(401980632, 0)
(1753, 0)
(402210073, 0)
(1757, 3)
(403127837, 3)
(1758, 0)
(403357278, 0)
(1762, 1)
(404275042, 4)
(1763, 3)
(404504483, 3)
(1767, 3)
(405422247, 3)
(1768, 0)
(405651688, 0)
(1772, 0)
(406569452, 0)
(1773, 0)
(406798893, 0)
(1777, 4)
(407716657, 1)
(1778, 0)
(407946098, 0)
(1782, 1)
(408863862, 1)
(1783, 2)
(409093303, 2)
(1787, 2)
(410011067, 2)
(1788, 2)
(410240508, 3)
(1792, 1)
(411158272, 1)
(1793, 4)
(411387713, 4)
(1797, 4)
(412305477, 4)
(1798, 0)
(412534918, 0)
(1802, 3)
(413452682, 3)
(1803, 2)
(413682123, 2)
(1807, 3)
(414599887, 2)
(1808, 4)
(414829328, 1)
(1812, 0)
(415747092, 0)
(1813, 2)
(415976533, 3)
(1817, 0)
(416894297, 0)
(1818, 0)
(417123738, 0)
(1822, 4)
(418041502, 4)
(1823, 0)
(418270943, 0)
(1827, 2)
(419188707, 3)
(1828, 0)
(419418148, 0)
(1832, 0)
(420335912, 0)
(1833, 1)
(420565353, 1)
(1837, 4)
(421483117, 4)
(1838, 3)
(421712558, 3)
(1842, 4)
(422630322, 4)
(1843, 4)
(422859763, 1)
(1847, 2)
(423777527, 3)
(1848, 0)
(424006968, 0)
(1852, 4)
(424924732, 1)
(1853, 4)
(425154173, 1)
(1857, 0)
(426071937, 0)
(1858, 0)
(426301378, 0)
(1862, 3)
(427219142, 2)
(1863, 2)
(427448583, 2)
(1867, 0)
(428366347, 0)
(1868, 1)
(428595788, 4)
(1872, 0)
(429513552, 0)
(1873, 3)
(429742993, 3)
(1877, 4)
(430660757, 4)
(1878, 4)
(430890198, 4)
(1882, 2)
(431807962, 2)
(1883, 1)
(432037403, 4)
(1887, 0)
(432955167, 0)
(1888, 3)
(433184608, 2)
(1892, 0)
(434102372, 0)
(1893, 0)
(434331813, 0)
(1897, 1)
(435249577, 1)
(1898, 3)
(435479018, 2)
(1902, 4)
(436396782, 1)
(1903, 2)
(436626223, 2)
(1907, 3)
(437543987, 2)
(1908, 0)
(437773428, 0)
(1912, 0)
(438691192, 0)
(1913, 4)
(438920633, 1)
(1917, 2)
(439838397, 2)
(1918, 1)
(440067838, 1)
(1922, 2)
(440985602, 2)
(1923, 0)
(441215043, 0)
(1927, 2)
(442132807, 2)
(1928, 0)
(442362248, 0)
(1932, 3)
(443280012, 3)
(1933, 2)
(443509453, 3)
(1937, 3)
(444427217, 3)
(1938, 2)
(444656658, 2)
(1942, 3)
(445574422, 2)
(1943, 2)
(445803863, 2)
(1947, 3)
(446721627, 2)
(1948, 1)
(446951068, 1)
(1952, 0)
(447868832, 0)
(1953, 0)
(448098273, 0)
(1957, 1)
(449016037, 4)
(1958, 2)
(449245478, 2)
(1962, 0)
(450163242, 0)
(1963, 4)
(450392683, 1)
(1967, 4)
(451310447, 1)
(1968, 4)
(451539888, 1)
(1972, 0)
(452457652, 0)
(1973, 3)
(452687093, 2)
(1977, 1)
(453604857, 1)
(1978, 2)
(453834298, 3)
(1982, 1)
(454752062, 1)
(1983, 1)
(454981503, 4)
(1987, 2)
(455899267, 2)
(1988, 0)
(456128708, 0)
(1992, 0)
(457046472, 0)
(1993, 1)
(457275913, 1)
(1997, 2)
(458193677, 2)
(1998, 3)
(458423118, 2)
(2002, 4)
(459340882, 1)
(2003, 1)
(459570323, 4)
(2007, 0)
(460488087, 0)
(2008, 0)
(460717528, 0)
(2012, 2)
(461635292, 2)
(2013, 4)
(461864733, 4)
(2017, 2)
(462782497, 3)
(2018, 3)
(463011938, 2)
(2022, 1)
(463929702, 4)
(2023, 4)
(464159143, 4)
(2027, 1)
(465076907, 4)
(2028, 3)
(465306348, 3)
(2032, 0)
(466224112, 0)
(2033, 2)
(466453553, 3)
(2037, 4)
(467371317, 4)
(2038, 3)
(467600758, 3)
(2042, 0)
(468518522, 0)
(2043, 0)
(468747963, 0)
(2047, 2)
(469665727, 2)
(2048, 0)
(469895168, 0)
(2052, 0)
(470812932, 0)
(2053, 2)
(471042373, 2)
(2057, 4)
(471960137, 1)
(2058, 2)
(472189578, 2)
(2062, 3)
(473107342, 3)
(2063, 0)
(473336783, 0)
(2067, 3)
(474254547, 3)
(2068, 0)
(474483988, 0)
(2072, 0)
(475401752, 0)
(2073, 0)
(475631193, 0)
(2077, 1)
(476548957, 1)
(2078, 0)
(476778398, 0)
(2082, 1)
(477696162, 4)
(2083, 3)
(477925603, 3)
(2087, 0)
(478843367, 0)
(2088, 0)
(479072808, 0)
(2092, 0)
(479990572, 0)
(2093, 0)
(480220013, 0)
(2097, 1)
(481137777, 1)
(2098, 4)
(481367218, 1)
(2102, 4)
(482284982, 1)
(2103, 4)
(482514423, 1)
(2107, 4)
(483432187, 1)
(2108, 4)
(483661628, 4)
(2112, 4)
(484579392, 4)
(2113, 4)
(484808833, 4)
(2117, 1)
(485726597, 4)
(2118, 0)
(485956038, 0)
(2122, 2)
(486873802, 2)
(2123, 1)
(487103243, 1)
(2127, 2)
(488021007, 2)
(2128, 2)
(488250448, 3)
(2132, 0)
(489168212, 0)
(2133, 2)
(489397653, 3)
(2137, 1)
(490315417, 1)
(2138, 2)
(490544858, 3)
(2142, 0)
(491462622, 0)
(2143, 3)
(491692063, 2)
(2147, 4)
(492609827, 4)
(2148, 0)
(492839268, 0)
(2152, 0)
(493757032, 0)
(2153, 3)
(493986473, 2)
(2157, 4)
(494904237, 4)
(2158, 0)
(495133678, 0)
(2162, 4)
(496051442, 1)
(2163, 2)
(496280883, 2)
(2167, 2)
(497198647, 2)
(2168, 0)
(497428088, 0)
(2172, 4)
(498345852, 4)
(2173, 0)
(498575293, 0)
(2177, 0)
(499493057, 0)
(2178, 3)
(499722498, 3)
(2182, 3)
(500640262, 2)
(2183, 2)
(500869703, 2)
(2187, 0)
(501787467, 0)
(2188, 4)
(502016908, 1)
(2192, 1)
(502934672, 1)
(2193, 1)
(503164113, 1)
(2197, 3)
(504081877, 2)
(2198, 1)
(504311318, 4)
(2202, 0)
(505229082, 0)
(2203, 0)
(505458523, 0)
(2207, 1)
(506376287, 1)
(2208, 4)
(506605728, 4)
(2212, 0)
(507523492, 0)
(2213, 3)
(507752933, 3)
(2217, 3)
(508670697, 2)
(2218, 1)
(508900138, 1)
(2222, 3)
(509817902, 2)
(2223, 0)
(510047343, 0)
(2227, 1)
(510965107, 4)
(2228, 0)
(511194548, 0)
(2232, 0)
(512112312, 0)
(2233, 4)
(512341753, 1)
(2237, 0)
(513259517, 0)
(2238, 3)
(513488958, 3)
(2242, 4)
(514406722, 4)
(2243, 0)
(514636163, 0)
(2247, 0)
(515553927, 0)
(2248, 0)
(515783368, 0)
(2252, 3)
(516701132, 3)
(2253, 4)
(516930573, 1)
(2257, 4)
(517848337, 1)
(2258, 3)
(518077778, 2)
(2262, 1)
(518995542, 1)
(2263, 2)
(519224983, 3)
(2267, 1)
(520142747, 4)
(2268, 1)
(520372188, 1)
(2272, 3)
(521289952, 3)
(2273, 2)
(521519393, 3)
(2277, 0)
(522437157, 0)
(2278, 4)
(522666598, 4)
(2282, 0)
(523584362, 0)
(2283, 4)
(523813803, 1)
(2287, 1)
(524731567, 4)
(2288, 0)
(524961008, 0)
(2292, 0)
(525878772, 0)
(2293, 1)
(526108213, 1)
(2297, 0)
(527025977, 0)
(2298, 2)
(527255418, 3)
(2302, 4)
(528173182, 4)
(2303, 0)
(528402623, 0)
(2307, 3)
(529320387, 2)
(2308, 0)
(529549828, 0)
(2312, 0)
(530467592, 0)
(2313, 2)
(530697033, 2)
(2317, 4)
(531614797, 4)
(2318, 1)
(531844238, 4)
(2322, 3)
(532762002, 2)
(2323, 2)
(532991443, 3)
(2327, 2)
(533909207, 2)
(2328, 0)
(534138648, 0)
(2332, 1)
(535056412, 4)
(2333, 1)
(535285853, 1)
(2337, 2)
(536203617, 2)
(2338, 4)
(536433058, 4)
(2342, 3)
(537350822, 3)
(2343, 2)
(537580263, 2)
(2347, 0)
(538498027, 0)
(2348, 1)
(538727468, 1)
(2352, 2)
(539645232, 2)
(2353, 4)
(539874673, 1)
(2357, 2)
(540792437, 2)
(2358, 0)
(541021878, 0)
(2362, 4)
(541939642, 1)
(2363, 0)
(542169083, 0)
(2367, 1)
(543086847, 4)
(2368, 3)
(543316288, 2)
(2372, 0)
(544234052, 0)
(2373, 1)
(544463493, 4)
(2377, 1)
(545381257, 4)
(2378, 0)
(545610698, 0)
(2382, 2)
(546528462, 2)
(2383, 4)
(546757903, 1)
(2387, 2)
(547675667, 3)
(2388, 0)
(547905108, 0)
(2392, 0)
(548822872, 0)
(2393, 0)
(549052313, 0)
(2397, 2)
(549970077, 2)
(2398, 0)
(550199518, 0)
(2402, 0)
(551117282, 0)
(2403, 2)
(551346723, 2)
(2407, 0)
(552264487, 0)
(2408, 0)
(552493928, 0)
(2412, 0)
(553411692, 0)
(2413, 1)
(553641133, 1)
(2417, 1)
(554558897, 1)
(2418, 4)
(554788338, 4)
(2422, 0)
(555706102, 0)
(2423, 3)
(555935543, 3)
(2427, 4)
(556853307, 4)
(2428, 4)
(557082748, 4)
(2432, 1)
(558000512, 4)
(2433, 0)
(558229953, 0)
(2437, 3)
(559147717, 3)
(2438, 3)
(559377158, 2)
(2442, 3)
(560294922, 2)
(2443, 4)
(560524363, 4)
(2447, 3)
(561442127, 2)
(2448, 1)
(561671568, 4)
(2452, 0)
(562589332, 0)
(2453, 3)
(562818773, 2)
(2457, 2)
(563736537, 3)
(2458, 3)
(563965978, 3)
(2462, 3)
(564883742, 2)
(2463, 4)
(565113183, 1)
(2467, 2)
(566030947, 2)
(2468, 0)
(566260388, 0)
(2472, 0)
(567178152, 0)
(2473, 0)
(567407593, 0)
(2477, 3)
(568325357, 2)
(2478, 2)
(568554798, 3)
(2482, 1)
(569472562, 4)
(2483, 0)
(569702003, 0)
(2487, 0)
(570619767, 0)
(2488, 0)
(570849208, 0)
(2492, 4)
(571766972, 4)
(2493, 0)
(571996413, 0)
(2497, 3)
(572914177, 2)
(2498, 0)
(573143618, 0)
(2502, 3)
(574061382, 3)
(2503, 1)
(574290823, 1)
(2507, 4)
(575208587, 4)
(2508, 2)
(575438028, 3)
(2512, 2)
(576355792, 3)
(2513, 3)
(576585233, 2)
(2517, 4)
(577502997, 4)
(2518, 0)
(577732438, 0)
(2522, 4)
(578650202, 1)
(2523, 3)
(578879643, 3)
(2527, 4)
(579797407, 4)
(2528, 4)
(580026848, 1)
(2532, 0)
(580944612, 0)
(2533, 4)
(581174053, 4)
(2537, 0)
(582091817, 0)
(2538, 2)
(582321258, 3)
(2542, 4)
(583239022, 4)
(2543, 0)
(583468463, 0)
(2547, 0)
(584386227, 0)
(2548, 0)
(584615668, 0)
(2552, 0)
(585533432, 0)
(2553, 1)
(585762873, 4)
(2557, 3)
(586680637, 3)
(2558, 4)
(586910078, 4)
(2562, 1)
(587827842, 1)
(2563, 4)
(588057283, 4)
(2567, 1)
(588975047, 4)
(2568, 0)
(589204488, 0)
(2572, 1)
(590122252, 4)
(2573, 1)
(590351693, 1)
(2577, 0)
(591269457, 0)
(2578, 1)
(591498898, 1)
(2582, 0)
(592416662, 0)
(2583, 2)
(592646103, 3)
(2587, 3)
(593563867, 3)
(2588, 4)
(593793308, 4)
(2592, 3)
(594711072, 3)
(2593, 1)
(594940513, 1)
(2597, 4)
(595858277, 1)
(2598, 4)
(596087718, 1)
(2602, 4)
(597005482, 4)
(2603, 0)
(597234923, 0)
(2607, 2)
(598152687, 3)
(2608, 2)
(598382128, 2)
(2612, 0)
(599299892, 0)
(2613, 1)
(599529333, 1)
(2617, 2)
(600447097, 3)
(2618, 0)
(600676538, 0)
(2622, 1)
(601594302, 4)
(2623, 2)
(601823743, 3)
(2627, 2)
(602741507, 3)
(2628, 0)
(602970948, 0)
(2632, 0)
(603888712, 0)
(2633, 3)
(604118153, 2)
(2637, 4)
(605035917, 4)
(2638, 0)
(605265358, 0)
(2642, 3)
(606183122, 3)
(2643, 0)
(606412563, 0)
(2647, 0)
(607330327, 0)
(2648, 0)
(607559768, 0)
(2652, 2)
(608477532, 2)
(2653, 1)
(608706973, 4)
(2657, 2)
(609624737, 2)
(2658, 4)
(609854178, 1)
(2662, 1)
(610771942, 1)
(2663, 3)
(611001383, 2)
(2667, 3)
(611919147, 2)
(2668, 2)
(612148588, 3)
(2672, 4)
(613066352, 4)
(2673, 3)
(613295793, 3)
(2677, 2)
(614213557, 3)
(2678, 0)
(614442998, 0)
(2682, 0)
(615360762, 0)
(2683, 0)
(615590203, 0)
(2687, 4)
(616507967, 4)
(2688, 1)
(616737408, 1)
(2692, 0)
(617655172, 0)
(2693, 3)
(617884613, 2)
(2697, 4)
(618802377, 4)
(2698, 4)
(619031818, 1)
(2702, 2)
(619949582, 2)
(2703, 3)
(620179023, 3)
(2707, 2)
(621096787, 3)
(2708, 0)
(621326228, 0)
(2712, 0)
(622243992, 0)
(2713, 1)
(622473433, 4)
(2717, 2)
(623391197, 2)
(2718, 1)
(623620638, 1)
(2722, 0)
(624538402, 0)
(2723, 3)
(624767843, 2)
(2727, 0)
(625685607, 0)
(2728, 0)
(625915048, 0)
(2732, 0)
(626832812, 0)
(2733, 3)
(627062253, 3)
(2737, 1)
(627980017, 4)
(2738, 4)
(628209458, 4)
(2742, 3)
(629127222, 2)
(2743, 0)
(629356663, 0)
(2747, 3)
(630274427, 3)
(2748, 1)
(630503868, 4)
(2752, 0)
(631421632, 0)
(2753, 2)
(631651073, 3)
(2757, 4)
(632568837, 4)
(2758, 4)
(632798278, 4)
(2762, 4)
(633716042, 1)
(2763, 0)
(633945483, 0)
(2767, 4)
(634863247, 1)
(2768, 2)
(635092688, 2)
(2772, 0)
(636010452, 0)
(2773, 4)
(636239893, 4)
(2777, 0)
(637157657, 0)
(2778, 1)
(637387098, 4)
(2782, 2)
(638304862, 3)
(2783, 4)
(638534303, 4)
(2787, 1)
(639452067, 1)
(2788, 0)
(639681508, 0)
(2792, 0)
(640599272, 0)
(2793, 4)
(640828713, 1)
(2797, 3)
(641746477, 2)
(2798, 4)
(641975918, 4)
(2802, 1)
(642893682, 4)
(2803, 1)
(643123123, 4)
(2807, 3)
(644040887, 3)
(2808, 0)
(644270328, 0)
(2812, 3)
(645188092, 3)
(2813, 0)
(645417533, 0)
(2817, 0)
(646335297, 0)
(2818, 0)
(646564738, 0)
(2822, 2)
(647482502, 2)
(2823, 1)
(647711943, 1)
(2827, 3)
(648629707, 3)
(2828, 3)
(648859148, 2)
(2832, 3)
(649776912, 2)
(2833, 3)
(650006353, 3)
(2837, 1)
(650924117, 1)
(2838, 0)
(651153558, 0)
(2842, 2)
(652071322, 3)
(2843, 0)
(652300763, 0)
(2847, 3)
(653218527, 2)
(2848, 4)
(653447968, 4)
(2852, 0)
(654365732, 0)
(2853, 0)
(654595173, 0)
(2857, 0)
(655512937, 0)
(2858, 3)
(655742378, 2)
(2862, 2)
(656660142, 3)
(2863, 2)
(656889583, 3)
(2867, 2)
(657807347, 3)
(2868, 0)
(658036788, 0)
(2872, 0)
(658954552, 0)
(2873, 3)
(659183993, 2)
(2877, 0)
(660101757, 0)
(2878, 1)
(660331198, 1)
(2882, 1)
(661248962, 1)
(2883, 3)
(661478403, 3)
(2887, 0)
(662396167, 0)
(2888, 0)
(662625608, 0)
(2892, 3)
(663543372, 3)
(2893, 4)
(663772813, 1)
(2897, 1)
(664690577, 1)
(2898, 0)
(664920018, 0)
(2902, 2)
(665837782, 2)
(2903, 4)
(666067223, 1)
(2907, 2)
(666984987, 2)
(2908, 4)
(667214428, 1)
(2912, 4)
(668132192, 1)
(2913, 2)
(668361633, 3)
(2917, 2)
(669279397, 3)
(2918, 4)
(669508838, 4)
(2922, 1)
(670426602, 1)
(2923, 4)
(670656043, 4)
(2927, 4)
(671573807, 1)
(2928, 3)
(671803248, 3)
(2932, 0)
(672721012, 0)
(2933, 1)
(672950453, 4)
(2937, 4)
(673868217, 4)
(2938, 4)
(674097658, 4)
(2942, 0)
(675015422, 0)
(2943, 3)
(675244863, 3)
(2947, 3)
(676162627, 3)
(2948, 0)
(676392068, 0)
(2952, 0)
(677309832, 0)
(2953, 1)
(677539273, 4)
(2957, 4)
(678457037, 1)
(2958, 2)
(678686478, 2)
(2962, 4)
(679604242, 4)
(2963, 2)
(679833683, 2)
(2967, 1)
(680751447, 4)
(2968, 0)
(680980888, 0)
(2972, 2)
(681898652, 2)
(2973, 2)
(682128093, 2)
(2977, 4)
(683045857, 4)
(2978, 0)
(683275298, 0)
(2982, 1)
(684193062, 1)
(2983, 0)
(684422503, 0)
(2987, 0)
(685340267, 0)
(2988, 2)
(685569708, 3)
(2992, 1)
(686487472, 4)
(2993, 2)
(686716913, 3)
(2997, 4)
(687634677, 1)
(2998, 3)
(687864118, 2)
(3002, 4)
(688781882, 4)
(3003, 2)
(689011323, 3)
(3007, 0)
(689929087, 0)
(3008, 0)
(690158528, 0)
(3012, 0)
(691076292, 0)
(3013, 3)
(691305733, 3)
(3017, 3)
(692223497, 2)
(3018, 4)
(692452938, 4)
(3022, 2)
(693370702, 3)
(3023, 2)
(693600143, 3)
(3027, 2)
(694517907, 3)
(3028, 0)
(694747348, 0)
(3032, 0)
(695665112, 0)
(3033, 0)
(695894553, 0)
(3037, 3)
(696812317, 3)
(3038, 1)
(697041758, 4)
(3042, 0)
(697959522, 0)
(3043, 3)
(698188963, 3)
(3047, 2)
(699106727, 2)
(3048, 0)
(699336168, 0)
(3052, 3)
(700253932, 3)
(3053, 0)
(700483373, 0)
(3057, 3)
(701401137, 3)
(3058, 2)
(701630578, 2)
(3062, 4)
(702548342, 1)
(3063, 1)
(702777783, 1)
(3067, 2)
(703695547, 2)
(3068, 1)
(703924988, 1)
(3072, 4)
(704842752, 4)
(3073, 1)
(705072193, 4)
(3077, 4)
(705989957, 1)
(3078, 4)
(706219398, 1)
(3082, 0)
(707137162, 0)
(3083, 2)
(707366603, 3)
(3087, 0)
(708284367, 0)
(3088, 2)
(708513808, 2)
(3092, 0)
(709431572, 0)
(3093, 2)
(709661013, 2)
(3097, 3)
(710578777, 2)
(3098, 4)
(710808218, 4)
(3102, 1)
(711725982, 4)
(3103, 0)
(711955423, 0)
(3107, 3)
(712873187, 3)
(3108, 0)
(713102628, 0)
(3112, 0)
(714020392, 0)
(3113, 1)
(714249833, 4)
(3117, 0)
(715167597, 0)
(3118, 0)
(715397038, 0)
(3122, 3)
(716314802, 2)
(3123, 0)
(716544243, 0)
(3127, 1)
(717462007, 1)
(3128, 0)
(717691448, 0)
(3132, 3)
(718609212, 2)
(3133, 0)
(718838653, 0)
(3137, 1)
(719756417, 4)
(3138, 4)
(719985858, 4)
(3142, 0)
(720903622, 0)
(3143, 1)
(721133063, 4)
(3147, 0)
(722050827, 0)
(3148, 0)
(722280268, 0)
(3152, 0)
(723198032, 0)
(3153, 4)
(723427473, 1)
(3157, 4)
(724345237, 1)
(3158, 2)
(724574678, 2)
(3162, 0)
(725492442, 0)
(3163, 1)
(725721883, 1)
(3167, 2)
(726639647, 2)
(3168, 0)
(726869088, 0)
(3172, 0)
(727786852, 0)
(3173, 0)
(728016293, 0)
(3177, 3)
(728934057, 2)
(3178, 0)
(729163498, 0)
(3182, 2)
(730081262, 2)
(3183, 4)
(730310703, 4)
(3187, 2)
(731228467, 2)
(3188, 0)
(731457908, 0)
(3192, 0)
(732375672, 0)
(3193, 4)
(732605113, 1)
(3197, 4)
(733522877, 4)
(3198, 2)
(733752318, 2)
(3202, 1)
(734670082, 4)
(3203, 4)
(734899523, 1)
(3207, 3)
(735817287, 2)
(3208, 0)
(736046728, 0)
(3212, 0)
(736964492, 0)
(3213, 3)
(737193933, 2)
(3217, 1)
(738111697, 1)
(3218, 1)
(738341138, 4)
(3222, 0)
(739258902, 0)
(3223, 0)
(739488343, 0)
(3227, 4)
(740406107, 1)
(3228, 2)
(740635548, 3)
(3232, 2)
(741553312, 3)
(3233, 4)
(741782753, 1)
(3237, 2)
(742700517, 2)
(3238, 3)
(742929958, 2)
(3242, 3)
(743847722, 3)
(3243, 2)
(744077163, 3)
(3247, 3)
(744994927, 3)
(3248, 3)
(745224368, 2)
(3252, 0)
(746142132, 0)
(3253, 1)
(746371573, 4)
(3257, 1)
(747289337, 4)
(3258, 4)
(747518778, 4)
(3262, 3)
(748436542, 3)
(3263, 3)
(748665983, 2)
(3267, 4)
(749583747, 4)
(3268, 0)
(749813188, 0)
(3272, 0)
(750730952, 0)
(3273, 4)
(750960393, 1)
(3277, 3)
(751878157, 3)
(3278, 1)
(752107598, 4)
(3282, 0)
(753025362, 0)
(3283, 1)
(753254803, 4)
(3287, 1)
(754172567, 4)
(3288, 0)
(754402008, 0)
(3292, 3)
(755319772, 2)
(3293, 1)
(755549213, 4)
(3297, 0)
(756466977, 0)
(3298, 1)
(756696418, 4)
(3302, 1)
(757614182, 1)
(3303, 0)
(757843623, 0)
(3307, 4)
(758761387, 1)
(3308, 1)
(758990828, 4)
(3312, 1)
(759908592, 1)
(3313, 1)
(760138033, 4)
(3317, 1)
(761055797, 4)
(3318, 2)
(761285238, 3)
(3322, 4)
(762203002, 4)
(3323, 3)
(762432443, 2)
(3327, 4)
(763350207, 4)
(3328, 2)
(763579648, 3)
(3332, 0)
(764497412, 0)
(3333, 3)
(764726853, 2)
(3337, 4)
(765644617, 1)
(3338, 0)
(765874058, 0)
(3342, 4)
(766791822, 1)
(3343, 4)
(767021263, 1)
(3347, 1)
(767939027, 4)
(3348, 0)
(768168468, 0)
(3352, 0)
(769086232, 0)
(3353, 0)
(769315673, 0)
(3357, 0)
(770233437, 0)
(3358, 2)
(770462878, 2)
(3362, 4)
(771380642, 4)
(3363, 4)
(771610083, 4)
(3367, 0)
(772527847, 0)
(3368, 0)
(772757288, 0)
(3372, 2)
(773675052, 3)
(3373, 4)
(773904493, 4)
(3377, 3)
(774822257, 3)
(3378, 4)
(775051698, 4)
(3382, 0)
(775969462, 0)
(3383, 1)
(776198903, 1)
(3387, 2)
(777116667, 3)
(3388, 3)
(777346108, 3)
(3392, 1)
(778263872, 4)
(3393, 2)
(778493313, 2)
(3397, 0)
(779411077, 0)
(3398, 3)
(779640518, 3)
(3402, 3)
(780558282, 3)
(3403, 2)
(780787723, 2)
(3407, 3)
(781705487, 3)
(3408, 4)
(781934928, 4)
(3412, 0)
(782852692, 0)
(3413, 3)
(783082133, 3)
(3417, 4)
(783999897, 4)
(3418, 2)
(784229338, 3)
(3422, 3)
(785147102, 3)
(3423, 0)
(785376543, 0)
(3427, 1)
(786294307, 4)
(3428, 0)
(786523748, 0)
(3432, 0)
(787441512, 0)
(3433, 1)
(787670953, 1)
(3437, 2)
(788588717, 2)
(3438, 0)
(788818158, 0)
(3442, 0)
(789735922, 0)
(3443, 4)
(789965363, 4)
(3447, 4)
(790883127, 1)
(3448, 0)
(791112568, 0)
(3452, 2)
(792030332, 2)
(3453, 3)
(792259773, 3)
(3457, 3)
(793177537, 2)
(3458, 0)
(793406978, 0)
(3462, 3)
(794324742, 3)
(3463, 4)
(794554183, 4)
(3467, 4)
(795471947, 1)
(3468, 4)
(795701388, 4)
(3472, 1)
(796619152, 4)
(3473, 0)
(796848593, 0)
(3477, 2)
(797766357, 3)
(3478, 4)
(797995798, 4)
(3482, 4)
(798913562, 1)
(3483, 3)
(799143003, 2)
(3487, 2)
(800060767, 3)
(3488, 0)
(800290208, 0)
(3492, 0)
(801207972, 0)
(3493, 3)
(801437413, 3)
(3497, 2)
(802355177, 2)
(3498, 0)
(802584618, 0)
(3502, 4)
(803502382, 1)
(3503, 2)
(803731823, 2)
(3507, 3)
(804649587, 3)
(3508, 0)
(804879028, 0)
(3512, 0)
(805796792, 0)
(3513, 4)
(806026233, 4)
(3517, 0)
(806943997, 0)
(3518, 3)
(807173438, 3)
(3522, 3)
(808091202, 3)
(3523, 4)
(808320643, 1)
(3527, 0)
(809238407, 0)
(3528, 0)
(809467848, 0)
(3532, 1)
(810385612, 4)
(3533, 0)
(810615053, 0)
(3537, 3)
(811532817, 3)
(3538, 3)
(811762258, 2)
(3542, 2)
(812680022, 2)
(3543, 3)
(812909463, 2)
(3547, 4)
(813827227, 4)
(3548, 2)
(814056668, 3)
(3552, 4)
(814974432, 1)
(3553, 1)
(815203873, 1)
(3557, 4)
(816121637, 1)
(3558, 3)
(816351078, 2)
(3562, 2)
(817268842, 3)
(3563, 3)
(817498283, 3)
(3567, 0)
(818416047, 0)
(3568, 2)
(818645488, 3)
