(2, 4)
(19456322, 4)
(3, 3)
(29184483, 3)
(7, 4)
(68097127, 1)
(8, 0)
(77825288, 0)
(12, 4)
(116737932, 4)
(13, 3)
(126466093, 3)
(17, 4)
(165378737, 4)
(18, 3)
(175106898, 3)
(22, 3)
(214019542, 3)
(23, 3)
(223747703, 3)
(27, 3)
(262660347, 3)
(28, 3)
(272388508, 2)
(32, 2)
(311301152, 2)
(33, 1)
(321029313, 1)
(37, 2)
(359941957, 2)
(38, 1)
(369670118, 1)
(42, 1)
(408582762, 4)
(43, 4)
(418310923, 1)
(47, 0)
(457223567, 0)
(48, 4)
(466951728, 4)
(52, 0)
(505864372, 0)
(53, 4)
(515592533, 1)
(57, 4)
(554505177, 4)
(58, 2)
(564233338, 2)
(62, 2)
(603145982, 3)
(63, 0)
(612874143, 0)
(67, 1)
(651786787, 4)
(68, 0)
(661514948, 0)
(72, 0)
(700427592, 0)
(73, 1)
(710155753, 4)
(77, 3)
(749068397, 2)
(78, 4)
(758796558, 4)
(82, 1)
(797709202, 4)
(83, 2)
(807437363, 3)
(87, 4)
(846350007, 4)
(88, 0)
(856078168, 0)
(92, 1)
(894990812, 1)
(93, 1)
(904718973, 4)
(97, 4)
(943631617, 1)
(98, 4)
(953359778, 4)
(102, 1)
(992272422, 1)
(103, 0)
(1002000583, 0)
(107, 3)
(1040913227, 2)
(108, 4)
(1050641388, 4)
(112, 4)
(1089554032, 1)
(113, 2)
(1099282193, 3)
(117, 0)
(1138194837, 0)
(118, 1)
(1147922998, 4)
(122, 0)
(1186835642, 0)
(123, 3)
(1196563803, 2)
(127, 0)
(1235476447, 0)
(128, 4)
(1245204608, 4)
(132, 0)
(1284117252, 0)
(133, 1)
(1293845413, 4)
(137, 3)
(1332758057, 3)
(138, 3)
(1342486218, 3)
(142, 1)
(1381398862, 1)
(143, 0)
(1391127023, 0)
(147, 4)
(1430039667, 4)
(148, 0)
(1439767828, 0)
(152, 0)
(1478680472, 0)
(153, 3)
(1488408633, 3)
(157, 1)
(1527321277, 4)
(158, 3)
(1537049438, 2)
(162, 1)
(1575962082, 1)
(163, 4)
(1585690243, 1)
(167, 4)
(1624602887, 4)
(168, 0)
(1634331048, 0)
(172, 2)
(1673243692, 3)
(173, 1)
(1682971853, 4)
(177, 4)
(1721884497, 1)
(178, 3)
(1731612658, 3)
(182, 3)
(1770525302, 2)
(183, 3)
(1780253463, 2)
(187, 2)
(1819166107, 2)
(188, 0)
(1828894268, 0)
(192, 0)
(1867806912, 0)
(193, 1)
(1877535073, 1)
(197, 0)
(1916447717, 0)
(198, 0)
(1926175878, 0)
(202, 4)
(1965088522, 1)
(203, 1)
(1974816683, 4)
(207, 1)
(2013729327, 1)
(208, 1)
(2023457488, 1)
(212, 0)
(2062370132, 0)
(213, 2)
(2072098293, 2)
(217, 3)
(2111010937, 3)
(218, 0)
(2120739098, 0)
(222, 3)
(2159651742, 3)
(223, 2)
(2169379903, 3)
(227, 0)
(2208292547, 0)
(228, 0)
(2218020708, 0)
(232, 0)
(2256933352, 0)
(233, 3)
(2266661513, 2)
(237, 2)
(2305574157, 3)
(238, 3)
(2315302318, 2)
(242, 4)
(2354214962, 4)
(243, 4)
(2363943123, 4)
(247, 4)
(2402855767, 4)
(248, 0)
(2412583928, 0)
(252, 0)
(2451496572, 0)
(253, 1)
(2461224733, 1)
(257, 1)
(2500137377, 1)
(258, 3)
(2509865538, 2)
(262, 4)
(2548778182, 4)
(263, 3)
(2558506343, 3)
(267, 2)
(2597418987, 2)
(268, 3)
(2607147148, 2)
(272, 3)
(2646059792, 3)
(273, 2)
(2655787953, 3)
(277, 1)
(2694700597, 4)
(278, 4)
(2704428758, 4)
(282, 2)
(2743341402, 3)
(283, 2)
(2753069563, 3)
(287, 1)
(2791982207, 1)
(288, 4)
(2801710368, 4)
(292, 0)
(2840623012, 0)
(293, 2)
(2850351173, 2)
(297, 1)
(2889263817, 1)
(298, 1)
(2898991978, 4)
(302, 3)
(2937904622, 2)
(303, 0)
(2947632783, 0)
(307, 3)
(2986545427, 2)
(308, 0)
(2996273588, 0)
(312, 0)
(3035186232, 0)
(313, 2)
(3044914393, 2)
(317, 0)
(3083827037, 0)
(318, 2)
(3093555198, 3)
(322, 2)
(3132467842, 3)
(323, 1)
(3142196003, 1)
(327, 3)
(3181108647, 2)
(328, 0)
(3190836808, 0)
(332, 1)
(3229749452, 4)
(333, 0)
(3239477613, 0)
(337, 3)
(3278390257, 3)
(338, 0)
(3288118418, 0)
(342, 2)
(3327031062, 2)
(343, 3)
(3336759223, 2)
(347, 0)
(3375671867, 0)
(348, 3)
(3385400028, 3)
(352, 4)
(3424312672, 4)
(353, 4)
(3434040833, 4)
(357, 3)
(3472953477, 2)
(358, 1)
(3482681638, 4)
(362, 2)
(3521594282, 2)
(363, 4)
(3531322443, 4)
(367, 1)
(3570235087, 1)
(368, 3)
(3579963248, 3)
(372, 0)
(3618875892, 0)
(373, 0)
(3628604053, 0)
(377, 1)
(3667516697, 1)
(378, 1)
(3677244858, 4)
(382, 2)
(3716157502, 2)
(383, 2)
(3725885663, 3)
(387, 0)
(3764798307, 0)
(388, 0)
(3774526468, 0)
(392, 0)
(3813439112, 0)
(393, 3)
(3823167273, 3)
(397, 1)
(3862079917, 1)
(398, 0)
(3871808078, 0)
(402, 4)
(3910720722, 1)
(403, 3)
(3920448883, 2)
(407, 4)
(3959361527, 4)
(408, 0)
(3969089688, 0)
(412, 0)
(4008002332, 0)
(413, 0)
(4017730493, 0)
(417, 2)
(4056643137, 2)
(418, 3)
(4066371298, 3)
(422, 0)
(4105283942, 0)
(423, 0)
(4115012103, 0)
(427, 2)
(4153924747, 2)
(428, 4)
(4163652908, 1)
(432, 4)
(4202565552, 4)
(433, 3)
(4212293713, 3)
(437, 0)
(4251206357, 0)
(438, 3)
(4260934518, 2)
(442, 2)
(4299847162, 2)
(443, 0)
(4309575323, 0)
(447, 1)
(4348487967, 4)
(448, 2)
(4358216128, 3)
(452, 0)
(4397128772, 0)
(453, 3)
(4406856933, 2)
(457, 3)
(4445769577, 2)
(458, 1)
(4455497738, 4)
(462, 2)
(4494410382, 3)
(463, 2)
(4504138543, 2)
(467, 2)
(4543051187, 3)
(468, 0)
(4552779348, 0)
(472, 0)
(4591691992, 0)
(473, 3)
(4601420153, 2)
(477, 3)
(4640332797, 2)
(478, 3)
(4650060958, 2)
(482, 0)
(4688973602, 0)
(483, 1)
(4698701763, 4)
(487, 3)
(4737614407, 2)
(488, 0)
(4747342568, 0)
(492, 4)
(4786255212, 1)
(493, 3)
(4795983373, 3)
(497, 4)
(4834896017, 1)
(498, 3)
(4844624178, 2)
(502, 1)
(4883536822, 1)
(503, 1)
(4893264983, 1)
(507, 1)
(4932177627, 1)
(508, 0)
(4941905788, 0)
(512, 4)
(4980818432, 4)
(513, 4)
(4990546593, 4)
(517, 2)
(5029459237, 3)
(518, 1)
(5039187398, 4)
(522, 0)
(5078100042, 0)
(523, 0)
(5087828203, 0)
(527, 2)
(5126740847, 3)
(528, 2)
(5136469008, 2)
(532, 0)
(5175381652, 0)
(533, 3)
(5185109813, 2)
(537, 2)
(5224022457, 3)
(538, 0)
(5233750618, 0)
(542, 1)
(5272663262, 4)
(543, 2)
(5282391423, 2)
(547, 3)
(5321304067, 2)
(548, 0)
(5331032228, 0)
(552, 0)
(5369944872, 0)
(553, 2)
(5379673033, 2)
(557, 3)
(5418585677, 2)
(558, 4)
(5428313838, 1)
(562, 2)
(5467226482, 2)
(563, 1)
(5476954643, 4)
(567, 3)
(5515867287, 2)
(568, 0)
(5525595448, 0)
(572, 0)
(5564508092, 0)
(573, 4)
(5574236253, 4)
(577, 3)
(5613148897, 2)
(578, 2)
(5622877058, 2)
(582, 4)
(5661789702, 1)
(583, 3)
(5671517863, 2)
(587, 2)
(5710430507, 3)
(588, 2)
(5720158668, 2)
(592, 4)
(5759071312, 4)
(593, 1)
(5768799473, 1)
(597, 2)
(5807712117, 2)
(598, 3)
(5817440278, 3)
(602, 1)
(5856352922, 1)
(603, 0)
(5866081083, 0)
(607, 2)
(5904993727, 2)
(608, 3)
(5914721888, 3)
(612, 0)
(5953634532, 0)
(613, 0)
(5963362693, 0)
(617, 2)
(6002275337, 3)
(618, 2)
(6012003498, 3)
(622, 3)
(6050916142, 2)
(623, 2)
(6060644303, 3)
(627, 4)
(6099556947, 4)
(628, 0)
(6109285108, 0)
(632, 0)
(6148197752, 0)
(633, 0)
(6157925913, 0)
(637, 4)
(6196838557, 4)
(638, 0)
(6206566718, 0)
(642, 4)
(6245479362, 1)
(643, 2)
(6255207523, 2)
(647, 2)
(6294120167, 2)
(648, 0)
(6303848328, 0)
(652, 2)
(6342760972, 3)
(653, 1)
(6352489133, 4)
(657, 0)
(6391401777, 0)
(658, 3)
(6401129938, 3)
(662, 3)
(6440042582, 3)
(663, 1)
(6449770743, 1)
(667, 4)
(6488683387, 4)
(668, 3)
(6498411548, 3)
(672, 3)
(6537324192, 2)
(673, 3)
(6547052353, 2)
(677, 0)
(6585964997, 0)
(678, 0)
(6595693158, 0)
(682, 3)
(6634605802, 2)
(683, 0)
(6644333963, 0)
(687, 3)
(6683246607, 2)
(688, 2)
(6692974768, 3)
(692, 0)
(6731887412, 0)
(693, 1)
(6741615573, 4)
(697, 3)
(6780528217, 2)
(698, 1)
(6790256378, 1)
(702, 4)
(6829169022, 4)
(703, 4)
(6838897183, 4)
(707, 1)
(6877809827, 1)
(708, 0)
(6887537988, 0)
(712, 0)
(6926450632, 0)
(713, 1)
(6936178793, 4)
(717, 1)
(6975091437, 4)
(718, 2)
(6984819598, 3)
(722, 1)
(7023732242, 1)
(723, 1)
(7033460403, 4)
(727, 2)
(7072373047, 3)
(728, 0)
(7082101208, 0)
(732, 1)
(7121013852, 4)
(733, 1)
(7130742013, 4)
(737, 0)
(7169654657, 0)
(738, 0)
(7179382818, 0)
(742, 2)
(7218295462, 2)
(743, 1)
(7228023623, 4)
(747, 4)
(7266936267, 1)
(748, 1)
(7276664428, 1)
(752, 0)
(7315577072, 0)
(753, 3)
(7325305233, 3)
(757, 0)
(7364217877, 0)
(758, 2)
(7373946038, 3)
(762, 3)
(7412858682, 2)
(763, 1)
(7422586843, 1)
(767, 3)
(7461499487, 2)
(768, 2)
(7471227648, 2)
(772, 0)
(7510140292, 0)
(773, 4)
(7519868453, 1)
(777, 1)
(7558781097, 4)
(778, 4)
(7568509258, 4)
(782, 1)
(7607421902, 1)
(783, 4)
(7617150063, 4)
(787, 0)
(7656062707, 0)
(788, 0)
(7665790868, 0)
(792, 0)
(7704703512, 0)
(793, 2)
(7714431673, 3)
(797, 0)
(7753344317, 0)
(798, 1)
(7763072478, 4)
(802, 3)
(7801985122, 3)
(803, 0)
(7811713283, 0)
(807, 1)
(7850625927, 4)
(808, 0)
(7860354088, 0)
(812, 3)
(7899266732, 2)
(813, 3)
(7908994893, 2)
(817, 2)
(7947907537, 3)
(818, 3)
(7957635698, 3)
(822, 0)
(7996548342, 0)
(823, 4)
(8006276503, 1)
(827, 2)
(8045189147, 3)
(828, 2)
(8054917308, 2)
(832, 2)
(8093829952, 2)
(833, 2)
(8103558113, 2)
(837, 1)
(8142470757, 4)
(838, 4)
(8152198918, 1)
(842, 4)
(8191111562, 1)
(843, 4)
(8200839723, 4)
(847, 4)
(8239752367, 1)
(848, 3)
(8249480528, 2)
(852, 0)
(8288393172, 0)
(853, 0)
(8298121333, 0)
(857, 2)
(8337033977, 3)
(858, 1)
(8346762138, 1)
(862, 2)
(8385674782, 2)
(863, 1)
(8395402943, 1)
(867, 3)
(8434315587, 3)
(868, 0)
(8444043748, 0)
(872, 0)
(8482956392, 0)
(873, 0)
(8492684553, 0)
(877, 0)
(8531597197, 0)
(878, 0)
(8541325358, 0)
(882, 3)
(8580238002, 3)
(883, 2)
(8589966163, 2)
(887, 1)
(8628878807, 1)
(888, 0)
(8638606968, 0)
(892, 4)
(8677519612, 1)
(893, 2)
(8687247773, 3)
(897, 1)
(8726160417, 1)
(898, 2)
(8735888578, 3)
(902, 2)
(8774801222, 3)
(903, 1)
(8784529383, 1)
(907, 3)
(8823442027, 2)
(908, 0)
(8833170188, 0)
(912, 3)
(8872082832, 3)
(913, 3)
(8881810993, 2)
(917, 0)
(8920723637, 0)
(918, 1)
(8930451798, 1)
(922, 2)
(8969364442, 3)
(923, 0)
(8979092603, 0)
(927, 0)
(9018005247, 0)
(928, 1)
(9027733408, 1)
(932, 0)
(9066646052, 0)
(933, 4)
(9076374213, 1)
(937, 0)
(9115286857, 0)
(938, 1)
(9125015018, 1)
(942, 3)
(9163927662, 2)
(943, 1)
(9173655823, 4)
(947, 0)
(9212568467, 0)
(948, 0)
(9222296628, 0)
(952, 0)
(9261209272, 0)
(953, 3)
(9270937433, 2)
(957, 1)
(9309850077, 1)
(958, 1)
(9319578238, 4)
(962, 2)
(9358490882, 2)
(963, 1)
(9368219043, 4)
(967, 4)
(9407131687, 4)
(968, 0)
(9416859848, 0)
(972, 2)
(9455772492, 2)
(973, 3)
(9465500653, 2)
(977, 0)
(9504413297, 0)
(978, 4)
(9514141458, 1)
(982, 0)
(9553054102, 0)
(983, 2)
(9562782263, 3)
(987, 3)
(9601694907, 3)
(988, 3)
(9611423068, 3)
(992, 1)
(9650335712, 4)
(993, 3)
(9660063873, 3)
(997, 4)
(9698976517, 1)
(998, 1)
(9708704678, 4)
(1002, 4)
(9747617322, 4)
(1003, 1)
(9757345483, 4)
(1007, 0)
(9796258127, 0)
(1008, 0)
(9805986288, 0)
(1012, 0)
(9844898932, 0)
(1013, 4)
(9854627093, 1)
(1017, 4)
(9893539737, 1)
(1018, 3)
(9903267898, 2)
(1022, 3)
(9942180542, 3)
(1023, 1)
(9951908703, 4)
(1027, 4)
(9990821347, 1)
(1028, 0)
(10000549508, 0)
(1032, 0)
(10039462152, 0)
(1033, 3)
(10049190313, 2)
(1037, 0)
(10088102957, 0)
(1038, 2)
(10097831118, 3)
(1042, 3)
(10136743762, 2)
(1043, 2)
(10146471923, 2)
(1047, 4)
(10185384567, 4)
(1048, 0)
(10195112728, 0)
(1052, 1)
(10234025372, 1)
(1053, 1)
(10243753533, 1)
(1057, 1)
(10282666177, 1)
(1058, 0)
(10292394338, 0)
(1062, 0)
(10331306982, 0)
(1063, 4)
(10341035143, 1)
(1067, 2)
(10379947787, 3)
(1068, 1)
(10389675948, 1)
(1072, 3)
(10428588592, 2)
(1073, 1)
(10438316753, 1)
(1077, 4)
(10477229397, 1)
(1078, 3)
(10486957558, 3)
(1082, 3)
(10525870202, 2)
(1083, 2)
(10535598363, 2)
(1087, 1)
(10574511007, 1)
(1088, 1)
(10584239168, 1)
(1092, 0)
(10623151812, 0)
(1093, 0)
(10632879973, 0)
(1097, 1)
(10671792617, 4)
(1098, 0)
(10681520778, 0)
(1102, 0)
(10720433422, 0)
(1103, 3)
(10730161583, 3)
(1107, 3)
(10769074227, 2)
(1108, 0)
(10778802388, 0)
(1112, 0)
(10817715032, 0)
(1113, 4)
(10827443193, 4)
(1117, 4)
(10866355837, 4)
(1118, 1)
(10876083998, 4)
(1122, 4)
(10914996642, 4)
(1123, 0)
(10924724803, 0)
(1127, 3)
(10963637447, 3)
(1128, 0)
(10973365608, 0)
(1132, 1)
(11012278252, 4)
(1133, 2)
(11022006413, 3)
(1137, 0)
(11060919057, 0)
(1138, 2)
(11070647218, 3)
(1142, 2)
(11109559862, 3)
(1143, 0)
(11119288023, 0)
(1147, 1)
(11158200667, 4)
(1148, 2)
(11167928828, 2)
(1152, 3)
(11206841472, 3)
(1153, 4)
(11216569633, 4)
(1157, 3)
(11255482277, 3)
(1158, 4)
(11265210438, 4)
(1162, 3)
(11304123082, 3)
(1163, 3)
(11313851243, 3)
(1167, 3)
(11352763887, 3)
(1168, 2)
(11362492048, 3)
(1172, 0)
(11401404692, 0)
(1173, 1)
(11411132853, 1)
(1177, 2)
(11450045497, 3)
(1178, 1)
(11459773658, 4)
(1182, 0)
(11498686302, 0)
(1183, 0)
(11508414463, 0)
(1187, 4)
(11547327107, 4)
(1188, 0)
(11557055268, 0)
(1192, 0)
(11595967912, 0)
(1193, 4)
(11605696073, 4)
(1197, 0)
(11644608717, 0)
(1198, 2)
(11654336878, 2)
(1202, 1)
(11693249522, 4)
(1203, 4)
(11702977683, 4)
(1207, 2)
(11741890327, 2)
(1208, 0)
(11751618488, 0)
(1212, 0)
(11790531132, 0)
(1213, 0)
(11800259293, 0)
(1217, 2)
(11839171937, 3)
(1218, 4)
(11848900098, 1)
(1222, 3)
(11887812742, 2)
(1223, 0)
(11897540903, 0)
(1227, 4)
(11936453547, 4)
(1228, 4)
(11946181708, 1)
(1232, 1)
(11985094352, 4)
(1233, 1)
(11994822513, 1)
(1237, 4)
(12033735157, 4)
(1238, 2)
(12043463318, 3)
(1242, 3)
(12082375962, 3)
(1243, 1)
(12092104123, 4)
(1247, 4)
(12131016767, 1)
(1248, 2)
(12140744928, 2)
(1252, 0)
(12179657572, 0)
(1253, 3)
(12189385733, 3)
(1257, 0)
(12228298377, 0)
(1258, 2)
(12238026538, 2)
(1262, 4)
(12276939182, 4)
(1263, 0)
(12286667343, 0)
(1267, 1)
(12325579987, 4)
(1268, 0)
(12335308148, 0)
(1272, 0)
(12374220792, 0)
(1273, 0)
(12383948953, 0)
(1277, 4)
(12422861597, 4)
(1278, 0)
(12432589758, 0)
(1282, 3)
(12471502402, 2)
(1283, 4)
(12481230563, 1)
(1287, 0)
(12520143207, 0)
(1288, 0)
(12529871368, 0)
(1292, 3)
(12568784012, 3)
(1293, 1)
(12578512173, 1)
(1297, 2)
(12617424817, 2)
(1298, 2)
(12627152978, 3)
(1302, 4)
(12666065622, 4)
(1303, 1)
(12675793783, 4)
(1307, 1)
(12714706427, 1)
(1308, 1)
(12724434588, 4)
(1312, 3)
(12763347232, 2)
(1313, 1)
(12773075393, 4)
(1317, 0)
(12811988037, 0)
(1318, 0)
(12821716198, 0)
(1322, 3)
(12860628842, 2)
(1323, 4)
(12870357003, 4)
(1327, 0)
(12909269647, 0)
(1328, 1)
(12918997808, 4)
(1332, 0)
(12957910452, 0)
(1333, 0)
(12967638613, 0)
(1337, 4)
(13006551257, 1)
(1338, 0)
(13016279418, 0)
(1342, 0)
(13055192062, 0)
(1343, 4)
(13064920223, 1)
(1347, 1)
(13103832867, 4)
(1348, 0)
(13113561028, 0)
(1352, 0)
(13152473672, 0)
(1353, 4)
(13162201833, 1)
(1357, 1)
(13201114477, 4)
(1358, 4)
(13210842638, 4)
(1362, 1)
(13249755282, 1)
(1363, 4)
(13259483443, 1)
(1367, 0)
(13298396087, 0)
(1368, 0)
(13308124248, 0)
(1372, 1)
(13347036892, 4)
(1373, 2)
(13356765053, 2)
(1377, 1)
(13395677697, 1)
(1378, 0)
(13405405858, 0)
(1382, 2)
(13444318502, 3)
(1383, 3)
(13454046663, 2)
(1387, 4)
(13492959307, 1)
(1388, 0)
(13502687468, 0)
(1392, 4)
(13541600112, 4)
(1393, 4)
(13551328273, 1)
(1397, 4)
(13590240917, 1)
(1398, 0)
(13599969078, 0)
(1402, 1)
(13638881722, 1)
(1403, 1)
(13648609883, 4)
(1407, 1)
(13687522527, 1)
(1408, 3)
(13697250688, 3)
(1412, 0)
(13736163332, 0)
(1413, 0)
(13745891493, 0)
(1417, 1)
(13784804137, 4)
(1418, 4)
(13794532298, 4)
(1422, 1)
(13833444942, 4)
(1423, 4)
(13843173103, 4)
(1427, 0)
(13882085747, 0)
(1428, 0)
(13891813908, 0)
(1432, 0)
(13930726552, 0)
(1433, 4)
(13940454713, 1)
(1437, 4)
(13979367357, 1)
(1438, 1)
(13989095518, 4)
(1442, 1)
(14028008162, 1)
(1443, 2)
(14037736323, 2)
(1447, 2)
(14076648967, 3)
(1448, 0)
(14086377128, 0)
(1452, 2)
(14125289772, 2)
(1453, 1)
(14135017933, 4)
(1457, 4)
(14173930577, 4)
(1458, 2)
(14183658738, 2)
(1462, 4)
(14222571382, 1)
(1463, 2)
(14232299543, 3)
(1467, 0)
(14271212187, 0)
(1468, 2)
(14280940348, 2)
(1472, 4)
(14319852992, 4)
(1473, 2)
(14329581153, 2)
(1477, 1)
(14368493797, 4)
(1478, 0)
(14378221958, 0)
(1482, 1)
(14417134602, 1)
(1483, 3)
(14426862763, 2)
(1487, 3)
(14465775407, 2)
(1488, 2)
(14475503568, 3)
(1492, 0)
(14514416212, 0)
(1493, 3)
(14524144373, 3)
(1497, 0)
(14563057017, 0)
(1498, 1)
(14572785178, 1)
(1502, 1)
(14611697822, 4)
(1503, 3)
(14621425983, 3)
(1507, 4)
(14660338627, 4)
(1508, 0)
(14670066788, 0)
(1512, 0)
(14708979432, 0)
(1513, 4)
(14718707593, 4)
(1517, 3)
(14757620237, 2)
(1518, 4)
(14767348398, 4)
(1522, 0)
(14806261042, 0)
(1523, 3)
(14815989203, 3)
(1527, 1)
(14854901847, 4)
(1528, 0)
(14864630008, 0)
(1532, 4)
(14903542652, 1)
(1533, 1)
(14913270813, 1)
(1537, 1)
(14952183457, 4)
(1538, 4)
(14961911618, 4)
(1542, 0)
(15000824262, 0)
(1543, 4)
(15010552423, 1)
(1547, 2)
(15049465067, 3)
(1548, 0)
(15059193228, 0)
(1552, 3)
(15098105872, 2)
(1553, 0)
(15107834033, 0)
(1557, 2)
(15146746677, 3)
(1558, 2)
(15156474838, 3)
(1562, 2)
(15195387482, 2)
(1563, 4)
(15205115643, 1)
(1567, 0)
(15244028287, 0)
(1568, 2)
(15253756448, 2)
(1572, 0)
(15292669092, 0)
(1573, 3)
(15302397253, 3)
(1577, 3)
(15341309897, 2)
(1578, 1)
(15351038058, 1)
(1582, 4)
(15389950702, 4)
(1583, 3)
(15399678863, 2)
(1587, 0)
(15438591507, 0)
(1588, 0)
(15448319668, 0)
(1592, 0)
(15487232312, 0)
(1593, 4)
(15496960473, 1)
(1597, 4)
(15535873117, 4)
(1598, 2)
(15545601278, 3)
(1602, 0)
(15584513922, 0)
(1603, 4)
(15594242083, 4)
(1607, 3)
(15633154727, 3)
(1608, 0)
(15642882888, 0)
(1612, 4)
(15681795532, 1)
(1613, 3)
(15691523693, 2)
(1617, 3)
(15730436337, 3)
(1618, 2)
(15740164498, 2)
(1622, 0)
(15779077142, 0)
(1623, 3)
(15788805303, 2)
(1627, 2)
(15827717947, 2)
(1628, 3)
(15837446108, 3)
(1632, 3)
(15876358752, 3)
(1633, 4)
(15886086913, 4)
(1637, 3)
(15924999557, 2)
(1638, 1)
(15934727718, 4)
(1642, 1)
(15973640362, 1)
(1643, 0)
(15983368523, 0)
(1647, 3)
(16022281167, 2)
(1648, 0)
(16032009328, 0)
(1652, 0)
(16070921972, 0)
(1653, 4)
(16080650133, 4)
(1657, 1)
(16119562777, 1)
(1658, 2)
(16129290938, 2)
(1662, 0)
(16168203582, 0)
(1663, 2)
(16177931743, 2)
(1667, 3)
(16216844387, 2)
(1668, 0)
(16226572548, 0)
(1672, 0)
(16265485192, 0)
(1673, 3)
(16275213353, 3)
(1677, 1)
(16314125997, 4)
(1678, 0)
(16323854158, 0)
(1682, 4)
(16362766802, 4)
(1683, 0)
(16372494963, 0)
(1687, 2)
(16411407607, 2)
(1688, 0)
(16421135768, 0)
(1692, 0)
(16460048412, 0)
(1693, 3)
(16469776573, 3)
(1697, 3)
(16508689217, 3)
(1698, 1)
(16518417378, 4)
(1702, 0)
(16557330022, 0)
(1703, 3)
(16567058183, 3)
(1707, 0)
(16605970827, 0)
(1708, 1)
(16615698988, 1)
(1712, 4)
(16654611632, 1)
(1713, 4)
(16664339793, 1)
(1717, 1)
(16703252437, 4)
(1718, 1)
(16712980598, 1)
(1722, 1)
(16751893242, 1)
(1723, 0)
(16761621403, 0)
(1727, 4)
(16800534047, 1)
(1728, 0)
(16810262208, 0)
(1732, 0)
(16849174852, 0)
(1733, 1)
(16858903013, 1)
(1737, 0)
(16897815657, 0)
(1738, 1)
(16907543818, 4)
(1742, 1)
(16946456462, 4)
(1743, 4)
(16956184623, 4)
(1747, 0)
(16995097267, 0)
(1748, 0)
(17004825428, 0)
(1752, 0)
(17043738072, 0)
(1753, 0)
(17053466233, 0)
(1757, 3)
(17092378877, 2)
(1758, 0)
(17102107038, 0)
(1762, 1)
(17141019682, 1)
(1763, 3)
(17150747843, 3)
(1767, 3)
(17189660487, 2)
(1768, 0)
(17199388648, 0)
(1772, 0)
(17238301292, 0)
(1773, 0)
(17248029453, 0)
(1777, 4)
(17286942097, 4)
(1778, 0)
(17296670258, 0)
(1782, 1)
(17335582902, 1)
(1783, 2)
(17345311063, 3)
(1787, 2)
(17384223707, 3)
(1788, 2)
(17393951868, 3)
(1792, 1)
(17432864512, 4)
(1793, 4)
(17442592673, 1)
(1797, 4)
(17481505317, 4)
(1798, 0)
(17491233478, 0)
(1802, 3)
(17530146122, 2)
(1803, 2)
(17539874283, 3)
(1807, 3)
(17578786927, 3)
(1808, 4)
(17588515088, 1)
(1812, 0)
(17627427732, 0)
(1813, 2)
(17637155893, 2)
(1817, 0)
(17676068537, 0)
(1818, 0)
(17685796698, 0)
(1822, 4)
(17724709342, 1)
(1823, 0)
(17734437503, 0)
(1827, 2)
(17773350147, 3)
(1828, 0)
(17783078308, 0)
(1832, 0)
(17821990952, 0)
(1833, 1)
(17831719113, 4)
(1837, 4)
(17870631757, 4)
(1838, 3)
(17880359918, 2)
(1842, 4)
(17919272562, 1)
(1843, 4)
(17929000723, 1)
(1847, 2)
(17967913367, 2)
(1848, 0)
(17977641528, 0)
(1852, 4)
(18016554172, 4)
(1853, 4)
(18026282333, 1)
(1857, 0)
(18065194977, 0)
(1858, 0)
(18074923138, 0)
(1862, 3)
(18113835782, 3)
(1863, 2)
(18123563943, 2)
(1867, 0)
(18162476587, 0)
(1868, 1)
(18172204748, 4)
(1872, 0)
(18211117392, 0)
(1873, 3)
(18220845553, 3)
(1877, 4)
(18259758197, 1)
(1878, 4)
(18269486358, 4)
(1882, 2)
(18308399002, 3)
(1883, 1)
(18318127163, 1)
(1887, 0)
(18357039807, 0)
(1888, 3)
(18366767968, 2)
(1892, 0)
(18405680612, 0)
(1893, 0)
(18415408773, 0)
(1897, 1)
(18454321417, 1)
(1898, 3)
(18464049578, 2)
(1902, 4)
(18502962222, 4)
(1903, 2)
(18512690383, 3)
(1907, 3)
(18551603027, 3)
(1908, 0)
(18561331188, 0)
(1912, 0)
(18600243832, 0)
(1913, 4)
(18609971993, 4)
(1917, 2)
(18648884637, 2)
(1918, 1)
(18658612798, 4)
(1922, 2)
(18697525442, 2)
(1923, 0)
(18707253603, 0)
(1927, 2)
(18746166247, 2)
(1928, 0)
(18755894408, 0)
(1932, 3)
(18794807052, 2)
(1933, 2)
(18804535213, 3)
(1937, 3)
(18843447857, 2)
(1938, 2)
(18853176018, 2)
(1942, 3)
(18892088662, 3)
(1943, 2)
(18901816823, 3)
(1947, 3)
(18940729467, 2)
(1948, 1)
(18950457628, 4)
(1952, 0)
(18989370272, 0)
(1953, 0)
(18999098433, 0)
(1957, 1)
(19038011077, 4)
(1958, 2)
(19047739238, 2)
(1962, 0)
(19086651882, 0)
(1963, 4)
(19096380043, 1)
(1967, 4)
(19135292687, 1)
(1968, 4)
(19145020848, 1)
(1972, 0)
(19183933492, 0)
(1973, 3)
(19193661653, 2)
(1977, 1)
(19232574297, 1)
(1978, 2)
(19242302458, 3)
(1982, 1)
(19281215102, 1)
(1983, 1)
(19290943263, 4)
(1987, 2)
(19329855907, 2)
(1988, 0)
(19339584068, 0)
(1992, 0)
(19378496712, 0)
(1993, 1)
(19388224873, 1)
(1997, 2)
(19427137517, 3)
(1998, 3)
(19436865678, 3)
(2002, 4)
(19475778322, 1)
(2003, 1)
(19485506483, 1)
(2007, 0)
(19524419127, 0)
(2008, 0)
(19534147288, 0)
(2012, 2)
(19573059932, 2)
(2013, 4)
(19582788093, 1)
(2017, 2)
(19621700737, 3)
(2018, 3)
(19631428898, 2)
(2022, 1)
(19670341542, 1)
(2023, 4)
(19680069703, 1)
(2027, 1)
(19718982347, 1)
(2028, 3)
(19728710508, 3)
(2032, 0)
(19767623152, 0)
(2033, 2)
(19777351313, 3)
(2037, 4)
(19816263957, 4)
(2038, 3)
(19825992118, 3)
(2042, 0)
(19864904762, 0)
(2043, 0)
(19874632923, 0)
(2047, 2)
(19913545567, 2)
(2048, 0)
(19923273728, 0)
(2052, 0)
(19962186372, 0)
(2053, 2)
(19971914533, 2)
(2057, 4)
(20010827177, 4)
(2058, 2)
(20020555338, 3)
(2062, 3)
(20059467982, 2)
(2063, 0)
(20069196143, 0)
(2067, 3)
(20108108787, 2)
(2068, 0)
(20117836948, 0)
(2072, 0)
(20156749592, 0)
(2073, 0)
(20166477753, 0)
(2077, 1)
(20205390397, 1)
(2078, 0)
(20215118558, 0)
(2082, 1)
(20254031202, 1)
(2083, 3)
(20263759363, 3)
(2087, 0)
(20302672007, 0)
(2088, 0)
(20312400168, 0)
(2092, 0)
(20351312812, 0)
(2093, 0)
(20361040973, 0)
(2097, 1)
(20399953617, 4)
(2098, 4)
(20409681778, 1)
(2102, 4)
(20448594422, 4)
(2103, 4)
(20458322583, 4)
(2107, 4)
(20497235227, 1)
(2108, 4)
(20506963388, 1)
(2112, 4)
(20545876032, 4)
(2113, 4)
(20555604193, 1)
(2117, 1)
(20594516837, 4)
(2118, 0)
(20604244998, 0)
(2122, 2)
(20643157642, 2)
(2123, 1)
(20652885803, 1)
(2127, 2)
(20691798447, 2)
(2128, 2)
(20701526608, 3)
(2132, 0)
(20740439252, 0)
(2133, 2)
(20750167413, 3)
(2137, 1)
(20789080057, 4)
(2138, 2)
(20798808218, 2)
(2142, 0)
(20837720862, 0)
(2143, 3)
(20847449023, 3)
(2147, 4)
(20886361667, 1)
(2148, 0)
(20896089828, 0)
(2152, 0)
(20935002472, 0)
(2153, 3)
(20944730633, 3)
(2157, 4)
(20983643277, 1)
(2158, 0)
(20993371438, 0)
(2162, 4)
(21032284082, 1)
(2163, 2)
(21042012243, 2)
(2167, 2)
(21080924887, 2)
(2168, 0)
(21090653048, 0)
(2172, 4)
(21129565692, 4)
(2173, 0)
(21139293853, 0)
(2177, 0)
(21178206497, 0)
(2178, 3)
(21187934658, 3)
(2182, 3)
(21226847302, 2)
(2183, 2)
(21236575463, 3)
(2187, 0)
(21275488107, 0)
(2188, 4)
(21285216268, 1)
(2192, 1)
(21324128912, 1)
(2193, 1)
(21333857073, 4)
(2197, 3)
(21372769717, 3)
(2198, 1)
(21382497878, 1)
(2202, 0)
(21421410522, 0)
(2203, 0)
(21431138683, 0)
(2207, 1)
(21470051327, 4)
(2208, 4)
(21479779488, 4)
(2212, 0)
(21518692132, 0)
(2213, 3)
(21528420293, 3)
(2217, 3)
(21567332937, 3)
(2218, 1)
(21577061098, 1)
(2222, 3)
(21615973742, 2)
(2223, 0)
(21625701903, 0)
(2227, 1)
(21664614547, 1)
(2228, 0)
(21674342708, 0)
(2232, 0)
(21713255352, 0)
(2233, 4)
(21722983513, 1)
(2237, 0)
(21761896157, 0)
(2238, 3)
(21771624318, 2)
(2242, 4)
(21810536962, 1)
(2243, 0)
(21820265123, 0)
(2247, 0)
(21859177767, 0)
(2248, 0)
(21868905928, 0)
(2252, 3)
(21907818572, 2)
(2253, 4)
(21917546733, 1)
(2257, 4)
(21956459377, 1)
(2258, 3)
(21966187538, 2)
(2262, 1)
(22005100182, 1)
(2263, 2)
(22014828343, 2)
(2267, 1)
(22053740987, 4)
(2268, 1)
(22063469148, 4)
(2272, 3)
(22102381792, 3)
(2273, 2)
(22112109953, 2)
(2277, 0)
(22151022597, 0)
(2278, 4)
(22160750758, 1)
(2282, 0)
(22199663402, 0)
(2283, 4)
(22209391563, 1)
(2287, 1)
(22248304207, 4)
(2288, 0)
(22258032368, 0)
(2292, 0)
(22296945012, 0)
(2293, 1)
(22306673173, 4)
(2297, 0)
(22345585817, 0)
(2298, 2)
(22355313978, 3)
(2302, 4)
(22394226622, 4)
(2303, 0)
(22403954783, 0)
(2307, 3)
(22442867427, 3)
(2308, 0)
(22452595588, 0)
(2312, 0)
(22491508232, 0)
(2313, 2)
(22501236393, 2)
(2317, 4)
(22540149037, 1)
(2318, 1)
(22549877198, 4)
(2322, 3)
(22588789842, 2)
(2323, 2)
(22598518003, 3)
(2327, 2)
(22637430647, 3)
(2328, 0)
(22647158808, 0)
(2332, 1)
(22686071452, 4)
(2333, 1)
(22695799613, 4)
(2337, 2)
(22734712257, 3)
(2338, 4)
(22744440418, 1)
(2342, 3)
(22783353062, 3)
(2343, 2)
(22793081223, 2)
(2347, 0)
(22831993867, 0)
(2348, 1)
(22841722028, 4)
(2352, 2)
(22880634672, 2)
(2353, 4)
(22890362833, 4)
(2357, 2)
(22929275477, 2)
(2358, 0)
(22939003638, 0)
(2362, 4)
(22977916282, 1)
(2363, 0)
(22987644443, 0)
(2367, 1)
(23026557087, 1)
(2368, 3)
(23036285248, 3)
(2372, 0)
(23075197892, 0)
(2373, 1)
(23084926053, 1)
(2377, 1)
(23123838697, 4)
(2378, 0)
(23133566858, 0)
(2382, 2)
(23172479502, 2)
(2383, 4)
(23182207663, 1)
(2387, 2)
(23221120307, 2)
(2388, 0)
(23230848468, 0)
(2392, 0)
(23269761112, 0)
(2393, 0)
(23279489273, 0)
(2397, 2)
(23318401917, 3)
(2398, 0)
(23328130078, 0)
(2402, 0)
(23367042722, 0)
(2403, 2)
(23376770883, 2)
(2407, 0)
(23415683527, 0)
(2408, 0)
(23425411688, 0)
(2412, 0)
(23464324332, 0)
(2413, 1)
(23474052493, 4)
(2417, 1)
(23512965137, 4)
(2418, 4)
(23522693298, 1)
(2422, 0)
(23561605942, 0)
(2423, 3)
(23571334103, 2)
(2427, 4)
(23610246747, 4)
(2428, 4)
(23619974908, 4)
(2432, 1)
(23658887552, 1)
(2433, 0)
(23668615713, 0)
(2437, 3)
(23707528357, 3)
(2438, 3)
(23717256518, 2)
(2442, 3)
(23756169162, 3)
(2443, 4)
(23765897323, 1)
(2447, 3)
(23804809967, 3)
(2448, 1)
(23814538128, 1)
(2452, 0)
(23853450772, 0)
(2453, 3)
(23863178933, 2)
(2457, 2)
(23902091577, 3)
(2458, 3)
(23911819738, 3)
(2462, 3)
(23950732382, 3)
(2463, 4)
(23960460543, 4)
(2467, 2)
(23999373187, 2)
(2468, 0)
(24009101348, 0)
(2472, 0)
(24048013992, 0)
(2473, 0)
(24057742153, 0)
(2477, 3)
(24096654797, 3)
(2478, 2)
(24106382958, 2)
(2482, 1)
(24145295602, 4)
(2483, 0)
(24155023763, 0)
(2487, 0)
(24193936407, 0)
(2488, 0)
(24203664568, 0)
(2492, 4)
(24242577212, 1)
(2493, 0)
(24252305373, 0)
(2497, 3)
(24291218017, 3)
(2498, 0)
(24300946178, 0)
(2502, 3)
(24339858822, 3)
(2503, 1)
(24349586983, 1)
(2507, 4)
(24388499627, 1)
(2508, 2)
(24398227788, 2)
(2512, 2)
(24437140432, 3)
(2513, 3)
(24446868593, 3)
(2517, 4)
(24485781237, 1)
(2518, 0)
(24495509398, 0)
(2522, 4)
(24534422042, 1)
(2523, 3)
(24544150203, 3)
(2527, 4)
(24583062847, 1)
(2528, 4)
(24592791008, 1)
(2532, 0)
(24631703652, 0)
(2533, 4)
(24641431813, 1)
(2537, 0)
(24680344457, 0)
(2538, 2)
(24690072618, 3)
(2542, 4)
(24728985262, 4)
(2543, 0)
(24738713423, 0)
(2547, 0)
(24777626067, 0)
(2548, 0)
(24787354228, 0)
(2552, 0)
(24826266872, 0)
(2553, 1)
(24835995033, 1)
(2557, 3)
(24874907677, 2)
(2558, 4)
(24884635838, 1)
(2562, 1)
(24923548482, 1)
(2563, 4)
(24933276643, 1)
(2567, 1)
(24972189287, 4)
(2568, 0)
(24981917448, 0)
(2572, 1)
(25020830092, 1)
(2573, 1)
(25030558253, 1)
(2577, 0)
(25069470897, 0)
(2578, 1)
(25079199058, 1)
(2582, 0)
(25118111702, 0)
(2583, 2)
(25127839863, 2)
(2587, 3)
(25166752507, 3)
(2588, 4)
(25176480668, 4)
(2592, 3)
(25215393312, 3)
(2593, 1)
(25225121473, 4)
(2597, 4)
(25264034117, 1)
(2598, 4)
(25273762278, 4)
(2602, 4)
(25312674922, 4)
(2603, 0)
(25322403083, 0)
(2607, 2)
(25361315727, 3)
(2608, 2)
(25371043888, 3)
(2612, 0)
(25409956532, 0)
(2613, 1)
(25419684693, 4)
(2617, 2)
(25458597337, 3)
(2618, 0)
(25468325498, 0)
(2622, 1)
(25507238142, 1)
(2623, 2)
(25516966303, 2)
(2627, 2)
(25555878947, 2)
(2628, 0)
(25565607108, 0)
(2632, 0)
(25604519752, 0)
(2633, 3)
(25614247913, 2)
(2637, 4)
(25653160557, 4)
(2638, 0)
(25662888718, 0)
(2642, 3)
(25701801362, 3)
(2643, 0)
(25711529523, 0)
(2647, 0)
(25750442167, 0)
(2648, 0)
(25760170328, 0)
(2652, 2)
(25799082972, 2)
(2653, 1)
(25808811133, 1)
(2657, 2)
(25847723777, 2)
(2658, 4)
(25857451938, 4)
(2662, 1)
(25896364582, 1)
(2663, 3)
(25906092743, 2)
(2667, 3)
(25945005387, 3)
(2668, 2)
(25954733548, 2)
(2672, 4)
(25993646192, 4)
(2673, 3)
(26003374353, 3)
(2677, 2)
(26042286997, 3)
(2678, 0)
(26052015158, 0)
(2682, 0)
(26090927802, 0)
(2683, 0)
(26100655963, 0)
(2687, 4)
(26139568607, 1)
(2688, 1)
(26149296768, 4)
(2692, 0)
(26188209412, 0)
(2693, 3)
(26197937573, 2)
(2697, 4)
(26236850217, 1)
(2698, 4)
(26246578378, 4)
(2702, 2)
(26285491022, 3)
(2703, 3)
(26295219183, 2)
(2707, 2)
(26334131827, 2)
(2708, 0)
(26343859988, 0)
(2712, 0)
(26382772632, 0)
(2713, 1)
(26392500793, 1)
(2717, 2)
(26431413437, 2)
(2718, 1)
(26441141598, 4)
(2722, 0)
(26480054242, 0)
(2723, 3)
(26489782403, 2)
(2727, 0)
(26528695047, 0)
(2728, 0)
(26538423208, 0)
(2732, 0)
(26577335852, 0)
(2733, 3)
(26587064013, 2)
(2737, 1)
(26625976657, 4)
(2738, 4)
(26635704818, 4)
(2742, 3)
(26674617462, 2)
(2743, 0)
(26684345623, 0)
(2747, 3)
(26723258267, 3)
(2748, 1)
(26732986428, 4)
(2752, 0)
(26771899072, 0)
(2753, 2)
(26781627233, 2)
(2757, 4)
(26820539877, 1)
(2758, 4)
(26830268038, 1)
(2762, 4)
(26869180682, 4)
(2763, 0)
(26878908843, 0)
(2767, 4)
(26917821487, 1)
(2768, 2)
(26927549648, 3)
(2772, 0)
(26966462292, 0)
(2773, 4)
(26976190453, 4)
(2777, 0)
(27015103097, 0)
(2778, 1)
(27024831258, 1)
(2782, 2)
(27063743902, 3)
(2783, 4)
(27073472063, 4)
(2787, 1)
(27112384707, 1)
(2788, 0)
(27122112868, 0)
(2792, 0)
(27161025512, 0)
(2793, 4)
(27170753673, 4)
(2797, 3)
(27209666317, 3)
(2798, 4)
(27219394478, 4)
(2802, 1)
(27258307122, 4)
(2803, 1)
(27268035283, 1)
(2807, 3)
(27306947927, 2)
(2808, 0)
(27316676088, 0)
(2812, 3)
(27355588732, 3)
(2813, 0)
(27365316893, 0)
(2817, 0)
(27404229537, 0)
(2818, 0)
(27413957698, 0)
(2822, 2)
(27452870342, 3)
(2823, 1)
(27462598503, 4)
(2827, 3)
(27501511147, 3)
(2828, 3)
(27511239308, 3)
(2832, 3)
(27550151952, 2)
(2833, 3)
(27559880113, 2)
(2837, 1)
(27598792757, 1)
(2838, 0)
(27608520918, 0)
(2842, 2)
(27647433562, 2)
(2843, 0)
(27657161723, 0)
(2847, 3)
(27696074367, 2)
(2848, 4)
(27705802528, 4)
(2852, 0)
(27744715172, 0)
(2853, 0)
(27754443333, 0)
(2857, 0)
(27793355977, 0)
(2858, 3)
(27803084138, 2)
(2862, 2)
(27841996782, 3)
(2863, 2)
(27851724943, 3)
(2867, 2)
(27890637587, 2)
(2868, 0)
(27900365748, 0)
(2872, 0)
(27939278392, 0)
(2873, 3)
(27949006553, 3)
(2877, 0)
(27987919197, 0)
(2878, 1)
(27997647358, 1)
(2882, 1)
(28036560002, 1)
(2883, 3)
(28046288163, 3)
(2887, 0)
(28085200807, 0)
(2888, 0)
(28094928968, 0)
(2892, 3)
(28133841612, 2)
(2893, 4)
(28143569773, 4)
(2897, 1)
(28182482417, 4)
(2898, 0)
(28192210578, 0)
(2902, 2)
(28231123222, 3)
(2903, 4)
(28240851383, 1)
(2907, 2)
(28279764027, 2)
(2908, 4)
(28289492188, 1)
(2912, 4)
(28328404832, 1)
(2913, 2)
(28338132993, 2)
(2917, 2)
(28377045637, 2)
(2918, 4)
(28386773798, 4)
(2922, 1)
(28425686442, 4)
(2923, 4)
(28435414603, 1)
(2927, 4)
(28474327247, 1)
(2928, 3)
(28484055408, 2)
(2932, 0)
(28522968052, 0)
(2933, 1)
(28532696213, 1)
(2937, 4)
(28571608857, 4)
(2938, 4)
(28581337018, 1)
(2942, 0)
(28620249662, 0)
(2943, 3)
(28629977823, 2)
(2947, 3)
(28668890467, 3)
(2948, 0)
(28678618628, 0)
(2952, 0)
(28717531272, 0)
(2953, 1)
(28727259433, 1)
(2957, 4)
(28766172077, 1)
(2958, 2)
(28775900238, 2)
(2962, 4)
(28814812882, 4)
(2963, 2)
(28824541043, 3)
(2967, 1)
(28863453687, 4)
(2968, 0)
(28873181848, 0)
(2972, 2)
(28912094492, 3)
(2973, 2)
(28921822653, 2)
(2977, 4)
(28960735297, 1)
(2978, 0)
(28970463458, 0)
(2982, 1)
(29009376102, 4)
(2983, 0)
(29019104263, 0)
(2987, 0)
(29058016907, 0)
(2988, 2)
(29067745068, 3)
(2992, 1)
(29106657712, 1)
(2993, 2)
(29116385873, 2)
(2997, 4)
(29155298517, 4)
(2998, 3)
(29165026678, 2)
(3002, 4)
(29203939322, 1)
(3003, 2)
(29213667483, 3)
(3007, 0)
(29252580127, 0)
(3008, 0)
(29262308288, 0)
(3012, 0)
(29301220932, 0)
(3013, 3)
(29310949093, 3)
(3017, 3)
(29349861737, 2)
(3018, 4)
(29359589898, 4)
(3022, 2)
(29398502542, 2)
(3023, 2)
(29408230703, 3)
(3027, 2)
(29447143347, 3)
(3028, 0)
(29456871508, 0)
(3032, 0)
(29495784152, 0)
(3033, 0)
(29505512313, 0)
(3037, 3)
(29544424957, 3)
(3038, 1)
(29554153118, 4)
(3042, 0)
(29593065762, 0)
(3043, 3)
(29602793923, 2)
(3047, 2)
(29641706567, 3)
(3048, 0)
(29651434728, 0)
(3052, 3)
(29690347372, 3)
(3053, 0)
(29700075533, 0)
(3057, 3)
(29738988177, 3)
(3058, 2)
(29748716338, 2)
(3062, 4)
(29787628982, 1)
(3063, 1)
(29797357143, 1)
(3067, 2)
(29836269787, 3)
(3068, 1)
(29845997948, 4)
(3072, 4)
(29884910592, 4)
(3073, 1)
(29894638753, 4)
(3077, 4)
(29933551397, 4)
(3078, 4)
(29943279558, 4)
(3082, 0)
(29982192202, 0)
(3083, 2)
(29991920363, 3)
(3087, 0)
(30030833007, 0)
(3088, 2)
(30040561168, 2)
(3092, 0)
(30079473812, 0)
(3093, 2)
(30089201973, 3)
(3097, 3)
(30128114617, 2)
(3098, 4)
(30137842778, 4)
(3102, 1)
(30176755422, 4)
(3103, 0)
(30186483583, 0)
(3107, 3)
(30225396227, 2)
(3108, 0)
(30235124388, 0)
(3112, 0)
(30274037032, 0)
(3113, 1)
(30283765193, 4)
(3117, 0)
(30322677837, 0)
(3118, 0)
(30332405998, 0)
(3122, 3)
(30371318642, 3)
(3123, 0)
(30381046803, 0)
(3127, 1)
(30419959447, 1)
(3128, 0)
(30429687608, 0)
(3132, 3)
(30468600252, 3)
(3133, 0)
(30478328413, 0)
(3137, 1)
(30517241057, 1)
(3138, 4)
(30526969218, 4)
(3142, 0)
(30565881862, 0)
(3143, 1)
(30575610023, 1)
(3147, 0)
(30614522667, 0)
(3148, 0)
(30624250828, 0)
(3152, 0)
(30663163472, 0)
(3153, 4)
(30672891633, 4)
(3157, 4)
(30711804277, 4)
(3158, 2)
(30721532438, 2)
(3162, 0)
(30760445082, 0)
(3163, 1)
(30770173243, 1)
(3167, 2)
(30809085887, 2)
(3168, 0)
(30818814048, 0)
(3172, 0)
(30857726692, 0)
(3173, 0)
(30867454853, 0)
(3177, 3)
(30906367497, 3)
(3178, 0)
(30916095658, 0)
(3182, 2)
(30955008302, 3)
(3183, 4)
(30964736463, 4)
(3187, 2)
(31003649107, 2)
(3188, 0)
(31013377268, 0)
(3192, 0)
(31052289912, 0)
(3193, 4)
(31062018073, 4)
(3197, 4)
(31100930717, 4)
(3198, 2)
(31110658878, 3)
(3202, 1)
(31149571522, 4)
(3203, 4)
(31159299683, 1)
(3207, 3)
(31198212327, 3)
(3208, 0)
(31207940488, 0)
(3212, 0)
(31246853132, 0)
(3213, 3)
(31256581293, 2)
(3217, 1)
(31295493937, 1)
(3218, 1)
(31305222098, 1)
(3222, 0)
(31344134742, 0)
(3223, 0)
(31353862903, 0)
(3227, 4)
(31392775547, 4)
(3228, 2)
(31402503708, 3)
(3232, 2)
(31441416352, 3)
(3233, 4)
(31451144513, 4)
(3237, 2)
(31490057157, 3)
(3238, 3)
(31499785318, 2)
(3242, 3)
(31538697962, 2)
(3243, 2)
(31548426123, 3)
(3247, 3)
(31587338767, 3)
(3248, 3)
(31597066928, 2)
(3252, 0)
(31635979572, 0)
(3253, 1)
(31645707733, 4)
(3257, 1)
(31684620377, 1)
(3258, 4)
(31694348538, 4)
(3262, 3)
(31733261182, 3)
(3263, 3)
(31742989343, 3)
(3267, 4)
(31781901987, 4)
(3268, 0)
(31791630148, 0)
(3272, 0)
(31830542792, 0)
(3273, 4)
(31840270953, 1)
(3277, 3)
(31879183597, 2)
(3278, 1)
(31888911758, 4)
(3282, 0)
(31927824402, 0)
(3283, 1)
(31937552563, 4)
(3287, 1)
(31976465207, 4)
(3288, 0)
(31986193368, 0)
(3292, 3)
(32025106012, 2)
(3293, 1)
(32034834173, 1)
(3297, 0)
(32073746817, 0)
(3298, 1)
(32083474978, 4)
(3302, 1)
(32122387622, 4)
(3303, 0)
(32132115783, 0)
(3307, 4)
(32171028427, 1)
(3308, 1)
(32180756588, 4)
(3312, 1)
(32219669232, 1)
(3313, 1)
(32229397393, 4)
(3317, 1)
(32268310037, 1)
(3318, 2)
(32278038198, 2)
(3322, 4)
(32316950842, 1)
(3323, 3)
(32326679003, 3)
(3327, 4)
(32365591647, 4)
(3328, 2)
(32375319808, 2)
(3332, 0)
(32414232452, 0)
(3333, 3)
(32423960613, 2)
(3337, 4)
(32462873257, 1)
(3338, 0)
(32472601418, 0)
(3342, 4)
(32511514062, 1)
(3343, 4)
(32521242223, 1)
(3347, 1)
(32560154867, 1)
(3348, 0)
(32569883028, 0)
(3352, 0)
(32608795672, 0)
(3353, 0)
(32618523833, 0)
(3357, 0)
(32657436477, 0)
(3358, 2)
(32667164638, 3)
(3362, 4)
(32706077282, 4)
(3363, 4)
(32715805443, 1)
(3367, 0)
(32754718087, 0)
(3368, 0)
(32764446248, 0)
(3372, 2)
(32803358892, 2)
(3373, 4)
(32813087053, 1)
(3377, 3)
(32851999697, 2)
(3378, 4)
(32861727858, 1)
(3382, 0)
(32900640502, 0)
(3383, 1)
(32910368663, 1)
(3387, 2)
(32949281307, 3)
(3388, 3)
(32959009468, 2)
(3392, 1)
(32997922112, 4)
(3393, 2)
(33007650273, 2)
(3397, 0)
(33046562917, 0)
(3398, 3)
(33056291078, 2)
(3402, 3)
(33095203722, 2)
(3403, 2)
(33104931883, 2)
(3407, 3)
(33143844527, 3)
(3408, 4)
(33153572688, 4)
(3412, 0)
(33192485332, 0)
(3413, 3)
(33202213493, 3)
(3417, 4)
(33241126137, 1)
(3418, 2)
(33250854298, 2)
(3422, 3)
(33289766942, 2)
(3423, 0)
(33299495103, 0)
(3427, 1)
(33338407747, 4)
(3428, 0)
(33348135908, 0)
(3432, 0)
(33387048552, 0)
(3433, 1)
(33396776713, 4)
(3437, 2)
(33435689357, 3)
(3438, 0)
(33445417518, 0)
(3442, 0)
(33484330162, 0)
(3443, 4)
(33494058323, 4)
(3447, 4)
(33532970967, 1)
(3448, 0)
(33542699128, 0)
(3452, 2)
(33581611772, 2)
(3453, 3)
(33591339933, 3)
(3457, 3)
(33630252577, 3)
(3458, 0)
(33639980738, 0)
(3462, 3)
(33678893382, 2)
(3463, 4)
(33688621543, 1)
(3467, 4)
(33727534187, 4)
(3468, 4)
(33737262348, 4)
(3472, 1)
(33776174992, 1)
(3473, 0)
(33785903153, 0)
(3477, 2)
(33824815797, 3)
(3478, 4)
(33834543958, 1)
(3482, 4)
(33873456602, 4)
(3483, 3)
(33883184763, 2)
(3487, 2)
(33922097407, 2)
(3488, 0)
(33931825568, 0)
(3492, 0)
(33970738212, 0)
(3493, 3)
(33980466373, 3)
(3497, 2)
(34019379017, 3)
(3498, 0)
(34029107178, 0)
(3502, 4)
(34068019822, 1)
(3503, 2)
(34077747983, 2)
(3507, 3)
(34116660627, 2)
(3508, 0)
(34126388788, 0)
(3512, 0)
(34165301432, 0)
(3513, 4)
(34175029593, 4)
(3517, 0)
(34213942237, 0)
(3518, 3)
(34223670398, 2)
(3522, 3)
(34262583042, 2)
(3523, 4)
(34272311203, 1)
(3527, 0)
(34311223847, 0)
(3528, 0)
(34320952008, 0)
(3532, 1)
(34359864652, 1)
(3533, 0)
(34369592813, 0)
(3537, 3)
(34408505457, 3)
(3538, 3)
(34418233618, 2)
(3542, 2)
(34457146262, 3)
(3543, 3)
(34466874423, 2)
(3547, 4)
(34505787067, 1)
(3548, 2)
(34515515228, 2)
(3552, 4)
(34554427872, 4)
(3553, 1)
(34564156033, 1)
(3557, 4)
(34603068677, 1)
(3558, 3)
(34612796838, 3)
(3562, 2)
(34651709482, 2)
(3563, 3)
(34661437643, 3)
(3567, 0)
(34700350287, 0)
(3568, 2)
(34710078448, 3)
