(2, 4)
(22565762, 4)
(3, 3)
(33848643, 3)
(7, 4)
(78980167, 4)
(8, 0)
(90263048, 0)
(12, 4)
(135394572, 4)
(13, 3)
(146677453, 2)
(17, 4)
(191808977, 1)
(18, 3)
(203091858, 3)
(22, 3)
(248223382, 2)
(23, 3)
(259506263, 2)
(27, 3)
(304637787, 3)
(28, 3)
(315920668, 3)
(32, 2)
(361052192, 2)
(33, 1)
(372335073, 4)
(37, 2)
(417466597, 3)
(38, 1)
(428749478, 1)
(42, 1)
(473881002, 1)
(43, 4)
(485163883, 4)
(47, 0)
(530295407, 0)
(48, 4)
(541578288, 4)
(52, 0)
(586709812, 0)
(53, 4)
(597992693, 1)
(57, 4)
(643124217, 4)
(58, 2)
(654407098, 2)
(62, 2)
(699538622, 2)
(63, 0)
(710821503, 0)
(67, 1)
(755953027, 4)
(68, 0)
(767235908, 0)
(72, 0)
(812367432, 0)
(73, 1)
(823650313, 1)
(77, 3)
(868781837, 2)
(78, 4)
(880064718, 1)
(82, 1)
(925196242, 4)
(83, 2)
(936479123, 2)
(87, 4)
(981610647, 4)
(88, 0)
(992893528, 0)
(92, 1)
(1038025052, 4)
(93, 1)
(1049307933, 1)
(97, 4)
(1094439457, 4)
(98, 4)
(1105722338, 4)
(102, 1)
(1150853862, 4)
(103, 0)
(1162136743, 0)
(107, 3)
(1207268267, 2)
(108, 4)
(1218551148, 4)
(112, 4)
(1263682672, 4)
(113, 2)
(1274965553, 2)
(117, 0)
(1320097077, 0)
(118, 1)
(1331379958, 1)
(122, 0)
(1376511482, 0)
(123, 3)
(1387794363, 2)
(127, 0)
(1432925887, 0)
(128, 4)
(1444208768, 4)
(132, 0)
(1489340292, 0)
(133, 1)
(1500623173, 1)
(137, 3)
(1545754697, 2)
(138, 3)
(1557037578, 2)
(142, 1)
(1602169102, 1)
(143, 0)
(1613451983, 0)
(147, 4)
(1658583507, 4)
(148, 0)
(1669866388, 0)
(152, 0)
(1714997912, 0)
(153, 3)
(1726280793, 2)
(157, 1)
(1771412317, 4)
(158, 3)
(1782695198, 3)
(162, 1)
(1827826722, 1)
(163, 4)
(1839109603, 4)
(167, 4)
(1884241127, 1)
(168, 0)
(1895524008, 0)
(172, 2)
(1940655532, 2)
(173, 1)
(1951938413, 4)
(177, 4)
(1997069937, 4)
(178, 3)
(2008352818, 2)
(182, 3)
(2053484342, 2)
(183, 3)
(2064767223, 3)
(187, 2)
(2109898747, 2)
(188, 0)
(2121181628, 0)
(192, 0)
(2166313152, 0)
(193, 1)
(2177596033, 4)
(197, 0)
(2222727557, 0)
(198, 0)
(2234010438, 0)
(202, 4)
(2279141962, 1)
(203, 1)
(2290424843, 1)
(207, 1)
(2335556367, 4)
(208, 1)
(2346839248, 4)
(212, 0)
(2391970772, 0)
(213, 2)
(2403253653, 2)
(217, 3)
(2448385177, 3)
(218, 0)
(2459668058, 0)
(222, 3)
(2504799582, 2)
(223, 2)
(2516082463, 3)
(227, 0)
(2561213987, 0)
(228, 0)
(2572496868, 0)
(232, 0)
(2617628392, 0)
(233, 3)
(2628911273, 2)
(237, 2)
(2674042797, 2)
(238, 3)
(2685325678, 2)
(242, 4)
(2730457202, 4)
(243, 4)
(2741740083, 4)
(247, 4)
(2786871607, 1)
(248, 0)
(2798154488, 0)
(252, 0)
(2843286012, 0)
(253, 1)
(2854568893, 1)
(257, 1)
(2899700417, 1)
(258, 3)
(2910983298, 3)
(262, 4)
(2956114822, 1)
(263, 3)
(2967397703, 2)
(267, 2)
(3012529227, 3)
(268, 3)
(3023812108, 2)
(272, 3)
(3068943632, 2)
(273, 2)
(3080226513, 3)
(277, 1)
(3125358037, 4)
(278, 4)
(3136640918, 4)
(282, 2)
(3181772442, 2)
(283, 2)
(3193055323, 3)
(287, 1)
(3238186847, 4)
(288, 4)
(3249469728, 4)
(292, 0)
(3294601252, 0)
(293, 2)
(3305884133, 3)
(297, 1)
(3351015657, 4)
(298, 1)
(3362298538, 1)
(302, 3)
(3407430062, 2)
(303, 0)
(3418712943, 0)
(307, 3)
(3463844467, 2)
(308, 0)
(3475127348, 0)
(312, 0)
(3520258872, 0)
(313, 2)
(3531541753, 3)
(317, 0)
(3576673277, 0)
(318, 2)
(3587956158, 3)
(322, 2)
(3633087682, 3)
(323, 1)
(3644370563, 4)
(327, 3)
(3689502087, 3)
(328, 0)
(3700784968, 0)
(332, 1)
(3745916492, 1)
(333, 0)
(3757199373, 0)
(337, 3)
(3802330897, 2)
(338, 0)
(3813613778, 0)
(342, 2)
(3858745302, 2)
(343, 3)
(3870028183, 3)
(347, 0)
(3915159707, 0)
(348, 3)
(3926442588, 3)
(352, 4)
(3971574112, 1)
(353, 4)
(3982856993, 4)
(357, 3)
(4027988517, 2)
(358, 1)
(4039271398, 1)
(362, 2)
(4084402922, 2)
(363, 4)
(4095685803, 4)
(367, 1)
(4140817327, 4)
(368, 3)
(4152100208, 2)
(372, 0)
(4197231732, 0)
(373, 0)
(4208514613, 0)
(377, 1)
(4253646137, 4)
(378, 1)
(4264929018, 1)
(382, 2)
(4310060542, 2)
(383, 2)
(4321343423, 3)
(387, 0)
(4366474947, 0)
(388, 0)
(4377757828, 0)
(392, 0)
(4422889352, 0)
(393, 3)
(4434172233, 2)
(397, 1)
(4479303757, 4)
(398, 0)
(4490586638, 0)
(402, 4)
(4535718162, 1)
(403, 3)
(4547001043, 2)
(407, 4)
(4592132567, 4)
(408, 0)
(4603415448, 0)
(412, 0)
(4648546972, 0)
(413, 0)
(4659829853, 0)
(417, 2)
(4704961377, 2)
(418, 3)
(4716244258, 2)
(422, 0)
(4761375782, 0)
(423, 0)
(4772658663, 0)
(427, 2)
(4817790187, 2)
(428, 4)
(4829073068, 1)
(432, 4)
(4874204592, 4)
(433, 3)
(4885487473, 3)
(437, 0)
(4930618997, 0)
(438, 3)
(4941901878, 3)
(442, 2)
(4987033402, 2)
(443, 0)
(4998316283, 0)
(447, 1)
(5043447807, 1)
(448, 2)
(5054730688, 2)
(452, 0)
(5099862212, 0)
(453, 3)
(5111145093, 2)
(457, 3)
(5156276617, 2)
(458, 1)
(5167559498, 1)
(462, 2)
(5212691022, 3)
(463, 2)
(5223973903, 3)
(467, 2)
(5269105427, 3)
(468, 0)
(5280388308, 0)
(472, 0)
(5325519832, 0)
(473, 3)
(5336802713, 2)
(477, 3)
(5381934237, 2)
(478, 3)
(5393217118, 3)
(482, 0)
(5438348642, 0)
(483, 1)
(5449631523, 4)
(487, 3)
(5494763047, 3)
(488, 0)
(5506045928, 0)
(492, 4)
(5551177452, 1)
(493, 3)
(5562460333, 2)
(497, 4)
(5607591857, 4)
(498, 3)
(5618874738, 3)
(502, 1)
(5664006262, 1)
(503, 1)
(5675289143, 1)
(507, 1)
(5720420667, 1)
(508, 0)
(5731703548, 0)
(512, 4)
(5776835072, 4)
(513, 4)
(5788117953, 4)
(517, 2)
(5833249477, 3)
(518, 1)
(5844532358, 4)
(522, 0)
(5889663882, 0)
(523, 0)
(5900946763, 0)
(527, 2)
(5946078287, 3)
(528, 2)
(5957361168, 3)
(532, 0)
(6002492692, 0)
(533, 3)
(6013775573, 3)
(537, 2)
(6058907097, 2)
(538, 0)
(6070189978, 0)
(542, 1)
(6115321502, 1)
(543, 2)
(6126604383, 2)
(547, 3)
(6171735907, 3)
(548, 0)
(6183018788, 0)
(552, 0)
(6228150312, 0)
(553, 2)
(6239433193, 2)
(557, 3)
(6284564717, 3)
(558, 4)
(6295847598, 4)
(562, 2)
(6340979122, 3)
(563, 1)
(6352262003, 1)
(567, 3)
(6397393527, 3)
(568, 0)
(6408676408, 0)
(572, 0)
(6453807932, 0)
(573, 4)
(6465090813, 4)
(577, 3)
(6510222337, 2)
(578, 2)
(6521505218, 2)
(582, 4)
(6566636742, 4)
(583, 3)
(6577919623, 3)
(587, 2)
(6623051147, 2)
(588, 2)
(6634334028, 2)
(592, 4)
(6679465552, 1)
(593, 1)
(6690748433, 4)
(597, 2)
(6735879957, 3)
(598, 3)
(6747162838, 3)
(602, 1)
(6792294362, 1)
(603, 0)
(6803577243, 0)
(607, 2)
(6848708767, 3)
(608, 3)
(6859991648, 3)
(612, 0)
(6905123172, 0)
(613, 0)
(6916406053, 0)
(617, 2)
(6961537577, 2)
(618, 2)
(6972820458, 3)
(622, 3)
(7017951982, 2)
(623, 2)
(7029234863, 3)
(627, 4)
(7074366387, 1)
(628, 0)
(7085649268, 0)
(632, 0)
(7130780792, 0)
(633, 0)
(7142063673, 0)
(637, 4)
(7187195197, 1)
(638, 0)
(7198478078, 0)
(642, 4)
(7243609602, 1)
(643, 2)
(7254892483, 3)
(647, 2)
(7300024007, 3)
(648, 0)
(7311306888, 0)
(652, 2)
(7356438412, 2)
(653, 1)
(7367721293, 4)
(657, 0)
(7412852817, 0)
(658, 3)
(7424135698, 3)
(662, 3)
(7469267222, 2)
(663, 1)
(7480550103, 1)
(667, 4)
(7525681627, 1)
(668, 3)
(7536964508, 2)
(672, 3)
(7582096032, 3)
(673, 3)
(7593378913, 3)
(677, 0)
(7638510437, 0)
(678, 0)
(7649793318, 0)
(682, 3)
(7694924842, 2)
(683, 0)
(7706207723, 0)
(687, 3)
(7751339247, 3)
(688, 2)
(7762622128, 2)
(692, 0)
(7807753652, 0)
(693, 1)
(7819036533, 4)
(697, 3)
(7864168057, 3)
(698, 1)
(7875450938, 4)
(702, 4)
(7920582462, 1)
(703, 4)
(7931865343, 1)
(707, 1)
(7976996867, 4)
(708, 0)
(7988279748, 0)
(712, 0)
(8033411272, 0)
(713, 1)
(8044694153, 4)
(717, 1)
(8089825677, 1)
(718, 2)
(8101108558, 3)
(722, 1)
(8146240082, 1)
(723, 1)
(8157522963, 1)
(727, 2)
(8202654487, 3)
(728, 0)
(8213937368, 0)
(732, 1)
(8259068892, 1)
(733, 1)
(8270351773, 4)
(737, 0)
(8315483297, 0)
(738, 0)
(8326766178, 0)
(742, 2)
(8371897702, 3)
(743, 1)
(8383180583, 4)
(747, 4)
(8428312107, 4)
(748, 1)
(8439594988, 1)
(752, 0)
(8484726512, 0)
(753, 3)
(8496009393, 3)
(757, 0)
(8541140917, 0)
(758, 2)
(8552423798, 3)
(762, 3)
(8597555322, 3)
(763, 1)
(8608838203, 1)
(767, 3)
(8653969727, 2)
(768, 2)
(8665252608, 2)
(772, 0)
(8710384132, 0)
(773, 4)
(8721667013, 4)
(777, 1)
(8766798537, 4)
(778, 4)
(8778081418, 4)
(782, 1)
(8823212942, 1)
(783, 4)
(8834495823, 4)
(787, 0)
(8879627347, 0)
(788, 0)
(8890910228, 0)
(792, 0)
(8936041752, 0)
(793, 2)
(8947324633, 3)
(797, 0)
(8992456157, 0)
(798, 1)
(9003739038, 1)
(802, 3)
(9048870562, 3)
(803, 0)
(9060153443, 0)
(807, 1)
(9105284967, 1)
(808, 0)
(9116567848, 0)
(812, 3)
(9161699372, 3)
(813, 3)
(9172982253, 3)
(817, 2)
(9218113777, 2)
(818, 3)
(9229396658, 2)
(822, 0)
(9274528182, 0)
(823, 4)
(9285811063, 4)
(827, 2)
(9330942587, 2)
(828, 2)
(9342225468, 3)
(832, 2)
(9387356992, 3)
(833, 2)
(9398639873, 3)
(837, 1)
(9443771397, 1)
(838, 4)
(9455054278, 1)
(842, 4)
(9500185802, 4)
(843, 4)
(9511468683, 1)
(847, 4)
(9556600207, 4)
(848, 3)
(9567883088, 2)
(852, 0)
(9613014612, 0)
(853, 0)
(9624297493, 0)
(857, 2)
(9669429017, 3)
(858, 1)
(9680711898, 1)
(862, 2)
(9725843422, 3)
(863, 1)
(9737126303, 1)
(867, 3)
(9782257827, 3)
(868, 0)
(9793540708, 0)
(872, 0)
(9838672232, 0)
(873, 0)
(9849955113, 0)
(877, 0)
(9895086637, 0)
(878, 0)
(9906369518, 0)
(882, 3)
(9951501042, 3)
(883, 2)
(9962783923, 3)
(887, 1)
(10007915447, 1)
(888, 0)
(10019198328, 0)
(892, 4)
(10064329852, 1)
(893, 2)
(10075612733, 2)
(897, 1)
(10120744257, 1)
(898, 2)
(10132027138, 3)
(902, 2)
(10177158662, 2)
(903, 1)
(10188441543, 1)
(907, 3)
(10233573067, 3)
(908, 0)
(10244855948, 0)
(912, 3)
(10289987472, 3)
(913, 3)
(10301270353, 2)
(917, 0)
(10346401877, 0)
(918, 1)
(10357684758, 4)
(922, 2)
(10402816282, 2)
(923, 0)
(10414099163, 0)
(927, 0)
(10459230687, 0)
(928, 1)
(10470513568, 1)
(932, 0)
(10515645092, 0)
(933, 4)
(10526927973, 1)
(937, 0)
(10572059497, 0)
(938, 1)
(10583342378, 4)
(942, 3)
(10628473902, 2)
(943, 1)
(10639756783, 1)
(947, 0)
(10684888307, 0)
(948, 0)
(10696171188, 0)
(952, 0)
(10741302712, 0)
(953, 3)
(10752585593, 2)
(957, 1)
(10797717117, 4)
(958, 1)
(10808999998, 4)
(962, 2)
(10854131522, 2)
(963, 1)
(10865414403, 4)
(967, 4)
(10910545927, 1)
(968, 0)
(10921828808, 0)
(972, 2)
(10966960332, 2)
(973, 3)
(10978243213, 3)
(977, 0)
(11023374737, 0)
(978, 4)
(11034657618, 4)
(982, 0)
(11079789142, 0)
(983, 2)
(11091072023, 2)
(987, 3)
(11136203547, 3)
(988, 3)
(11147486428, 2)
(992, 1)
(11192617952, 1)
(993, 3)
(11203900833, 2)
(997, 4)
(11249032357, 4)
(998, 1)
(11260315238, 4)
(1002, 4)
(11305446762, 1)
(1003, 1)
(11316729643, 4)
(1007, 0)
(11361861167, 0)
(1008, 0)
(11373144048, 0)
(1012, 0)
(11418275572, 0)
(1013, 4)
(11429558453, 1)
(1017, 4)
(11474689977, 4)
(1018, 3)
(11485972858, 2)
(1022, 3)
(11531104382, 3)
(1023, 1)
(11542387263, 4)
(1027, 4)
(11587518787, 1)
(1028, 0)
(11598801668, 0)
(1032, 0)
(11643933192, 0)
(1033, 3)
(11655216073, 3)
(1037, 0)
(11700347597, 0)
(1038, 2)
(11711630478, 3)
(1042, 3)
(11756762002, 3)
(1043, 2)
(11768044883, 2)
(1047, 4)
(11813176407, 1)
(1048, 0)
(11824459288, 0)
(1052, 1)
(11869590812, 4)
(1053, 1)
(11880873693, 4)
(1057, 1)
(11926005217, 4)
(1058, 0)
(11937288098, 0)
(1062, 0)
(11982419622, 0)
(1063, 4)
(11993702503, 4)
(1067, 2)
(12038834027, 3)
(1068, 1)
(12050116908, 4)
(1072, 3)
(12095248432, 2)
(1073, 1)
(12106531313, 4)
(1077, 4)
(12151662837, 1)
(1078, 3)
(12162945718, 2)
(1082, 3)
(12208077242, 2)
(1083, 2)
(12219360123, 2)
(1087, 1)
(12264491647, 4)
(1088, 1)
(12275774528, 4)
(1092, 0)
(12320906052, 0)
(1093, 0)
(12332188933, 0)
(1097, 1)
(12377320457, 1)
(1098, 0)
(12388603338, 0)
(1102, 0)
(12433734862, 0)
(1103, 3)
(12445017743, 2)
(1107, 3)
(12490149267, 2)
(1108, 0)
(12501432148, 0)
(1112, 0)
(12546563672, 0)
(1113, 4)
(12557846553, 1)
(1117, 4)
(12602978077, 1)
(1118, 1)
(12614260958, 4)
(1122, 4)
(12659392482, 4)
(1123, 0)
(12670675363, 0)
(1127, 3)
(12715806887, 2)
(1128, 0)
(12727089768, 0)
(1132, 1)
(12772221292, 4)
(1133, 2)
(12783504173, 2)
(1137, 0)
(12828635697, 0)
(1138, 2)
(12839918578, 3)
(1142, 2)
(12885050102, 3)
(1143, 0)
(12896332983, 0)
(1147, 1)
(12941464507, 4)
(1148, 2)
(12952747388, 3)
(1152, 3)
(12997878912, 3)
(1153, 4)
(13009161793, 4)
(1157, 3)
(13054293317, 3)
(1158, 4)
(13065576198, 1)
(1162, 3)
(13110707722, 3)
(1163, 3)
(13121990603, 2)
(1167, 3)
(13167122127, 3)
(1168, 2)
(13178405008, 2)
(1172, 0)
(13223536532, 0)
(1173, 1)
(13234819413, 1)
(1177, 2)
(13279950937, 2)
(1178, 1)
(13291233818, 1)
(1182, 0)
(13336365342, 0)
(1183, 0)
(13347648223, 0)
(1187, 4)
(13392779747, 1)
(1188, 0)
(13404062628, 0)
(1192, 0)
(13449194152, 0)
(1193, 4)
(13460477033, 1)
(1197, 0)
(13505608557, 0)
(1198, 2)
(13516891438, 2)
(1202, 1)
(13562022962, 4)
(1203, 4)
(13573305843, 4)
(1207, 2)
(13618437367, 3)
(1208, 0)
(13629720248, 0)
(1212, 0)
(13674851772, 0)
(1213, 0)
(13686134653, 0)
(1217, 2)
(13731266177, 2)
(1218, 4)
(13742549058, 4)
(1222, 3)
(13787680582, 2)
(1223, 0)
(13798963463, 0)
(1227, 4)
(13844094987, 1)
(1228, 4)
(13855377868, 1)
(1232, 1)
(13900509392, 4)
(1233, 1)
(13911792273, 4)
(1237, 4)
(13956923797, 1)
(1238, 2)
(13968206678, 2)
(1242, 3)
(14013338202, 2)
(1243, 1)
(14024621083, 4)
(1247, 4)
(14069752607, 4)
(1248, 2)
(14081035488, 3)
(1252, 0)
(14126167012, 0)
(1253, 3)
(14137449893, 3)
(1257, 0)
(14182581417, 0)
(1258, 2)
(14193864298, 2)
(1262, 4)
(14238995822, 4)
(1263, 0)
(14250278703, 0)
(1267, 1)
(14295410227, 1)
(1268, 0)
(14306693108, 0)
(1272, 0)
(14351824632, 0)
(1273, 0)
(14363107513, 0)
(1277, 4)
(14408239037, 4)
(1278, 0)
(14419521918, 0)
(1282, 3)
(14464653442, 3)
(1283, 4)
(14475936323, 4)
(1287, 0)
(14521067847, 0)
(1288, 0)
(14532350728, 0)
(1292, 3)
(14577482252, 2)
(1293, 1)
(14588765133, 4)
(1297, 2)
(14633896657, 2)
(1298, 2)
(14645179538, 3)
(1302, 4)
(14690311062, 4)
(1303, 1)
(14701593943, 4)
(1307, 1)
(14746725467, 4)
(1308, 1)
(14758008348, 1)
(1312, 3)
(14803139872, 2)
(1313, 1)
(14814422753, 1)
(1317, 0)
(14859554277, 0)
(1318, 0)
(14870837158, 0)
(1322, 3)
(14915968682, 2)
(1323, 4)
(14927251563, 4)
(1327, 0)
(14972383087, 0)
(1328, 1)
(14983665968, 1)
(1332, 0)
(15028797492, 0)
(1333, 0)
(15040080373, 0)
(1337, 4)
(15085211897, 4)
(1338, 0)
(15096494778, 0)
(1342, 0)
(15141626302, 0)
(1343, 4)
(15152909183, 1)
(1347, 1)
(15198040707, 4)
(1348, 0)
(15209323588, 0)
(1352, 0)
(15254455112, 0)
(1353, 4)
(15265737993, 4)
(1357, 1)
(15310869517, 4)
(1358, 4)
(15322152398, 4)
(1362, 1)
(15367283922, 4)
(1363, 4)
(15378566803, 4)
(1367, 0)
(15423698327, 0)
(1368, 0)
(15434981208, 0)
(1372, 1)
(15480112732, 1)
(1373, 2)
(15491395613, 2)
(1377, 1)
(15536527137, 4)
(1378, 0)
(15547810018, 0)
(1382, 2)
(15592941542, 2)
(1383, 3)
(15604224423, 3)
(1387, 4)
(15649355947, 4)
(1388, 0)
(15660638828, 0)
(1392, 4)
(15705770352, 4)
(1393, 4)
(15717053233, 1)
(1397, 4)
(15762184757, 1)
(1398, 0)
(15773467638, 0)
(1402, 1)
(15818599162, 1)
(1403, 1)
(15829882043, 4)
(1407, 1)
(15875013567, 4)
(1408, 3)
(15886296448, 2)
(1412, 0)
(15931427972, 0)
(1413, 0)
(15942710853, 0)
(1417, 1)
(15987842377, 4)
(1418, 4)
(15999125258, 4)
(1422, 1)
(16044256782, 1)
(1423, 4)
(16055539663, 1)
(1427, 0)
(16100671187, 0)
(1428, 0)
(16111954068, 0)
(1432, 0)
(16157085592, 0)
(1433, 4)
(16168368473, 4)
(1437, 4)
(16213499997, 1)
(1438, 1)
(16224782878, 1)
(1442, 1)
(16269914402, 4)
(1443, 2)
(16281197283, 2)
(1447, 2)
(16326328807, 3)
(1448, 0)
(16337611688, 0)
(1452, 2)
(16382743212, 2)
(1453, 1)
(16394026093, 1)
(1457, 4)
(16439157617, 4)
(1458, 2)
(16450440498, 2)
(1462, 4)
(16495572022, 1)
(1463, 2)
(16506854903, 3)
(1467, 0)
(16551986427, 0)
(1468, 2)
(16563269308, 3)
(1472, 4)
(16608400832, 1)
(1473, 2)
(16619683713, 3)
(1477, 1)
(16664815237, 4)
(1478, 0)
(16676098118, 0)
(1482, 1)
(16721229642, 4)
(1483, 3)
(16732512523, 3)
(1487, 3)
(16777644047, 3)
(1488, 2)
(16788926928, 2)
(1492, 0)
(16834058452, 0)
(1493, 3)
(16845341333, 3)
(1497, 0)
(16890472857, 0)
(1498, 1)
(16901755738, 4)
(1502, 1)
(16946887262, 4)
(1503, 3)
(16958170143, 2)
(1507, 4)
(17003301667, 4)
(1508, 0)
(17014584548, 0)
(1512, 0)
(17059716072, 0)
(1513, 4)
(17070998953, 4)
(1517, 3)
(17116130477, 3)
(1518, 4)
(17127413358, 4)
(1522, 0)
(17172544882, 0)
(1523, 3)
(17183827763, 3)
(1527, 1)
(17228959287, 4)
(1528, 0)
(17240242168, 0)
(1532, 4)
(17285373692, 1)
(1533, 1)
(17296656573, 1)
(1537, 1)
(17341788097, 4)
(1538, 4)
(17353070978, 4)
(1542, 0)
(17398202502, 0)
(1543, 4)
(17409485383, 4)
(1547, 2)
(17454616907, 2)
(1548, 0)
(17465899788, 0)
(1552, 3)
(17511031312, 3)
(1553, 0)
(17522314193, 0)
(1557, 2)
(17567445717, 3)
(1558, 2)
(17578728598, 3)
(1562, 2)
(17623860122, 3)
(1563, 4)
(17635143003, 4)
(1567, 0)
(17680274527, 0)
(1568, 2)
(17691557408, 2)
(1572, 0)
(17736688932, 0)
(1573, 3)
(17747971813, 2)
(1577, 3)
(17793103337, 3)
(1578, 1)
(17804386218, 4)
(1582, 4)
(17849517742, 4)
(1583, 3)
(17860800623, 3)
(1587, 0)
(17905932147, 0)
(1588, 0)
(17917215028, 0)
(1592, 0)
(17962346552, 0)
(1593, 4)
(17973629433, 4)
(1597, 4)
(18018760957, 4)
(1598, 2)
(18030043838, 3)
(1602, 0)
(18075175362, 0)
(1603, 4)
(18086458243, 4)
(1607, 3)
(18131589767, 2)
(1608, 0)
(18142872648, 0)
(1612, 4)
(18188004172, 1)
(1613, 3)
(18199287053, 2)
(1617, 3)
(18244418577, 2)
(1618, 2)
(18255701458, 2)
(1622, 0)
(18300832982, 0)
(1623, 3)
(18312115863, 2)
(1627, 2)
(18357247387, 3)
(1628, 3)
(18368530268, 3)
(1632, 3)
(18413661792, 2)
(1633, 4)
(18424944673, 1)
(1637, 3)
(18470076197, 3)
(1638, 1)
(18481359078, 4)
(1642, 1)
(18526490602, 4)
(1643, 0)
(18537773483, 0)
(1647, 3)
(18582905007, 3)
(1648, 0)
(18594187888, 0)
(1652, 0)
(18639319412, 0)
(1653, 4)
(18650602293, 4)
(1657, 1)
(18695733817, 4)
(1658, 2)
(18707016698, 3)
(1662, 0)
(18752148222, 0)
(1663, 2)
(18763431103, 2)
(1667, 3)
(18808562627, 2)
(1668, 0)
(18819845508, 0)
(1672, 0)
(18864977032, 0)
(1673, 3)
(18876259913, 3)
(1677, 1)
(18921391437, 4)
(1678, 0)
(18932674318, 0)
(1682, 4)
(18977805842, 4)
(1683, 0)
(18989088723, 0)
(1687, 2)
(19034220247, 2)
(1688, 0)
(19045503128, 0)
(1692, 0)
(19090634652, 0)
(1693, 3)
(19101917533, 3)
(1697, 3)
(19147049057, 3)
(1698, 1)
(19158331938, 4)
(1702, 0)
(19203463462, 0)
(1703, 3)
(19214746343, 3)
(1707, 0)
(19259877867, 0)
(1708, 1)
(19271160748, 1)
(1712, 4)
(19316292272, 1)
(1713, 4)
(19327575153, 1)
(1717, 1)
(19372706677, 1)
(1718, 1)
(19383989558, 4)
(1722, 1)
(19429121082, 4)
(1723, 0)
(19440403963, 0)
(1727, 4)
(19485535487, 4)
(1728, 0)
(19496818368, 0)
(1732, 0)
(19541949892, 0)
(1733, 1)
(19553232773, 4)
(1737, 0)
(19598364297, 0)
(1738, 1)
(19609647178, 4)
(1742, 1)
(19654778702, 1)
(1743, 4)
(19666061583, 4)
(1747, 0)
(19711193107, 0)
(1748, 0)
(19722475988, 0)
(1752, 0)
(19767607512, 0)
(1753, 0)
(19778890393, 0)
(1757, 3)
(19824021917, 3)
(1758, 0)
(19835304798, 0)
(1762, 1)
(19880436322, 4)
(1763, 3)
(19891719203, 2)
(1767, 3)
(19936850727, 3)
(1768, 0)
(19948133608, 0)
(1772, 0)
(19993265132, 0)
(1773, 0)
(20004548013, 0)
(1777, 4)
(20049679537, 1)
(1778, 0)
(20060962418, 0)
(1782, 1)
(20106093942, 4)
(1783, 2)
(20117376823, 3)
(1787, 2)
(20162508347, 2)
(1788, 2)
(20173791228, 2)
(1792, 1)
(20218922752, 1)
(1793, 4)
(20230205633, 1)
(1797, 4)
(20275337157, 4)
(1798, 0)
(20286620038, 0)
(1802, 3)
(20331751562, 3)
(1803, 2)
(20343034443, 3)
(1807, 3)
(20388165967, 2)
(1808, 4)
(20399448848, 4)
(1812, 0)
(20444580372, 0)
(1813, 2)
(20455863253, 3)
(1817, 0)
(20500994777, 0)
(1818, 0)
(20512277658, 0)
(1822, 4)
(20557409182, 4)
(1823, 0)
(20568692063, 0)
(1827, 2)
(20613823587, 2)
(1828, 0)
(20625106468, 0)
(1832, 0)
(20670237992, 0)
(1833, 1)
(20681520873, 4)
(1837, 4)
(20726652397, 4)
(1838, 3)
(20737935278, 2)
(1842, 4)
(20783066802, 1)
(1843, 4)
(20794349683, 4)
(1847, 2)
(20839481207, 3)
(1848, 0)
(20850764088, 0)
(1852, 4)
(20895895612, 1)
(1853, 4)
(20907178493, 1)
(1857, 0)
(20952310017, 0)
(1858, 0)
(20963592898, 0)
(1862, 3)
(21008724422, 3)
(1863, 2)
(21020007303, 3)
(1867, 0)
(21065138827, 0)
(1868, 1)
(21076421708, 4)
(1872, 0)
(21121553232, 0)
(1873, 3)
(21132836113, 3)
(1877, 4)
(21177967637, 4)
(1878, 4)
(21189250518, 1)
(1882, 2)
(21234382042, 2)
(1883, 1)
(21245664923, 1)
(1887, 0)
(21290796447, 0)
(1888, 3)
(21302079328, 3)
(1892, 0)
(21347210852, 0)
(1893, 0)
(21358493733, 0)
(1897, 1)
(21403625257, 1)
(1898, 3)
(21414908138, 2)
(1902, 4)
(21460039662, 1)
(1903, 2)
(21471322543, 2)
(1907, 3)
(21516454067, 2)
(1908, 0)
(21527736948, 0)
(1912, 0)
(21572868472, 0)
(1913, 4)
(21584151353, 1)
(1917, 2)
(21629282877, 2)
(1918, 1)
(21640565758, 4)
(1922, 2)
(21685697282, 2)
(1923, 0)
(21696980163, 0)
(1927, 2)
(21742111687, 3)
(1928, 0)
(21753394568, 0)
(1932, 3)
(21798526092, 2)
(1933, 2)
(21809808973, 2)
(1937, 3)
(21854940497, 2)
(1938, 2)
(21866223378, 3)
(1942, 3)
(21911354902, 3)
(1943, 2)
(21922637783, 3)
(1947, 3)
(21967769307, 2)
(1948, 1)
(21979052188, 1)
(1952, 0)
(22024183712, 0)
(1953, 0)
(22035466593, 0)
(1957, 1)
(22080598117, 4)
(1958, 2)
(22091880998, 2)
(1962, 0)
(22137012522, 0)
(1963, 4)
(22148295403, 4)
(1967, 4)
(22193426927, 1)
(1968, 4)
(22204709808, 1)
(1972, 0)
(22249841332, 0)
(1973, 3)
(22261124213, 3)
(1977, 1)
(22306255737, 4)
(1978, 2)
(22317538618, 3)
(1982, 1)
(22362670142, 1)
(1983, 1)
(22373953023, 4)
(1987, 2)
(22419084547, 3)
(1988, 0)
(22430367428, 0)
(1992, 0)
(22475498952, 0)
(1993, 1)
(22486781833, 4)
(1997, 2)
(22531913357, 2)
(1998, 3)
(22543196238, 2)
(2002, 4)
(22588327762, 4)
(2003, 1)
(22599610643, 4)
(2007, 0)
(22644742167, 0)
(2008, 0)
(22656025048, 0)
(2012, 2)
(22701156572, 2)
(2013, 4)
(22712439453, 1)
(2017, 2)
(22757570977, 2)
(2018, 3)
(22768853858, 2)
(2022, 1)
(22813985382, 4)
(2023, 4)
(22825268263, 4)
(2027, 1)
(22870399787, 1)
(2028, 3)
(22881682668, 3)
(2032, 0)
(22926814192, 0)
(2033, 2)
(22938097073, 3)
(2037, 4)
(22983228597, 4)
(2038, 3)
(22994511478, 3)
(2042, 0)
(23039643002, 0)
(2043, 0)
(23050925883, 0)
(2047, 2)
(23096057407, 2)
(2048, 0)
(23107340288, 0)
(2052, 0)
(23152471812, 0)
(2053, 2)
(23163754693, 2)
(2057, 4)
(23208886217, 1)
(2058, 2)
(23220169098, 2)
(2062, 3)
(23265300622, 2)
(2063, 0)
(23276583503, 0)
(2067, 3)
(23321715027, 3)
(2068, 0)
(23332997908, 0)
(2072, 0)
(23378129432, 0)
(2073, 0)
(23389412313, 0)
(2077, 1)
(23434543837, 4)
(2078, 0)
(23445826718, 0)
(2082, 1)
(23490958242, 4)
(2083, 3)
(23502241123, 3)
(2087, 0)
(23547372647, 0)
(2088, 0)
(23558655528, 0)
(2092, 0)
(23603787052, 0)
(2093, 0)
(23615069933, 0)
(2097, 1)
(23660201457, 4)
(2098, 4)
(23671484338, 4)
(2102, 4)
(23716615862, 4)
(2103, 4)
(23727898743, 4)
(2107, 4)
(23773030267, 4)
(2108, 4)
(23784313148, 1)
(2112, 4)
(23829444672, 1)
(2113, 4)
(23840727553, 4)
(2117, 1)
(23885859077, 1)
(2118, 0)
(23897141958, 0)
(2122, 2)
(23942273482, 2)
(2123, 1)
(23953556363, 1)
(2127, 2)
(23998687887, 2)
(2128, 2)
(24009970768, 2)
(2132, 0)
(24055102292, 0)
(2133, 2)
(24066385173, 2)
(2137, 1)
(24111516697, 1)
(2138, 2)
(24122799578, 3)
(2142, 0)
(24167931102, 0)
(2143, 3)
(24179213983, 2)
(2147, 4)
(24224345507, 4)
(2148, 0)
(24235628388, 0)
(2152, 0)
(24280759912, 0)
(2153, 3)
(24292042793, 3)
(2157, 4)
(24337174317, 4)
(2158, 0)
(24348457198, 0)
(2162, 4)
(24393588722, 1)
(2163, 2)
(24404871603, 3)
(2167, 2)
(24450003127, 3)
(2168, 0)
(24461286008, 0)
(2172, 4)
(24506417532, 4)
(2173, 0)
(24517700413, 0)
(2177, 0)
(24562831937, 0)
(2178, 3)
(24574114818, 3)
(2182, 3)
(24619246342, 2)
(2183, 2)
(24630529223, 3)
(2187, 0)
(24675660747, 0)
(2188, 4)
(24686943628, 4)
(2192, 1)
(24732075152, 4)
(2193, 1)
(24743358033, 4)
(2197, 3)
(24788489557, 2)
(2198, 1)
(24799772438, 4)
(2202, 0)
(24844903962, 0)
(2203, 0)
(24856186843, 0)
(2207, 1)
(24901318367, 4)
(2208, 4)
(24912601248, 1)
(2212, 0)
(24957732772, 0)
(2213, 3)
(24969015653, 2)
(2217, 3)
(25014147177, 3)
(2218, 1)
(25025430058, 4)
(2222, 3)
(25070561582, 3)
(2223, 0)
(25081844463, 0)
(2227, 1)
(25126975987, 1)
(2228, 0)
(25138258868, 0)
(2232, 0)
(25183390392, 0)
(2233, 4)
(25194673273, 1)
(2237, 0)
(25239804797, 0)
(2238, 3)
(25251087678, 2)
(2242, 4)
(25296219202, 4)
(2243, 0)
(25307502083, 0)
(2247, 0)
(25352633607, 0)
(2248, 0)
(25363916488, 0)
(2252, 3)
(25409048012, 3)
(2253, 4)
(25420330893, 1)
(2257, 4)
(25465462417, 1)
(2258, 3)
(25476745298, 3)
(2262, 1)
(25521876822, 4)
(2263, 2)
(25533159703, 2)
(2267, 1)
(25578291227, 1)
(2268, 1)
(25589574108, 1)
(2272, 3)
(25634705632, 3)
(2273, 2)
(25645988513, 3)
(2277, 0)
(25691120037, 0)
(2278, 4)
(25702402918, 4)
(2282, 0)
(25747534442, 0)
(2283, 4)
(25758817323, 1)
(2287, 1)
(25803948847, 1)
(2288, 0)
(25815231728, 0)
(2292, 0)
(25860363252, 0)
(2293, 1)
(25871646133, 4)
(2297, 0)
(25916777657, 0)
(2298, 2)
(25928060538, 3)
(2302, 4)
(25973192062, 4)
(2303, 0)
(25984474943, 0)
(2307, 3)
(26029606467, 3)
(2308, 0)
(26040889348, 0)
(2312, 0)
(26086020872, 0)
(2313, 2)
(26097303753, 2)
(2317, 4)
(26142435277, 1)
(2318, 1)
(26153718158, 1)
(2322, 3)
(26198849682, 3)
(2323, 2)
(26210132563, 2)
(2327, 2)
(26255264087, 3)
(2328, 0)
(26266546968, 0)
(2332, 1)
(26311678492, 1)
(2333, 1)
(26322961373, 4)
(2337, 2)
(26368092897, 3)
(2338, 4)
(26379375778, 1)
(2342, 3)
(26424507302, 2)
(2343, 2)
(26435790183, 3)
(2347, 0)
(26480921707, 0)
(2348, 1)
(26492204588, 1)
(2352, 2)
(26537336112, 2)
(2353, 4)
(26548618993, 1)
(2357, 2)
(26593750517, 2)
(2358, 0)
(26605033398, 0)
(2362, 4)
(26650164922, 1)
(2363, 0)
(26661447803, 0)
(2367, 1)
(26706579327, 4)
(2368, 3)
(26717862208, 2)
(2372, 0)
(26762993732, 0)
(2373, 1)
(26774276613, 1)
(2377, 1)
(26819408137, 1)
(2378, 0)
(26830691018, 0)
(2382, 2)
(26875822542, 3)
(2383, 4)
(26887105423, 1)
(2387, 2)
(26932236947, 3)
(2388, 0)
(26943519828, 0)
(2392, 0)
(26988651352, 0)
(2393, 0)
(26999934233, 0)
(2397, 2)
(27045065757, 3)
(2398, 0)
(27056348638, 0)
(2402, 0)
(27101480162, 0)
(2403, 2)
(27112763043, 3)
(2407, 0)
(27157894567, 0)
(2408, 0)
(27169177448, 0)
(2412, 0)
(27214308972, 0)
(2413, 1)
(27225591853, 1)
(2417, 1)
(27270723377, 1)
(2418, 4)
(27282006258, 1)
(2422, 0)
(27327137782, 0)
(2423, 3)
(27338420663, 3)
(2427, 4)
(27383552187, 4)
(2428, 4)
(27394835068, 1)
(2432, 1)
(27439966592, 1)
(2433, 0)
(27451249473, 0)
(2437, 3)
(27496380997, 2)
(2438, 3)
(27507663878, 3)
(2442, 3)
(27552795402, 3)
(2443, 4)
(27564078283, 1)
(2447, 3)
(27609209807, 2)
(2448, 1)
(27620492688, 4)
(2452, 0)
(27665624212, 0)
(2453, 3)
(27676907093, 3)
(2457, 2)
(27722038617, 3)
(2458, 3)
(27733321498, 2)
(2462, 3)
(27778453022, 2)
(2463, 4)
(27789735903, 1)
(2467, 2)
(27834867427, 2)
(2468, 0)
(27846150308, 0)
(2472, 0)
(27891281832, 0)
(2473, 0)
(27902564713, 0)
(2477, 3)
(27947696237, 2)
(2478, 2)
(27958979118, 2)
(2482, 1)
(28004110642, 4)
(2483, 0)
(28015393523, 0)
(2487, 0)
(28060525047, 0)
(2488, 0)
(28071807928, 0)
(2492, 4)
(28116939452, 1)
(2493, 0)
(28128222333, 0)
(2497, 3)
(28173353857, 3)
(2498, 0)
(28184636738, 0)
(2502, 3)
(28229768262, 3)
(2503, 1)
(28241051143, 1)
(2507, 4)
(28286182667, 1)
(2508, 2)
(28297465548, 3)
(2512, 2)
(28342597072, 3)
(2513, 3)
(28353879953, 2)
(2517, 4)
(28399011477, 1)
(2518, 0)
(28410294358, 0)
(2522, 4)
(28455425882, 1)
(2523, 3)
(28466708763, 3)
(2527, 4)
(28511840287, 4)
(2528, 4)
(28523123168, 4)
(2532, 0)
(28568254692, 0)
(2533, 4)
(28579537573, 1)
(2537, 0)
(28624669097, 0)
(2538, 2)
(28635951978, 2)
(2542, 4)
(28681083502, 1)
(2543, 0)
(28692366383, 0)
(2547, 0)
(28737497907, 0)
(2548, 0)
(28748780788, 0)
(2552, 0)
(28793912312, 0)
(2553, 1)
(28805195193, 1)
(2557, 3)
(28850326717, 2)
(2558, 4)
(28861609598, 4)
(2562, 1)
(28906741122, 1)
(2563, 4)
(28918024003, 4)
(2567, 1)
(28963155527, 1)
(2568, 0)
(28974438408, 0)
(2572, 1)
(29019569932, 4)
(2573, 1)
(29030852813, 1)
(2577, 0)
(29075984337, 0)
(2578, 1)
(29087267218, 1)
(2582, 0)
(29132398742, 0)
(2583, 2)
(29143681623, 3)
(2587, 3)
(29188813147, 3)
(2588, 4)
(29200096028, 1)
(2592, 3)
(29245227552, 3)
(2593, 1)
(29256510433, 1)
(2597, 4)
(29301641957, 1)
(2598, 4)
(29312924838, 4)
(2602, 4)
(29358056362, 1)
(2603, 0)
(29369339243, 0)
(2607, 2)
(29414470767, 3)
(2608, 2)
(29425753648, 2)
(2612, 0)
(29470885172, 0)
(2613, 1)
(29482168053, 1)
(2617, 2)
(29527299577, 2)
(2618, 0)
(29538582458, 0)
(2622, 1)
(29583713982, 4)
(2623, 2)
(29594996863, 2)
(2627, 2)
(29640128387, 3)
(2628, 0)
(29651411268, 0)
(2632, 0)
(29696542792, 0)
(2633, 3)
(29707825673, 2)
(2637, 4)
(29752957197, 1)
(2638, 0)
(29764240078, 0)
(2642, 3)
(29809371602, 2)
(2643, 0)
(29820654483, 0)
(2647, 0)
(29865786007, 0)
(2648, 0)
(29877068888, 0)
(2652, 2)
(29922200412, 2)
(2653, 1)
(29933483293, 4)
(2657, 2)
(29978614817, 2)
(2658, 4)
(29989897698, 1)
(2662, 1)
(30035029222, 4)
(2663, 3)
(30046312103, 2)
(2667, 3)
(30091443627, 3)
(2668, 2)
(30102726508, 3)
(2672, 4)
(30147858032, 1)
(2673, 3)
(30159140913, 2)
(2677, 2)
(30204272437, 2)
(2678, 0)
(30215555318, 0)
(2682, 0)
(30260686842, 0)
(2683, 0)
(30271969723, 0)
(2687, 4)
(30317101247, 1)
(2688, 1)
(30328384128, 1)
(2692, 0)
(30373515652, 0)
(2693, 3)
(30384798533, 3)
(2697, 4)
(30429930057, 4)
(2698, 4)
(30441212938, 4)
(2702, 2)
(30486344462, 3)
(2703, 3)
(30497627343, 3)
(2707, 2)
(30542758867, 3)
(2708, 0)
(30554041748, 0)
(2712, 0)
(30599173272, 0)
(2713, 1)
(30610456153, 1)
(2717, 2)
(30655587677, 2)
(2718, 1)
(30666870558, 4)
(2722, 0)
(30712002082, 0)
(2723, 3)
(30723284963, 3)
(2727, 0)
(30768416487, 0)
(2728, 0)
(30779699368, 0)
(2732, 0)
(30824830892, 0)
(2733, 3)
(30836113773, 3)
(2737, 1)
(30881245297, 1)
(2738, 4)
(30892528178, 4)
(2742, 3)
(30937659702, 2)
(2743, 0)
(30948942583, 0)
(2747, 3)
(30994074107, 3)
(2748, 1)
(31005356988, 1)
(2752, 0)
(31050488512, 0)
(2753, 2)
(31061771393, 2)
(2757, 4)
(31106902917, 1)
(2758, 4)
(31118185798, 4)
(2762, 4)
(31163317322, 4)
(2763, 0)
(31174600203, 0)
(2767, 4)
(31219731727, 4)
(2768, 2)
(31231014608, 3)
(2772, 0)
(31276146132, 0)
(2773, 4)
(31287429013, 4)
(2777, 0)
(31332560537, 0)
(2778, 1)
(31343843418, 4)
(2782, 2)
(31388974942, 2)
(2783, 4)
(31400257823, 1)
(2787, 1)
(31445389347, 4)
(2788, 0)
(31456672228, 0)
(2792, 0)
(31501803752, 0)
(2793, 4)
(31513086633, 4)
(2797, 3)
(31558218157, 3)
(2798, 4)
(31569501038, 1)
(2802, 1)
(31614632562, 4)
(2803, 1)
(31625915443, 4)
(2807, 3)
(31671046967, 3)
(2808, 0)
(31682329848, 0)
(2812, 3)
(31727461372, 2)
(2813, 0)
(31738744253, 0)
(2817, 0)
(31783875777, 0)
(2818, 0)
(31795158658, 0)
(2822, 2)
(31840290182, 3)
(2823, 1)
(31851573063, 1)
(2827, 3)
(31896704587, 2)
(2828, 3)
(31907987468, 2)
(2832, 3)
(31953118992, 3)
(2833, 3)
(31964401873, 3)
(2837, 1)
(32009533397, 4)
(2838, 0)
(32020816278, 0)
(2842, 2)
(32065947802, 2)
(2843, 0)
(32077230683, 0)
(2847, 3)
(32122362207, 2)
(2848, 4)
(32133645088, 1)
(2852, 0)
(32178776612, 0)
(2853, 0)
(32190059493, 0)
(2857, 0)
(32235191017, 0)
(2858, 3)
(32246473898, 3)
(2862, 2)
(32291605422, 3)
(2863, 2)
(32302888303, 3)
(2867, 2)
(32348019827, 2)
(2868, 0)
(32359302708, 0)
(2872, 0)
(32404434232, 0)
(2873, 3)
(32415717113, 2)
(2877, 0)
(32460848637, 0)
(2878, 1)
(32472131518, 4)
(2882, 1)
(32517263042, 1)
(2883, 3)
(32528545923, 3)
(2887, 0)
(32573677447, 0)
(2888, 0)
(32584960328, 0)
(2892, 3)
(32630091852, 3)
(2893, 4)
(32641374733, 4)
(2897, 1)
(32686506257, 1)
(2898, 0)
(32697789138, 0)
(2902, 2)
(32742920662, 2)
(2903, 4)
(32754203543, 1)
(2907, 2)
(32799335067, 3)
(2908, 4)
(32810617948, 1)
(2912, 4)
(32855749472, 1)
(2913, 2)
(32867032353, 2)
(2917, 2)
(32912163877, 3)
(2918, 4)
(32923446758, 1)
(2922, 1)
(32968578282, 1)
(2923, 4)
(32979861163, 1)
(2927, 4)
(33024992687, 1)
(2928, 3)
(33036275568, 3)
(2932, 0)
(33081407092, 0)
(2933, 1)
(33092689973, 4)
(2937, 4)
(33137821497, 4)
(2938, 4)
(33149104378, 1)
(2942, 0)
(33194235902, 0)
(2943, 3)
(33205518783, 3)
(2947, 3)
(33250650307, 3)
(2948, 0)
(33261933188, 0)
(2952, 0)
(33307064712, 0)
(2953, 1)
(33318347593, 4)
(2957, 4)
(33363479117, 4)
(2958, 2)
(33374761998, 3)
(2962, 4)
(33419893522, 4)
(2963, 2)
(33431176403, 2)
(2967, 1)
(33476307927, 4)
(2968, 0)
(33487590808, 0)
(2972, 2)
(33532722332, 3)
(2973, 2)
(33544005213, 2)
(2977, 4)
(33589136737, 1)
(2978, 0)
(33600419618, 0)
(2982, 1)
(33645551142, 1)
(2983, 0)
(33656834023, 0)
(2987, 0)
(33701965547, 0)
(2988, 2)
(33713248428, 2)
(2992, 1)
(33758379952, 1)
(2993, 2)
(33769662833, 3)
(2997, 4)
(33814794357, 1)
(2998, 3)
(33826077238, 2)
(3002, 4)
(33871208762, 4)
(3003, 2)
(33882491643, 2)
(3007, 0)
(33927623167, 0)
(3008, 0)
(33938906048, 0)
(3012, 0)
(33984037572, 0)
(3013, 3)
(33995320453, 3)
(3017, 3)
(34040451977, 2)
(3018, 4)
(34051734858, 4)
(3022, 2)
(34096866382, 2)
(3023, 2)
(34108149263, 3)
(3027, 2)
(34153280787, 3)
(3028, 0)
(34164563668, 0)
(3032, 0)
(34209695192, 0)
(3033, 0)
(34220978073, 0)
(3037, 3)
(34266109597, 3)
(3038, 1)
(34277392478, 1)
(3042, 0)
(34322524002, 0)
(3043, 3)
(34333806883, 2)
(3047, 2)
(34378938407, 2)
(3048, 0)
(34390221288, 0)
(3052, 3)
(34435352812, 3)
(3053, 0)
(34446635693, 0)
(3057, 3)
(34491767217, 3)
(3058, 2)
(34503050098, 3)
(3062, 4)
(34548181622, 4)
(3063, 1)
(34559464503, 1)
(3067, 2)
(34604596027, 3)
(3068, 1)
(34615878908, 4)
(3072, 4)
(34661010432, 4)
(3073, 1)
(34672293313, 4)
(3077, 4)
(34717424837, 1)
(3078, 4)
(34728707718, 4)
(3082, 0)
(34773839242, 0)
(3083, 2)
(34785122123, 2)
(3087, 0)
(34830253647, 0)
(3088, 2)
(34841536528, 3)
(3092, 0)
(34886668052, 0)
(3093, 2)
(34897950933, 3)
(3097, 3)
(34943082457, 3)
(3098, 4)
(34954365338, 1)
(3102, 1)
(34999496862, 4)
(3103, 0)
(35010779743, 0)
(3107, 3)
(35055911267, 2)
(3108, 0)
(35067194148, 0)
(3112, 0)
(35112325672, 0)
(3113, 1)
(35123608553, 1)
(3117, 0)
(35168740077, 0)
(3118, 0)
(35180022958, 0)
(3122, 3)
(35225154482, 2)
(3123, 0)
(35236437363, 0)
(3127, 1)
(35281568887, 4)
(3128, 0)
(35292851768, 0)
(3132, 3)
(35337983292, 3)
(3133, 0)
(35349266173, 0)
(3137, 1)
(35394397697, 1)
(3138, 4)
(35405680578, 1)
(3142, 0)
(35450812102, 0)
(3143, 1)
(35462094983, 4)
(3147, 0)
(35507226507, 0)
(3148, 0)
(35518509388, 0)
(3152, 0)
(35563640912, 0)
(3153, 4)
(35574923793, 4)
(3157, 4)
(35620055317, 4)
(3158, 2)
(35631338198, 2)
(3162, 0)
(35676469722, 0)
(3163, 1)
(35687752603, 4)
(3167, 2)
(35732884127, 3)
(3168, 0)
(35744167008, 0)
(3172, 0)
(35789298532, 0)
(3173, 0)
(35800581413, 0)
(3177, 3)
(35845712937, 3)
(3178, 0)
(35856995818, 0)
(3182, 2)
(35902127342, 3)
(3183, 4)
(35913410223, 4)
(3187, 2)
(35958541747, 3)
(3188, 0)
(35969824628, 0)
(3192, 0)
(36014956152, 0)
(3193, 4)
(36026239033, 1)
(3197, 4)
(36071370557, 1)
(3198, 2)
(36082653438, 2)
(3202, 1)
(36127784962, 1)
(3203, 4)
(36139067843, 4)
(3207, 3)
(36184199367, 2)
(3208, 0)
(36195482248, 0)
(3212, 0)
(36240613772, 0)
(3213, 3)
(36251896653, 2)
(3217, 1)
(36297028177, 4)
(3218, 1)
(36308311058, 4)
(3222, 0)
(36353442582, 0)
(3223, 0)
(36364725463, 0)
(3227, 4)
(36409856987, 4)
(3228, 2)
(36421139868, 2)
(3232, 2)
(36466271392, 3)
(3233, 4)
(36477554273, 1)
(3237, 2)
(36522685797, 3)
(3238, 3)
(36533968678, 2)
(3242, 3)
(36579100202, 3)
(3243, 2)
(36590383083, 3)
(3247, 3)
(36635514607, 2)
(3248, 3)
(36646797488, 3)
(3252, 0)
(36691929012, 0)
(3253, 1)
(36703211893, 1)
(3257, 1)
(36748343417, 1)
(3258, 4)
(36759626298, 4)
(3262, 3)
(36804757822, 2)
(3263, 3)
(36816040703, 2)
(3267, 4)
(36861172227, 4)
(3268, 0)
(36872455108, 0)
(3272, 0)
(36917586632, 0)
(3273, 4)
(36928869513, 1)
(3277, 3)
(36974001037, 3)
(3278, 1)
(36985283918, 4)
(3282, 0)
(37030415442, 0)
(3283, 1)
(37041698323, 4)
(3287, 1)
(37086829847, 4)
(3288, 0)
(37098112728, 0)
(3292, 3)
(37143244252, 3)
(3293, 1)
(37154527133, 1)
(3297, 0)
(37199658657, 0)
(3298, 1)
(37210941538, 4)
(3302, 1)
(37256073062, 4)
(3303, 0)
(37267355943, 0)
(3307, 4)
(37312487467, 4)
(3308, 1)
(37323770348, 1)
(3312, 1)
(37368901872, 4)
(3313, 1)
(37380184753, 1)
(3317, 1)
(37425316277, 4)
(3318, 2)
(37436599158, 2)
(3322, 4)
(37481730682, 4)
(3323, 3)
(37493013563, 2)
(3327, 4)
(37538145087, 1)
(3328, 2)
(37549427968, 3)
(3332, 0)
(37594559492, 0)
(3333, 3)
(37605842373, 3)
(3337, 4)
(37650973897, 4)
(3338, 0)
(37662256778, 0)
(3342, 4)
(37707388302, 4)
(3343, 4)
(37718671183, 1)
(3347, 1)
(37763802707, 4)
(3348, 0)
(37775085588, 0)
(3352, 0)
(37820217112, 0)
(3353, 0)
(37831499993, 0)
(3357, 0)
(37876631517, 0)
(3358, 2)
(37887914398, 3)
(3362, 4)
(37933045922, 4)
(3363, 4)
(37944328803, 4)
(3367, 0)
(37989460327, 0)
(3368, 0)
(38000743208, 0)
(3372, 2)
(38045874732, 3)
(3373, 4)
(38057157613, 4)
(3377, 3)
(38102289137, 3)
(3378, 4)
(38113572018, 4)
(3382, 0)
(38158703542, 0)
(3383, 1)
(38169986423, 1)
(3387, 2)
(38215117947, 2)
(3388, 3)
(38226400828, 3)
(3392, 1)
(38271532352, 4)
(3393, 2)
(38282815233, 3)
(3397, 0)
(38327946757, 0)
(3398, 3)
(38339229638, 2)
(3402, 3)
(38384361162, 3)
(3403, 2)
(38395644043, 3)
(3407, 3)
(38440775567, 3)
(3408, 4)
(38452058448, 4)
(3412, 0)
(38497189972, 0)
(3413, 3)
(38508472853, 3)
(3417, 4)
(38553604377, 4)
(3418, 2)
(38564887258, 2)
(3422, 3)
(38610018782, 3)
(3423, 0)
(38621301663, 0)
(3427, 1)
(38666433187, 4)
(3428, 0)
(38677716068, 0)
(3432, 0)
(38722847592, 0)
(3433, 1)
(38734130473, 4)
(3437, 2)
(38779261997, 3)
(3438, 0)
(38790544878, 0)
(3442, 0)
(38835676402, 0)
(3443, 4)
(38846959283, 4)
(3447, 4)
(38892090807, 1)
(3448, 0)
(38903373688, 0)
(3452, 2)
(38948505212, 2)
(3453, 3)
(38959788093, 3)
(3457, 3)
(39004919617, 3)
(3458, 0)
(39016202498, 0)
(3462, 3)
(39061334022, 2)
(3463, 4)
(39072616903, 1)
(3467, 4)
(39117748427, 4)
(3468, 4)
(39129031308, 4)
(3472, 1)
(39174162832, 1)
(3473, 0)
(39185445713, 0)
(3477, 2)
(39230577237, 2)
(3478, 4)
(39241860118, 1)
(3482, 4)
(39286991642, 1)
(3483, 3)
(39298274523, 3)
(3487, 2)
(39343406047, 2)
(3488, 0)
(39354688928, 0)
(3492, 0)
(39399820452, 0)
(3493, 3)
(39411103333, 2)
(3497, 2)
(39456234857, 3)
(3498, 0)
(39467517738, 0)
(3502, 4)
(39512649262, 4)
(3503, 2)
(39523932143, 2)
(3507, 3)
(39569063667, 2)
(3508, 0)
(39580346548, 0)
(3512, 0)
(39625478072, 0)
(3513, 4)
(39636760953, 1)
(3517, 0)
(39681892477, 0)
(3518, 3)
(39693175358, 2)
(3522, 3)
(39738306882, 3)
(3523, 4)
(39749589763, 1)
(3527, 0)
(39794721287, 0)
(3528, 0)
(39806004168, 0)
(3532, 1)
(39851135692, 4)
(3533, 0)
(39862418573, 0)
(3537, 3)
(39907550097, 2)
(3538, 3)
(39918832978, 3)
(3542, 2)
(39963964502, 2)
(3543, 3)
(39975247383, 2)
(3547, 4)
(40020378907, 4)
(3548, 2)
(40031661788, 2)
(3552, 4)
(40076793312, 1)
(3553, 1)
(40088076193, 1)
(3557, 4)
(40133207717, 1)
(3558, 3)
(40144490598, 2)
(3562, 2)
(40189622122, 2)
(3563, 3)
(40200905003, 2)
(3567, 0)
(40246036527, 0)
(3568, 2)
(40257319408, 3)
