(2, 4)
(33276482, 4)
(3, 3)
(49914723, 3)
(7, 4)
(116467687, 4)
(8, 0)
(133105928, 0)
(12, 4)
(199658892, 4)
(13, 3)
(216297133, 3)
(17, 4)
(282850097, 4)
(18, 3)
(299488338, 3)
(22, 3)
(366041302, 2)
(23, 3)
(382679543, 2)
(27, 3)
(449232507, 3)
(28, 3)
(465870748, 3)
(32, 2)
(532423712, 2)
(33, 1)
(549061953, 4)
(37, 2)
(615614917, 2)
(38, 1)
(632253158, 1)
(42, 1)
(698806122, 1)
(43, 4)
(715444363, 4)
(47, 0)
(781997327, 0)
(48, 4)
(798635568, 4)
(52, 0)
(865188532, 0)
(53, 4)
(881826773, 1)
(57, 4)
(948379737, 4)
(58, 2)
(965017978, 3)
(62, 2)
(1031570942, 3)
(63, 0)
(1048209183, 0)
(67, 1)
(1114762147, 4)
(68, 0)
(1131400388, 0)
(72, 0)
(1197953352, 0)
(73, 1)
(1214591593, 1)
(77, 3)
(1281144557, 2)
(78, 4)
(1297782798, 4)
(82, 1)
(1364335762, 1)
(83, 2)
(1380974003, 3)
(87, 4)
(1447526967, 1)
(88, 0)
(1464165208, 0)
(92, 1)
(1530718172, 4)
(93, 1)
(1547356413, 4)
(97, 4)
(1613909377, 1)
(98, 4)
(1630547618, 4)
(102, 1)
(1697100582, 1)
(103, 0)
(1713738823, 0)
(107, 3)
(1780291787, 2)
(108, 4)
(1796930028, 4)
(112, 4)
(1863482992, 4)
(113, 2)
(1880121233, 2)
(117, 0)
(1946674197, 0)
(118, 1)
(1963312438, 1)
(122, 0)
(2029865402, 0)
(123, 3)
(2046503643, 3)
(127, 0)
(2113056607, 0)
(128, 4)
(2129694848, 4)
(132, 0)
(2196247812, 0)
(133, 1)
(2212886053, 1)
(137, 3)
(2279439017, 2)
(138, 3)
(2296077258, 2)
(142, 1)
(2362630222, 4)
(143, 0)
(2379268463, 0)
(147, 4)
(2445821427, 4)
(148, 0)
(2462459668, 0)
(152, 0)
(2529012632, 0)
(153, 3)
(2545650873, 3)
(157, 1)
(2612203837, 1)
(158, 3)
(2628842078, 2)
(162, 1)
(2695395042, 1)
(163, 4)
(2712033283, 1)
(167, 4)
(2778586247, 4)
(168, 0)
(2795224488, 0)
(172, 2)
(2861777452, 2)
(173, 1)
(2878415693, 1)
(177, 4)
(2944968657, 4)
(178, 3)
(2961606898, 2)
(182, 3)
(3028159862, 3)
(183, 3)
(3044798103, 2)
(187, 2)
(3111351067, 3)
(188, 0)
(3127989308, 0)
(192, 0)
(3194542272, 0)
(193, 1)
(3211180513, 4)
(197, 0)
(3277733477, 0)
(198, 0)
(3294371718, 0)
(202, 4)
(3360924682, 1)
(203, 1)
(3377562923, 4)
(207, 1)
(3444115887, 4)
(208, 1)
(3460754128, 1)
(212, 0)
(3527307092, 0)
(213, 2)
(3543945333, 3)
(217, 3)
(3610498297, 2)
(218, 0)
(3627136538, 0)
(222, 3)
(3693689502, 3)
(223, 2)
(3710327743, 3)
(227, 0)
(3776880707, 0)
(228, 0)
(3793518948, 0)
(232, 0)
(3860071912, 0)
(233, 3)
(3876710153, 2)
(237, 2)
(3943263117, 3)
(238, 3)
(3959901358, 3)
(242, 4)
(4026454322, 4)
(243, 4)
(4043092563, 4)
(247, 4)
(4109645527, 4)
(248, 0)
(4126283768, 0)
(252, 0)
(4192836732, 0)
(253, 1)
(4209474973, 1)
(257, 1)
(4276027937, 4)
(258, 3)
(4292666178, 3)
(262, 4)
(4359219142, 4)
(263, 3)
(4375857383, 3)
(267, 2)
(4442410347, 3)
(268, 3)
(4459048588, 2)
(272, 3)
(4525601552, 3)
(273, 2)
(4542239793, 2)
(277, 1)
(4608792757, 1)
(278, 4)
(4625430998, 4)
(282, 2)
(4691983962, 3)
(283, 2)
(4708622203, 3)
(287, 1)
(4775175167, 1)
(288, 4)
(4791813408, 4)
(292, 0)
(4858366372, 0)
(293, 2)
(4875004613, 3)
(297, 1)
(4941557577, 4)
(298, 1)
(4958195818, 4)
(302, 3)
(5024748782, 2)
(303, 0)
(5041387023, 0)
(307, 3)
(5107939987, 3)
(308, 0)
(5124578228, 0)
(312, 0)
(5191131192, 0)
(313, 2)
(5207769433, 3)
(317, 0)
(5274322397, 0)
(318, 2)
(5290960638, 3)
(322, 2)
(5357513602, 3)
(323, 1)
(5374151843, 1)
(327, 3)
(5440704807, 3)
(328, 0)
(5457343048, 0)
(332, 1)
(5523896012, 4)
(333, 0)
(5540534253, 0)
(337, 3)
(5607087217, 2)
(338, 0)
(5623725458, 0)
(342, 2)
(5690278422, 2)
(343, 3)
(5706916663, 3)
(347, 0)
(5773469627, 0)
(348, 3)
(5790107868, 2)
(352, 4)
(5856660832, 1)
(353, 4)
(5873299073, 4)
(357, 3)
(5939852037, 3)
(358, 1)
(5956490278, 4)
(362, 2)
(6023043242, 3)
(363, 4)
(6039681483, 4)
(367, 1)
(6106234447, 1)
(368, 3)
(6122872688, 2)
(372, 0)
(6189425652, 0)
(373, 0)
(6206063893, 0)
(377, 1)
(6272616857, 4)
(378, 1)
(6289255098, 1)
(382, 2)
(6355808062, 3)
(383, 2)
(6372446303, 2)
(387, 0)
(6438999267, 0)
(388, 0)
(6455637508, 0)
(392, 0)
(6522190472, 0)
(393, 3)
(6538828713, 3)
(397, 1)
(6605381677, 4)
(398, 0)
(6622019918, 0)
(402, 4)
(6688572882, 1)
(403, 3)
(6705211123, 2)
(407, 4)
(6771764087, 1)
(408, 0)
(6788402328, 0)
(412, 0)
(6854955292, 0)
(413, 0)
(6871593533, 0)
(417, 2)
(6938146497, 2)
(418, 3)
(6954784738, 2)
(422, 0)
(7021337702, 0)
(423, 0)
(7037975943, 0)
(427, 2)
(7104528907, 3)
(428, 4)
(7121167148, 1)
(432, 4)
(7187720112, 4)
(433, 3)
(7204358353, 2)
(437, 0)
(7270911317, 0)
(438, 3)
(7287549558, 3)
(442, 2)
(7354102522, 2)
(443, 0)
(7370740763, 0)
(447, 1)
(7437293727, 4)
(448, 2)
(7453931968, 2)
(452, 0)
(7520484932, 0)
(453, 3)
(7537123173, 2)
(457, 3)
(7603676137, 3)
(458, 1)
(7620314378, 1)
(462, 2)
(7686867342, 3)
(463, 2)
(7703505583, 3)
(467, 2)
(7770058547, 3)
(468, 0)
(7786696788, 0)
(472, 0)
(7853249752, 0)
(473, 3)
(7869887993, 2)
(477, 3)
(7936440957, 2)
(478, 3)
(7953079198, 2)
(482, 0)
(8019632162, 0)
(483, 1)
(8036270403, 4)
(487, 3)
(8102823367, 3)
(488, 0)
(8119461608, 0)
(492, 4)
(8186014572, 4)
(493, 3)
(8202652813, 2)
(497, 4)
(8269205777, 1)
(498, 3)
(8285844018, 2)
(502, 1)
(8352396982, 4)
(503, 1)
(8369035223, 1)
(507, 1)
(8435588187, 1)
(508, 0)
(8452226428, 0)
(512, 4)
(8518779392, 4)
(513, 4)
(8535417633, 4)
(517, 2)
(8601970597, 2)
(518, 1)
(8618608838, 1)
(522, 0)
(8685161802, 0)
(523, 0)
(8701800043, 0)
(527, 2)
(8768353007, 3)
(528, 2)
(8784991248, 3)
(532, 0)
(8851544212, 0)
(533, 3)
(8868182453, 3)
(537, 2)
(8934735417, 3)
(538, 0)
(8951373658, 0)
(542, 1)
(9017926622, 4)
(543, 2)
(9034564863, 3)
(547, 3)
(9101117827, 2)
(548, 0)
(9117756068, 0)
(552, 0)
(9184309032, 0)
(553, 2)
(9200947273, 3)
(557, 3)
(9267500237, 2)
(558, 4)
(9284138478, 1)
(562, 2)
(9350691442, 2)
(563, 1)
(9367329683, 1)
(567, 3)
(9433882647, 3)
(568, 0)
(9450520888, 0)
(572, 0)
(9517073852, 0)
(573, 4)
(9533712093, 1)
(577, 3)
(9600265057, 2)
(578, 2)
(9616903298, 2)
(582, 4)
(9683456262, 1)
(583, 3)
(9700094503, 3)
(587, 2)
(9766647467, 2)
(588, 2)
(9783285708, 2)
(592, 4)
(9849838672, 4)
(593, 1)
(9866476913, 1)
(597, 2)
(9933029877, 2)
(598, 3)
(9949668118, 2)
(602, 1)
(10016221082, 1)
(603, 0)
(10032859323, 0)
(607, 2)
(10099412287, 2)
(608, 3)
(10116050528, 3)
(612, 0)
(10182603492, 0)
(613, 0)
(10199241733, 0)
(617, 2)
(10265794697, 2)
(618, 2)
(10282432938, 2)
(622, 3)
(10348985902, 2)
(623, 2)
(10365624143, 3)
(627, 4)
(10432177107, 1)
(628, 0)
(10448815348, 0)
(632, 0)
(10515368312, 0)
(633, 0)
(10532006553, 0)
(637, 4)
(10598559517, 4)
(638, 0)
(10615197758, 0)
(642, 4)
(10681750722, 1)
(643, 2)
(10698388963, 3)
(647, 2)
(10764941927, 2)
(648, 0)
(10781580168, 0)
(652, 2)
(10848133132, 3)
(653, 1)
(10864771373, 1)
(657, 0)
(10931324337, 0)
(658, 3)
(10947962578, 2)
(662, 3)
(11014515542, 3)
(663, 1)
(11031153783, 1)
(667, 4)
(11097706747, 4)
(668, 3)
(11114344988, 3)
(672, 3)
(11180897952, 3)
(673, 3)
(11197536193, 2)
(677, 0)
(11264089157, 0)
(678, 0)
(11280727398, 0)
(682, 3)
(11347280362, 3)
(683, 0)
(11363918603, 0)
(687, 3)
(11430471567, 3)
(688, 2)
(11447109808, 2)
(692, 0)
(11513662772, 0)
(693, 1)
(11530301013, 4)
(697, 3)
(11596853977, 3)
(698, 1)
(11613492218, 1)
(702, 4)
(11680045182, 4)
(703, 4)
(11696683423, 4)
(707, 1)
(11763236387, 4)
(708, 0)
(11779874628, 0)
(712, 0)
(11846427592, 0)
(713, 1)
(11863065833, 1)
(717, 1)
(11929618797, 4)
(718, 2)
(11946257038, 2)
(722, 1)
(12012810002, 1)
(723, 1)
(12029448243, 1)
(727, 2)
(12096001207, 3)
(728, 0)
(12112639448, 0)
(732, 1)
(12179192412, 4)
(733, 1)
(12195830653, 1)
(737, 0)
(12262383617, 0)
(738, 0)
(12279021858, 0)
(742, 2)
(12345574822, 3)
(743, 1)
(12362213063, 4)
(747, 4)
(12428766027, 1)
(748, 1)
(12445404268, 4)
(752, 0)
(12511957232, 0)
(753, 3)
(12528595473, 2)
(757, 0)
(12595148437, 0)
(758, 2)
(12611786678, 3)
(762, 3)
(12678339642, 2)
(763, 1)
(12694977883, 1)
(767, 3)
(12761530847, 3)
(768, 2)
(12778169088, 2)
(772, 0)
(12844722052, 0)
(773, 4)
(12861360293, 4)
(777, 1)
(12927913257, 1)
(778, 4)
(12944551498, 1)
(782, 1)
(13011104462, 4)
(783, 4)
(13027742703, 1)
(787, 0)
(13094295667, 0)
(788, 0)
(13110933908, 0)
(792, 0)
(13177486872, 0)
(793, 2)
(13194125113, 3)
(797, 0)
(13260678077, 0)
(798, 1)
(13277316318, 1)
(802, 3)
(13343869282, 3)
(803, 0)
(13360507523, 0)
(807, 1)
(13427060487, 1)
(808, 0)
(13443698728, 0)
(812, 3)
(13510251692, 2)
(813, 3)
(13526889933, 2)
(817, 2)
(13593442897, 2)
(818, 3)
(13610081138, 2)
(822, 0)
(13676634102, 0)
(823, 4)
(13693272343, 4)
(827, 2)
(13759825307, 2)
(828, 2)
(13776463548, 3)
(832, 2)
(13843016512, 2)
(833, 2)
(13859654753, 2)
(837, 1)
(13926207717, 4)
(838, 4)
(13942845958, 4)
(842, 4)
(14009398922, 4)
(843, 4)
(14026037163, 4)
(847, 4)
(14092590127, 4)
(848, 3)
(14109228368, 2)
(852, 0)
(14175781332, 0)
(853, 0)
(14192419573, 0)
(857, 2)
(14258972537, 2)
(858, 1)
(14275610778, 4)
(862, 2)
(14342163742, 3)
(863, 1)
(14358801983, 1)
(867, 3)
(14425354947, 3)
(868, 0)
(14441993188, 0)
(872, 0)
(14508546152, 0)
(873, 0)
(14525184393, 0)
(877, 0)
(14591737357, 0)
(878, 0)
(14608375598, 0)
(882, 3)
(14674928562, 3)
(883, 2)
(14691566803, 2)
(887, 1)
(14758119767, 4)
(888, 0)
(14774758008, 0)
(892, 4)
(14841310972, 1)
(893, 2)
(14857949213, 3)
(897, 1)
(14924502177, 4)
(898, 2)
(14941140418, 3)
(902, 2)
(15007693382, 3)
(903, 1)
(15024331623, 1)
(907, 3)
(15090884587, 3)
(908, 0)
(15107522828, 0)
(912, 3)
(15174075792, 3)
(913, 3)
(15190714033, 3)
(917, 0)
(15257266997, 0)
(918, 1)
(15273905238, 1)
(922, 2)
(15340458202, 2)
(923, 0)
(15357096443, 0)
(927, 0)
(15423649407, 0)
(928, 1)
(15440287648, 4)
(932, 0)
(15506840612, 0)
(933, 4)
(15523478853, 1)
(937, 0)
(15590031817, 0)
(938, 1)
(15606670058, 4)
(942, 3)
(15673223022, 3)
(943, 1)
(15689861263, 4)
(947, 0)
(15756414227, 0)
(948, 0)
(15773052468, 0)
(952, 0)
(15839605432, 0)
(953, 3)
(15856243673, 3)
(957, 1)
(15922796637, 1)
(958, 1)
(15939434878, 4)
(962, 2)
(16005987842, 2)
(963, 1)
(16022626083, 4)
(967, 4)
(16089179047, 4)
(968, 0)
(16105817288, 0)
(972, 2)
(16172370252, 2)
(973, 3)
(16189008493, 3)
(977, 0)
(16255561457, 0)
(978, 4)
(16272199698, 1)
(982, 0)
(16338752662, 0)
(983, 2)
(16355390903, 3)
(987, 3)
(16421943867, 2)
(988, 3)
(16438582108, 3)
(992, 1)
(16505135072, 4)
(993, 3)
(16521773313, 3)
(997, 4)
(16588326277, 1)
(998, 1)
(16604964518, 1)
(1002, 4)
(16671517482, 4)
(1003, 1)
(16688155723, 1)
(1007, 0)
(16754708687, 0)
(1008, 0)
(16771346928, 0)
(1012, 0)
(16837899892, 0)
(1013, 4)
(16854538133, 1)
(1017, 4)
(16921091097, 4)
(1018, 3)
(16937729338, 2)
(1022, 3)
(17004282302, 3)
(1023, 1)
(17020920543, 1)
(1027, 4)
(17087473507, 1)
(1028, 0)
(17104111748, 0)
(1032, 0)
(17170664712, 0)
(1033, 3)
(17187302953, 2)
(1037, 0)
(17253855917, 0)
(1038, 2)
(17270494158, 2)
(1042, 3)
(17337047122, 2)
(1043, 2)
(17353685363, 3)
(1047, 4)
(17420238327, 4)
(1048, 0)
(17436876568, 0)
(1052, 1)
(17503429532, 1)
(1053, 1)
(17520067773, 1)
(1057, 1)
(17586620737, 4)
(1058, 0)
(17603258978, 0)
(1062, 0)
(17669811942, 0)
(1063, 4)
(17686450183, 4)
(1067, 2)
(17753003147, 2)
(1068, 1)
(17769641388, 4)
(1072, 3)
(17836194352, 2)
(1073, 1)
(17852832593, 4)
(1077, 4)
(17919385557, 4)
(1078, 3)
(17936023798, 2)
(1082, 3)
(18002576762, 2)
(1083, 2)
(18019215003, 2)
(1087, 1)
(18085767967, 1)
(1088, 1)
(18102406208, 1)
(1092, 0)
(18168959172, 0)
(1093, 0)
(18185597413, 0)
(1097, 1)
(18252150377, 1)
(1098, 0)
(18268788618, 0)
(1102, 0)
(18335341582, 0)
(1103, 3)
(18351979823, 3)
(1107, 3)
(18418532787, 3)
(1108, 0)
(18435171028, 0)
(1112, 0)
(18501723992, 0)
(1113, 4)
(18518362233, 1)
(1117, 4)
(18584915197, 1)
(1118, 1)
(18601553438, 1)
(1122, 4)
(18668106402, 1)
(1123, 0)
(18684744643, 0)
(1127, 3)
(18751297607, 2)
(1128, 0)
(18767935848, 0)
(1132, 1)
(18834488812, 4)
(1133, 2)
(18851127053, 3)
(1137, 0)
(18917680017, 0)
(1138, 2)
(18934318258, 3)
(1142, 2)
(19000871222, 3)
(1143, 0)
(19017509463, 0)
(1147, 1)
(19084062427, 4)
(1148, 2)
(19100700668, 2)
(1152, 3)
(19167253632, 3)
(1153, 4)
(19183891873, 4)
(1157, 3)
(19250444837, 2)
(1158, 4)
(19267083078, 1)
(1162, 3)
(19333636042, 2)
(1163, 3)
(19350274283, 2)
(1167, 3)
(19416827247, 2)
(1168, 2)
(19433465488, 2)
(1172, 0)
(19500018452, 0)
(1173, 1)
(19516656693, 4)
(1177, 2)
(19583209657, 2)
(1178, 1)
(19599847898, 4)
(1182, 0)
(19666400862, 0)
(1183, 0)
(19683039103, 0)
(1187, 4)
(19749592067, 1)
(1188, 0)
(19766230308, 0)
(1192, 0)
(19832783272, 0)
(1193, 4)
(19849421513, 1)
(1197, 0)
(19915974477, 0)
(1198, 2)
(19932612718, 2)
(1202, 1)
(19999165682, 1)
(1203, 4)
(20015803923, 4)
(1207, 2)
(20082356887, 3)
(1208, 0)
(20098995128, 0)
(1212, 0)
(20165548092, 0)
(1213, 0)
(20182186333, 0)
(1217, 2)
(20248739297, 2)
(1218, 4)
(20265377538, 1)
(1222, 3)
(20331930502, 2)
(1223, 0)
(20348568743, 0)
(1227, 4)
(20415121707, 1)
(1228, 4)
(20431759948, 4)
(1232, 1)
(20498312912, 4)
(1233, 1)
(20514951153, 4)
(1237, 4)
(20581504117, 4)
(1238, 2)
(20598142358, 3)
(1242, 3)
(20664695322, 2)
(1243, 1)
(20681333563, 4)
(1247, 4)
(20747886527, 1)
(1248, 2)
(20764524768, 2)
(1252, 0)
(20831077732, 0)
(1253, 3)
(20847715973, 2)
(1257, 0)
(20914268937, 0)
(1258, 2)
(20930907178, 2)
(1262, 4)
(20997460142, 4)
(1263, 0)
(21014098383, 0)
(1267, 1)
(21080651347, 4)
(1268, 0)
(21097289588, 0)
(1272, 0)
(21163842552, 0)
(1273, 0)
(21180480793, 0)
(1277, 4)
(21247033757, 4)
(1278, 0)
(21263671998, 0)
(1282, 3)
(21330224962, 3)
(1283, 4)
(21346863203, 4)
(1287, 0)
(21413416167, 0)
(1288, 0)
(21430054408, 0)
(1292, 3)
(21496607372, 3)
(1293, 1)
(21513245613, 4)
(1297, 2)
(21579798577, 2)
(1298, 2)
(21596436818, 3)
(1302, 4)
(21662989782, 1)
(1303, 1)
(21679628023, 4)
(1307, 1)
(21746180987, 1)
(1308, 1)
(21762819228, 1)
(1312, 3)
(21829372192, 3)
(1313, 1)
(21846010433, 4)
(1317, 0)
(21912563397, 0)
(1318, 0)
(21929201638, 0)
(1322, 3)
(21995754602, 2)
(1323, 4)
(22012392843, 4)
(1327, 0)
(22078945807, 0)
(1328, 1)
(22095584048, 4)
(1332, 0)
(22162137012, 0)
(1333, 0)
(22178775253, 0)
(1337, 4)
(22245328217, 1)
(1338, 0)
(22261966458, 0)
(1342, 0)
(22328519422, 0)
(1343, 4)
(22345157663, 1)
(1347, 1)
(22411710627, 4)
(1348, 0)
(22428348868, 0)
(1352, 0)
(22494901832, 0)
(1353, 4)
(22511540073, 1)
(1357, 1)
(22578093037, 4)
(1358, 4)
(22594731278, 1)
(1362, 1)
(22661284242, 1)
(1363, 4)
(22677922483, 4)
(1367, 0)
(22744475447, 0)
(1368, 0)
(22761113688, 0)
(1372, 1)
(22827666652, 1)
(1373, 2)
(22844304893, 2)
(1377, 1)
(22910857857, 1)
(1378, 0)
(22927496098, 0)
(1382, 2)
(22994049062, 3)
(1383, 3)
(23010687303, 3)
(1387, 4)
(23077240267, 4)
(1388, 0)
(23093878508, 0)
(1392, 4)
(23160431472, 1)
(1393, 4)
(23177069713, 4)
(1397, 4)
(23243622677, 4)
(1398, 0)
(23260260918, 0)
(1402, 1)
(23326813882, 4)
(1403, 1)
(23343452123, 1)
(1407, 1)
(23410005087, 4)
(1408, 3)
(23426643328, 2)
(1412, 0)
(23493196292, 0)
(1413, 0)
(23509834533, 0)
(1417, 1)
(23576387497, 1)
(1418, 4)
(23593025738, 4)
(1422, 1)
(23659578702, 4)
(1423, 4)
(23676216943, 4)
(1427, 0)
(23742769907, 0)
(1428, 0)
(23759408148, 0)
(1432, 0)
(23825961112, 0)
(1433, 4)
(23842599353, 1)
(1437, 4)
(23909152317, 1)
(1438, 1)
(23925790558, 4)
(1442, 1)
(23992343522, 1)
(1443, 2)
(24008981763, 2)
(1447, 2)
(24075534727, 2)
(1448, 0)
(24092172968, 0)
(1452, 2)
(24158725932, 2)
(1453, 1)
(24175364173, 1)
(1457, 4)
(24241917137, 4)
(1458, 2)
(24258555378, 2)
(1462, 4)
(24325108342, 4)
(1463, 2)
(24341746583, 3)
(1467, 0)
(24408299547, 0)
(1468, 2)
(24424937788, 2)
(1472, 4)
(24491490752, 1)
(1473, 2)
(24508128993, 2)
(1477, 1)
(24574681957, 4)
(1478, 0)
(24591320198, 0)
(1482, 1)
(24657873162, 1)
(1483, 3)
(24674511403, 3)
(1487, 3)
(24741064367, 2)
(1488, 2)
(24757702608, 3)
(1492, 0)
(24824255572, 0)
(1493, 3)
(24840893813, 3)
(1497, 0)
(24907446777, 0)
(1498, 1)
(24924085018, 4)
(1502, 1)
(24990637982, 4)
(1503, 3)
(25007276223, 3)
(1507, 4)
(25073829187, 4)
(1508, 0)
(25090467428, 0)
(1512, 0)
(25157020392, 0)
(1513, 4)
(25173658633, 1)
(1517, 3)
(25240211597, 3)
(1518, 4)
(25256849838, 4)
(1522, 0)
(25323402802, 0)
(1523, 3)
(25340041043, 3)
(1527, 1)
(25406594007, 4)
(1528, 0)
(25423232248, 0)
(1532, 4)
(25489785212, 4)
(1533, 1)
(25506423453, 1)
(1537, 1)
(25572976417, 1)
(1538, 4)
(25589614658, 1)
(1542, 0)
(25656167622, 0)
(1543, 4)
(25672805863, 1)
(1547, 2)
(25739358827, 2)
(1548, 0)
(25755997068, 0)
(1552, 3)
(25822550032, 2)
(1553, 0)
(25839188273, 0)
(1557, 2)
(25905741237, 2)
(1558, 2)
(25922379478, 2)
(1562, 2)
(25988932442, 2)
(1563, 4)
(26005570683, 1)
(1567, 0)
(26072123647, 0)
(1568, 2)
(26088761888, 2)
(1572, 0)
(26155314852, 0)
(1573, 3)
(26171953093, 3)
(1577, 3)
(26238506057, 2)
(1578, 1)
(26255144298, 1)
(1582, 4)
(26321697262, 4)
(1583, 3)
(26338335503, 2)
(1587, 0)
(26404888467, 0)
(1588, 0)
(26421526708, 0)
(1592, 0)
(26488079672, 0)
(1593, 4)
(26504717913, 4)
(1597, 4)
(26571270877, 1)
(1598, 2)
(26587909118, 3)
(1602, 0)
(26654462082, 0)
(1603, 4)
(26671100323, 4)
(1607, 3)
(26737653287, 2)
(1608, 0)
(26754291528, 0)
(1612, 4)
(26820844492, 1)
(1613, 3)
(26837482733, 3)
(1617, 3)
(26904035697, 2)
(1618, 2)
(26920673938, 3)
(1622, 0)
(26987226902, 0)
(1623, 3)
(27003865143, 2)
(1627, 2)
(27070418107, 2)
(1628, 3)
(27087056348, 2)
(1632, 3)
(27153609312, 3)
(1633, 4)
(27170247553, 4)
(1637, 3)
(27236800517, 3)
(1638, 1)
(27253438758, 1)
(1642, 1)
(27319991722, 1)
(1643, 0)
(27336629963, 0)
(1647, 3)
(27403182927, 2)
(1648, 0)
(27419821168, 0)
(1652, 0)
(27486374132, 0)
(1653, 4)
(27503012373, 1)
(1657, 1)
(27569565337, 4)
(1658, 2)
(27586203578, 3)
(1662, 0)
(27652756542, 0)
(1663, 2)
(27669394783, 2)
(1667, 3)
(27735947747, 3)
(1668, 0)
(27752585988, 0)
(1672, 0)
(27819138952, 0)
(1673, 3)
(27835777193, 2)
(1677, 1)
(27902330157, 1)
(1678, 0)
(27918968398, 0)
(1682, 4)
(27985521362, 4)
(1683, 0)
(28002159603, 0)
(1687, 2)
(28068712567, 2)
(1688, 0)
(28085350808, 0)
(1692, 0)
(28151903772, 0)
(1693, 3)
(28168542013, 3)
(1697, 3)
(28235094977, 3)
(1698, 1)
(28251733218, 4)
(1702, 0)
(28318286182, 0)
(1703, 3)
(28334924423, 3)
(1707, 0)
(28401477387, 0)
(1708, 1)
(28418115628, 4)
(1712, 4)
(28484668592, 1)
(1713, 4)
(28501306833, 1)
(1717, 1)
(28567859797, 4)
(1718, 1)
(28584498038, 1)
(1722, 1)
(28651051002, 1)
(1723, 0)
(28667689243, 0)
(1727, 4)
(28734242207, 1)
(1728, 0)
(28750880448, 0)
(1732, 0)
(28817433412, 0)
(1733, 1)
(28834071653, 1)
(1737, 0)
(28900624617, 0)
(1738, 1)
(28917262858, 1)
(1742, 1)
(28983815822, 4)
(1743, 4)
(29000454063, 1)
(1747, 0)
(29067007027, 0)
(1748, 0)
(29083645268, 0)
(1752, 0)
(29150198232, 0)
(1753, 0)
(29166836473, 0)
(1757, 3)
(29233389437, 2)
(1758, 0)
(29250027678, 0)
(1762, 1)
(29316580642, 4)
(1763, 3)
(29333218883, 3)
(1767, 3)
(29399771847, 2)
(1768, 0)
(29416410088, 0)
(1772, 0)
(29482963052, 0)
(1773, 0)
(29499601293, 0)
(1777, 4)
(29566154257, 1)
(1778, 0)
(29582792498, 0)
(1782, 1)
(29649345462, 4)
(1783, 2)
(29665983703, 3)
(1787, 2)
(29732536667, 2)
(1788, 2)
(29749174908, 3)
(1792, 1)
(29815727872, 1)
(1793, 4)
(29832366113, 4)
(1797, 4)
(29898919077, 4)
(1798, 0)
(29915557318, 0)
(1802, 3)
(29982110282, 2)
(1803, 2)
(29998748523, 2)
(1807, 3)
(30065301487, 3)
(1808, 4)
(30081939728, 4)
(1812, 0)
(30148492692, 0)
(1813, 2)
(30165130933, 2)
(1817, 0)
(30231683897, 0)
(1818, 0)
(30248322138, 0)
(1822, 4)
(30314875102, 4)
(1823, 0)
(30331513343, 0)
(1827, 2)
(30398066307, 3)
(1828, 0)
(30414704548, 0)
(1832, 0)
(30481257512, 0)
(1833, 1)
(30497895753, 4)
(1837, 4)
(30564448717, 1)
(1838, 3)
(30581086958, 3)
(1842, 4)
(30647639922, 4)
(1843, 4)
(30664278163, 1)
(1847, 2)
(30730831127, 2)
(1848, 0)
(30747469368, 0)
(1852, 4)
(30814022332, 1)
(1853, 4)
(30830660573, 4)
(1857, 0)
(30897213537, 0)
(1858, 0)
(30913851778, 0)
(1862, 3)
(30980404742, 3)
(1863, 2)
(30997042983, 3)
(1867, 0)
(31063595947, 0)
(1868, 1)
(31080234188, 4)
(1872, 0)
(31146787152, 0)
(1873, 3)
(31163425393, 2)
(1877, 4)
(31229978357, 1)
(1878, 4)
(31246616598, 1)
(1882, 2)
(31313169562, 3)
(1883, 1)
(31329807803, 1)
(1887, 0)
(31396360767, 0)
(1888, 3)
(31412999008, 3)
(1892, 0)
(31479551972, 0)
(1893, 0)
(31496190213, 0)
(1897, 1)
(31562743177, 4)
(1898, 3)
(31579381418, 3)
(1902, 4)
(31645934382, 4)
(1903, 2)
(31662572623, 3)
(1907, 3)
(31729125587, 3)
(1908, 0)
(31745763828, 0)
(1912, 0)
(31812316792, 0)
(1913, 4)
(31828955033, 1)
(1917, 2)
(31895507997, 3)
(1918, 1)
(31912146238, 4)
(1922, 2)
(31978699202, 2)
(1923, 0)
(31995337443, 0)
(1927, 2)
(32061890407, 3)
(1928, 0)
(32078528648, 0)
(1932, 3)
(32145081612, 2)
(1933, 2)
(32161719853, 2)
(1937, 3)
(32228272817, 2)
(1938, 2)
(32244911058, 2)
(1942, 3)
(32311464022, 2)
(1943, 2)
(32328102263, 2)
(1947, 3)
(32394655227, 2)
(1948, 1)
(32411293468, 1)
(1952, 0)
(32477846432, 0)
(1953, 0)
(32494484673, 0)
(1957, 1)
(32561037637, 1)
(1958, 2)
(32577675878, 2)
(1962, 0)
(32644228842, 0)
(1963, 4)
(32660867083, 1)
(1967, 4)
(32727420047, 4)
(1968, 4)
(32744058288, 4)
(1972, 0)
(32810611252, 0)
(1973, 3)
(32827249493, 2)
(1977, 1)
(32893802457, 4)
(1978, 2)
(32910440698, 3)
(1982, 1)
(32976993662, 1)
(1983, 1)
(32993631903, 4)
(1987, 2)
(33060184867, 3)
(1988, 0)
(33076823108, 0)
(1992, 0)
(33143376072, 0)
(1993, 1)
(33160014313, 1)
(1997, 2)
(33226567277, 3)
(1998, 3)
(33243205518, 3)
(2002, 4)
(33309758482, 1)
(2003, 1)
(33326396723, 4)
(2007, 0)
(33392949687, 0)
(2008, 0)
(33409587928, 0)
(2012, 2)
(33476140892, 2)
(2013, 4)
(33492779133, 4)
(2017, 2)
(33559332097, 3)
(2018, 3)
(33575970338, 2)
(2022, 1)
(33642523302, 4)
(2023, 4)
(33659161543, 4)
(2027, 1)
(33725714507, 4)
(2028, 3)
(33742352748, 3)
(2032, 0)
(33808905712, 0)
(2033, 2)
(33825543953, 3)
(2037, 4)
(33892096917, 1)
(2038, 3)
(33908735158, 2)
(2042, 0)
(33975288122, 0)
(2043, 0)
(33991926363, 0)
(2047, 2)
(34058479327, 2)
(2048, 0)
(34075117568, 0)
(2052, 0)
(34141670532, 0)
(2053, 2)
(34158308773, 2)
(2057, 4)
(34224861737, 4)
(2058, 2)
(34241499978, 2)
(2062, 3)
(34308052942, 3)
(2063, 0)
(34324691183, 0)
(2067, 3)
(34391244147, 2)
(2068, 0)
(34407882388, 0)
(2072, 0)
(34474435352, 0)
(2073, 0)
(34491073593, 0)
(2077, 1)
(34557626557, 1)
(2078, 0)
(34574264798, 0)
(2082, 1)
(34640817762, 1)
(2083, 3)
(34657456003, 2)
(2087, 0)
(34724008967, 0)
(2088, 0)
(34740647208, 0)
(2092, 0)
(34807200172, 0)
(2093, 0)
(34823838413, 0)
(2097, 1)
(34890391377, 4)
(2098, 4)
(34907029618, 4)
(2102, 4)
(34973582582, 4)
(2103, 4)
(34990220823, 1)
(2107, 4)
(35056773787, 4)
(2108, 4)
(35073412028, 1)
(2112, 4)
(35139964992, 1)
(2113, 4)
(35156603233, 4)
(2117, 1)
(35223156197, 4)
(2118, 0)
(35239794438, 0)
(2122, 2)
(35306347402, 3)
(2123, 1)
(35322985643, 1)
(2127, 2)
(35389538607, 2)
(2128, 2)
(35406176848, 2)
(2132, 0)
(35472729812, 0)
(2133, 2)
(35489368053, 3)
(2137, 1)
(35555921017, 1)
(2138, 2)
(35572559258, 3)
(2142, 0)
(35639112222, 0)
(2143, 3)
(35655750463, 2)
(2147, 4)
(35722303427, 4)
(2148, 0)
(35738941668, 0)
(2152, 0)
(35805494632, 0)
(2153, 3)
(35822132873, 3)
(2157, 4)
(35888685837, 1)
(2158, 0)
(35905324078, 0)
(2162, 4)
(35971877042, 4)
(2163, 2)
(35988515283, 2)
(2167, 2)
(36055068247, 2)
(2168, 0)
(36071706488, 0)
(2172, 4)
(36138259452, 1)
(2173, 0)
(36154897693, 0)
(2177, 0)
(36221450657, 0)
(2178, 3)
(36238088898, 3)
(2182, 3)
(36304641862, 3)
(2183, 2)
(36321280103, 2)
(2187, 0)
(36387833067, 0)
(2188, 4)
(36404471308, 1)
(2192, 1)
(36471024272, 4)
(2193, 1)
(36487662513, 1)
(2197, 3)
(36554215477, 3)
(2198, 1)
(36570853718, 1)
(2202, 0)
(36637406682, 0)
(2203, 0)
(36654044923, 0)
(2207, 1)
(36720597887, 4)
(2208, 4)
(36737236128, 1)
(2212, 0)
(36803789092, 0)
(2213, 3)
(36820427333, 3)
(2217, 3)
(36886980297, 2)
(2218, 1)
(36903618538, 1)
(2222, 3)
(36970171502, 3)
(2223, 0)
(36986809743, 0)
(2227, 1)
(37053362707, 1)
(2228, 0)
(37070000948, 0)
(2232, 0)
(37136553912, 0)
(2233, 4)
(37153192153, 4)
(2237, 0)
(37219745117, 0)
(2238, 3)
(37236383358, 2)
(2242, 4)
(37302936322, 4)
(2243, 0)
(37319574563, 0)
(2247, 0)
(37386127527, 0)
(2248, 0)
(37402765768, 0)
(2252, 3)
(37469318732, 3)
(2253, 4)
(37485956973, 1)
(2257, 4)
(37552509937, 1)
(2258, 3)
(37569148178, 2)
(2262, 1)
(37635701142, 4)
(2263, 2)
(37652339383, 3)
(2267, 1)
(37718892347, 1)
(2268, 1)
(37735530588, 1)
(2272, 3)
(37802083552, 2)
(2273, 2)
(37818721793, 3)
(2277, 0)
(37885274757, 0)
(2278, 4)
(37901912998, 1)
(2282, 0)
(37968465962, 0)
(2283, 4)
(37985104203, 4)
(2287, 1)
(38051657167, 4)
(2288, 0)
(38068295408, 0)
(2292, 0)
(38134848372, 0)
(2293, 1)
(38151486613, 1)
(2297, 0)
(38218039577, 0)
(2298, 2)
(38234677818, 2)
(2302, 4)
(38301230782, 4)
(2303, 0)
(38317869023, 0)
(2307, 3)
(38384421987, 2)
(2308, 0)
(38401060228, 0)
(2312, 0)
(38467613192, 0)
(2313, 2)
(38484251433, 3)
(2317, 4)
(38550804397, 4)
(2318, 1)
(38567442638, 4)
(2322, 3)
(38633995602, 3)
(2323, 2)
(38650633843, 2)
(2327, 2)
(38717186807, 3)
(2328, 0)
(38733825048, 0)
(2332, 1)
(38800378012, 1)
(2333, 1)
(38817016253, 1)
(2337, 2)
(38883569217, 2)
(2338, 4)
(38900207458, 4)
(2342, 3)
(38966760422, 3)
(2343, 2)
(38983398663, 2)
(2347, 0)
(39049951627, 0)
(2348, 1)
(39066589868, 1)
(2352, 2)
(39133142832, 2)
(2353, 4)
(39149781073, 1)
(2357, 2)
(39216334037, 3)
(2358, 0)
(39232972278, 0)
(2362, 4)
(39299525242, 4)
(2363, 0)
(39316163483, 0)
(2367, 1)
(39382716447, 1)
(2368, 3)
(39399354688, 3)
(2372, 0)
(39465907652, 0)
(2373, 1)
(39482545893, 1)
(2377, 1)
(39549098857, 1)
(2378, 0)
(39565737098, 0)
(2382, 2)
(39632290062, 3)
(2383, 4)
(39648928303, 4)
(2387, 2)
(39715481267, 2)
(2388, 0)
(39732119508, 0)
(2392, 0)
(39798672472, 0)
(2393, 0)
(39815310713, 0)
(2397, 2)
(39881863677, 3)
(2398, 0)
(39898501918, 0)
(2402, 0)
(39965054882, 0)
(2403, 2)
(39981693123, 3)
(2407, 0)
(40048246087, 0)
(2408, 0)
(40064884328, 0)
(2412, 0)
(40131437292, 0)
(2413, 1)
(40148075533, 4)
(2417, 1)
(40214628497, 4)
(2418, 4)
(40231266738, 1)
(2422, 0)
(40297819702, 0)
(2423, 3)
(40314457943, 3)
(2427, 4)
(40381010907, 1)
(2428, 4)
(40397649148, 4)
(2432, 1)
(40464202112, 1)
(2433, 0)
(40480840353, 0)
(2437, 3)
(40547393317, 2)
(2438, 3)
(40564031558, 3)
(2442, 3)
(40630584522, 2)
(2443, 4)
(40647222763, 4)
(2447, 3)
(40713775727, 2)
(2448, 1)
(40730413968, 1)
(2452, 0)
(40796966932, 0)
(2453, 3)
(40813605173, 3)
(2457, 2)
(40880158137, 2)
(2458, 3)
(40896796378, 2)
(2462, 3)
(40963349342, 3)
(2463, 4)
(40979987583, 4)
(2467, 2)
(41046540547, 2)
(2468, 0)
(41063178788, 0)
(2472, 0)
(41129731752, 0)
(2473, 0)
(41146369993, 0)
(2477, 3)
(41212922957, 3)
(2478, 2)
(41229561198, 2)
(2482, 1)
(41296114162, 1)
(2483, 0)
(41312752403, 0)
(2487, 0)
(41379305367, 0)
(2488, 0)
(41395943608, 0)
(2492, 4)
(41462496572, 1)
(2493, 0)
(41479134813, 0)
(2497, 3)
(41545687777, 2)
(2498, 0)
(41562326018, 0)
(2502, 3)
(41628878982, 3)
(2503, 1)
(41645517223, 1)
(2507, 4)
(41712070187, 1)
(2508, 2)
(41728708428, 3)
(2512, 2)
(41795261392, 2)
(2513, 3)
(41811899633, 3)
(2517, 4)
(41878452597, 1)
(2518, 0)
(41895090838, 0)
(2522, 4)
(41961643802, 1)
(2523, 3)
(41978282043, 3)
(2527, 4)
(42044835007, 4)
(2528, 4)
(42061473248, 1)
(2532, 0)
(42128026212, 0)
(2533, 4)
(42144664453, 1)
(2537, 0)
(42211217417, 0)
(2538, 2)
(42227855658, 3)
(2542, 4)
(42294408622, 1)
(2543, 0)
(42311046863, 0)
(2547, 0)
(42377599827, 0)
(2548, 0)
(42394238068, 0)
(2552, 0)
(42460791032, 0)
(2553, 1)
(42477429273, 4)
(2557, 3)
(42543982237, 2)
(2558, 4)
(42560620478, 1)
(2562, 1)
(42627173442, 4)
(2563, 4)
(42643811683, 4)
(2567, 1)
(42710364647, 4)
(2568, 0)
(42727002888, 0)
(2572, 1)
(42793555852, 4)
(2573, 1)
(42810194093, 1)
(2577, 0)
(42876747057, 0)
(2578, 1)
(42893385298, 1)
(2582, 0)
(42959938262, 0)
(2583, 2)
(42976576503, 2)
(2587, 3)
(43043129467, 3)
(2588, 4)
(43059767708, 4)
(2592, 3)
(43126320672, 3)
(2593, 1)
(43142958913, 1)
(2597, 4)
(43209511877, 1)
(2598, 4)
(43226150118, 1)
(2602, 4)
(43292703082, 4)
(2603, 0)
(43309341323, 0)
(2607, 2)
(43375894287, 2)
(2608, 2)
(43392532528, 3)
(2612, 0)
(43459085492, 0)
(2613, 1)
(43475723733, 4)
(2617, 2)
(43542276697, 3)
(2618, 0)
(43558914938, 0)
(2622, 1)
(43625467902, 4)
(2623, 2)
(43642106143, 3)
(2627, 2)
(43708659107, 3)
(2628, 0)
(43725297348, 0)
(2632, 0)
(43791850312, 0)
(2633, 3)
(43808488553, 2)
(2637, 4)
(43875041517, 1)
(2638, 0)
(43891679758, 0)
(2642, 3)
(43958232722, 3)
(2643, 0)
(43974870963, 0)
(2647, 0)
(44041423927, 0)
(2648, 0)
(44058062168, 0)
(2652, 2)
(44124615132, 2)
(2653, 1)
(44141253373, 4)
(2657, 2)
(44207806337, 2)
(2658, 4)
(44224444578, 4)
(2662, 1)
(44290997542, 4)
(2663, 3)
(44307635783, 2)
(2667, 3)
(44374188747, 2)
(2668, 2)
(44390826988, 2)
(2672, 4)
(44457379952, 4)
(2673, 3)
(44474018193, 2)
(2677, 2)
(44540571157, 2)
(2678, 0)
(44557209398, 0)
(2682, 0)
(44623762362, 0)
(2683, 0)
(44640400603, 0)
(2687, 4)
(44706953567, 4)
(2688, 1)
(44723591808, 1)
(2692, 0)
(44790144772, 0)
(2693, 3)
(44806783013, 3)
(2697, 4)
(44873335977, 4)
(2698, 4)
(44889974218, 1)
(2702, 2)
(44956527182, 3)
(2703, 3)
(44973165423, 2)
(2707, 2)
(45039718387, 3)
(2708, 0)
(45056356628, 0)
(2712, 0)
(45122909592, 0)
(2713, 1)
(45139547833, 4)
(2717, 2)
(45206100797, 3)
(2718, 1)
(45222739038, 4)
(2722, 0)
(45289292002, 0)
(2723, 3)
(45305930243, 2)
(2727, 0)
(45372483207, 0)
(2728, 0)
(45389121448, 0)
(2732, 0)
(45455674412, 0)
(2733, 3)
(45472312653, 3)
(2737, 1)
(45538865617, 4)
(2738, 4)
(45555503858, 4)
(2742, 3)
(45622056822, 3)
(2743, 0)
(45638695063, 0)
(2747, 3)
(45705248027, 2)
(2748, 1)
(45721886268, 1)
(2752, 0)
(45788439232, 0)
(2753, 2)
(45805077473, 3)
(2757, 4)
(45871630437, 4)
(2758, 4)
(45888268678, 1)
(2762, 4)
(45954821642, 4)
(2763, 0)
(45971459883, 0)
(2767, 4)
(46038012847, 1)
(2768, 2)
(46054651088, 2)
(2772, 0)
(46121204052, 0)
(2773, 4)
(46137842293, 1)
(2777, 0)
(46204395257, 0)
(2778, 1)
(46221033498, 4)
(2782, 2)
(46287586462, 3)
(2783, 4)
(46304224703, 1)
(2787, 1)
(46370777667, 4)
(2788, 0)
(46387415908, 0)
(2792, 0)
(46453968872, 0)
(2793, 4)
(46470607113, 4)
(2797, 3)
(46537160077, 2)
(2798, 4)
(46553798318, 4)
(2802, 1)
(46620351282, 4)
(2803, 1)
(46636989523, 4)
(2807, 3)
(46703542487, 3)
(2808, 0)
(46720180728, 0)
(2812, 3)
(46786733692, 3)
(2813, 0)
(46803371933, 0)
(2817, 0)
(46869924897, 0)
(2818, 0)
(46886563138, 0)
(2822, 2)
(46953116102, 3)
(2823, 1)
(46969754343, 4)
(2827, 3)
(47036307307, 3)
(2828, 3)
(47052945548, 2)
(2832, 3)
(47119498512, 3)
(2833, 3)
(47136136753, 3)
(2837, 1)
(47202689717, 1)
(2838, 0)
(47219327958, 0)
(2842, 2)
(47285880922, 3)
(2843, 0)
(47302519163, 0)
(2847, 3)
(47369072127, 3)
(2848, 4)
(47385710368, 1)
(2852, 0)
(47452263332, 0)
(2853, 0)
(47468901573, 0)
(2857, 0)
(47535454537, 0)
(2858, 3)
(47552092778, 3)
(2862, 2)
(47618645742, 3)
(2863, 2)
(47635283983, 3)
(2867, 2)
(47701836947, 2)
(2868, 0)
(47718475188, 0)
(2872, 0)
(47785028152, 0)
(2873, 3)
(47801666393, 3)
(2877, 0)
(47868219357, 0)
(2878, 1)
(47884857598, 1)
(2882, 1)
(47951410562, 4)
(2883, 3)
(47968048803, 3)
(2887, 0)
(48034601767, 0)
(2888, 0)
(48051240008, 0)
(2892, 3)
(48117792972, 3)
(2893, 4)
(48134431213, 1)
(2897, 1)
(48200984177, 1)
(2898, 0)
(48217622418, 0)
(2902, 2)
(48284175382, 3)
(2903, 4)
(48300813623, 1)
(2907, 2)
(48367366587, 2)
(2908, 4)
(48384004828, 1)
(2912, 4)
(48450557792, 4)
(2913, 2)
(48467196033, 3)
(2917, 2)
(48533748997, 2)
(2918, 4)
(48550387238, 1)
(2922, 1)
(48616940202, 1)
(2923, 4)
(48633578443, 1)
(2927, 4)
(48700131407, 1)
(2928, 3)
(48716769648, 2)
(2932, 0)
(48783322612, 0)
(2933, 1)
(48799960853, 1)
(2937, 4)
(48866513817, 4)
(2938, 4)
(48883152058, 4)
(2942, 0)
(48949705022, 0)
(2943, 3)
(48966343263, 3)
(2947, 3)
(49032896227, 3)
(2948, 0)
(49049534468, 0)
(2952, 0)
(49116087432, 0)
(2953, 1)
(49132725673, 4)
(2957, 4)
(49199278637, 4)
(2958, 2)
(49215916878, 3)
(2962, 4)
(49282469842, 4)
(2963, 2)
(49299108083, 2)
(2967, 1)
(49365661047, 4)
(2968, 0)
(49382299288, 0)
(2972, 2)
(49448852252, 3)
(2973, 2)
(49465490493, 2)
(2977, 4)
(49532043457, 4)
(2978, 0)
(49548681698, 0)
(2982, 1)
(49615234662, 4)
(2983, 0)
(49631872903, 0)
(2987, 0)
(49698425867, 0)
(2988, 2)
(49715064108, 3)
(2992, 1)
(49781617072, 4)
(2993, 2)
(49798255313, 2)
(2997, 4)
(49864808277, 4)
(2998, 3)
(49881446518, 2)
(3002, 4)
(49947999482, 1)
(3003, 2)
(49964637723, 3)
(3007, 0)
(50031190687, 0)
(3008, 0)
(50047828928, 0)
(3012, 0)
(50114381892, 0)
(3013, 3)
(50131020133, 2)
(3017, 3)
(50197573097, 2)
(3018, 4)
(50214211338, 4)
(3022, 2)
(50280764302, 2)
(3023, 2)
(50297402543, 2)
(3027, 2)
(50363955507, 3)
(3028, 0)
(50380593748, 0)
(3032, 0)
(50447146712, 0)
(3033, 0)
(50463784953, 0)
(3037, 3)
(50530337917, 3)
(3038, 1)
(50546976158, 4)
(3042, 0)
(50613529122, 0)
(3043, 3)
(50630167363, 2)
(3047, 2)
(50696720327, 3)
(3048, 0)
(50713358568, 0)
(3052, 3)
(50779911532, 3)
(3053, 0)
(50796549773, 0)
(3057, 3)
(50863102737, 2)
(3058, 2)
(50879740978, 3)
(3062, 4)
(50946293942, 1)
(3063, 1)
(50962932183, 1)
(3067, 2)
(51029485147, 3)
(3068, 1)
(51046123388, 1)
(3072, 4)
(51112676352, 4)
(3073, 1)
(51129314593, 4)
(3077, 4)
(51195867557, 1)
(3078, 4)
(51212505798, 4)
(3082, 0)
(51279058762, 0)
(3083, 2)
(51295697003, 2)
(3087, 0)
(51362249967, 0)
(3088, 2)
(51378888208, 3)
(3092, 0)
(51445441172, 0)
(3093, 2)
(51462079413, 2)
(3097, 3)
(51528632377, 2)
(3098, 4)
(51545270618, 1)
(3102, 1)
(51611823582, 1)
(3103, 0)
(51628461823, 0)
(3107, 3)
(51695014787, 2)
(3108, 0)
(51711653028, 0)
(3112, 0)
(51778205992, 0)
(3113, 1)
(51794844233, 1)
(3117, 0)
(51861397197, 0)
(3118, 0)
(51878035438, 0)
(3122, 3)
(51944588402, 2)
(3123, 0)
(51961226643, 0)
(3127, 1)
(52027779607, 4)
(3128, 0)
(52044417848, 0)
(3132, 3)
(52110970812, 2)
(3133, 0)
(52127609053, 0)
(3137, 1)
(52194162017, 4)
(3138, 4)
(52210800258, 4)
(3142, 0)
(52277353222, 0)
(3143, 1)
(52293991463, 4)
(3147, 0)
(52360544427, 0)
(3148, 0)
(52377182668, 0)
(3152, 0)
(52443735632, 0)
(3153, 4)
(52460373873, 4)
(3157, 4)
(52526926837, 1)
(3158, 2)
(52543565078, 3)
(3162, 0)
(52610118042, 0)
(3163, 1)
(52626756283, 4)
(3167, 2)
(52693309247, 3)
(3168, 0)
(52709947488, 0)
(3172, 0)
(52776500452, 0)
(3173, 0)
(52793138693, 0)
(3177, 3)
(52859691657, 3)
(3178, 0)
(52876329898, 0)
(3182, 2)
(52942882862, 2)
(3183, 4)
(52959521103, 1)
(3187, 2)
(53026074067, 2)
(3188, 0)
(53042712308, 0)
(3192, 0)
(53109265272, 0)
(3193, 4)
(53125903513, 1)
(3197, 4)
(53192456477, 1)
(3198, 2)
(53209094718, 2)
(3202, 1)
(53275647682, 4)
(3203, 4)
(53292285923, 1)
(3207, 3)
(53358838887, 2)
(3208, 0)
(53375477128, 0)
(3212, 0)
(53442030092, 0)
(3213, 3)
(53458668333, 3)
(3217, 1)
(53525221297, 1)
(3218, 1)
(53541859538, 4)
(3222, 0)
(53608412502, 0)
(3223, 0)
(53625050743, 0)
(3227, 4)
(53691603707, 4)
(3228, 2)
(53708241948, 2)
(3232, 2)
(53774794912, 3)
(3233, 4)
(53791433153, 4)
(3237, 2)
(53857986117, 3)
(3238, 3)
(53874624358, 2)
(3242, 3)
(53941177322, 3)
(3243, 2)
(53957815563, 2)
(3247, 3)
(54024368527, 2)
(3248, 3)
(54041006768, 2)
(3252, 0)
(54107559732, 0)
(3253, 1)
(54124197973, 4)
(3257, 1)
(54190750937, 1)
(3258, 4)
(54207389178, 1)
(3262, 3)
(54273942142, 2)
(3263, 3)
(54290580383, 2)
(3267, 4)
(54357133347, 4)
(3268, 0)
(54373771588, 0)
(3272, 0)
(54440324552, 0)
(3273, 4)
(54456962793, 4)
(3277, 3)
(54523515757, 2)
(3278, 1)
(54540153998, 1)
(3282, 0)
(54606706962, 0)
(3283, 1)
(54623345203, 4)
(3287, 1)
(54689898167, 1)
(3288, 0)
(54706536408, 0)
(3292, 3)
(54773089372, 3)
(3293, 1)
(54789727613, 4)
(3297, 0)
(54856280577, 0)
(3298, 1)
(54872918818, 4)
(3302, 1)
(54939471782, 4)
(3303, 0)
(54956110023, 0)
(3307, 4)
(55022662987, 4)
(3308, 1)
(55039301228, 1)
(3312, 1)
(55105854192, 4)
(3313, 1)
(55122492433, 4)
(3317, 1)
(55189045397, 1)
(3318, 2)
(55205683638, 3)
(3322, 4)
(55272236602, 4)
(3323, 3)
(55288874843, 2)
(3327, 4)
(55355427807, 4)
(3328, 2)
(55372066048, 2)
(3332, 0)
(55438619012, 0)
(3333, 3)
(55455257253, 3)
(3337, 4)
(55521810217, 4)
(3338, 0)
(55538448458, 0)
(3342, 4)
(55605001422, 1)
(3343, 4)
(55621639663, 4)
(3347, 1)
(55688192627, 1)
(3348, 0)
(55704830868, 0)
(3352, 0)
(55771383832, 0)
(3353, 0)
(55788022073, 0)
(3357, 0)
(55854575037, 0)
(3358, 2)
(55871213278, 3)
(3362, 4)
(55937766242, 4)
(3363, 4)
(55954404483, 4)
(3367, 0)
(56020957447, 0)
(3368, 0)
(56037595688, 0)
(3372, 2)
(56104148652, 2)
(3373, 4)
(56120786893, 1)
(3377, 3)
(56187339857, 2)
(3378, 4)
(56203978098, 4)
(3382, 0)
(56270531062, 0)
(3383, 1)
(56287169303, 1)
(3387, 2)
(56353722267, 3)
(3388, 3)
(56370360508, 3)
(3392, 1)
(56436913472, 4)
(3393, 2)
(56453551713, 3)
(3397, 0)
(56520104677, 0)
(3398, 3)
(56536742918, 2)
(3402, 3)
(56603295882, 3)
(3403, 2)
(56619934123, 3)
(3407, 3)
(56686487087, 2)
(3408, 4)
(56703125328, 1)
(3412, 0)
(56769678292, 0)
(3413, 3)
(56786316533, 2)
(3417, 4)
(56852869497, 1)
(3418, 2)
(56869507738, 2)
(3422, 3)
(56936060702, 2)
(3423, 0)
(56952698943, 0)
(3427, 1)
(57019251907, 1)
(3428, 0)
(57035890148, 0)
(3432, 0)
(57102443112, 0)
(3433, 1)
(57119081353, 4)
(3437, 2)
(57185634317, 2)
(3438, 0)
(57202272558, 0)
(3442, 0)
(57268825522, 0)
(3443, 4)
(57285463763, 4)
(3447, 4)
(57352016727, 4)
(3448, 0)
(57368654968, 0)
(3452, 2)
(57435207932, 2)
(3453, 3)
(57451846173, 3)
(3457, 3)
(57518399137, 3)
(3458, 0)
(57535037378, 0)
(3462, 3)
(57601590342, 2)
(3463, 4)
(57618228583, 4)
(3467, 4)
(57684781547, 1)
(3468, 4)
(57701419788, 4)
(3472, 1)
(57767972752, 4)
(3473, 0)
(57784610993, 0)
(3477, 2)
(57851163957, 3)
(3478, 4)
(57867802198, 1)
(3482, 4)
(57934355162, 1)
(3483, 3)
(57950993403, 3)
(3487, 2)
(58017546367, 3)
(3488, 0)
(58034184608, 0)
(3492, 0)
(58100737572, 0)
(3493, 3)
(58117375813, 3)
(3497, 2)
(58183928777, 2)
(3498, 0)
(58200567018, 0)
(3502, 4)
(58267119982, 4)
(3503, 2)
(58283758223, 3)
(3507, 3)
(58350311187, 3)
(3508, 0)
(58366949428, 0)
(3512, 0)
(58433502392, 0)
(3513, 4)
(58450140633, 4)
(3517, 0)
(58516693597, 0)
(3518, 3)
(58533331838, 3)
(3522, 3)
(58599884802, 3)
(3523, 4)
(58616523043, 1)
(3527, 0)
(58683076007, 0)
(3528, 0)
(58699714248, 0)
(3532, 1)
(58766267212, 1)
(3533, 0)
(58782905453, 0)
(3537, 3)
(58849458417, 3)
(3538, 3)
(58866096658, 3)
(3542, 2)
(58932649622, 2)
(3543, 3)
(58949287863, 3)
(3547, 4)
(59015840827, 1)
(3548, 2)
(59032479068, 3)
(3552, 4)
(59099032032, 4)
(3553, 1)
(59115670273, 4)
(3557, 4)
(59182223237, 4)
(3558, 3)
(59198861478, 3)
(3562, 2)
(59265414442, 3)
(3563, 3)
(59282052683, 2)
(3567, 0)
(59348605647, 0)
(3568, 2)
(59365243888, 3)
