(2, 4)
(50783042, 4)
(3, 3)
(76174563, 3)
(7, 4)
(177740647, 4)
(8, 0)
(203132168, 0)
(12, 4)
(304698252, 4)
(13, 3)
(330089773, 2)
(17, 4)
(431655857, 1)
(18, 3)
(457047378, 3)
(22, 3)
(558613462, 2)
(23, 3)
(584004983, 2)
(27, 3)
(685571067, 3)
(28, 3)
(710962588, 3)
(32, 2)
(812528672, 2)
(33, 1)
(837920193, 4)
(37, 2)
(939486277, 2)
(38, 1)
(964877798, 4)
(42, 1)
(1066443882, 1)
(43, 4)
(1091835403, 4)
(47, 0)
(1193401487, 0)
(48, 4)
(1218793008, 4)
(52, 0)
(1320359092, 0)
(53, 4)
(1345750613, 4)
(57, 4)
(1447316697, 1)
(58, 2)
(1472708218, 2)
(62, 2)
(1574274302, 2)
(63, 0)
(1599665823, 0)
(67, 1)
(1701231907, 4)
(68, 0)
(1726623428, 0)
(72, 0)
(1828189512, 0)
(73, 1)
(1853581033, 1)
(77, 3)
(1955147117, 2)
(78, 4)
(1980538638, 1)
(82, 1)
(2082104722, 1)
(83, 2)
(2107496243, 3)
(87, 4)
(2209062327, 4)
(88, 0)
(2234453848, 0)
(92, 1)
(2336019932, 4)
(93, 1)
(2361411453, 1)
(97, 4)
(2462977537, 1)
(98, 4)
(2488369058, 4)
(102, 1)
(2589935142, 4)
(103, 0)
(2615326663, 0)
(107, 3)
(2716892747, 2)
(108, 4)
(2742284268, 4)
(112, 4)
(2843850352, 4)
(113, 2)
(2869241873, 3)
(117, 0)
(2970807957, 0)
(118, 1)
(2996199478, 1)
(122, 0)
(3097765562, 0)
(123, 3)
(3123157083, 3)
(127, 0)
(3224723167, 0)
(128, 4)
(3250114688, 4)
(132, 0)
(3351680772, 0)
(133, 1)
(3377072293, 4)
(137, 3)
(3478638377, 3)
(138, 3)
(3504029898, 2)
(142, 1)
(3605595982, 1)
(143, 0)
(3630987503, 0)
(147, 4)
(3732553587, 4)
(148, 0)
(3757945108, 0)
(152, 0)
(3859511192, 0)
(153, 3)
(3884902713, 2)
(157, 1)
(3986468797, 4)
(158, 3)
(4011860318, 2)
(162, 1)
(4113426402, 1)
(163, 4)
(4138817923, 4)
(167, 4)
(4240384007, 1)
(168, 0)
(4265775528, 0)
(172, 2)
(4367341612, 2)
(173, 1)
(4392733133, 1)
(177, 4)
(4494299217, 4)
(178, 3)
(4519690738, 3)
(182, 3)
(4621256822, 2)
(183, 3)
(4646648343, 2)
(187, 2)
(4748214427, 2)
(188, 0)
(4773605948, 0)
(192, 0)
(4875172032, 0)
(193, 1)
(4900563553, 1)
(197, 0)
(5002129637, 0)
(198, 0)
(5027521158, 0)
(202, 4)
(5129087242, 1)
(203, 1)
(5154478763, 1)
(207, 1)
(5256044847, 4)
(208, 1)
(5281436368, 4)
(212, 0)
(5383002452, 0)
(213, 2)
(5408393973, 2)
(217, 3)
(5509960057, 3)
(218, 0)
(5535351578, 0)
(222, 3)
(5636917662, 3)
(223, 2)
(5662309183, 3)
(227, 0)
(5763875267, 0)
(228, 0)
(5789266788, 0)
(232, 0)
(5890832872, 0)
(233, 3)
(5916224393, 2)
(237, 2)
(6017790477, 3)
(238, 3)
(6043181998, 2)
(242, 4)
(6144748082, 4)
(243, 4)
(6170139603, 4)
(247, 4)
(6271705687, 4)
(248, 0)
(6297097208, 0)
(252, 0)
(6398663292, 0)
(253, 1)
(6424054813, 1)
(257, 1)
(6525620897, 4)
(258, 3)
(6551012418, 3)
(262, 4)
(6652578502, 1)
(263, 3)
(6677970023, 3)
(267, 2)
(6779536107, 2)
(268, 3)
(6804927628, 2)
(272, 3)
(6906493712, 2)
(273, 2)
(6931885233, 3)
(277, 1)
(7033451317, 4)
(278, 4)
(7058842838, 1)
(282, 2)
(7160408922, 2)
(283, 2)
(7185800443, 3)
(287, 1)
(7287366527, 1)
(288, 4)
(7312758048, 4)
(292, 0)
(7414324132, 0)
(293, 2)
(7439715653, 2)
(297, 1)
(7541281737, 4)
(298, 1)
(7566673258, 4)
(302, 3)
(7668239342, 3)
(303, 0)
(7693630863, 0)
(307, 3)
(7795196947, 2)
(308, 0)
(7820588468, 0)
(312, 0)
(7922154552, 0)
(313, 2)
(7947546073, 3)
(317, 0)
(8049112157, 0)
(318, 2)
(8074503678, 2)
(322, 2)
(8176069762, 3)
(323, 1)
(8201461283, 1)
(327, 3)
(8303027367, 3)
(328, 0)
(8328418888, 0)
(332, 1)
(8429984972, 4)
(333, 0)
(8455376493, 0)
(337, 3)
(8556942577, 3)
(338, 0)
(8582334098, 0)
(342, 2)
(8683900182, 3)
(343, 3)
(8709291703, 3)
(347, 0)
(8810857787, 0)
(348, 3)
(8836249308, 3)
(352, 4)
(8937815392, 1)
(353, 4)
(8963206913, 4)
(357, 3)
(9064772997, 2)
(358, 1)
(9090164518, 4)
(362, 2)
(9191730602, 2)
(363, 4)
(9217122123, 4)
(367, 1)
(9318688207, 4)
(368, 3)
(9344079728, 2)
(372, 0)
(9445645812, 0)
(373, 0)
(9471037333, 0)
(377, 1)
(9572603417, 4)
(378, 1)
(9597994938, 1)
(382, 2)
(9699561022, 2)
(383, 2)
(9724952543, 2)
(387, 0)
(9826518627, 0)
(388, 0)
(9851910148, 0)
(392, 0)
(9953476232, 0)
(393, 3)
(9978867753, 2)
(397, 1)
(10080433837, 1)
(398, 0)
(10105825358, 0)
(402, 4)
(10207391442, 1)
(403, 3)
(10232782963, 2)
(407, 4)
(10334349047, 1)
(408, 0)
(10359740568, 0)
(412, 0)
(10461306652, 0)
(413, 0)
(10486698173, 0)
(417, 2)
(10588264257, 3)
(418, 3)
(10613655778, 3)
(422, 0)
(10715221862, 0)
(423, 0)
(10740613383, 0)
(427, 2)
(10842179467, 3)
(428, 4)
(10867570988, 1)
(432, 4)
(10969137072, 4)
(433, 3)
(10994528593, 2)
(437, 0)
(11096094677, 0)
(438, 3)
(11121486198, 3)
(442, 2)
(11223052282, 2)
(443, 0)
(11248443803, 0)
(447, 1)
(11350009887, 4)
(448, 2)
(11375401408, 2)
(452, 0)
(11476967492, 0)
(453, 3)
(11502359013, 3)
(457, 3)
(11603925097, 3)
(458, 1)
(11629316618, 1)
(462, 2)
(11730882702, 3)
(463, 2)
(11756274223, 3)
(467, 2)
(11857840307, 3)
(468, 0)
(11883231828, 0)
(472, 0)
(11984797912, 0)
(473, 3)
(12010189433, 2)
(477, 3)
(12111755517, 3)
(478, 3)
(12137147038, 2)
(482, 0)
(12238713122, 0)
(483, 1)
(12264104643, 4)
(487, 3)
(12365670727, 2)
(488, 0)
(12391062248, 0)
(492, 4)
(12492628332, 4)
(493, 3)
(12518019853, 2)
(497, 4)
(12619585937, 4)
(498, 3)
(12644977458, 2)
(502, 1)
(12746543542, 1)
(503, 1)
(12771935063, 4)
(507, 1)
(12873501147, 1)
(508, 0)
(12898892668, 0)
(512, 4)
(13000458752, 4)
(513, 4)
(13025850273, 1)
(517, 2)
(13127416357, 3)
(518, 1)
(13152807878, 1)
(522, 0)
(13254373962, 0)
(523, 0)
(13279765483, 0)
(527, 2)
(13381331567, 3)
(528, 2)
(13406723088, 3)
(532, 0)
(13508289172, 0)
(533, 3)
(13533680693, 2)
(537, 2)
(13635246777, 3)
(538, 0)
(13660638298, 0)
(542, 1)
(13762204382, 1)
(543, 2)
(13787595903, 2)
(547, 3)
(13889161987, 2)
(548, 0)
(13914553508, 0)
(552, 0)
(14016119592, 0)
(553, 2)
(14041511113, 3)
(557, 3)
(14143077197, 3)
(558, 4)
(14168468718, 4)
(562, 2)
(14270034802, 3)
(563, 1)
(14295426323, 1)
(567, 3)
(14396992407, 3)
(568, 0)
(14422383928, 0)
(572, 0)
(14523950012, 0)
(573, 4)
(14549341533, 4)
(577, 3)
(14650907617, 2)
(578, 2)
(14676299138, 2)
(582, 4)
(14777865222, 1)
(583, 3)
(14803256743, 2)
(587, 2)
(14904822827, 3)
(588, 2)
(14930214348, 2)
(592, 4)
(15031780432, 4)
(593, 1)
(15057171953, 4)
(597, 2)
(15158738037, 3)
(598, 3)
(15184129558, 3)
(602, 1)
(15285695642, 1)
(603, 0)
(15311087163, 0)
(607, 2)
(15412653247, 2)
(608, 3)
(15438044768, 2)
(612, 0)
(15539610852, 0)
(613, 0)
(15565002373, 0)
(617, 2)
(15666568457, 3)
(618, 2)
(15691959978, 2)
(622, 3)
(15793526062, 2)
(623, 2)
(15818917583, 2)
(627, 4)
(15920483667, 4)
(628, 0)
(15945875188, 0)
(632, 0)
(16047441272, 0)
(633, 0)
(16072832793, 0)
(637, 4)
(16174398877, 1)
(638, 0)
(16199790398, 0)
(642, 4)
(16301356482, 1)
(643, 2)
(16326748003, 2)
(647, 2)
(16428314087, 2)
(648, 0)
(16453705608, 0)
(652, 2)
(16555271692, 2)
(653, 1)
(16580663213, 1)
(657, 0)
(16682229297, 0)
(658, 3)
(16707620818, 3)
(662, 3)
(16809186902, 2)
(663, 1)
(16834578423, 1)
(667, 4)
(16936144507, 1)
(668, 3)
(16961536028, 2)
(672, 3)
(17063102112, 3)
(673, 3)
(17088493633, 2)
(677, 0)
(17190059717, 0)
(678, 0)
(17215451238, 0)
(682, 3)
(17317017322, 2)
(683, 0)
(17342408843, 0)
(687, 3)
(17443974927, 3)
(688, 2)
(17469366448, 2)
(692, 0)
(17570932532, 0)
(693, 1)
(17596324053, 4)
(697, 3)
(17697890137, 2)
(698, 1)
(17723281658, 1)
(702, 4)
(17824847742, 1)
(703, 4)
(17850239263, 1)
(707, 1)
(17951805347, 4)
(708, 0)
(17977196868, 0)
(712, 0)
(18078762952, 0)
(713, 1)
(18104154473, 4)
(717, 1)
(18205720557, 4)
(718, 2)
(18231112078, 2)
(722, 1)
(18332678162, 1)
(723, 1)
(18358069683, 4)
(727, 2)
(18459635767, 2)
(728, 0)
(18485027288, 0)
(732, 1)
(18586593372, 4)
(733, 1)
(18611984893, 4)
(737, 0)
(18713550977, 0)
(738, 0)
(18738942498, 0)
(742, 2)
(18840508582, 2)
(743, 1)
(18865900103, 1)
(747, 4)
(18967466187, 1)
(748, 1)
(18992857708, 1)
(752, 0)
(19094423792, 0)
(753, 3)
(19119815313, 3)
(757, 0)
(19221381397, 0)
(758, 2)
(19246772918, 2)
(762, 3)
(19348339002, 3)
(763, 1)
(19373730523, 1)
(767, 3)
(19475296607, 2)
(768, 2)
(19500688128, 2)
(772, 0)
(19602254212, 0)
(773, 4)
(19627645733, 4)
(777, 1)
(19729211817, 1)
(778, 4)
(19754603338, 1)
(782, 1)
(19856169422, 1)
(783, 4)
(19881560943, 4)
(787, 0)
(19983127027, 0)
(788, 0)
(20008518548, 0)
(792, 0)
(20110084632, 0)
(793, 2)
(20135476153, 2)
(797, 0)
(20237042237, 0)
(798, 1)
(20262433758, 4)
(802, 3)
(20363999842, 2)
(803, 0)
(20389391363, 0)
(807, 1)
(20490957447, 4)
(808, 0)
(20516348968, 0)
(812, 3)
(20617915052, 3)
(813, 3)
(20643306573, 3)
(817, 2)
(20744872657, 3)
(818, 3)
(20770264178, 3)
(822, 0)
(20871830262, 0)
(823, 4)
(20897221783, 4)
(827, 2)
(20998787867, 2)
(828, 2)
(21024179388, 3)
(832, 2)
(21125745472, 3)
(833, 2)
(21151136993, 3)
(837, 1)
(21252703077, 1)
(838, 4)
(21278094598, 4)
(842, 4)
(21379660682, 1)
(843, 4)
(21405052203, 1)
(847, 4)
(21506618287, 4)
(848, 3)
(21532009808, 3)
(852, 0)
(21633575892, 0)
(853, 0)
(21658967413, 0)
(857, 2)
(21760533497, 2)
(858, 1)
(21785925018, 1)
(862, 2)
(21887491102, 3)
(863, 1)
(21912882623, 4)
(867, 3)
(22014448707, 3)
(868, 0)
(22039840228, 0)
(872, 0)
(22141406312, 0)
(873, 0)
(22166797833, 0)
(877, 0)
(22268363917, 0)
(878, 0)
(22293755438, 0)
(882, 3)
(22395321522, 3)
(883, 2)
(22420713043, 2)
(887, 1)
(22522279127, 4)
(888, 0)
(22547670648, 0)
(892, 4)
(22649236732, 1)
(893, 2)
(22674628253, 3)
(897, 1)
(22776194337, 1)
(898, 2)
(22801585858, 2)
(902, 2)
(22903151942, 3)
(903, 1)
(22928543463, 1)
(907, 3)
(23030109547, 2)
(908, 0)
(23055501068, 0)
(912, 3)
(23157067152, 2)
(913, 3)
(23182458673, 3)
(917, 0)
(23284024757, 0)
(918, 1)
(23309416278, 4)
(922, 2)
(23410982362, 3)
(923, 0)
(23436373883, 0)
(927, 0)
(23537939967, 0)
(928, 1)
(23563331488, 1)
(932, 0)
(23664897572, 0)
(933, 4)
(23690289093, 1)
(937, 0)
(23791855177, 0)
(938, 1)
(23817246698, 4)
(942, 3)
(23918812782, 2)
(943, 1)
(23944204303, 4)
(947, 0)
(24045770387, 0)
(948, 0)
(24071161908, 0)
(952, 0)
(24172727992, 0)
(953, 3)
(24198119513, 2)
(957, 1)
(24299685597, 4)
(958, 1)
(24325077118, 1)
(962, 2)
(24426643202, 3)
(963, 1)
(24452034723, 4)
(967, 4)
(24553600807, 4)
(968, 0)
(24578992328, 0)
(972, 2)
(24680558412, 2)
(973, 3)
(24705949933, 2)
(977, 0)
(24807516017, 0)
(978, 4)
(24832907538, 4)
(982, 0)
(24934473622, 0)
(983, 2)
(24959865143, 3)
(987, 3)
(25061431227, 3)
(988, 3)
(25086822748, 3)
(992, 1)
(25188388832, 1)
(993, 3)
(25213780353, 2)
(997, 4)
(25315346437, 1)
(998, 1)
(25340737958, 4)
(1002, 4)
(25442304042, 1)
(1003, 1)
(25467695563, 4)
(1007, 0)
(25569261647, 0)
(1008, 0)
(25594653168, 0)
(1012, 0)
(25696219252, 0)
(1013, 4)
(25721610773, 1)
(1017, 4)
(25823176857, 1)
(1018, 3)
(25848568378, 2)
(1022, 3)
(25950134462, 3)
(1023, 1)
(25975525983, 4)
(1027, 4)
(26077092067, 4)
(1028, 0)
(26102483588, 0)
(1032, 0)
(26204049672, 0)
(1033, 3)
(26229441193, 3)
(1037, 0)
(26331007277, 0)
(1038, 2)
(26356398798, 2)
(1042, 3)
(26457964882, 2)
(1043, 2)
(26483356403, 3)
(1047, 4)
(26584922487, 4)
(1048, 0)
(26610314008, 0)
(1052, 1)
(26711880092, 1)
(1053, 1)
(26737271613, 4)
(1057, 1)
(26838837697, 1)
(1058, 0)
(26864229218, 0)
(1062, 0)
(26965795302, 0)
(1063, 4)
(26991186823, 1)
(1067, 2)
(27092752907, 2)
(1068, 1)
(27118144428, 1)
(1072, 3)
(27219710512, 2)
(1073, 1)
(27245102033, 1)
(1077, 4)
(27346668117, 4)
(1078, 3)
(27372059638, 2)
(1082, 3)
(27473625722, 3)
(1083, 2)
(27499017243, 2)
(1087, 1)
(27600583327, 4)
(1088, 1)
(27625974848, 4)
(1092, 0)
(27727540932, 0)
(1093, 0)
(27752932453, 0)
(1097, 1)
(27854498537, 4)
(1098, 0)
(27879890058, 0)
(1102, 0)
(27981456142, 0)
(1103, 3)
(28006847663, 2)
(1107, 3)
(28108413747, 3)
(1108, 0)
(28133805268, 0)
(1112, 0)
(28235371352, 0)
(1113, 4)
(28260762873, 4)
(1117, 4)
(28362328957, 1)
(1118, 1)
(28387720478, 4)
(1122, 4)
(28489286562, 4)
(1123, 0)
(28514678083, 0)
(1127, 3)
(28616244167, 2)
(1128, 0)
(28641635688, 0)
(1132, 1)
(28743201772, 4)
(1133, 2)
(28768593293, 3)
(1137, 0)
(28870159377, 0)
(1138, 2)
(28895550898, 2)
(1142, 2)
(28997116982, 2)
(1143, 0)
(29022508503, 0)
(1147, 1)
(29124074587, 1)
(1148, 2)
(29149466108, 2)
(1152, 3)
(29251032192, 3)
(1153, 4)
(29276423713, 4)
(1157, 3)
(29377989797, 2)
(1158, 4)
(29403381318, 4)
(1162, 3)
(29504947402, 2)
(1163, 3)
(29530338923, 2)
(1167, 3)
(29631905007, 2)
(1168, 2)
(29657296528, 2)
(1172, 0)
(29758862612, 0)
(1173, 1)
(29784254133, 1)
(1177, 2)
(29885820217, 2)
(1178, 1)
(29911211738, 4)
(1182, 0)
(30012777822, 0)
(1183, 0)
(30038169343, 0)
(1187, 4)
(30139735427, 4)
(1188, 0)
(30165126948, 0)
(1192, 0)
(30266693032, 0)
(1193, 4)
(30292084553, 1)
(1197, 0)
(30393650637, 0)
(1198, 2)
(30419042158, 3)
(1202, 1)
(30520608242, 1)
(1203, 4)
(30545999763, 1)
(1207, 2)
(30647565847, 3)
(1208, 0)
(30672957368, 0)
(1212, 0)
(30774523452, 0)
(1213, 0)
(30799914973, 0)
(1217, 2)
(30901481057, 2)
(1218, 4)
(30926872578, 4)
(1222, 3)
(31028438662, 2)
(1223, 0)
(31053830183, 0)
(1227, 4)
(31155396267, 4)
(1228, 4)
(31180787788, 1)
(1232, 1)
(31282353872, 4)
(1233, 1)
(31307745393, 1)
(1237, 4)
(31409311477, 4)
(1238, 2)
(31434702998, 3)
(1242, 3)
(31536269082, 2)
(1243, 1)
(31561660603, 1)
(1247, 4)
(31663226687, 4)
(1248, 2)
(31688618208, 3)
(1252, 0)
(31790184292, 0)
(1253, 3)
(31815575813, 2)
(1257, 0)
(31917141897, 0)
(1258, 2)
(31942533418, 3)
(1262, 4)
(32044099502, 4)
(1263, 0)
(32069491023, 0)
(1267, 1)
(32171057107, 1)
(1268, 0)
(32196448628, 0)
(1272, 0)
(32298014712, 0)
(1273, 0)
(32323406233, 0)
(1277, 4)
(32424972317, 1)
(1278, 0)
(32450363838, 0)
(1282, 3)
(32551929922, 3)
(1283, 4)
(32577321443, 4)
(1287, 0)
(32678887527, 0)
(1288, 0)
(32704279048, 0)
(1292, 3)
(32805845132, 3)
(1293, 1)
(32831236653, 4)
(1297, 2)
(32932802737, 3)
(1298, 2)
(32958194258, 3)
(1302, 4)
(33059760342, 4)
(1303, 1)
(33085151863, 1)
(1307, 1)
(33186717947, 1)
(1308, 1)
(33212109468, 1)
(1312, 3)
(33313675552, 3)
(1313, 1)
(33339067073, 1)
(1317, 0)
(33440633157, 0)
(1318, 0)
(33466024678, 0)
(1322, 3)
(33567590762, 2)
(1323, 4)
(33592982283, 4)
(1327, 0)
(33694548367, 0)
(1328, 1)
(33719939888, 4)
(1332, 0)
(33821505972, 0)
(1333, 0)
(33846897493, 0)
(1337, 4)
(33948463577, 4)
(1338, 0)
(33973855098, 0)
(1342, 0)
(34075421182, 0)
(1343, 4)
(34100812703, 4)
(1347, 1)
(34202378787, 1)
(1348, 0)
(34227770308, 0)
(1352, 0)
(34329336392, 0)
(1353, 4)
(34354727913, 1)
(1357, 1)
(34456293997, 4)
(1358, 4)
(34481685518, 1)
(1362, 1)
(34583251602, 1)
(1363, 4)
(34608643123, 4)
(1367, 0)
(34710209207, 0)
(1368, 0)
(34735600728, 0)
(1372, 1)
(34837166812, 1)
(1373, 2)
(34862558333, 2)
(1377, 1)
(34964124417, 4)
(1378, 0)
(34989515938, 0)
(1382, 2)
(35091082022, 2)
(1383, 3)
(35116473543, 2)
(1387, 4)
(35218039627, 1)
(1388, 0)
(35243431148, 0)
(1392, 4)
(35344997232, 4)
(1393, 4)
(35370388753, 1)
(1397, 4)
(35471954837, 1)
(1398, 0)
(35497346358, 0)
(1402, 1)
(35598912442, 1)
(1403, 1)
(35624303963, 1)
(1407, 1)
(35725870047, 4)
(1408, 3)
(35751261568, 2)
(1412, 0)
(35852827652, 0)
(1413, 0)
(35878219173, 0)
(1417, 1)
(35979785257, 4)
(1418, 4)
(36005176778, 4)
(1422, 1)
(36106742862, 4)
(1423, 4)
(36132134383, 4)
(1427, 0)
(36233700467, 0)
(1428, 0)
(36259091988, 0)
(1432, 0)
(36360658072, 0)
(1433, 4)
(36386049593, 1)
(1437, 4)
(36487615677, 4)
(1438, 1)
(36513007198, 4)
(1442, 1)
(36614573282, 1)
(1443, 2)
(36639964803, 3)
(1447, 2)
(36741530887, 3)
(1448, 0)
(36766922408, 0)
(1452, 2)
(36868488492, 2)
(1453, 1)
(36893880013, 1)
(1457, 4)
(36995446097, 4)
(1458, 2)
(37020837618, 2)
(1462, 4)
(37122403702, 1)
(1463, 2)
(37147795223, 2)
(1467, 0)
(37249361307, 0)
(1468, 2)
(37274752828, 3)
(1472, 4)
(37376318912, 1)
(1473, 2)
(37401710433, 3)
(1477, 1)
(37503276517, 1)
(1478, 0)
(37528668038, 0)
(1482, 1)
(37630234122, 1)
(1483, 3)
(37655625643, 2)
(1487, 3)
(37757191727, 2)
(1488, 2)
(37782583248, 2)
(1492, 0)
(37884149332, 0)
(1493, 3)
(37909540853, 2)
(1497, 0)
(38011106937, 0)
(1498, 1)
(38036498458, 4)
(1502, 1)
(38138064542, 1)
(1503, 3)
(38163456063, 2)
(1507, 4)
(38265022147, 1)
(1508, 0)
(38290413668, 0)
(1512, 0)
(38391979752, 0)
(1513, 4)
(38417371273, 1)
(1517, 3)
(38518937357, 3)
(1518, 4)
(38544328878, 4)
(1522, 0)
(38645894962, 0)
(1523, 3)
(38671286483, 2)
(1527, 1)
(38772852567, 4)
(1528, 0)
(38798244088, 0)
(1532, 4)
(38899810172, 4)
(1533, 1)
(38925201693, 1)
(1537, 1)
(39026767777, 1)
(1538, 4)
(39052159298, 4)
(1542, 0)
(39153725382, 0)
(1543, 4)
(39179116903, 1)
(1547, 2)
(39280682987, 2)
(1548, 0)
(39306074508, 0)
(1552, 3)
(39407640592, 2)
(1553, 0)
(39433032113, 0)
(1557, 2)
(39534598197, 2)
(1558, 2)
(39559989718, 3)
(1562, 2)
(39661555802, 3)
(1563, 4)
(39686947323, 1)
(1567, 0)
(39788513407, 0)
(1568, 2)
(39813904928, 2)
(1572, 0)
(39915471012, 0)
(1573, 3)
(39940862533, 2)
(1577, 3)
(40042428617, 3)
(1578, 1)
(40067820138, 1)
(1582, 4)
(40169386222, 1)
(1583, 3)
(40194777743, 2)
(1587, 0)
(40296343827, 0)
(1588, 0)
(40321735348, 0)
(1592, 0)
(40423301432, 0)
(1593, 4)
(40448692953, 4)
(1597, 4)
(40550259037, 1)
(1598, 2)
(40575650558, 3)
(1602, 0)
(40677216642, 0)
(1603, 4)
(40702608163, 4)
(1607, 3)
(40804174247, 2)
(1608, 0)
(40829565768, 0)
(1612, 4)
(40931131852, 1)
(1613, 3)
(40956523373, 2)
(1617, 3)
(41058089457, 2)
(1618, 2)
(41083480978, 3)
(1622, 0)
(41185047062, 0)
(1623, 3)
(41210438583, 3)
(1627, 2)
(41312004667, 2)
(1628, 3)
(41337396188, 2)
(1632, 3)
(41438962272, 2)
(1633, 4)
(41464353793, 1)
(1637, 3)
(41565919877, 2)
(1638, 1)
(41591311398, 4)
(1642, 1)
(41692877482, 1)
(1643, 0)
(41718269003, 0)
(1647, 3)
(41819835087, 2)
(1648, 0)
(41845226608, 0)
(1652, 0)
(41946792692, 0)
(1653, 4)
(41972184213, 1)
(1657, 1)
(42073750297, 1)
(1658, 2)
(42099141818, 2)
(1662, 0)
(42200707902, 0)
(1663, 2)
(42226099423, 3)
(1667, 3)
(42327665507, 3)
(1668, 0)
(42353057028, 0)
(1672, 0)
(42454623112, 0)
(1673, 3)
(42480014633, 2)
(1677, 1)
(42581580717, 4)
(1678, 0)
(42606972238, 0)
(1682, 4)
(42708538322, 4)
(1683, 0)
(42733929843, 0)
(1687, 2)
(42835495927, 3)
(1688, 0)
(42860887448, 0)
(1692, 0)
(42962453532, 0)
(1693, 3)
(42987845053, 3)
(1697, 3)
(43089411137, 2)
(1698, 1)
(43114802658, 4)
(1702, 0)
(43216368742, 0)
(1703, 3)
(43241760263, 3)
(1707, 0)
(43343326347, 0)
(1708, 1)
(43368717868, 4)
(1712, 4)
(43470283952, 1)
(1713, 4)
(43495675473, 4)
(1717, 1)
(43597241557, 1)
(1718, 1)
(43622633078, 4)
(1722, 1)
(43724199162, 1)
(1723, 0)
(43749590683, 0)
(1727, 4)
(43851156767, 4)
(1728, 0)
(43876548288, 0)
(1732, 0)
(43978114372, 0)
(1733, 1)
(44003505893, 1)
(1737, 0)
(44105071977, 0)
(1738, 1)
(44130463498, 1)
(1742, 1)
(44232029582, 1)
(1743, 4)
(44257421103, 1)
(1747, 0)
(44358987187, 0)
(1748, 0)
(44384378708, 0)
(1752, 0)
(44485944792, 0)
(1753, 0)
(44511336313, 0)
(1757, 3)
(44612902397, 3)
(1758, 0)
(44638293918, 0)
(1762, 1)
(44739860002, 1)
(1763, 3)
(44765251523, 3)
(1767, 3)
(44866817607, 2)
(1768, 0)
(44892209128, 0)
(1772, 0)
(44993775212, 0)
(1773, 0)
(45019166733, 0)
(1777, 4)
(45120732817, 4)
(1778, 0)
(45146124338, 0)
(1782, 1)
(45247690422, 4)
(1783, 2)
(45273081943, 2)
(1787, 2)
(45374648027, 3)
(1788, 2)
(45400039548, 3)
(1792, 1)
(45501605632, 1)
(1793, 4)
(45526997153, 1)
(1797, 4)
(45628563237, 1)
(1798, 0)
(45653954758, 0)
(1802, 3)
(45755520842, 2)
(1803, 2)
(45780912363, 2)
(1807, 3)
(45882478447, 3)
(1808, 4)
(45907869968, 1)
(1812, 0)
(46009436052, 0)
(1813, 2)
(46034827573, 2)
(1817, 0)
(46136393657, 0)
(1818, 0)
(46161785178, 0)
(1822, 4)
(46263351262, 1)
(1823, 0)
(46288742783, 0)
(1827, 2)
(46390308867, 2)
(1828, 0)
(46415700388, 0)
(1832, 0)
(46517266472, 0)
(1833, 1)
(46542657993, 4)
(1837, 4)
(46644224077, 4)
(1838, 3)
(46669615598, 2)
(1842, 4)
(46771181682, 1)
(1843, 4)
(46796573203, 4)
(1847, 2)
(46898139287, 2)
(1848, 0)
(46923530808, 0)
(1852, 4)
(47025096892, 1)
(1853, 4)
(47050488413, 1)
(1857, 0)
(47152054497, 0)
(1858, 0)
(47177446018, 0)
(1862, 3)
(47279012102, 2)
(1863, 2)
(47304403623, 3)
(1867, 0)
(47405969707, 0)
(1868, 1)
(47431361228, 4)
(1872, 0)
(47532927312, 0)
(1873, 3)
(47558318833, 3)
(1877, 4)
(47659884917, 4)
(1878, 4)
(47685276438, 1)
(1882, 2)
(47786842522, 2)
(1883, 1)
(47812234043, 4)
(1887, 0)
(47913800127, 0)
(1888, 3)
(47939191648, 3)
(1892, 0)
(48040757732, 0)
(1893, 0)
(48066149253, 0)
(1897, 1)
(48167715337, 1)
(1898, 3)
(48193106858, 2)
(1902, 4)
(48294672942, 1)
(1903, 2)
(48320064463, 3)
(1907, 3)
(48421630547, 2)
(1908, 0)
(48447022068, 0)
(1912, 0)
(48548588152, 0)
(1913, 4)
(48573979673, 4)
(1917, 2)
(48675545757, 2)
(1918, 1)
(48700937278, 1)
(1922, 2)
(48802503362, 2)
(1923, 0)
(48827894883, 0)
(1927, 2)
(48929460967, 2)
(1928, 0)
(48954852488, 0)
(1932, 3)
(49056418572, 2)
(1933, 2)
(49081810093, 3)
(1937, 3)
(49183376177, 3)
(1938, 2)
(49208767698, 2)
(1942, 3)
(49310333782, 3)
(1943, 2)
(49335725303, 3)
(1947, 3)
(49437291387, 2)
(1948, 1)
(49462682908, 4)
(1952, 0)
(49564248992, 0)
(1953, 0)
(49589640513, 0)
(1957, 1)
(49691206597, 4)
(1958, 2)
(49716598118, 3)
(1962, 0)
(49818164202, 0)
(1963, 4)
(49843555723, 1)
(1967, 4)
(49945121807, 1)
(1968, 4)
(49970513328, 4)
(1972, 0)
(50072079412, 0)
(1973, 3)
(50097470933, 2)
(1977, 1)
(50199037017, 4)
(1978, 2)
(50224428538, 3)
(1982, 1)
(50325994622, 4)
(1983, 1)
(50351386143, 4)
(1987, 2)
(50452952227, 3)
(1988, 0)
(50478343748, 0)
(1992, 0)
(50579909832, 0)
(1993, 1)
(50605301353, 1)
(1997, 2)
(50706867437, 3)
(1998, 3)
(50732258958, 3)
(2002, 4)
(50833825042, 4)
(2003, 1)
(50859216563, 4)
(2007, 0)
(50960782647, 0)
(2008, 0)
(50986174168, 0)
(2012, 2)
(51087740252, 3)
(2013, 4)
(51113131773, 4)
(2017, 2)
(51214697857, 2)
(2018, 3)
(51240089378, 3)
(2022, 1)
(51341655462, 1)
(2023, 4)
(51367046983, 4)
(2027, 1)
(51468613067, 4)
(2028, 3)
(51494004588, 3)
(2032, 0)
(51595570672, 0)
(2033, 2)
(51620962193, 2)
(2037, 4)
(51722528277, 1)
(2038, 3)
(51747919798, 3)
(2042, 0)
(51849485882, 0)
(2043, 0)
(51874877403, 0)
(2047, 2)
(51976443487, 3)
(2048, 0)
(52001835008, 0)
(2052, 0)
(52103401092, 0)
(2053, 2)
(52128792613, 2)
(2057, 4)
(52230358697, 1)
(2058, 2)
(52255750218, 2)
(2062, 3)
(52357316302, 3)
(2063, 0)
(52382707823, 0)
(2067, 3)
(52484273907, 2)
(2068, 0)
(52509665428, 0)
(2072, 0)
(52611231512, 0)
(2073, 0)
(52636623033, 0)
(2077, 1)
(52738189117, 4)
(2078, 0)
(52763580638, 0)
(2082, 1)
(52865146722, 4)
(2083, 3)
(52890538243, 3)
(2087, 0)
(52992104327, 0)
(2088, 0)
(53017495848, 0)
(2092, 0)
(53119061932, 0)
(2093, 0)
(53144453453, 0)
(2097, 1)
(53246019537, 4)
(2098, 4)
(53271411058, 4)
(2102, 4)
(53372977142, 4)
(2103, 4)
(53398368663, 4)
(2107, 4)
(53499934747, 4)
(2108, 4)
(53525326268, 1)
(2112, 4)
(53626892352, 1)
(2113, 4)
(53652283873, 1)
(2117, 1)
(53753849957, 1)
(2118, 0)
(53779241478, 0)
(2122, 2)
(53880807562, 3)
(2123, 1)
(53906199083, 4)
(2127, 2)
(54007765167, 2)
(2128, 2)
(54033156688, 3)
(2132, 0)
(54134722772, 0)
(2133, 2)
(54160114293, 3)
(2137, 1)
(54261680377, 1)
(2138, 2)
(54287071898, 3)
(2142, 0)
(54388637982, 0)
(2143, 3)
(54414029503, 2)
(2147, 4)
(54515595587, 4)
(2148, 0)
(54540987108, 0)
(2152, 0)
(54642553192, 0)
(2153, 3)
(54667944713, 3)
(2157, 4)
(54769510797, 1)
(2158, 0)
(54794902318, 0)
(2162, 4)
(54896468402, 1)
(2163, 2)
(54921859923, 2)
(2167, 2)
(55023426007, 3)
(2168, 0)
(55048817528, 0)
(2172, 4)
(55150383612, 4)
(2173, 0)
(55175775133, 0)
(2177, 0)
(55277341217, 0)
(2178, 3)
(55302732738, 3)
(2182, 3)
(55404298822, 2)
(2183, 2)
(55429690343, 2)
(2187, 0)
(55531256427, 0)
(2188, 4)
(55556647948, 1)
(2192, 1)
(55658214032, 1)
(2193, 1)
(55683605553, 4)
(2197, 3)
(55785171637, 2)
(2198, 1)
(55810563158, 4)
(2202, 0)
(55912129242, 0)
(2203, 0)
(55937520763, 0)
(2207, 1)
(56039086847, 4)
(2208, 4)
(56064478368, 1)
(2212, 0)
(56166044452, 0)
(2213, 3)
(56191435973, 3)
(2217, 3)
(56293002057, 2)
(2218, 1)
(56318393578, 1)
(2222, 3)
(56419959662, 3)
(2223, 0)
(56445351183, 0)
(2227, 1)
(56546917267, 1)
(2228, 0)
(56572308788, 0)
(2232, 0)
(56673874872, 0)
(2233, 4)
(56699266393, 1)
(2237, 0)
(56800832477, 0)
(2238, 3)
(56826223998, 2)
(2242, 4)
(56927790082, 1)
(2243, 0)
(56953181603, 0)
(2247, 0)
(57054747687, 0)
(2248, 0)
(57080139208, 0)
(2252, 3)
(57181705292, 3)
(2253, 4)
(57207096813, 4)
(2257, 4)
(57308662897, 1)
(2258, 3)
(57334054418, 2)
(2262, 1)
(57435620502, 4)
(2263, 2)
(57461012023, 2)
(2267, 1)
(57562578107, 1)
(2268, 1)
(57587969628, 1)
(2272, 3)
(57689535712, 3)
(2273, 2)
(57714927233, 2)
(2277, 0)
(57816493317, 0)
(2278, 4)
(57841884838, 4)
(2282, 0)
(57943450922, 0)
(2283, 4)
(57968842443, 4)
(2287, 1)
(58070408527, 4)
(2288, 0)
(58095800048, 0)
(2292, 0)
(58197366132, 0)
(2293, 1)
(58222757653, 4)
(2297, 0)
(58324323737, 0)
(2298, 2)
(58349715258, 2)
(2302, 4)
(58451281342, 1)
(2303, 0)
(58476672863, 0)
(2307, 3)
(58578238947, 3)
(2308, 0)
(58603630468, 0)
(2312, 0)
(58705196552, 0)
(2313, 2)
(58730588073, 3)
(2317, 4)
(58832154157, 1)
(2318, 1)
(58857545678, 1)
(2322, 3)
(58959111762, 3)
(2323, 2)
(58984503283, 2)
(2327, 2)
(59086069367, 2)
(2328, 0)
(59111460888, 0)
(2332, 1)
(59213026972, 4)
(2333, 1)
(59238418493, 1)
(2337, 2)
(59339984577, 3)
(2338, 4)
(59365376098, 1)
(2342, 3)
(59466942182, 2)
(2343, 2)
(59492333703, 3)
(2347, 0)
(59593899787, 0)
(2348, 1)
(59619291308, 4)
(2352, 2)
(59720857392, 2)
(2353, 4)
(59746248913, 1)
(2357, 2)
(59847814997, 2)
(2358, 0)
(59873206518, 0)
(2362, 4)
(59974772602, 1)
(2363, 0)
(60000164123, 0)
(2367, 1)
(60101730207, 1)
(2368, 3)
(60127121728, 3)
(2372, 0)
(60228687812, 0)
(2373, 1)
(60254079333, 4)
(2377, 1)
(60355645417, 1)
(2378, 0)
(60381036938, 0)
(2382, 2)
(60482603022, 2)
(2383, 4)
(60507994543, 4)
(2387, 2)
(60609560627, 3)
(2388, 0)
(60634952148, 0)
(2392, 0)
(60736518232, 0)
(2393, 0)
(60761909753, 0)
(2397, 2)
(60863475837, 3)
(2398, 0)
(60888867358, 0)
(2402, 0)
(60990433442, 0)
(2403, 2)
(61015824963, 2)
(2407, 0)
(61117391047, 0)
(2408, 0)
(61142782568, 0)
(2412, 0)
(61244348652, 0)
(2413, 1)
(61269740173, 4)
(2417, 1)
(61371306257, 4)
(2418, 4)
(61396697778, 1)
(2422, 0)
(61498263862, 0)
(2423, 3)
(61523655383, 2)
(2427, 4)
(61625221467, 1)
(2428, 4)
(61650612988, 4)
(2432, 1)
(61752179072, 4)
(2433, 0)
(61777570593, 0)
(2437, 3)
(61879136677, 3)
(2438, 3)
(61904528198, 2)
(2442, 3)
(62006094282, 2)
(2443, 4)
(62031485803, 4)
(2447, 3)
(62133051887, 2)
(2448, 1)
(62158443408, 4)
(2452, 0)
(62260009492, 0)
(2453, 3)
(62285401013, 3)
(2457, 2)
(62386967097, 3)
(2458, 3)
(62412358618, 2)
(2462, 3)
(62513924702, 3)
(2463, 4)
(62539316223, 4)
(2467, 2)
(62640882307, 3)
(2468, 0)
(62666273828, 0)
(2472, 0)
(62767839912, 0)
(2473, 0)
(62793231433, 0)
(2477, 3)
(62894797517, 3)
(2478, 2)
(62920189038, 2)
(2482, 1)
(63021755122, 4)
(2483, 0)
(63047146643, 0)
(2487, 0)
(63148712727, 0)
(2488, 0)
(63174104248, 0)
(2492, 4)
(63275670332, 4)
(2493, 0)
(63301061853, 0)
(2497, 3)
(63402627937, 2)
(2498, 0)
(63428019458, 0)
(2502, 3)
(63529585542, 2)
(2503, 1)
(63554977063, 1)
(2507, 4)
(63656543147, 1)
(2508, 2)
(63681934668, 2)
(2512, 2)
(63783500752, 3)
(2513, 3)
(63808892273, 3)
(2517, 4)
(63910458357, 1)
(2518, 0)
(63935849878, 0)
(2522, 4)
(64037415962, 4)
(2523, 3)
(64062807483, 3)
(2527, 4)
(64164373567, 4)
(2528, 4)
(64189765088, 1)
(2532, 0)
(64291331172, 0)
(2533, 4)
(64316722693, 4)
(2537, 0)
(64418288777, 0)
(2538, 2)
(64443680298, 2)
(2542, 4)
(64545246382, 4)
(2543, 0)
(64570637903, 0)
(2547, 0)
(64672203987, 0)
(2548, 0)
(64697595508, 0)
(2552, 0)
(64799161592, 0)
(2553, 1)
(64824553113, 4)
(2557, 3)
(64926119197, 3)
(2558, 4)
(64951510718, 1)
(2562, 1)
(65053076802, 4)
(2563, 4)
(65078468323, 4)
(2567, 1)
(65180034407, 4)
(2568, 0)
(65205425928, 0)
(2572, 1)
(65306992012, 1)
(2573, 1)
(65332383533, 4)
(2577, 0)
(65433949617, 0)
(2578, 1)
(65459341138, 4)
(2582, 0)
(65560907222, 0)
(2583, 2)
(65586298743, 2)
(2587, 3)
(65687864827, 3)
(2588, 4)
(65713256348, 4)
(2592, 3)
(65814822432, 3)
(2593, 1)
(65840213953, 1)
(2597, 4)
(65941780037, 4)
(2598, 4)
(65967171558, 1)
(2602, 4)
(66068737642, 1)
(2603, 0)
(66094129163, 0)
(2607, 2)
(66195695247, 2)
(2608, 2)
(66221086768, 2)
(2612, 0)
(66322652852, 0)
(2613, 1)
(66348044373, 1)
(2617, 2)
(66449610457, 3)
(2618, 0)
(66475001978, 0)
(2622, 1)
(66576568062, 1)
(2623, 2)
(66601959583, 3)
(2627, 2)
(66703525667, 2)
(2628, 0)
(66728917188, 0)
(2632, 0)
(66830483272, 0)
(2633, 3)
(66855874793, 3)
(2637, 4)
(66957440877, 4)
(2638, 0)
(66982832398, 0)
(2642, 3)
(67084398482, 3)
(2643, 0)
(67109790003, 0)
(2647, 0)
(67211356087, 0)
(2648, 0)
(67236747608, 0)
(2652, 2)
(67338313692, 2)
(2653, 1)
(67363705213, 1)
(2657, 2)
(67465271297, 3)
(2658, 4)
(67490662818, 1)
(2662, 1)
(67592228902, 4)
(2663, 3)
(67617620423, 3)
(2667, 3)
(67719186507, 3)
(2668, 2)
(67744578028, 3)
(2672, 4)
(67846144112, 1)
(2673, 3)
(67871535633, 2)
(2677, 2)
(67973101717, 2)
(2678, 0)
(67998493238, 0)
(2682, 0)
(68100059322, 0)
(2683, 0)
(68125450843, 0)
(2687, 4)
(68227016927, 1)
(2688, 1)
(68252408448, 1)
(2692, 0)
(68353974532, 0)
(2693, 3)
(68379366053, 2)
(2697, 4)
(68480932137, 4)
(2698, 4)
(68506323658, 1)
(2702, 2)
(68607889742, 2)
(2703, 3)
(68633281263, 2)
(2707, 2)
(68734847347, 2)
(2708, 0)
(68760238868, 0)
(2712, 0)
(68861804952, 0)
(2713, 1)
(68887196473, 1)
(2717, 2)
(68988762557, 3)
(2718, 1)
(69014154078, 1)
(2722, 0)
(69115720162, 0)
(2723, 3)
(69141111683, 2)
(2727, 0)
(69242677767, 0)
(2728, 0)
(69268069288, 0)
(2732, 0)
(69369635372, 0)
(2733, 3)
(69395026893, 2)
(2737, 1)
(69496592977, 1)
(2738, 4)
(69521984498, 4)
(2742, 3)
(69623550582, 3)
(2743, 0)
(69648942103, 0)
(2747, 3)
(69750508187, 2)
(2748, 1)
(69775899708, 1)
(2752, 0)
(69877465792, 0)
(2753, 2)
(69902857313, 3)
(2757, 4)
(70004423397, 1)
(2758, 4)
(70029814918, 4)
(2762, 4)
(70131381002, 1)
(2763, 0)
(70156772523, 0)
(2767, 4)
(70258338607, 1)
(2768, 2)
(70283730128, 2)
(2772, 0)
(70385296212, 0)
(2773, 4)
(70410687733, 4)
(2777, 0)
(70512253817, 0)
(2778, 1)
(70537645338, 4)
(2782, 2)
(70639211422, 2)
(2783, 4)
(70664602943, 1)
(2787, 1)
(70766169027, 4)
(2788, 0)
(70791560548, 0)
(2792, 0)
(70893126632, 0)
(2793, 4)
(70918518153, 1)
(2797, 3)
(71020084237, 3)
(2798, 4)
(71045475758, 4)
(2802, 1)
(71147041842, 4)
(2803, 1)
(71172433363, 1)
(2807, 3)
(71273999447, 2)
(2808, 0)
(71299390968, 0)
(2812, 3)
(71400957052, 2)
(2813, 0)
(71426348573, 0)
(2817, 0)
(71527914657, 0)
(2818, 0)
(71553306178, 0)
(2822, 2)
(71654872262, 2)
(2823, 1)
(71680263783, 1)
(2827, 3)
(71781829867, 3)
(2828, 3)
(71807221388, 2)
(2832, 3)
(71908787472, 3)
(2833, 3)
(71934178993, 3)
(2837, 1)
(72035745077, 1)
(2838, 0)
(72061136598, 0)
(2842, 2)
(72162702682, 2)
(2843, 0)
(72188094203, 0)
(2847, 3)
(72289660287, 2)
(2848, 4)
(72315051808, 4)
(2852, 0)
(72416617892, 0)
(2853, 0)
(72442009413, 0)
(2857, 0)
(72543575497, 0)
(2858, 3)
(72568967018, 2)
(2862, 2)
(72670533102, 2)
(2863, 2)
(72695924623, 2)
(2867, 2)
(72797490707, 3)
(2868, 0)
(72822882228, 0)
(2872, 0)
(72924448312, 0)
(2873, 3)
(72949839833, 2)
(2877, 0)
(73051405917, 0)
(2878, 1)
(73076797438, 4)
(2882, 1)
(73178363522, 1)
(2883, 3)
(73203755043, 3)
(2887, 0)
(73305321127, 0)
(2888, 0)
(73330712648, 0)
(2892, 3)
(73432278732, 2)
(2893, 4)
(73457670253, 1)
(2897, 1)
(73559236337, 1)
(2898, 0)
(73584627858, 0)
(2902, 2)
(73686193942, 3)
(2903, 4)
(73711585463, 1)
(2907, 2)
(73813151547, 2)
(2908, 4)
(73838543068, 4)
(2912, 4)
(73940109152, 1)
(2913, 2)
(73965500673, 2)
(2917, 2)
(74067066757, 2)
(2918, 4)
(74092458278, 4)
(2922, 1)
(74194024362, 4)
(2923, 4)
(74219415883, 1)
(2927, 4)
(74320981967, 4)
(2928, 3)
(74346373488, 2)
(2932, 0)
(74447939572, 0)
(2933, 1)
(74473331093, 1)
(2937, 4)
(74574897177, 1)
(2938, 4)
(74600288698, 4)
(2942, 0)
(74701854782, 0)
(2943, 3)
(74727246303, 3)
(2947, 3)
(74828812387, 2)
(2948, 0)
(74854203908, 0)
(2952, 0)
(74955769992, 0)
(2953, 1)
(74981161513, 1)
(2957, 4)
(75082727597, 4)
(2958, 2)
(75108119118, 3)
(2962, 4)
(75209685202, 4)
(2963, 2)
(75235076723, 3)
(2967, 1)
(75336642807, 4)
(2968, 0)
(75362034328, 0)
(2972, 2)
(75463600412, 2)
(2973, 2)
(75488991933, 3)
(2977, 4)
(75590558017, 1)
(2978, 0)
(75615949538, 0)
(2982, 1)
(75717515622, 1)
(2983, 0)
(75742907143, 0)
(2987, 0)
(75844473227, 0)
(2988, 2)
(75869864748, 3)
(2992, 1)
(75971430832, 1)
(2993, 2)
(75996822353, 2)
(2997, 4)
(76098388437, 4)
(2998, 3)
(76123779958, 2)
(3002, 4)
(76225346042, 4)
(3003, 2)
(76250737563, 2)
(3007, 0)
(76352303647, 0)
(3008, 0)
(76377695168, 0)
(3012, 0)
(76479261252, 0)
(3013, 3)
(76504652773, 3)
(3017, 3)
(76606218857, 2)
(3018, 4)
(76631610378, 1)
(3022, 2)
(76733176462, 3)
(3023, 2)
(76758567983, 3)
(3027, 2)
(76860134067, 2)
(3028, 0)
(76885525588, 0)
(3032, 0)
(76987091672, 0)
(3033, 0)
(77012483193, 0)
(3037, 3)
(77114049277, 2)
(3038, 1)
(77139440798, 1)
(3042, 0)
(77241006882, 0)
(3043, 3)
(77266398403, 3)
(3047, 2)
(77367964487, 2)
(3048, 0)
(77393356008, 0)
(3052, 3)
(77494922092, 3)
(3053, 0)
(77520313613, 0)
(3057, 3)
(77621879697, 3)
(3058, 2)
(77647271218, 2)
(3062, 4)
(77748837302, 4)
(3063, 1)
(77774228823, 4)
(3067, 2)
(77875794907, 2)
(3068, 1)
(77901186428, 4)
(3072, 4)
(78002752512, 4)
(3073, 1)
(78028144033, 1)
(3077, 4)
(78129710117, 1)
(3078, 4)
(78155101638, 1)
(3082, 0)
(78256667722, 0)
(3083, 2)
(78282059243, 3)
(3087, 0)
(78383625327, 0)
(3088, 2)
(78409016848, 2)
(3092, 0)
(78510582932, 0)
(3093, 2)
(78535974453, 2)
(3097, 3)
(78637540537, 2)
(3098, 4)
(78662932058, 1)
(3102, 1)
(78764498142, 4)
(3103, 0)
(78789889663, 0)
(3107, 3)
(78891455747, 3)
(3108, 0)
(78916847268, 0)
(3112, 0)
(79018413352, 0)
(3113, 1)
(79043804873, 1)
(3117, 0)
(79145370957, 0)
(3118, 0)
(79170762478, 0)
(3122, 3)
(79272328562, 2)
(3123, 0)
(79297720083, 0)
(3127, 1)
(79399286167, 1)
(3128, 0)
(79424677688, 0)
(3132, 3)
(79526243772, 3)
(3133, 0)
(79551635293, 0)
(3137, 1)
(79653201377, 1)
(3138, 4)
(79678592898, 4)
(3142, 0)
(79780158982, 0)
(3143, 1)
(79805550503, 1)
(3147, 0)
(79907116587, 0)
(3148, 0)
(79932508108, 0)
(3152, 0)
(80034074192, 0)
(3153, 4)
(80059465713, 4)
(3157, 4)
(80161031797, 1)
(3158, 2)
(80186423318, 3)
(3162, 0)
(80287989402, 0)
(3163, 1)
(80313380923, 1)
(3167, 2)
(80414947007, 2)
(3168, 0)
(80440338528, 0)
(3172, 0)
(80541904612, 0)
(3173, 0)
(80567296133, 0)
(3177, 3)
(80668862217, 3)
(3178, 0)
(80694253738, 0)
(3182, 2)
(80795819822, 2)
(3183, 4)
(80821211343, 1)
(3187, 2)
(80922777427, 2)
(3188, 0)
(80948168948, 0)
(3192, 0)
(81049735032, 0)
(3193, 4)
(81075126553, 4)
(3197, 4)
(81176692637, 4)
(3198, 2)
(81202084158, 3)
(3202, 1)
(81303650242, 4)
(3203, 4)
(81329041763, 4)
(3207, 3)
(81430607847, 2)
(3208, 0)
(81455999368, 0)
(3212, 0)
(81557565452, 0)
(3213, 3)
(81582956973, 2)
(3217, 1)
(81684523057, 1)
(3218, 1)
(81709914578, 4)
(3222, 0)
(81811480662, 0)
(3223, 0)
(81836872183, 0)
(3227, 4)
(81938438267, 1)
(3228, 2)
(81963829788, 3)
(3232, 2)
(82065395872, 3)
(3233, 4)
(82090787393, 1)
(3237, 2)
(82192353477, 2)
(3238, 3)
(82217744998, 3)
(3242, 3)
(82319311082, 3)
(3243, 2)
(82344702603, 3)
(3247, 3)
(82446268687, 2)
(3248, 3)
(82471660208, 3)
(3252, 0)
(82573226292, 0)
(3253, 1)
(82598617813, 1)
(3257, 1)
(82700183897, 1)
(3258, 4)
(82725575418, 4)
(3262, 3)
(82827141502, 2)
(3263, 3)
(82852533023, 2)
(3267, 4)
(82954099107, 4)
(3268, 0)
(82979490628, 0)
(3272, 0)
(83081056712, 0)
(3273, 4)
(83106448233, 1)
(3277, 3)
(83208014317, 2)
(3278, 1)
(83233405838, 1)
(3282, 0)
(83334971922, 0)
(3283, 1)
(83360363443, 4)
(3287, 1)
(83461929527, 4)
(3288, 0)
(83487321048, 0)
(3292, 3)
(83588887132, 3)
(3293, 1)
(83614278653, 1)
(3297, 0)
(83715844737, 0)
(3298, 1)
(83741236258, 1)
(3302, 1)
(83842802342, 4)
(3303, 0)
(83868193863, 0)
(3307, 4)
(83969759947, 4)
(3308, 1)
(83995151468, 1)
(3312, 1)
(84096717552, 4)
(3313, 1)
(84122109073, 1)
(3317, 1)
(84223675157, 4)
(3318, 2)
(84249066678, 3)
(3322, 4)
(84350632762, 1)
(3323, 3)
(84376024283, 2)
(3327, 4)
(84477590367, 4)
(3328, 2)
(84502981888, 3)
(3332, 0)
(84604547972, 0)
(3333, 3)
(84629939493, 3)
(3337, 4)
(84731505577, 4)
(3338, 0)
(84756897098, 0)
(3342, 4)
(84858463182, 4)
(3343, 4)
(84883854703, 1)
(3347, 1)
(84985420787, 4)
(3348, 0)
(85010812308, 0)
(3352, 0)
(85112378392, 0)
(3353, 0)
(85137769913, 0)
(3357, 0)
(85239335997, 0)
(3358, 2)
(85264727518, 3)
(3362, 4)
(85366293602, 4)
(3363, 4)
(85391685123, 1)
(3367, 0)
(85493251207, 0)
(3368, 0)
(85518642728, 0)
(3372, 2)
(85620208812, 3)
(3373, 4)
(85645600333, 4)
(3377, 3)
(85747166417, 3)
(3378, 4)
(85772557938, 4)
(3382, 0)
(85874124022, 0)
(3383, 1)
(85899515543, 1)
(3387, 2)
(86001081627, 3)
(3388, 3)
(86026473148, 3)
(3392, 1)
(86128039232, 1)
(3393, 2)
(86153430753, 3)
(3397, 0)
(86254996837, 0)
(3398, 3)
(86280388358, 3)
(3402, 3)
(86381954442, 3)
(3403, 2)
(86407345963, 3)
(3407, 3)
(86508912047, 3)
(3408, 4)
(86534303568, 4)
(3412, 0)
(86635869652, 0)
(3413, 3)
(86661261173, 2)
(3417, 4)
(86762827257, 4)
(3418, 2)
(86788218778, 3)
(3422, 3)
(86889784862, 3)
(3423, 0)
(86915176383, 0)
(3427, 1)
(87016742467, 1)
(3428, 0)
(87042133988, 0)
(3432, 0)
(87143700072, 0)
(3433, 1)
(87169091593, 1)
(3437, 2)
(87270657677, 3)
(3438, 0)
(87296049198, 0)
(3442, 0)
(87397615282, 0)
(3443, 4)
(87423006803, 4)
(3447, 4)
(87524572887, 4)
(3448, 0)
(87549964408, 0)
(3452, 2)
(87651530492, 3)
(3453, 3)
(87676922013, 2)
(3457, 3)
(87778488097, 3)
(3458, 0)
(87803879618, 0)
(3462, 3)
(87905445702, 2)
(3463, 4)
(87930837223, 1)
(3467, 4)
(88032403307, 4)
(3468, 4)
(88057794828, 4)
(3472, 1)
(88159360912, 1)
(3473, 0)
(88184752433, 0)
(3477, 2)
(88286318517, 2)
(3478, 4)
(88311710038, 4)
(3482, 4)
(88413276122, 1)
(3483, 3)
(88438667643, 3)
(3487, 2)
(88540233727, 2)
(3488, 0)
(88565625248, 0)
(3492, 0)
(88667191332, 0)
(3493, 3)
(88692582853, 2)
(3497, 2)
(88794148937, 2)
(3498, 0)
(88819540458, 0)
(3502, 4)
(88921106542, 1)
(3503, 2)
(88946498063, 3)
(3507, 3)
(89048064147, 2)
(3508, 0)
(89073455668, 0)
(3512, 0)
(89175021752, 0)
(3513, 4)
(89200413273, 1)
(3517, 0)
(89301979357, 0)
(3518, 3)
(89327370878, 2)
(3522, 3)
(89428936962, 2)
(3523, 4)
(89454328483, 1)
(3527, 0)
(89555894567, 0)
(3528, 0)
(89581286088, 0)
(3532, 1)
(89682852172, 1)
(3533, 0)
(89708243693, 0)
(3537, 3)
(89809809777, 2)
(3538, 3)
(89835201298, 2)
(3542, 2)
(89936767382, 2)
(3543, 3)
(89962158903, 2)
(3547, 4)
(90063724987, 4)
(3548, 2)
(90089116508, 3)
(3552, 4)
(90190682592, 4)
(3553, 1)
(90216074113, 4)
(3557, 4)
(90317640197, 1)
(3558, 3)
(90343031718, 2)
(3562, 2)
(90444597802, 3)
(3563, 3)
(90469989323, 2)
(3567, 0)
(90571555407, 0)
(3568, 2)
(90596946928, 3)
