(2, 4)
(114242, 4)
(3, 3)
(171363, 3)
(7, 4)
(399847, 1)
(8, 0)
(456968, 0)
(12, 4)
(685452, 4)
(13, 3)
(742573, 2)
(17, 4)
(971057, 4)
(18, 3)
(1028178, 3)
(22, 3)
(1256662, 3)
(23, 3)
(1313783, 2)
(27, 3)
(1542267, 3)
(28, 3)
(1599388, 2)
(32, 2)
(1827872, 2)
(33, 1)
(1884993, 1)
(37, 2)
(2113477, 3)
(38, 1)
(2170598, 4)
(42, 1)
(2399082, 4)
(43, 4)
(2456203, 1)
(47, 0)
(2684687, 0)
(48, 4)
(2741808, 4)
(52, 0)
(2970292, 0)
(53, 4)
(3027413, 1)
(57, 4)
(3255897, 1)
(58, 2)
(3313018, 2)
(62, 2)
(3541502, 2)
(63, 0)
(3598623, 0)
(67, 1)
(3827107, 1)
(68, 0)
(3884228, 0)
(72, 0)
(4112712, 0)
(73, 1)
(4169833, 4)
(77, 3)
(4398317, 2)
(78, 4)
(4455438, 1)
(82, 1)
(4683922, 4)
(83, 2)
(4741043, 2)
(87, 4)
(4969527, 4)
(88, 0)
(5026648, 0)
(92, 1)
(5255132, 4)
(93, 1)
(5312253, 1)
(97, 4)
(5540737, 1)
(98, 4)
(5597858, 4)
(102, 1)
(5826342, 1)
(103, 0)
(5883463, 0)
(107, 3)
(6111947, 2)
(108, 4)
(6169068, 4)
(112, 4)
(6397552, 1)
(113, 2)
(6454673, 2)
(117, 0)
(6683157, 0)
(118, 1)
(6740278, 4)
(122, 0)
(6968762, 0)
(123, 3)
(7025883, 2)
(127, 0)
(7254367, 0)
(128, 4)
(7311488, 4)
(132, 0)
(7539972, 0)
(133, 1)
(7597093, 1)
(137, 3)
(7825577, 2)
(138, 3)
(7882698, 2)
(142, 1)
(8111182, 1)
(143, 0)
(8168303, 0)
(147, 4)
(8396787, 4)
(148, 0)
(8453908, 0)
(152, 0)
(8682392, 0)
(153, 3)
(8739513, 3)
(157, 1)
(8967997, 1)
(158, 3)
(9025118, 2)
(162, 1)
(9253602, 1)
(163, 4)
(9310723, 4)
(167, 4)
(9539207, 1)
(168, 0)
(9596328, 0)
(172, 2)
(9824812, 3)
(173, 1)
(9881933, 4)
(177, 4)
(10110417, 1)
(178, 3)
(10167538, 2)
(182, 3)
(10396022, 3)
(183, 3)
(10453143, 3)
(187, 2)
(10681627, 2)
(188, 0)
(10738748, 0)
(192, 0)
(10967232, 0)
(193, 1)
(11024353, 1)
(197, 0)
(11252837, 0)
(198, 0)
(11309958, 0)
(202, 4)
(11538442, 4)
(203, 1)
(11595563, 4)
(207, 1)
(11824047, 4)
(208, 1)
(11881168, 4)
(212, 0)
(12109652, 0)
(213, 2)
(12166773, 2)
(217, 3)
(12395257, 2)
(218, 0)
(12452378, 0)
(222, 3)
(12680862, 2)
(223, 2)
(12737983, 3)
(227, 0)
(12966467, 0)
(228, 0)
(13023588, 0)
(232, 0)
(13252072, 0)
(233, 3)
(13309193, 2)
(237, 2)
(13537677, 3)
(238, 3)
(13594798, 2)
(242, 4)
(13823282, 4)
(243, 4)
(13880403, 4)
(247, 4)
(14108887, 4)
(248, 0)
(14166008, 0)
(252, 0)
(14394492, 0)
(253, 1)
(14451613, 4)
(257, 1)
(14680097, 1)
(258, 3)
(14737218, 2)
(262, 4)
(14965702, 1)
(263, 3)
(15022823, 3)
(267, 2)
(15251307, 3)
(268, 3)
(15308428, 3)
(272, 3)
(15536912, 3)
(273, 2)
(15594033, 2)
(277, 1)
(15822517, 4)
(278, 4)
(15879638, 1)
(282, 2)
(16108122, 3)
(283, 2)
(16165243, 2)
(287, 1)
(16393727, 1)
(288, 4)
(16450848, 4)
(292, 0)
(16679332, 0)
(293, 2)
(16736453, 2)
(297, 1)
(16964937, 1)
(298, 1)
(17022058, 4)
(302, 3)
(17250542, 2)
(303, 0)
(17307663, 0)
(307, 3)
(17536147, 3)
(308, 0)
(17593268, 0)
(312, 0)
(17821752, 0)
(313, 2)
(17878873, 3)
(317, 0)
(18107357, 0)
(318, 2)
(18164478, 3)
(322, 2)
(18392962, 2)
(323, 1)
(18450083, 4)
(327, 3)
(18678567, 3)
(328, 0)
(18735688, 0)
(332, 1)
(18964172, 1)
(333, 0)
(19021293, 0)
(337, 3)
(19249777, 3)
(338, 0)
(19306898, 0)
(342, 2)
(19535382, 3)
(343, 3)
(19592503, 2)
(347, 0)
(19820987, 0)
(348, 3)
(19878108, 3)
(352, 4)
(20106592, 4)
(353, 4)
(20163713, 1)
(357, 3)
(20392197, 2)
(358, 1)
(20449318, 4)
(362, 2)
(20677802, 3)
(363, 4)
(20734923, 4)
(367, 1)
(20963407, 1)
(368, 3)
(21020528, 2)
(372, 0)
(21249012, 0)
(373, 0)
(21306133, 0)
(377, 1)
(21534617, 4)
(378, 1)
(21591738, 4)
(382, 2)
(21820222, 3)
(383, 2)
(21877343, 2)
(387, 0)
(22105827, 0)
(388, 0)
(22162948, 0)
(392, 0)
(22391432, 0)
(393, 3)
(22448553, 2)
(397, 1)
(22677037, 4)
(398, 0)
(22734158, 0)
(402, 4)
(22962642, 4)
(403, 3)
(23019763, 2)
(407, 4)
(23248247, 1)
(408, 0)
(23305368, 0)
(412, 0)
(23533852, 0)
(413, 0)
(23590973, 0)
(417, 2)
(23819457, 3)
(418, 3)
(23876578, 2)
(422, 0)
(24105062, 0)
(423, 0)
(24162183, 0)
(427, 2)
(24390667, 3)
(428, 4)
(24447788, 1)
(432, 4)
(24676272, 4)
(433, 3)
(24733393, 2)
(437, 0)
(24961877, 0)
(438, 3)
(25018998, 2)
(442, 2)
(25247482, 3)
(443, 0)
(25304603, 0)
(447, 1)
(25533087, 4)
(448, 2)
(25590208, 3)
(452, 0)
(25818692, 0)
(453, 3)
(25875813, 2)
(457, 3)
(26104297, 3)
(458, 1)
(26161418, 4)
(462, 2)
(26389902, 3)
(463, 2)
(26447023, 3)
(467, 2)
(26675507, 3)
(468, 0)
(26732628, 0)
(472, 0)
(26961112, 0)
(473, 3)
(27018233, 2)
(477, 3)
(27246717, 2)
(478, 3)
(27303838, 0)
(482, 0)
(27532322, 0)
(483, 1)
(27589443, 1)
(487, 3)
(27817927, 3)
(488, 0)
(27875048, 0)
(492, 4)
(28103532, 1)
(493, 3)
(28160653, 3)
(497, 4)
(28389137, 1)
(498, 3)
(28446258, 3)
(502, 1)
(28674742, 1)
(503, 1)
(28731863, 1)
(507, 1)
(28960347, 1)
(508, 0)
(29017468, 0)
(512, 4)
(29245952, 4)
(513, 4)
(29303073, 1)
(517, 2)
(29531557, 3)
(518, 1)
(29588678, 1)
(522, 0)
(29817162, 0)
(523, 0)
(29874283, 0)
(527, 2)
(30102767, 2)
(528, 2)
(30159888, 2)
(532, 0)
(30388372, 0)
(533, 3)
(30445493, 3)
(537, 2)
(30673977, 3)
(538, 0)
(30731098, 0)
(542, 1)
(30959582, 1)
(543, 2)
(31016703, 3)
(547, 3)
(31245187, 2)
(548, 0)
(31302308, 0)
(552, 0)
(31530792, 0)
(553, 2)
(31587913, 2)
(557, 3)
(31816397, 2)
(558, 4)
(31873518, 4)
(562, 2)
(32102002, 3)
(563, 1)
(32159123, 1)
(567, 3)
(32387607, 2)
(568, 0)
(32444728, 0)
(572, 0)
(32673212, 0)
(573, 4)
(32730333, 1)
(577, 3)
(32958817, 3)
(578, 2)
(33015938, 2)
(582, 4)
(33244422, 1)
(583, 3)
(33301543, 2)
(587, 2)
(33530027, 2)
(588, 2)
(33587148, 2)
(592, 4)
(33815632, 1)
(593, 1)
(33872753, 4)
(597, 2)
(34101237, 3)
(598, 3)
(34158358, 3)
(602, 1)
(34386842, 1)
(603, 0)
(34443963, 0)
(607, 2)
(34672447, 3)
(608, 3)
(34729568, 2)
(612, 0)
(34958052, 0)
(613, 0)
(35015173, 0)
(617, 2)
(35243657, 3)
(618, 2)
(35300778, 3)
(622, 3)
(35529262, 3)
(623, 2)
(35586383, 2)
(627, 4)
(35814867, 1)
(628, 0)
(35871988, 0)
(632, 0)
(36100472, 0)
(633, 0)
(36157593, 0)
(637, 4)
(36386077, 1)
(638, 0)
(36443198, 0)
(642, 4)
(36671682, 1)
(643, 2)
(36728803, 2)
(647, 2)
(36957287, 2)
(648, 0)
(37014408, 0)
(652, 2)
(37242892, 2)
(653, 1)
(37300013, 4)
(657, 0)
(37528497, 0)
(658, 3)
(37585618, 3)
(662, 3)
(37814102, 2)
(663, 1)
(37871223, 4)
(667, 4)
(38099707, 1)
(668, 3)
(38156828, 2)
(672, 3)
(38385312, 2)
(673, 3)
(38442433, 2)
(677, 0)
(38670917, 0)
(678, 0)
(38728038, 0)
(682, 3)
(38956522, 3)
(683, 0)
(39013643, 0)
(687, 3)
(39242127, 2)
(688, 2)
(39299248, 3)
(692, 0)
(39527732, 0)
(693, 1)
(39584853, 4)
(697, 3)
(39813337, 2)
(698, 1)
(39870458, 1)
(702, 4)
(40098942, 1)
(703, 4)
(40156063, 4)
(707, 1)
(40384547, 4)
(708, 0)
(40441668, 0)
(712, 0)
(40670152, 0)
(713, 1)
(40727273, 4)
(717, 1)
(40955757, 0)
(718, 2)
(41012878, 2)
(722, 1)
(41241362, 1)
(723, 1)
(41298483, 1)
(727, 2)
(41526967, 2)
(728, 0)
(41584088, 0)
(732, 1)
(41812572, 1)
(733, 1)
(41869693, 1)
(737, 0)
(42098177, 0)
(738, 0)
(42155298, 0)
(742, 2)
(42383782, 2)
(743, 1)
(42440903, 4)
(747, 4)
(42669387, 4)
(748, 1)
(42726508, 1)
(752, 0)
(42954992, 0)
(753, 3)
(43012113, 3)
(757, 0)
(43240597, 0)
(758, 2)
(43297718, 3)
(762, 3)
(43526202, 3)
(763, 1)
(43583323, 4)
(767, 3)
(43811807, 3)
(768, 2)
(43868928, 2)
(772, 0)
(44097412, 0)
(773, 4)
(44154533, 1)
(777, 1)
(44383017, 1)
(778, 4)
(44440138, 4)
(782, 1)
(44668622, 4)
(783, 4)
(44725743, 4)
(787, 0)
(44954227, 0)
(788, 0)
(45011348, 0)
(792, 0)
(45239832, 0)
(793, 2)
(45296953, 3)
(797, 0)
(45525437, 0)
(798, 1)
(45582558, 1)
(802, 3)
(45811042, 3)
(803, 0)
(45868163, 0)
(807, 1)
(46096647, 1)
(808, 0)
(46153768, 0)
(812, 3)
(46382252, 2)
(813, 3)
(46439373, 3)
(817, 2)
(46667857, 2)
(818, 3)
(46724978, 3)
(822, 0)
(46953462, 0)
(823, 4)
(47010583, 1)
(827, 2)
(47239067, 2)
(828, 2)
(47296188, 3)
(832, 2)
(47524672, 3)
(833, 2)
(47581793, 2)
(837, 1)
(47810277, 1)
(838, 4)
(47867398, 4)
(842, 4)
(48095882, 4)
(843, 4)
(48153003, 1)
(847, 4)
(48381487, 1)
(848, 3)
(48438608, 2)
(852, 0)
(48667092, 0)
(853, 0)
(48724213, 0)
(857, 2)
(48952697, 3)
(858, 1)
(49009818, 4)
(862, 2)
(49238302, 2)
(863, 1)
(49295423, 4)
(867, 3)
(49523907, 3)
(868, 0)
(49581028, 0)
(872, 0)
(49809512, 0)
(873, 0)
(49866633, 0)
(877, 0)
(50095117, 0)
(878, 0)
(50152238, 0)
(882, 3)
(50380722, 3)
(883, 2)
(50437843, 2)
(887, 1)
(50666327, 1)
(888, 0)
(50723448, 0)
(892, 4)
(50951932, 1)
(893, 2)
(51009053, 2)
(897, 1)
(51237537, 1)
(898, 2)
(51294658, 3)
(902, 2)
(51523142, 3)
(903, 1)
(51580263, 1)
(907, 3)
(51808747, 2)
(908, 0)
(51865868, 0)
(912, 3)
(52094352, 2)
(913, 3)
(52151473, 3)
(917, 0)
(52379957, 0)
(918, 1)
(52437078, 1)
(922, 2)
(52665562, 3)
(923, 0)
(52722683, 0)
(927, 0)
(52951167, 0)
(928, 1)
(53008288, 1)
(932, 0)
(53236772, 0)
(933, 4)
(53293893, 4)
(937, 0)
(53522377, 0)
(938, 1)
(53579498, 4)
(942, 3)
(53807982, 3)
(943, 1)
(53865103, 1)
(947, 0)
(54093587, 0)
(948, 0)
(54150708, 0)
(952, 0)
(54379192, 0)
(953, 3)
(54436313, 2)
(957, 1)
(54664797, 1)
(958, 1)
(54721918, 1)
(962, 2)
(54950402, 2)
(963, 1)
(55007523, 4)
(967, 4)
(55236007, 4)
(968, 0)
(55293128, 0)
(972, 2)
(55521612, 2)
(973, 3)
(55578733, 3)
(977, 0)
(55807217, 0)
(978, 4)
(55864338, 4)
(982, 0)
(56092822, 0)
(983, 2)
(56149943, 2)
(987, 3)
(56378427, 3)
(988, 3)
(56435548, 3)
(992, 1)
(56664032, 1)
(993, 3)
(56721153, 2)
(997, 4)
(56949637, 1)
(998, 1)
(57006758, 4)
(1002, 4)
(57235242, 1)
(1003, 1)
(57292363, 4)
(1007, 0)
(57520847, 0)
(1008, 0)
(57577968, 0)
(1012, 0)
(57806452, 0)
(1013, 4)
(57863573, 1)
(1017, 4)
(58092057, 4)
(1018, 3)
(58149178, 3)
(1022, 3)
(58377662, 3)
(1023, 1)
(58434783, 1)
(1027, 4)
(58663267, 4)
(1028, 0)
(58720388, 0)
(1032, 0)
(58948872, 0)
(1033, 3)
(59005993, 2)
(1037, 0)
(59234477, 0)
(1038, 2)
(59291598, 3)
(1042, 3)
(59520082, 2)
(1043, 2)
(59577203, 2)
(1047, 4)
(59805687, 4)
(1048, 0)
(59862808, 0)
(1052, 1)
(60091292, 1)
(1053, 1)
(60148413, 4)
(1057, 1)
(60376897, 1)
(1058, 0)
(60434018, 0)
(1062, 0)
(60662502, 0)
(1063, 4)
(60719623, 1)
(1067, 2)
(60948107, 3)
(1068, 1)
(61005228, 4)
(1072, 3)
(61233712, 3)
(1073, 1)
(61290833, 4)
(1077, 4)
(61519317, 4)
(1078, 3)
(61576438, 3)
(1082, 3)
(61804922, 2)
(1083, 2)
(61862043, 2)
(1087, 1)
(62090527, 4)
(1088, 1)
(62147648, 1)
(1092, 0)
(62376132, 0)
(1093, 0)
(62433253, 0)
(1097, 1)
(62661737, 4)
(1098, 0)
(62718858, 0)
(1102, 0)
(62947342, 0)
(1103, 3)
(63004463, 3)
(1107, 3)
(63232947, 2)
(1108, 0)
(63290068, 0)
(1112, 0)
(63518552, 0)
(1113, 4)
(63575673, 4)
(1117, 4)
(63804157, 4)
(1118, 1)
(63861278, 1)
(1122, 4)
(64089762, 4)
(1123, 0)
(64146883, 0)
(1127, 3)
(64375367, 2)
(1128, 0)
(64432488, 0)
(1132, 1)
(64660972, 1)
(1133, 2)
(64718093, 3)
(1137, 0)
(64946577, 0)
(1138, 2)
(65003698, 2)
(1142, 2)
(65232182, 2)
(1143, 0)
(65289303, 0)
(1147, 1)
(65517787, 4)
(1148, 2)
(65574908, 2)
(1152, 3)
(65803392, 3)
(1153, 4)
(65860513, 4)
(1157, 3)
(66088997, 3)
(1158, 4)
(66146118, 4)
(1162, 3)
(66374602, 2)
(1163, 3)
(66431723, 2)
(1167, 3)
(66660207, 3)
(1168, 2)
(66717328, 3)
(1172, 0)
(66945812, 0)
(1173, 1)
(67002933, 4)
(1177, 2)
(67231417, 3)
(1178, 1)
(67288538, 4)
(1182, 0)
(67517022, 0)
(1183, 0)
(67574143, 0)
(1187, 4)
(67802627, 1)
(1188, 0)
(67859748, 0)
(1192, 0)
(68088232, 0)
(1193, 4)
(68145353, 1)
(1197, 0)
(68373837, 0)
(1198, 2)
(68430958, 2)
(1202, 1)
(68659442, 4)
(1203, 4)
(68716563, 4)
(1207, 2)
(68945047, 2)
(1208, 0)
(69002168, 0)
(1212, 0)
(69230652, 0)
(1213, 0)
(69287773, 0)
(1217, 2)
(69516257, 2)
(1218, 4)
(69573378, 1)
(1222, 3)
(69801862, 3)
(1223, 0)
(69858983, 0)
(1227, 4)
(70087467, 4)
(1228, 4)
(70144588, 4)
(1232, 1)
(70373072, 4)
(1233, 1)
(70430193, 4)
(1237, 4)
(70658677, 1)
(1238, 2)
(70715798, 3)
(1242, 3)
(70944282, 2)
(1243, 1)
(71001403, 1)
(1247, 4)
(71229887, 1)
(1248, 2)
(71287008, 3)
(1252, 0)
(71515492, 0)
(1253, 3)
(71572613, 3)
(1257, 0)
(71801097, 0)
(1258, 2)
(71858218, 3)
(1262, 4)
(72086702, 4)
(1263, 0)
(72143823, 0)
(1267, 1)
(72372307, 1)
(1268, 0)
(72429428, 0)
(1272, 0)
(72657912, 0)
(1273, 0)
(72715033, 0)
(1277, 4)
(72943517, 1)
(1278, 0)
(73000638, 0)
(1282, 3)
(73229122, 3)
(1283, 4)
(73286243, 4)
(1287, 0)
(73514727, 0)
(1288, 0)
(73571848, 0)
(1292, 3)
(73800332, 2)
(1293, 1)
(73857453, 1)
(1297, 2)
(74085937, 2)
(1298, 2)
(74143058, 3)
(1302, 4)
(74371542, 1)
(1303, 1)
(74428663, 1)
(1307, 1)
(74657147, 4)
(1308, 1)
(74714268, 1)
(1312, 3)
(74942752, 2)
(1313, 1)
(74999873, 4)
(1317, 0)
(75228357, 0)
(1318, 0)
(75285478, 0)
(1322, 3)
(75513962, 3)
(1323, 4)
(75571083, 4)
(1327, 0)
(75799567, 0)
(1328, 1)
(75856688, 1)
(1332, 0)
(76085172, 0)
(1333, 0)
(76142293, 0)
(1337, 4)
(76370777, 4)
(1338, 0)
(76427898, 0)
(1342, 0)
(76656382, 0)
(1343, 4)
(76713503, 1)
(1347, 1)
(76941987, 4)
(1348, 0)
(76999108, 0)
(1352, 0)
(77227592, 0)
(1353, 4)
(77284713, 1)
(1357, 1)
(77513197, 1)
(1358, 4)
(77570318, 4)
(1362, 1)
(77798802, 4)
(1363, 4)
(77855923, 1)
(1367, 0)
(78084407, 0)
(1368, 0)
(78141528, 0)
(1372, 1)
(78370012, 4)
(1373, 2)
(78427133, 3)
(1377, 1)
(78655617, 1)
(1378, 0)
(78712738, 0)
(1382, 2)
(78941222, 2)
(1383, 3)
(78998343, 2)
(1387, 4)
(79226827, 4)
(1388, 0)
(79283948, 0)
(1392, 4)
(79512432, 4)
(1393, 4)
(79569553, 4)
(1397, 4)
(79798037, 4)
(1398, 0)
(79855158, 0)
(1402, 1)
(80083642, 4)
(1403, 1)
(80140763, 4)
(1407, 1)
(80369247, 4)
(1408, 3)
(80426368, 3)
(1412, 0)
(80654852, 0)
(1413, 0)
(80711973, 0)
(1417, 1)
(80940457, 4)
(1418, 4)
(80997578, 1)
(1422, 1)
(81226062, 4)
(1423, 4)
(81283183, 1)
(1427, 0)
(81511667, 0)
(1428, 0)
(81568788, 0)
(1432, 0)
(81797272, 0)
(1433, 4)
(81854393, 1)
(1437, 4)
(82082877, 4)
(1438, 1)
(82139998, 1)
(1442, 1)
(82368482, 1)
(1443, 2)
(82425603, 2)
(1447, 2)
(82654087, 3)
(1448, 0)
(82711208, 0)
(1452, 2)
(82939692, 2)
(1453, 1)
(82996813, 4)
(1457, 4)
(83225297, 1)
(1458, 2)
(83282418, 2)
(1462, 4)
(83510902, 1)
(1463, 2)
(83568023, 2)
(1467, 0)
(83796507, 0)
(1468, 2)
(83853628, 2)
(1472, 4)
(84082112, 1)
(1473, 2)
(84139233, 3)
(1477, 1)
(84367717, 4)
(1478, 0)
(84424838, 0)
(1482, 1)
(84653322, 1)
(1483, 3)
(84710443, 3)
(1487, 3)
(84938927, 2)
(1488, 2)
(84996048, 2)
(1492, 0)
(85224532, 0)
(1493, 3)
(85281653, 2)
(1497, 0)
(85510137, 0)
(1498, 1)
(85567258, 1)
(1502, 1)
(85795742, 1)
(1503, 3)
(85852863, 2)
(1507, 4)
(86081347, 1)
(1508, 0)
(86138468, 0)
(1512, 0)
(86366952, 0)
(1513, 4)
(86424073, 1)
(1517, 3)
(86652557, 3)
(1518, 4)
(86709678, 1)
(1522, 0)
(86938162, 0)
(1523, 3)
(86995283, 2)
(1527, 1)
(87223767, 1)
(1528, 0)
(87280888, 0)
(1532, 4)
(87509372, 4)
(1533, 1)
(87566493, 1)
(1537, 1)
(87794977, 4)
(1538, 4)
(87852098, 1)
(1542, 0)
(88080582, 0)
(1543, 4)
(88137703, 4)
(1547, 2)
(88366187, 2)
(1548, 0)
(88423308, 0)
(1552, 3)
(88651792, 2)
(1553, 0)
(88708913, 0)
(1557, 2)
(88937397, 3)
(1558, 2)
(88994518, 2)
(1562, 2)
(89223002, 2)
(1563, 4)
(89280123, 1)
(1567, 0)
(89508607, 0)
(1568, 2)
(89565728, 2)
(1572, 0)
(89794212, 0)
(1573, 3)
(89851333, 2)
(1577, 3)
(90079817, 2)
(1578, 1)
(90136938, 1)
(1582, 4)
(90365422, 1)
(1583, 3)
(90422543, 2)
(1587, 0)
(90651027, 0)
(1588, 0)
(90708148, 0)
(1592, 0)
(90936632, 0)
(1593, 4)
(90993753, 1)
(1597, 4)
(91222237, 4)
(1598, 2)
(91279358, 3)
(1602, 0)
(91507842, 0)
(1603, 4)
(91564963, 4)
(1607, 3)
(91793447, 2)
(1608, 0)
(91850568, 0)
(1612, 4)
(92079052, 1)
(1613, 3)
(92136173, 2)
(1617, 3)
(92364657, 3)
(1618, 2)
(92421778, 3)
(1622, 0)
(92650262, 0)
(1623, 3)
(92707383, 2)
(1627, 2)
(92935867, 2)
(1628, 3)
(92992988, 2)
(1632, 3)
(93221472, 3)
(1633, 4)
(93278593, 1)
(1637, 3)
(93507077, 2)
(1638, 1)
(93564198, 1)
(1642, 1)
(93792682, 4)
(1643, 0)
(93849803, 0)
(1647, 3)
(94078287, 3)
(1648, 0)
(94135408, 0)
(1652, 0)
(94363892, 0)
(1653, 4)
(94421013, 1)
(1657, 1)
(94649497, 4)
(1658, 2)
(94706618, 3)
(1662, 0)
(94935102, 0)
(1663, 2)
(94992223, 3)
(1667, 3)
(95220707, 2)
(1668, 0)
(95277828, 0)
(1672, 0)
(95506312, 0)
(1673, 3)
(95563433, 0)
(1677, 1)
(95791917, 1)
(1678, 0)
(95849038, 0)
(1682, 4)
(96077522, 4)
(1683, 0)
(96134643, 0)
(1687, 2)
(96363127, 3)
(1688, 0)
(96420248, 0)
(1692, 0)
(96648732, 0)
(1693, 3)
(96705853, 3)
(1697, 3)
(96934337, 3)
(1698, 1)
(96991458, 1)
(1702, 0)
(97219942, 0)
(1703, 3)
(97277063, 3)
(1707, 0)
(97505547, 0)
(1708, 1)
(97562668, 4)
(1712, 4)
(97791152, 1)
(1713, 4)
(97848273, 4)
(1717, 1)
(98076757, 1)
(1718, 1)
(98133878, 1)
(1722, 1)
(98362362, 1)
(1723, 0)
(98419483, 0)
(1727, 4)
(98647967, 4)
(1728, 0)
(98705088, 0)
(1732, 0)
(98933572, 0)
(1733, 1)
(98990693, 1)
(1737, 0)
(99219177, 0)
(1738, 1)
(99276298, 4)
(1742, 1)
(99504782, 4)
(1743, 4)
(99561903, 1)
(1747, 0)
(99790387, 0)
(1748, 0)
(99847508, 0)
(1752, 0)
(100075992, 0)
(1753, 0)
(100133113, 0)
(1757, 3)
(100361597, 2)
(1758, 0)
(100418718, 0)
(1762, 1)
(100647202, 4)
(1763, 3)
(100704323, 3)
(1767, 3)
(100932807, 2)
(1768, 0)
(100989928, 0)
(1772, 0)
(101218412, 0)
(1773, 0)
(101275533, 0)
(1777, 4)
(101504017, 1)
(1778, 0)
(101561138, 0)
(1782, 1)
(101789622, 1)
(1783, 2)
(101846743, 2)
(1787, 2)
(102075227, 3)
(1788, 2)
(102132348, 3)
(1792, 1)
(102360832, 4)
(1793, 4)
(102417953, 4)
(1797, 4)
(102646437, 4)
(1798, 0)
(102703558, 0)
(1802, 3)
(102932042, 2)
(1803, 2)
(102989163, 3)
(1807, 3)
(103217647, 3)
(1808, 4)
(103274768, 4)
(1812, 0)
(103503252, 0)
(1813, 2)
(103560373, 3)
(1817, 0)
(103788857, 0)
(1818, 0)
(103845978, 0)
(1822, 4)
(104074462, 1)
(1823, 0)
(104131583, 0)
(1827, 2)
(104360067, 3)
(1828, 0)
(104417188, 0)
(1832, 0)
(104645672, 0)
(1833, 1)
(104702793, 1)
(1837, 4)
(104931277, 1)
(1838, 3)
(104988398, 3)
(1842, 4)
(105216882, 4)
(1843, 4)
(105274003, 4)
(1847, 2)
(105502487, 2)
(1848, 0)
(105559608, 0)
(1852, 4)
(105788092, 1)
(1853, 4)
(105845213, 4)
(1857, 0)
(106073697, 0)
(1858, 0)
(106130818, 0)
(1862, 3)
(106359302, 2)
(1863, 2)
(106416423, 3)
(1867, 0)
(106644907, 0)
(1868, 1)
(106702028, 4)
(1872, 0)
(106930512, 0)
(1873, 3)
(106987633, 3)
(1877, 4)
(107216117, 4)
(1878, 4)
(107273238, 1)
(1882, 2)
(107501722, 3)
(1883, 1)
(107558843, 4)
(1887, 0)
(107787327, 0)
(1888, 3)
(107844448, 2)
(1892, 0)
(108072932, 0)
(1893, 0)
(108130053, 0)
(1897, 1)
(108358537, 4)
(1898, 3)
(108415658, 3)
(1902, 4)
(108644142, 1)
(1903, 2)
(108701263, 3)
(1907, 3)
(108929747, 2)
(1908, 0)
(108986868, 0)
(1912, 0)
(109215352, 0)
(1913, 4)
(109272473, 4)
(1917, 2)
(109500957, 2)
(1918, 1)
(109558078, 1)
(1922, 2)
(109786562, 2)
(1923, 0)
(109843683, 0)
(1927, 2)
(110072167, 2)
(1928, 0)
(110129288, 0)
(1932, 3)
(110357772, 3)
(1933, 2)
(110414893, 3)
(1937, 3)
(110643377, 3)
(1938, 2)
(110700498, 3)
(1942, 3)
(110928982, 3)
(1943, 2)
(110986103, 2)
(1947, 3)
(111214587, 2)
(1948, 1)
(111271708, 1)
(1952, 0)
(111500192, 0)
(1953, 0)
(111557313, 0)
(1957, 1)
(111785797, 1)
(1958, 2)
(111842918, 3)
(1962, 0)
(112071402, 0)
(1963, 4)
(112128523, 4)
(1967, 4)
(112357007, 4)
(1968, 4)
(112414128, 1)
(1972, 0)
(112642612, 0)
(1973, 3)
(112699733, 3)
(1977, 1)
(112928217, 4)
(1978, 2)
(112985338, 2)
(1982, 1)
(113213822, 4)
(1983, 1)
(113270943, 1)
(1987, 2)
(113499427, 2)
(1988, 0)
(113556548, 0)
(1992, 0)
(113785032, 0)
(1993, 1)
(113842153, 1)
(1997, 2)
(114070637, 2)
(1998, 3)
(114127758, 2)
(2002, 4)
(114356242, 4)
(2003, 1)
(114413363, 1)
(2007, 0)
(114641847, 0)
(2008, 0)
(114698968, 0)
(2012, 2)
(114927452, 2)
(2013, 4)
(114984573, 4)
(2017, 2)
(115213057, 3)
(2018, 3)
(115270178, 2)
(2022, 1)
(115498662, 1)
(2023, 4)
(115555783, 1)
(2027, 1)
(115784267, 4)
(2028, 3)
(115841388, 3)
(2032, 0)
(116069872, 0)
(2033, 2)
(116126993, 2)
(2037, 4)
(116355477, 4)
(2038, 3)
(116412598, 2)
(2042, 0)
(116641082, 0)
(2043, 0)
(116698203, 0)
(2047, 2)
(116926687, 2)
(2048, 0)
(116983808, 0)
(2052, 0)
(117212292, 0)
(2053, 2)
(117269413, 3)
(2057, 4)
(117497897, 4)
(2058, 2)
(117555018, 3)
(2062, 3)
(117783502, 3)
(2063, 0)
(117840623, 0)
(2067, 3)
(118069107, 3)
(2068, 0)
(118126228, 0)
(2072, 0)
(118354712, 0)
(2073, 0)
(118411833, 0)
(2077, 1)
(118640317, 1)
(2078, 0)
(118697438, 0)
(2082, 1)
(118925922, 1)
(2083, 3)
(118983043, 2)
(2087, 0)
(119211527, 0)
(2088, 0)
(119268648, 0)
(2092, 0)
(119497132, 0)
(2093, 0)
(119554253, 0)
(2097, 1)
(119782737, 4)
(2098, 4)
(119839858, 4)
(2102, 4)
(120068342, 1)
(2103, 4)
(120125463, 1)
(2107, 4)
(120353947, 1)
(2108, 4)
(120411068, 4)
(2112, 4)
(120639552, 4)
(2113, 4)
(120696673, 4)
(2117, 1)
(120925157, 4)
(2118, 0)
(120982278, 0)
(2122, 2)
(121210762, 3)
(2123, 1)
(121267883, 1)
(2127, 2)
(121496367, 3)
(2128, 2)
(121553488, 2)
(2132, 0)
(121781972, 0)
(2133, 2)
(121839093, 3)
(2137, 1)
(122067577, 1)
(2138, 2)
(122124698, 2)
(2142, 0)
(122353182, 0)
(2143, 3)
(122410303, 2)
(2147, 4)
(122638787, 1)
(2148, 0)
(122695908, 0)
(2152, 0)
(122924392, 0)
(2153, 3)
(122981513, 3)
(2157, 4)
(123209997, 4)
(2158, 0)
(123267118, 0)
(2162, 4)
(123495602, 4)
(2163, 2)
(123552723, 2)
(2167, 2)
(123781207, 2)
(2168, 0)
(123838328, 0)
(2172, 4)
(124066812, 1)
(2173, 0)
(124123933, 0)
(2177, 0)
(124352417, 0)
(2178, 3)
(124409538, 3)
(2182, 3)
(124638022, 3)
(2183, 2)
(124695143, 2)
(2187, 0)
(124923627, 0)
(2188, 4)
(124980748, 1)
(2192, 1)
(125209232, 4)
(2193, 1)
(125266353, 4)
(2197, 3)
(125494837, 2)
(2198, 1)
(125551958, 4)
(2202, 0)
(125780442, 0)
(2203, 0)
(125837563, 0)
(2207, 1)
(126066047, 4)
(2208, 4)
(126123168, 1)
(2212, 0)
(126351652, 0)
(2213, 3)
(126408773, 3)
(2217, 3)
(126637257, 3)
(2218, 1)
(126694378, 1)
(2222, 3)
(126922862, 3)
(2223, 0)
(126979983, 0)
(2227, 1)
(127208467, 4)
(2228, 0)
(127265588, 0)
(2232, 0)
(127494072, 0)
(2233, 4)
(127551193, 1)
(2237, 0)
(127779677, 0)
(2238, 3)
(127836798, 3)
(2242, 4)
(128065282, 4)
(2243, 0)
(128122403, 0)
(2247, 0)
(128350887, 0)
(2248, 0)
(128408008, 0)
(2252, 3)
(128636492, 3)
(2253, 4)
(128693613, 4)
(2257, 4)
(128922097, 1)
(2258, 3)
(128979218, 2)
(2262, 1)
(129207702, 4)
(2263, 2)
(129264823, 3)
(2267, 1)
(129493307, 1)
(2268, 1)
(129550428, 4)
(2272, 3)
(129778912, 3)
(2273, 2)
(129836033, 2)
(2277, 0)
(130064517, 0)
(2278, 4)
(130121638, 4)
(2282, 0)
(130350122, 0)
(2283, 4)
(130407243, 4)
(2287, 1)
(130635727, 1)
(2288, 0)
(130692848, 0)
(2292, 0)
(130921332, 0)
(2293, 1)
(130978453, 1)
(2297, 0)
(131206937, 0)
(2298, 2)
(131264058, 2)
(2302, 4)
(131492542, 1)
(2303, 0)
(131549663, 0)
(2307, 3)
(131778147, 2)
(2308, 0)
(131835268, 0)
(2312, 0)
(132063752, 0)
(2313, 2)
(132120873, 2)
(2317, 4)
(132349357, 4)
(2318, 1)
(132406478, 4)
(2322, 3)
(132634962, 2)
(2323, 2)
(132692083, 3)
(2327, 2)
(132920567, 2)
(2328, 0)
(132977688, 0)
(2332, 1)
(133206172, 4)
(2333, 1)
(133263293, 1)
(2337, 2)
(133491777, 2)
(2338, 4)
(133548898, 4)
(2342, 3)
(133777382, 2)
(2343, 2)
(133834503, 2)
(2347, 0)
(134062987, 0)
(2348, 1)
(134120108, 1)
(2352, 2)
(134348592, 2)
(2353, 4)
(134405713, 4)
(2357, 2)
(134634197, 3)
(2358, 0)
(134691318, 0)
(2362, 4)
(134919802, 4)
(2363, 0)
(134976923, 0)
(2367, 1)
(135205407, 1)
(2368, 3)
(135262528, 2)
(2372, 0)
(135491012, 0)
(2373, 1)
(135548133, 4)
(2377, 1)
(135776617, 1)
(2378, 0)
(135833738, 0)
(2382, 2)
(136062222, 3)
(2383, 4)
(136119343, 4)
(2387, 2)
(136347827, 3)
(2388, 0)
(136404948, 0)
(2392, 0)
(136633432, 0)
(2393, 0)
(136690553, 0)
(2397, 2)
(136919037, 3)
(2398, 0)
(136976158, 0)
(2402, 0)
(137204642, 0)
(2403, 2)
(137261763, 3)
(2407, 0)
(137490247, 0)
(2408, 0)
(137547368, 0)
(2412, 0)
(137775852, 0)
(2413, 1)
(137832973, 4)
(2417, 1)
(138061457, 1)
(2418, 4)
(138118578, 1)
(2422, 0)
(138347062, 0)
(2423, 3)
(138404183, 3)
(2427, 4)
(138632667, 1)
(2428, 4)
(138689788, 1)
(2432, 1)
(138918272, 4)
(2433, 0)
(138975393, 0)
(2437, 3)
(139203877, 2)
(2438, 3)
(139260998, 3)
(2442, 3)
(139489482, 2)
(2443, 4)
(139546603, 1)
(2447, 3)
(139775087, 2)
(2448, 1)
(139832208, 1)
(2452, 0)
(140060692, 0)
(2453, 3)
(140117813, 2)
(2457, 2)
(140346297, 2)
(2458, 3)
(140403418, 3)
(2462, 3)
(140631902, 3)
(2463, 4)
(140689023, 1)
(2467, 2)
(140917507, 3)
(2468, 0)
(140974628, 0)
(2472, 0)
(141203112, 0)
(2473, 0)
(141260233, 0)
(2477, 3)
(141488717, 3)
(2478, 2)
(141545838, 2)
(2482, 1)
(141774322, 4)
(2483, 0)
(141831443, 0)
(2487, 0)
(142059927, 0)
(2488, 0)
(142117048, 0)
(2492, 4)
(142345532, 4)
(2493, 0)
(142402653, 0)
(2497, 3)
(142631137, 2)
(2498, 0)
(142688258, 0)
(2502, 3)
(142916742, 2)
(2503, 1)
(142973863, 1)
(2507, 4)
(143202347, 1)
(2508, 2)
(143259468, 3)
(2512, 2)
(143487952, 2)
(2513, 3)
(143545073, 2)
(2517, 4)
(143773557, 4)
(2518, 0)
(143830678, 0)
(2522, 4)
(144059162, 4)
(2523, 3)
(144116283, 3)
(2527, 4)
(144344767, 1)
(2528, 4)
(144401888, 1)
(2532, 0)
(144630372, 0)
(2533, 4)
(144687493, 1)
(2537, 0)
(144915977, 0)
(2538, 2)
(144973098, 3)
(2542, 4)
(145201582, 1)
(2543, 0)
(145258703, 0)
(2547, 0)
(145487187, 0)
(2548, 0)
(145544308, 0)
(2552, 0)
(145772792, 0)
(2553, 1)
(145829913, 1)
(2557, 3)
(146058397, 2)
(2558, 4)
(146115518, 1)
(2562, 1)
(146344002, 4)
(2563, 4)
(146401123, 1)
(2567, 1)
(146629607, 4)
(2568, 0)
(146686728, 0)
(2572, 1)
(146915212, 1)
(2573, 1)
(146972333, 1)
(2577, 0)
(147200817, 0)
(2578, 1)
(147257938, 4)
(2582, 0)
(147486422, 0)
(2583, 2)
(147543543, 2)
(2587, 3)
(147772027, 3)
(2588, 4)
(147829148, 4)
(2592, 3)
(148057632, 3)
(2593, 1)
(148114753, 4)
(2597, 4)
(148343237, 1)
(2598, 4)
(148400358, 1)
(2602, 4)
(148628842, 1)
(2603, 0)
(148685963, 0)
(2607, 2)
(148914447, 3)
(2608, 2)
(148971568, 2)
(2612, 0)
(149200052, 0)
(2613, 1)
(149257173, 4)
(2617, 2)
(149485657, 3)
(2618, 0)
(149542778, 0)
(2622, 1)
(149771262, 1)
(2623, 2)
(149828383, 3)
(2627, 2)
(150056867, 3)
(2628, 0)
(150113988, 0)
(2632, 0)
(150342472, 0)
(2633, 3)
(150399593, 3)
(2637, 4)
(150628077, 4)
(2638, 0)
(150685198, 0)
(2642, 3)
(150913682, 2)
(2643, 0)
(150970803, 0)
(2647, 0)
(151199287, 0)
(2648, 0)
(151256408, 0)
(2652, 2)
(151484892, 3)
(2653, 1)
(151542013, 1)
(2657, 2)
(151770497, 3)
(2658, 4)
(151827618, 4)
(2662, 1)
(152056102, 1)
(2663, 3)
(152113223, 3)
(2667, 3)
(152341707, 2)
(2668, 2)
(152398828, 3)
(2672, 4)
(152627312, 1)
(2673, 3)
(152684433, 3)
(2677, 2)
(152912917, 2)
(2678, 0)
(152970038, 0)
(2682, 0)
(153198522, 0)
(2683, 0)
(153255643, 0)
(2687, 4)
(153484127, 4)
(2688, 1)
(153541248, 4)
(2692, 0)
(153769732, 0)
(2693, 3)
(153826853, 3)
(2697, 4)
(154055337, 4)
(2698, 4)
(154112458, 1)
(2702, 2)
(154340942, 3)
(2703, 3)
(154398063, 2)
(2707, 2)
(154626547, 3)
(2708, 0)
(154683668, 0)
(2712, 0)
(154912152, 0)
(2713, 1)
(154969273, 4)
(2717, 2)
(155197757, 2)
(2718, 1)
(155254878, 4)
(2722, 0)
(155483362, 0)
(2723, 3)
(155540483, 2)
(2727, 0)
(155768967, 0)
(2728, 0)
(155826088, 0)
(2732, 0)
(156054572, 0)
(2733, 3)
(156111693, 2)
(2737, 1)
(156340177, 1)
(2738, 4)
(156397298, 4)
(2742, 3)
(156625782, 3)
(2743, 0)
(156682903, 0)
(2747, 3)
(156911387, 2)
(2748, 1)
(156968508, 4)
(2752, 0)
(157196992, 0)
(2753, 2)
(157254113, 2)
(2757, 4)
(157482597, 4)
(2758, 4)
(157539718, 1)
(2762, 4)
(157768202, 4)
(2763, 0)
(157825323, 0)
(2767, 4)
(158053807, 1)
(2768, 2)
(158110928, 3)
(2772, 0)
(158339412, 0)
(2773, 4)
(158396533, 4)
(2777, 0)
(158625017, 0)
(2778, 1)
(158682138, 4)
(2782, 2)
(158910622, 2)
(2783, 4)
(158967743, 1)
(2787, 1)
(159196227, 4)
(2788, 0)
(159253348, 0)
(2792, 0)
(159481832, 0)
(2793, 4)
(159538953, 1)
(2797, 3)
(159767437, 2)
(2798, 4)
(159824558, 4)
(2802, 1)
(160053042, 4)
(2803, 1)
(160110163, 1)
(2807, 3)
(160338647, 2)
(2808, 0)
(160395768, 0)
(2812, 3)
(160624252, 3)
(2813, 0)
(160681373, 0)
(2817, 0)
(160909857, 0)
(2818, 0)
(160966978, 0)
(2822, 2)
(161195462, 2)
(2823, 1)
(161252583, 4)
(2827, 3)
(161481067, 3)
(2828, 3)
(161538188, 2)
(2832, 3)
(161766672, 2)
(2833, 3)
(161823793, 3)
(2837, 1)
(162052277, 4)
(2838, 0)
(162109398, 0)
(2842, 2)
(162337882, 2)
(2843, 0)
(162395003, 0)
(2847, 3)
(162623487, 3)
(2848, 4)
(162680608, 1)
(2852, 0)
(162909092, 0)
(2853, 0)
(162966213, 0)
(2857, 0)
(163194697, 0)
(2858, 3)
(163251818, 2)
(2862, 2)
(163480302, 3)
(2863, 2)
(163537423, 3)
(2867, 2)
(163765907, 3)
(2868, 0)
(163823028, 0)
(2872, 0)
(164051512, 0)
(2873, 3)
(164108633, 3)
(2877, 0)
(164337117, 0)
(2878, 1)
(164394238, 1)
(2882, 1)
(164622722, 4)
(2883, 3)
(164679843, 3)
(2887, 0)
(164908327, 0)
(2888, 0)
(164965448, 0)
(2892, 3)
(165193932, 3)
(2893, 4)
(165251053, 4)
(2897, 1)
(165479537, 1)
(2898, 0)
(165536658, 0)
(2902, 2)
(165765142, 2)
(2903, 4)
(165822263, 1)
(2907, 2)
(166050747, 3)
(2908, 4)
(166107868, 4)
(2912, 4)
(166336352, 4)
(2913, 2)
(166393473, 2)
(2917, 2)
(166621957, 2)
(2918, 4)
(166679078, 4)
(2922, 1)
(166907562, 1)
(2923, 4)
(166964683, 4)
(2927, 4)
(167193167, 1)
(2928, 3)
(167250288, 3)
(2932, 0)
(167478772, 0)
(2933, 1)
(167535893, 4)
(2937, 4)
(167764377, 1)
(2938, 4)
(167821498, 1)
(2942, 0)
(168049982, 0)
(2943, 3)
(168107103, 3)
(2947, 3)
(168335587, 2)
(2948, 0)
(168392708, 0)
(2952, 0)
(168621192, 0)
(2953, 1)
(168678313, 1)
(2957, 4)
(168906797, 1)
(2958, 2)
(168963918, 2)
(2962, 4)
(169192402, 1)
(2963, 2)
(169249523, 3)
(2967, 1)
(169478007, 1)
(2968, 0)
(169535128, 0)
(2972, 2)
(169763612, 3)
(2973, 2)
(169820733, 3)
(2977, 4)
(170049217, 4)
(2978, 0)
(170106338, 0)
(2982, 1)
(170334822, 4)
(2983, 0)
(170391943, 0)
(2987, 0)
(170620427, 0)
(2988, 2)
(170677548, 2)
(2992, 1)
(170906032, 1)
(2993, 2)
(170963153, 2)
(2997, 4)
(171191637, 1)
(2998, 3)
(171248758, 2)
(3002, 4)
(171477242, 4)
(3003, 2)
(171534363, 2)
(3007, 0)
(171762847, 0)
(3008, 0)
(171819968, 0)
(3012, 0)
(172048452, 0)
(3013, 3)
(172105573, 3)
(3017, 3)
(172334057, 2)
(3018, 4)
(172391178, 4)
(3022, 2)
(172619662, 3)
(3023, 2)
(172676783, 2)
(3027, 2)
(172905267, 3)
(3028, 0)
(172962388, 0)
(3032, 0)
(173190872, 0)
(3033, 0)
(173247993, 0)
(3037, 3)
(173476477, 3)
(3038, 1)
(173533598, 1)
(3042, 0)
(173762082, 0)
(3043, 3)
(173819203, 2)
(3047, 2)
(174047687, 3)
(3048, 0)
(174104808, 0)
(3052, 3)
(174333292, 2)
(3053, 0)
(174390413, 0)
(3057, 3)
(174618897, 2)
(3058, 2)
(174676018, 3)
(3062, 4)
(174904502, 1)
(3063, 1)
(174961623, 4)
(3067, 2)
(175190107, 3)
(3068, 1)
(175247228, 1)
(3072, 4)
(175475712, 4)
(3073, 1)
(175532833, 4)
(3077, 4)
(175761317, 1)
(3078, 4)
(175818438, 1)
(3082, 0)
(176046922, 0)
(3083, 2)
(176104043, 3)
(3087, 0)
(176332527, 0)
(3088, 2)
(176389648, 2)
(3092, 0)
(176618132, 0)
(3093, 2)
(176675253, 2)
(3097, 3)
(176903737, 2)
(3098, 4)
(176960858, 1)
(3102, 1)
(177189342, 4)
(3103, 0)
(177246463, 0)
(3107, 3)
(177474947, 0)
(3108, 0)
(177532068, 0)
(3112, 0)
(177760552, 0)
(3113, 1)
(177817673, 1)
(3117, 0)
(178046157, 0)
(3118, 0)
(178103278, 0)
(3122, 3)
(178331762, 3)
(3123, 0)
(178388883, 0)
(3127, 1)
(178617367, 1)
(3128, 0)
(178674488, 0)
(3132, 3)
(178902972, 3)
(3133, 0)
(178960093, 0)
(3137, 1)
(179188577, 1)
(3138, 4)
(179245698, 4)
(3142, 0)
(179474182, 0)
(3143, 1)
(179531303, 1)
(3147, 0)
(179759787, 0)
(3148, 0)
(179816908, 0)
(3152, 0)
(180045392, 0)
(3153, 4)
(180102513, 1)
(3157, 4)
(180330997, 4)
(3158, 2)
(180388118, 2)
(3162, 0)
(180616602, 0)
(3163, 1)
(180673723, 4)
(3167, 2)
(180902207, 2)
(3168, 0)
(180959328, 0)
(3172, 0)
(181187812, 0)
(3173, 0)
(181244933, 0)
(3177, 3)
(181473417, 2)
(3178, 0)
(181530538, 0)
(3182, 2)
(181759022, 2)
(3183, 4)
(181816143, 1)
(3187, 2)
(182044627, 2)
(3188, 0)
(182101748, 0)
(3192, 0)
(182330232, 0)
(3193, 4)
(182387353, 1)
(3197, 4)
(182615837, 4)
(3198, 2)
(182672958, 2)
(3202, 1)
(182901442, 4)
(3203, 4)
(182958563, 4)
(3207, 3)
(183187047, 3)
(3208, 0)
(183244168, 0)
(3212, 0)
(183472652, 0)
(3213, 3)
(183529773, 2)
(3217, 1)
(183758257, 1)
(3218, 1)
(183815378, 4)
(3222, 0)
(184043862, 0)
(3223, 0)
(184100983, 0)
(3227, 4)
(184329467, 4)
(3228, 2)
(184386588, 2)
(3232, 2)
(184615072, 2)
(3233, 4)
(184672193, 1)
(3237, 2)
(184900677, 3)
(3238, 3)
(184957798, 2)
(3242, 3)
(185186282, 3)
(3243, 2)
(185243403, 2)
(3247, 3)
(185471887, 2)
(3248, 3)
(185529008, 2)
(3252, 0)
(185757492, 0)
(3253, 1)
(185814613, 4)
(3257, 1)
(186043097, 1)
(3258, 4)
(186100218, 1)
(3262, 3)
(186328702, 3)
(3263, 3)
(186385823, 2)
(3267, 4)
(186614307, 4)
(3268, 0)
(186671428, 0)
(3272, 0)
(186899912, 0)
(3273, 4)
(186957033, 4)
(3277, 3)
(187185517, 3)
(3278, 1)
(187242638, 4)
(3282, 0)
(187471122, 0)
(3283, 1)
(187528243, 1)
(3287, 1)
(187756727, 1)
(3288, 0)
(187813848, 0)
(3292, 3)
(188042332, 2)
(3293, 1)
(188099453, 1)
(3297, 0)
(188327937, 0)
(3298, 1)
(188385058, 4)
(3302, 1)
(188613542, 4)
(3303, 0)
(188670663, 0)
(3307, 4)
(188899147, 4)
(3308, 1)
(188956268, 1)
(3312, 1)
(189184752, 4)
(3313, 1)
(189241873, 4)
(3317, 1)
(189470357, 4)
(3318, 2)
(189527478, 2)
(3322, 4)
(189755962, 1)
(3323, 3)
(189813083, 3)
(3327, 4)
(190041567, 4)
(3328, 2)
(190098688, 3)
(3332, 0)
(190327172, 0)
(3333, 3)
(190384293, 3)
(3337, 4)
(190612777, 1)
(3338, 0)
(190669898, 0)
(3342, 4)
(190898382, 1)
(3343, 4)
(190955503, 1)
(3347, 1)
(191183987, 1)
(3348, 0)
(191241108, 0)
(3352, 0)
(191469592, 0)
(3353, 0)
(191526713, 0)
(3357, 0)
(191755197, 0)
(3358, 2)
(191812318, 2)
(3362, 4)
(192040802, 4)
(3363, 4)
(192097923, 4)
(3367, 0)
(192326407, 0)
(3368, 0)
(192383528, 0)
(3372, 2)
(192612012, 3)
(3373, 4)
(192669133, 4)
(3377, 3)
(192897617, 3)
(3378, 4)
(192954738, 4)
(3382, 0)
(193183222, 0)
(3383, 1)
(193240343, 4)
(3387, 2)
(193468827, 3)
(3388, 3)
(193525948, 2)
(3392, 1)
(193754432, 4)
(3393, 2)
(193811553, 3)
(3397, 0)
(194040037, 0)
(3398, 3)
(194097158, 2)
(3402, 3)
(194325642, 2)
(3403, 2)
(194382763, 3)
(3407, 3)
(194611247, 3)
(3408, 4)
(194668368, 4)
(3412, 0)
(194896852, 0)
(3413, 3)
(194953973, 3)
(3417, 4)
(195182457, 4)
(3418, 2)
(195239578, 2)
(3422, 3)
(195468062, 2)
(3423, 0)
(195525183, 0)
(3427, 1)
(195753667, 1)
(3428, 0)
(195810788, 0)
(3432, 0)
(196039272, 0)
(3433, 1)
(196096393, 1)
(3437, 2)
(196324877, 2)
(3438, 0)
(196381998, 0)
(3442, 0)
(196610482, 0)
(3443, 4)
(196667603, 1)
(3447, 4)
(196896087, 4)
(3448, 0)
(196953208, 0)
(3452, 2)
(197181692, 3)
(3453, 3)
(197238813, 2)
(3457, 3)
(197467297, 2)
(3458, 0)
(197524418, 0)
(3462, 3)
(197752902, 3)
(3463, 4)
(197810023, 1)
(3467, 4)
(198038507, 4)
(3468, 4)
(198095628, 4)
(3472, 1)
(198324112, 4)
(3473, 0)
(198381233, 0)
(3477, 2)
(198609717, 3)
(3478, 4)
(198666838, 4)
(3482, 4)
(198895322, 4)
(3483, 3)
(198952443, 2)
(3487, 2)
(199180927, 3)
(3488, 0)
(199238048, 0)
(3492, 0)
(199466532, 0)
(3493, 3)
(199523653, 3)
(3497, 2)
(199752137, 3)
(3498, 0)
(199809258, 0)
(3502, 4)
(200037742, 1)
(3503, 2)
(200094863, 2)
(3507, 3)
(200323347, 3)
(3508, 0)
(200380468, 0)
(3512, 0)
(200608952, 0)
(3513, 4)
(200666073, 1)
(3517, 0)
(200894557, 0)
(3518, 3)
(200951678, 2)
(3522, 3)
(201180162, 3)
(3523, 4)
(201237283, 1)
(3527, 0)
(201465767, 0)
(3528, 0)
(201522888, 0)
(3532, 1)
(201751372, 1)
(3533, 0)
(201808493, 0)
(3537, 3)
(202036977, 2)
(3538, 3)
(202094098, 3)
(3542, 2)
(202322582, 2)
(3543, 3)
(202379703, 3)
(3547, 4)
(202608187, 4)
(3548, 2)
(202665308, 2)
(3552, 4)
(202893792, 1)
(3553, 1)
(202950913, 4)
(3557, 4)
(203179397, 4)
(3558, 3)
(203236518, 2)
(3562, 2)
(203465002, 2)
(3563, 3)
(203522123, 2)
(3567, 0)
(203750607, 0)
(3568, 2)
(203807728, 3)
