(2, 4)
(43040642, 4)
(3, 3)
(64560963, 2)
(7, 4)
(150642247, 4)
(8, 0)
(172162568, 0)
(12, 4)
(258243852, 1)
(13, 3)
(279764173, 2)
(17, 4)
(365845457, 4)
(18, 3)
(387365778, 3)
(22, 3)
(473447062, 3)
(23, 3)
(494967383, 2)
(27, 3)
(581048667, 2)
(28, 3)
(602568988, 3)
(32, 2)
(688650272, 2)
(33, 1)
(710170593, 4)
(37, 2)
(796251877, 3)
(38, 1)
(817772198, 1)
(42, 1)
(903853482, 4)
(43, 4)
(925373803, 1)
(47, 0)
(1011455087, 0)
(48, 4)
(1032975408, 1)
(52, 0)
(1119056692, 0)
(53, 4)
(1140577013, 4)
(57, 4)
(1226658297, 1)
(58, 2)
(1248178618, 2)
(62, 2)
(1334259902, 3)
(63, 0)
(1355780223, 0)
(67, 1)
(1441861507, 4)
(68, 0)
(1463381828, 0)
(72, 0)
(1549463112, 0)
(73, 1)
(1570983433, 4)
(77, 3)
(1657064717, 3)
(78, 4)
(1678585038, 4)
(82, 1)
(1764666322, 4)
(83, 2)
(1786186643, 2)
(87, 4)
(1872267927, 1)
(88, 0)
(1893788248, 0)
(92, 1)
(1979869532, 4)
(93, 1)
(2001389853, 1)
(97, 4)
(2087471137, 1)
(98, 4)
(2108991458, 4)
(102, 1)
(2195072742, 4)
(103, 0)
(2216593063, 0)
(107, 3)
(2302674347, 3)
(108, 4)
(2324194668, 1)
(112, 4)
(2410275952, 4)
(113, 2)
(2431796273, 3)
(117, 0)
(2517877557, 0)
(118, 1)
(2539397878, 1)
(122, 0)
(2625479162, 0)
(123, 3)
(2646999483, 3)
(127, 0)
(2733080767, 0)
(128, 4)
(2754601088, 4)
(132, 0)
(2840682372, 0)
(133, 1)
(2862202693, 1)
(137, 3)
(2948283977, 3)
(138, 3)
(2969804298, 3)
(142, 1)
(3055885582, 4)
(143, 0)
(3077405903, 0)
(147, 4)
(3163487187, 1)
(148, 0)
(3185007508, 0)
(152, 0)
(3271088792, 0)
(153, 3)
(3292609113, 3)
(157, 1)
(3378690397, 1)
(158, 3)
(3400210718, 3)
(162, 1)
(3486292002, 1)
(163, 4)
(3507812323, 4)
(167, 4)
(3593893607, 1)
(168, 0)
(3615413928, 0)
(172, 2)
(3701495212, 3)
(173, 1)
(3723015533, 4)
(177, 4)
(3809096817, 1)
(178, 3)
(3830617138, 3)
(182, 3)
(3916698422, 2)
(183, 3)
(3938218743, 2)
(187, 2)
(4024300027, 2)
(188, 0)
(4045820348, 0)
(192, 0)
(4131901632, 0)
(193, 1)
(4153421953, 1)
(197, 0)
(4239503237, 0)
(198, 0)
(4261023558, 0)
(202, 4)
(4347104842, 1)
(203, 1)
(4368625163, 1)
(207, 1)
(4454706447, 4)
(208, 1)
(4476226768, 4)
(212, 0)
(4562308052, 0)
(213, 2)
(4583828373, 2)
(217, 3)
(4669909657, 2)
(218, 0)
(4691429978, 0)
(222, 3)
(4777511262, 3)
(223, 2)
(4799031583, 3)
(227, 0)
(4885112867, 0)
(228, 0)
(4906633188, 0)
(232, 0)
(4992714472, 0)
(233, 3)
(5014234793, 2)
(237, 2)
(5100316077, 3)
(238, 3)
(5121836398, 3)
(242, 4)
(5207917682, 4)
(243, 4)
(5229438003, 1)
(247, 4)
(5315519287, 1)
(248, 0)
(5337039608, 0)
(252, 0)
(5423120892, 0)
(253, 1)
(5444641213, 4)
(257, 1)
(5530722497, 1)
(258, 3)
(5552242818, 3)
(262, 4)
(5638324102, 4)
(263, 3)
(5659844423, 3)
(267, 2)
(5745925707, 3)
(268, 3)
(5767446028, 2)
(272, 3)
(5853527312, 3)
(273, 2)
(5875047633, 2)
(277, 1)
(5961128917, 1)
(278, 4)
(5982649238, 1)
(282, 2)
(6068730522, 3)
(283, 2)
(6090250843, 3)
(287, 1)
(6176332127, 4)
(288, 4)
(6197852448, 4)
(292, 0)
(6283933732, 0)
(293, 2)
(6305454053, 2)
(297, 1)
(6391535337, 4)
(298, 1)
(6413055658, 1)
(302, 3)
(6499136942, 3)
(303, 0)
(6520657263, 0)
(307, 3)
(6606738547, 3)
(308, 0)
(6628258868, 0)
(312, 0)
(6714340152, 0)
(313, 2)
(6735860473, 3)
(317, 0)
(6821941757, 0)
(318, 2)
(6843462078, 3)
(322, 2)
(6929543362, 3)
(323, 1)
(6951063683, 1)
(327, 3)
(7037144967, 2)
(328, 0)
(7058665288, 0)
(332, 1)
(7144746572, 1)
(333, 0)
(7166266893, 0)
(337, 3)
(7252348177, 3)
(338, 0)
(7273868498, 0)
(342, 2)
(7359949782, 2)
(343, 3)
(7381470103, 3)
(347, 0)
(7467551387, 0)
(348, 3)
(7489071708, 2)
(352, 4)
(7575152992, 4)
(353, 4)
(7596673313, 4)
(357, 3)
(7682754597, 2)
(358, 1)
(7704274918, 1)
(362, 2)
(7790356202, 2)
(363, 4)
(7811876523, 1)
(367, 1)
(7897957807, 1)
(368, 3)
(7919478128, 2)
(372, 0)
(8005559412, 0)
(373, 0)
(8027079733, 0)
(377, 1)
(8113161017, 4)
(378, 1)
(8134681338, 4)
(382, 2)
(8220762622, 2)
(383, 2)
(8242282943, 3)
(387, 0)
(8328364227, 0)
(388, 0)
(8349884548, 0)
(392, 0)
(8435965832, 0)
(393, 3)
(8457486153, 2)
(397, 1)
(8543567437, 4)
(398, 0)
(8565087758, 0)
(402, 4)
(8651169042, 4)
(403, 3)
(8672689363, 3)
(407, 4)
(8758770647, 1)
(408, 0)
(8780290968, 0)
(412, 0)
(8866372252, 0)
(413, 0)
(8887892573, 0)
(417, 2)
(8973973857, 2)
(418, 3)
(8995494178, 3)
(422, 0)
(9081575462, 0)
(423, 0)
(9103095783, 0)
(427, 2)
(9189177067, 2)
(428, 4)
(9210697388, 4)
(432, 4)
(9296778672, 1)
(433, 3)
(9318298993, 2)
(437, 0)
(9404380277, 0)
(438, 3)
(9425900598, 3)
(442, 2)
(9511981882, 3)
(443, 0)
(9533502203, 0)
(447, 1)
(9619583487, 4)
(448, 2)
(9641103808, 2)
(452, 0)
(9727185092, 0)
(453, 3)
(9748705413, 2)
(457, 3)
(9834786697, 2)
(458, 1)
(9856307018, 4)
(462, 2)
(9942388302, 3)
(463, 2)
(9963908623, 3)
(467, 2)
(10049989907, 3)
(468, 0)
(10071510228, 0)
(472, 0)
(10157591512, 0)
(473, 3)
(10179111833, 2)
(477, 3)
(10265193117, 3)
(478, 3)
(10286713438, 2)
(482, 0)
(10372794722, 0)
(483, 1)
(10394315043, 1)
(487, 3)
(10480396327, 2)
(488, 0)
(10501916648, 0)
(492, 4)
(10587997932, 4)
(493, 3)
(10609518253, 3)
(497, 4)
(10695599537, 1)
(498, 3)
(10717119858, 2)
(502, 1)
(10803201142, 4)
(503, 1)
(10824721463, 4)
(507, 1)
(10910802747, 4)
(508, 0)
(10932323068, 0)
(512, 4)
(11018404352, 4)
(513, 4)
(11039924673, 1)
(517, 2)
(11126005957, 2)
(518, 1)
(11147526278, 4)
(522, 0)
(11233607562, 0)
(523, 0)
(11255127883, 0)
(527, 2)
(11341209167, 3)
(528, 2)
(11362729488, 3)
(532, 0)
(11448810772, 0)
(533, 3)
(11470331093, 3)
(537, 2)
(11556412377, 3)
(538, 0)
(11577932698, 0)
(542, 1)
(11664013982, 4)
(543, 2)
(11685534303, 3)
(547, 3)
(11771615587, 2)
(548, 0)
(11793135908, 0)
(552, 0)
(11879217192, 0)
(553, 2)
(11900737513, 2)
(557, 3)
(11986818797, 3)
(558, 4)
(12008339118, 1)
(562, 2)
(12094420402, 2)
(563, 1)
(12115940723, 1)
(567, 3)
(12202022007, 3)
(568, 0)
(12223542328, 0)
(572, 0)
(12309623612, 0)
(573, 4)
(12331143933, 1)
(577, 3)
(12417225217, 3)
(578, 2)
(12438745538, 2)
(582, 4)
(12524826822, 4)
(583, 3)
(12546347143, 3)
(587, 2)
(12632428427, 3)
(588, 2)
(12653948748, 3)
(592, 4)
(12740030032, 1)
(593, 1)
(12761550353, 4)
(597, 2)
(12847631637, 2)
(598, 3)
(12869151958, 3)
(602, 1)
(12955233242, 4)
(603, 0)
(12976753563, 0)
(607, 2)
(13062834847, 3)
(608, 3)
(13084355168, 3)
(612, 0)
(13170436452, 0)
(613, 0)
(13191956773, 0)
(617, 2)
(13278038057, 3)
(618, 2)
(13299558378, 2)
(622, 3)
(13385639662, 3)
(623, 2)
(13407159983, 2)
(627, 4)
(13493241267, 1)
(628, 0)
(13514761588, 0)
(632, 0)
(13600842872, 0)
(633, 0)
(13622363193, 0)
(637, 4)
(13708444477, 1)
(638, 0)
(13729964798, 0)
(642, 4)
(13816046082, 1)
(643, 2)
(13837566403, 3)
(647, 2)
(13923647687, 3)
(648, 0)
(13945168008, 0)
(652, 2)
(14031249292, 2)
(653, 1)
(14052769613, 4)
(657, 0)
(14138850897, 0)
(658, 3)
(14160371218, 3)
(662, 3)
(14246452502, 2)
(663, 1)
(14267972823, 1)
(667, 4)
(14354054107, 1)
(668, 3)
(14375574428, 2)
(672, 3)
(14461655712, 2)
(673, 3)
(14483176033, 3)
(677, 0)
(14569257317, 0)
(678, 0)
(14590777638, 0)
(682, 3)
(14676858922, 2)
(683, 0)
(14698379243, 0)
(687, 3)
(14784460527, 3)
(688, 2)
(14805980848, 3)
(692, 0)
(14892062132, 0)
(693, 1)
(14913582453, 1)
(697, 3)
(14999663737, 2)
(698, 1)
(15021184058, 4)
(702, 4)
(15107265342, 4)
(703, 4)
(15128785663, 1)
(707, 1)
(15214866947, 4)
(708, 0)
(15236387268, 0)
(712, 0)
(15322468552, 0)
(713, 1)
(15343988873, 1)
(717, 1)
(15430070157, 1)
(718, 2)
(15451590478, 3)
(722, 1)
(15537671762, 1)
(723, 1)
(15559192083, 4)
(727, 2)
(15645273367, 2)
(728, 0)
(15666793688, 0)
(732, 1)
(15752874972, 4)
(733, 1)
(15774395293, 1)
(737, 0)
(15860476577, 0)
(738, 0)
(15881996898, 0)
(742, 2)
(15968078182, 2)
(743, 1)
(15989598503, 1)
(747, 4)
(16075679787, 4)
(748, 1)
(16097200108, 1)
(752, 0)
(16183281392, 0)
(753, 3)
(16204801713, 3)
(757, 0)
(16290882997, 0)
(758, 2)
(16312403318, 3)
(762, 3)
(16398484602, 2)
(763, 1)
(16420004923, 1)
(767, 3)
(16506086207, 2)
(768, 2)
(16527606528, 3)
(772, 0)
(16613687812, 0)
(773, 4)
(16635208133, 4)
(777, 1)
(16721289417, 1)
(778, 4)
(16742809738, 1)
(782, 1)
(16828891022, 4)
(783, 4)
(16850411343, 1)
(787, 0)
(16936492627, 0)
(788, 0)
(16958012948, 0)
(792, 0)
(17044094232, 0)
(793, 2)
(17065614553, 3)
(797, 0)
(17151695837, 0)
(798, 1)
(17173216158, 4)
(802, 3)
(17259297442, 3)
(803, 0)
(17280817763, 0)
(807, 1)
(17366899047, 4)
(808, 0)
(17388419368, 0)
(812, 3)
(17474500652, 3)
(813, 3)
(17496020973, 3)
(817, 2)
(17582102257, 3)
(818, 3)
(17603622578, 2)
(822, 0)
(17689703862, 0)
(823, 4)
(17711224183, 1)
(827, 2)
(17797305467, 3)
(828, 2)
(17818825788, 3)
(832, 2)
(17904907072, 3)
(833, 2)
(17926427393, 2)
(837, 1)
(18012508677, 1)
(838, 4)
(18034028998, 4)
(842, 4)
(18120110282, 1)
(843, 4)
(18141630603, 1)
(847, 4)
(18227711887, 4)
(848, 3)
(18249232208, 3)
(852, 0)
(18335313492, 0)
(853, 0)
(18356833813, 0)
(857, 2)
(18442915097, 2)
(858, 1)
(18464435418, 1)
(862, 2)
(18550516702, 3)
(863, 1)
(18572037023, 4)
(867, 3)
(18658118307, 2)
(868, 0)
(18679638628, 0)
(872, 0)
(18765719912, 0)
(873, 0)
(18787240233, 0)
(877, 0)
(18873321517, 0)
(878, 0)
(18894841838, 0)
(882, 3)
(18980923122, 3)
(883, 2)
(19002443443, 3)
(887, 1)
(19088524727, 1)
(888, 0)
(19110045048, 0)
(892, 4)
(19196126332, 1)
(893, 2)
(19217646653, 2)
(897, 1)
(19303727937, 4)
(898, 2)
(19325248258, 3)
(902, 2)
(19411329542, 3)
(903, 1)
(19432849863, 1)
(907, 3)
(19518931147, 3)
(908, 0)
(19540451468, 0)
(912, 3)
(19626532752, 2)
(913, 3)
(19648053073, 3)
(917, 0)
(19734134357, 0)
(918, 1)
(19755654678, 4)
(922, 2)
(19841735962, 3)
(923, 0)
(19863256283, 0)
(927, 0)
(19949337567, 0)
(928, 1)
(19970857888, 1)
(932, 0)
(20056939172, 0)
(933, 4)
(20078459493, 1)
(937, 0)
(20164540777, 0)
(938, 1)
(20186061098, 4)
(942, 3)
(20272142382, 2)
(943, 1)
(20293662703, 1)
(947, 0)
(20379743987, 0)
(948, 0)
(20401264308, 0)
(952, 0)
(20487345592, 0)
(953, 3)
(20508865913, 3)
(957, 1)
(20594947197, 4)
(958, 1)
(20616467518, 1)
(962, 2)
(20702548802, 2)
(963, 1)
(20724069123, 1)
(967, 4)
(20810150407, 4)
(968, 0)
(20831670728, 0)
(972, 2)
(20917752012, 3)
(973, 3)
(20939272333, 2)
(977, 0)
(21025353617, 0)
(978, 4)
(21046873938, 1)
(982, 0)
(21132955222, 0)
(983, 2)
(21154475543, 2)
(987, 3)
(21240556827, 2)
(988, 3)
(21262077148, 2)
(992, 1)
(21348158432, 4)
(993, 3)
(21369678753, 3)
(997, 4)
(21455760037, 1)
(998, 1)
(21477280358, 1)
(1002, 4)
(21563361642, 4)
(1003, 1)
(21584881963, 1)
(1007, 0)
(21670963247, 0)
(1008, 0)
(21692483568, 0)
(1012, 0)
(21778564852, 0)
(1013, 4)
(21800085173, 4)
(1017, 4)
(21886166457, 1)
(1018, 3)
(21907686778, 2)
(1022, 3)
(21993768062, 2)
(1023, 1)
(22015288383, 1)
(1027, 4)
(22101369667, 1)
(1028, 0)
(22122889988, 0)
(1032, 0)
(22208971272, 0)
(1033, 3)
(22230491593, 3)
(1037, 0)
(22316572877, 0)
(1038, 2)
(22338093198, 2)
(1042, 3)
(22424174482, 3)
(1043, 2)
(22445694803, 2)
(1047, 4)
(22531776087, 4)
(1048, 0)
(22553296408, 0)
(1052, 1)
(22639377692, 1)
(1053, 1)
(22660898013, 4)
(1057, 1)
(22746979297, 1)
(1058, 0)
(22768499618, 0)
(1062, 0)
(22854580902, 0)
(1063, 4)
(22876101223, 4)
(1067, 2)
(22962182507, 3)
(1068, 1)
(22983702828, 4)
(1072, 3)
(23069784112, 2)
(1073, 1)
(23091304433, 4)
(1077, 4)
(23177385717, 4)
(1078, 3)
(23198906038, 3)
(1082, 3)
(23284987322, 2)
(1083, 2)
(23306507643, 3)
(1087, 1)
(23392588927, 4)
(1088, 1)
(23414109248, 1)
(1092, 0)
(23500190532, 0)
(1093, 0)
(23521710853, 0)
(1097, 1)
(23607792137, 1)
(1098, 0)
(23629312458, 0)
(1102, 0)
(23715393742, 0)
(1103, 3)
(23736914063, 3)
(1107, 3)
(23822995347, 3)
(1108, 0)
(23844515668, 0)
(1112, 0)
(23930596952, 0)
(1113, 4)
(23952117273, 1)
(1117, 4)
(24038198557, 1)
(1118, 1)
(24059718878, 1)
(1122, 4)
(24145800162, 1)
(1123, 0)
(24167320483, 0)
(1127, 3)
(24253401767, 2)
(1128, 0)
(24274922088, 0)
(1132, 1)
(24361003372, 4)
(1133, 2)
(24382523693, 3)
(1137, 0)
(24468604977, 0)
(1138, 2)
(24490125298, 2)
(1142, 2)
(24576206582, 2)
(1143, 0)
(24597726903, 0)
(1147, 1)
(24683808187, 1)
(1148, 2)
(24705328508, 3)
(1152, 3)
(24791409792, 3)
(1153, 4)
(24812930113, 4)
(1157, 3)
(24899011397, 2)
(1158, 4)
(24920531718, 1)
(1162, 3)
(25006613002, 3)
(1163, 3)
(25028133323, 2)
(1167, 3)
(25114214607, 3)
(1168, 2)
(25135734928, 3)
(1172, 0)
(25221816212, 0)
(1173, 1)
(25243336533, 1)
(1177, 2)
(25329417817, 2)
(1178, 1)
(25350938138, 4)
(1182, 0)
(25437019422, 0)
(1183, 0)
(25458539743, 0)
(1187, 4)
(25544621027, 4)
(1188, 0)
(25566141348, 0)
(1192, 0)
(25652222632, 0)
(1193, 4)
(25673742953, 4)
(1197, 0)
(25759824237, 0)
(1198, 2)
(25781344558, 2)
(1202, 1)
(25867425842, 1)
(1203, 4)
(25888946163, 1)
(1207, 2)
(25975027447, 3)
(1208, 0)
(25996547768, 0)
(1212, 0)
(26082629052, 0)
(1213, 0)
(26104149373, 0)
(1217, 2)
(26190230657, 3)
(1218, 4)
(26211750978, 1)
(1222, 3)
(26297832262, 2)
(1223, 0)
(26319352583, 0)
(1227, 4)
(26405433867, 4)
(1228, 4)
(26426954188, 4)
(1232, 1)
(26513035472, 1)
(1233, 1)
(26534555793, 1)
(1237, 4)
(26620637077, 4)
(1238, 2)
(26642157398, 3)
(1242, 3)
(26728238682, 3)
(1243, 1)
(26749759003, 4)
(1247, 4)
(26835840287, 1)
(1248, 2)
(26857360608, 2)
(1252, 0)
(26943441892, 0)
(1253, 3)
(26964962213, 3)
(1257, 0)
(27051043497, 0)
(1258, 2)
(27072563818, 3)
(1262, 4)
(27158645102, 1)
(1263, 0)
(27180165423, 0)
(1267, 1)
(27266246707, 1)
(1268, 0)
(27287767028, 0)
(1272, 0)
(27373848312, 0)
(1273, 0)
(27395368633, 0)
(1277, 4)
(27481449917, 1)
(1278, 0)
(27502970238, 0)
(1282, 3)
(27589051522, 2)
(1283, 4)
(27610571843, 4)
(1287, 0)
(27696653127, 0)
(1288, 0)
(27718173448, 0)
(1292, 3)
(27804254732, 3)
(1293, 1)
(27825775053, 1)
(1297, 2)
(27911856337, 2)
(1298, 2)
(27933376658, 2)
(1302, 4)
(28019457942, 4)
(1303, 1)
(28040978263, 4)
(1307, 1)
(28127059547, 4)
(1308, 1)
(28148579868, 4)
(1312, 3)
(28234661152, 2)
(1313, 1)
(28256181473, 1)
(1317, 0)
(28342262757, 0)
(1318, 0)
(28363783078, 0)
(1322, 3)
(28449864362, 3)
(1323, 4)
(28471384683, 1)
(1327, 0)
(28557465967, 0)
(1328, 1)
(28578986288, 1)
(1332, 0)
(28665067572, 0)
(1333, 0)
(28686587893, 0)
(1337, 4)
(28772669177, 4)
(1338, 0)
(28794189498, 0)
(1342, 0)
(28880270782, 0)
(1343, 4)
(28901791103, 4)
(1347, 1)
(28987872387, 1)
(1348, 0)
(29009392708, 0)
(1352, 0)
(29095473992, 0)
(1353, 4)
(29116994313, 4)
(1357, 1)
(29203075597, 4)
(1358, 4)
(29224595918, 1)
(1362, 1)
(29310677202, 1)
(1363, 4)
(29332197523, 4)
(1367, 0)
(29418278807, 0)
(1368, 0)
(29439799128, 0)
(1372, 1)
(29525880412, 1)
(1373, 2)
(29547400733, 3)
(1377, 1)
(29633482017, 1)
(1378, 0)
(29655002338, 0)
(1382, 2)
(29741083622, 2)
(1383, 3)
(29762603943, 3)
(1387, 4)
(29848685227, 1)
(1388, 0)
(29870205548, 0)
(1392, 4)
(29956286832, 1)
(1393, 4)
(29977807153, 1)
(1397, 4)
(30063888437, 4)
(1398, 0)
(30085408758, 0)
(1402, 1)
(30171490042, 4)
(1403, 1)
(30193010363, 4)
(1407, 1)
(30279091647, 1)
(1408, 3)
(30300611968, 3)
(1412, 0)
(30386693252, 0)
(1413, 0)
(30408213573, 0)
(1417, 1)
(30494294857, 4)
(1418, 4)
(30515815178, 4)
(1422, 1)
(30601896462, 1)
(1423, 4)
(30623416783, 1)
(1427, 0)
(30709498067, 0)
(1428, 0)
(30731018388, 0)
(1432, 0)
(30817099672, 0)
(1433, 4)
(30838619993, 4)
(1437, 4)
(30924701277, 1)
(1438, 1)
(30946221598, 4)
(1442, 1)
(31032302882, 4)
(1443, 2)
(31053823203, 3)
(1447, 2)
(31139904487, 2)
(1448, 0)
(31161424808, 0)
(1452, 2)
(31247506092, 3)
(1453, 1)
(31269026413, 1)
(1457, 4)
(31355107697, 1)
(1458, 2)
(31376628018, 2)
(1462, 4)
(31462709302, 1)
(1463, 2)
(31484229623, 2)
(1467, 0)
(31570310907, 0)
(1468, 2)
(31591831228, 2)
(1472, 4)
(31677912512, 1)
(1473, 2)
(31699432833, 2)
(1477, 1)
(31785514117, 4)
(1478, 0)
(31807034438, 0)
(1482, 1)
(31893115722, 1)
(1483, 3)
(31914636043, 3)
(1487, 3)
(32000717327, 3)
(1488, 2)
(32022237648, 2)
(1492, 0)
(32108318932, 0)
(1493, 3)
(32129839253, 3)
(1497, 0)
(32215920537, 0)
(1498, 1)
(32237440858, 1)
(1502, 1)
(32323522142, 1)
(1503, 3)
(32345042463, 2)
(1507, 4)
(32431123747, 4)
(1508, 0)
(32452644068, 0)
(1512, 0)
(32538725352, 0)
(1513, 4)
(32560245673, 4)
(1517, 3)
(32646326957, 3)
(1518, 4)
(32667847278, 4)
(1522, 0)
(32753928562, 0)
(1523, 3)
(32775448883, 3)
(1527, 1)
(32861530167, 1)
(1528, 0)
(32883050488, 0)
(1532, 4)
(32969131772, 1)
(1533, 1)
(32990652093, 1)
(1537, 1)
(33076733377, 1)
(1538, 4)
(33098253698, 4)
(1542, 0)
(33184334982, 0)
(1543, 4)
(33205855303, 4)
(1547, 2)
(33291936587, 3)
(1548, 0)
(33313456908, 0)
(1552, 3)
(33399538192, 2)
(1553, 0)
(33421058513, 0)
(1557, 2)
(33507139797, 3)
(1558, 2)
(33528660118, 3)
(1562, 2)
(33614741402, 3)
(1563, 4)
(33636261723, 1)
(1567, 0)
(33722343007, 0)
(1568, 2)
(33743863328, 2)
(1572, 0)
(33829944612, 0)
(1573, 3)
(33851464933, 2)
(1577, 3)
(33937546217, 3)
(1578, 1)
(33959066538, 4)
(1582, 4)
(34045147822, 1)
(1583, 3)
(34066668143, 2)
(1587, 0)
(34152749427, 0)
(1588, 0)
(34174269748, 0)
(1592, 0)
(34260351032, 0)
(1593, 4)
(34281871353, 1)
(1597, 4)
(34367952637, 1)
(1598, 2)
(34389472958, 2)
(1602, 0)
(34475554242, 0)
(1603, 4)
(34497074563, 1)
(1607, 3)
(34583155847, 3)
(1608, 0)
(34604676168, 0)
(1612, 4)
(34690757452, 4)
(1613, 3)
(34712277773, 2)
(1617, 3)
(34798359057, 2)
(1618, 2)
(34819879378, 2)
(1622, 0)
(34905960662, 0)
(1623, 3)
(34927480983, 3)
(1627, 2)
(35013562267, 3)
(1628, 3)
(35035082588, 2)
(1632, 3)
(35121163872, 2)
(1633, 4)
(35142684193, 4)
(1637, 3)
(35228765477, 2)
(1638, 1)
(35250285798, 4)
(1642, 1)
(35336367082, 1)
(1643, 0)
(35357887403, 0)
(1647, 3)
(35443968687, 2)
(1648, 0)
(35465489008, 0)
(1652, 0)
(35551570292, 0)
(1653, 4)
(35573090613, 1)
(1657, 1)
(35659171897, 4)
(1658, 2)
(35680692218, 2)
(1662, 0)
(35766773502, 0)
(1663, 2)
(35788293823, 3)
(1667, 3)
(35874375107, 2)
(1668, 0)
(35895895428, 0)
(1672, 0)
(35981976712, 0)
(1673, 3)
(36003497033, 2)
(1677, 1)
(36089578317, 4)
(1678, 0)
(36111098638, 0)
(1682, 4)
(36197179922, 4)
(1683, 0)
(36218700243, 0)
(1687, 2)
(36304781527, 2)
(1688, 0)
(36326301848, 0)
(1692, 0)
(36412383132, 0)
(1693, 3)
(36433903453, 2)
(1697, 3)
(36519984737, 3)
(1698, 1)
(36541505058, 1)
(1702, 0)
(36627586342, 0)
(1703, 3)
(36649106663, 2)
(1707, 0)
(36735187947, 0)
(1708, 1)
(36756708268, 1)
(1712, 4)
(36842789552, 4)
(1713, 4)
(36864309873, 1)
(1717, 1)
(36950391157, 4)
(1718, 1)
(36971911478, 1)
(1722, 1)
(37057992762, 1)
(1723, 0)
(37079513083, 0)
(1727, 4)
(37165594367, 4)
(1728, 0)
(37187114688, 0)
(1732, 0)
(37273195972, 0)
(1733, 1)
(37294716293, 4)
(1737, 0)
(37380797577, 0)
(1738, 1)
(37402317898, 1)
(1742, 1)
(37488399182, 1)
(1743, 4)
(37509919503, 1)
(1747, 0)
(37596000787, 0)
(1748, 0)
(37617521108, 0)
(1752, 0)
(37703602392, 0)
(1753, 0)
(37725122713, 0)
(1757, 3)
(37811203997, 2)
(1758, 0)
(37832724318, 0)
(1762, 1)
(37918805602, 1)
(1763, 3)
(37940325923, 3)
(1767, 3)
(38026407207, 3)
(1768, 0)
(38047927528, 0)
(1772, 0)
(38134008812, 0)
(1773, 0)
(38155529133, 0)
(1777, 4)
(38241610417, 4)
(1778, 0)
(38263130738, 0)
(1782, 1)
(38349212022, 1)
(1783, 2)
(38370732343, 2)
(1787, 2)
(38456813627, 3)
(1788, 2)
(38478333948, 3)
(1792, 1)
(38564415232, 1)
(1793, 4)
(38585935553, 4)
(1797, 4)
(38672016837, 1)
(1798, 0)
(38693537158, 0)
(1802, 3)
(38779618442, 3)
(1803, 2)
(38801138763, 3)
(1807, 3)
(38887220047, 3)
(1808, 4)
(38908740368, 1)
(1812, 0)
(38994821652, 0)
(1813, 2)
(39016341973, 3)
(1817, 0)
(39102423257, 0)
(1818, 0)
(39123943578, 0)
(1822, 4)
(39210024862, 4)
(1823, 0)
(39231545183, 0)
(1827, 2)
(39317626467, 2)
(1828, 0)
(39339146788, 0)
(1832, 0)
(39425228072, 0)
(1833, 1)
(39446748393, 1)
(1837, 4)
(39532829677, 1)
(1838, 3)
(39554349998, 2)
(1842, 4)
(39640431282, 1)
(1843, 4)
(39661951603, 1)
(1847, 2)
(39748032887, 2)
(1848, 0)
(39769553208, 0)
(1852, 4)
(39855634492, 1)
(1853, 4)
(39877154813, 4)
(1857, 0)
(39963236097, 0)
(1858, 0)
(39984756418, 0)
(1862, 3)
(40070837702, 3)
(1863, 2)
(40092358023, 3)
(1867, 0)
(40178439307, 0)
(1868, 1)
(40199959628, 4)
(1872, 0)
(40286040912, 0)
(1873, 3)
(40307561233, 2)
(1877, 4)
(40393642517, 4)
(1878, 4)
(40415162838, 4)
(1882, 2)
(40501244122, 3)
(1883, 1)
(40522764443, 1)
(1887, 0)
(40608845727, 0)
(1888, 3)
(40630366048, 3)
(1892, 0)
(40716447332, 0)
(1893, 0)
(40737967653, 0)
(1897, 1)
(40824048937, 4)
(1898, 3)
(40845569258, 3)
(1902, 4)
(40931650542, 4)
(1903, 2)
(40953170863, 3)
(1907, 3)
(41039252147, 3)
(1908, 0)
(41060772468, 0)
(1912, 0)
(41146853752, 0)
(1913, 4)
(41168374073, 1)
(1917, 2)
(41254455357, 2)
(1918, 1)
(41275975678, 1)
(1922, 2)
(41362056962, 2)
(1923, 0)
(41383577283, 0)
(1927, 2)
(41469658567, 3)
(1928, 0)
(41491178888, 0)
(1932, 3)
(41577260172, 3)
(1933, 2)
(41598780493, 3)
(1937, 3)
(41684861777, 2)
(1938, 2)
(41706382098, 3)
(1942, 3)
(41792463382, 2)
(1943, 2)
(41813983703, 3)
(1947, 3)
(41900064987, 2)
(1948, 1)
(41921585308, 4)
(1952, 0)
(42007666592, 0)
(1953, 0)
(42029186913, 0)
(1957, 1)
(42115268197, 4)
(1958, 2)
(42136788518, 2)
(1962, 0)
(42222869802, 0)
(1963, 4)
(42244390123, 1)
(1967, 4)
(42330471407, 4)
(1968, 4)
(42351991728, 4)
(1972, 0)
(42438073012, 0)
(1973, 3)
(42459593333, 2)
(1977, 1)
(42545674617, 4)
(1978, 2)
(42567194938, 2)
(1982, 1)
(42653276222, 1)
(1983, 1)
(42674796543, 4)
(1987, 2)
(42760877827, 3)
(1988, 0)
(42782398148, 0)
(1992, 0)
(42868479432, 0)
(1993, 1)
(42889999753, 1)
(1997, 2)
(42976081037, 3)
(1998, 3)
(42997601358, 3)
(2002, 4)
(43083682642, 1)
(2003, 1)
(43105202963, 4)
(2007, 0)
(43191284247, 0)
(2008, 0)
(43212804568, 0)
(2012, 2)
(43298885852, 3)
(2013, 4)
(43320406173, 1)
(2017, 2)
(43406487457, 3)
(2018, 3)
(43428007778, 3)
(2022, 1)
(43514089062, 4)
(2023, 4)
(43535609383, 4)
(2027, 1)
(43621690667, 1)
(2028, 3)
(43643210988, 2)
(2032, 0)
(43729292272, 0)
(2033, 2)
(43750812593, 2)
(2037, 4)
(43836893877, 4)
(2038, 3)
(43858414198, 2)
(2042, 0)
(43944495482, 0)
(2043, 0)
(43966015803, 0)
(2047, 2)
(44052097087, 3)
(2048, 0)
(44073617408, 0)
(2052, 0)
(44159698692, 0)
(2053, 2)
(44181219013, 3)
(2057, 4)
(44267300297, 4)
(2058, 2)
(44288820618, 3)
(2062, 3)
(44374901902, 3)
(2063, 0)
(44396422223, 0)
(2067, 3)
(44482503507, 3)
(2068, 0)
(44504023828, 0)
(2072, 0)
(44590105112, 0)
(2073, 0)
(44611625433, 0)
(2077, 1)
(44697706717, 1)
(2078, 0)
(44719227038, 0)
(2082, 1)
(44805308322, 4)
(2083, 3)
(44826828643, 3)
(2087, 0)
(44912909927, 0)
(2088, 0)
(44934430248, 0)
(2092, 0)
(45020511532, 0)
(2093, 0)
(45042031853, 0)
(2097, 1)
(45128113137, 4)
(2098, 4)
(45149633458, 4)
(2102, 4)
(45235714742, 4)
(2103, 4)
(45257235063, 4)
(2107, 4)
(45343316347, 1)
(2108, 4)
(45364836668, 1)
(2112, 4)
(45450917952, 1)
(2113, 4)
(45472438273, 1)
(2117, 1)
(45558519557, 4)
(2118, 0)
(45580039878, 0)
(2122, 2)
(45666121162, 3)
(2123, 1)
(45687641483, 1)
(2127, 2)
(45773722767, 3)
(2128, 2)
(45795243088, 2)
(2132, 0)
(45881324372, 0)
(2133, 2)
(45902844693, 3)
(2137, 1)
(45988925977, 1)
(2138, 2)
(46010446298, 2)
(2142, 0)
(46096527582, 0)
(2143, 3)
(46118047903, 2)
(2147, 4)
(46204129187, 1)
(2148, 0)
(46225649508, 0)
(2152, 0)
(46311730792, 0)
(2153, 3)
(46333251113, 3)
(2157, 4)
(46419332397, 4)
(2158, 0)
(46440852718, 0)
(2162, 4)
(46526934002, 1)
(2163, 2)
(46548454323, 2)
(2167, 2)
(46634535607, 3)
(2168, 0)
(46656055928, 0)
(2172, 4)
(46742137212, 1)
(2173, 0)
(46763657533, 0)
(2177, 0)
(46849738817, 0)
(2178, 3)
(46871259138, 3)
(2182, 3)
(46957340422, 2)
(2183, 2)
(46978860743, 3)
(2187, 0)
(47064942027, 0)
(2188, 4)
(47086462348, 1)
(2192, 1)
(47172543632, 1)
(2193, 1)
(47194063953, 1)
(2197, 3)
(47280145237, 2)
(2198, 1)
(47301665558, 1)
(2202, 0)
(47387746842, 0)
(2203, 0)
(47409267163, 0)
(2207, 1)
(47495348447, 4)
(2208, 4)
(47516868768, 4)
(2212, 0)
(47602950052, 0)
(2213, 3)
(47624470373, 2)
(2217, 3)
(47710551657, 3)
(2218, 1)
(47732071978, 4)
(2222, 3)
(47818153262, 2)
(2223, 0)
(47839673583, 0)
(2227, 1)
(47925754867, 1)
(2228, 0)
(47947275188, 0)
(2232, 0)
(48033356472, 0)
(2233, 4)
(48054876793, 4)
(2237, 0)
(48140958077, 0)
(2238, 3)
(48162478398, 2)
(2242, 4)
(48248559682, 4)
(2243, 0)
(48270080003, 0)
(2247, 0)
(48356161287, 0)
(2248, 0)
(48377681608, 0)
(2252, 3)
(48463762892, 3)
(2253, 4)
(48485283213, 1)
(2257, 4)
(48571364497, 1)
(2258, 3)
(48592884818, 2)
(2262, 1)
(48678966102, 1)
(2263, 2)
(48700486423, 2)
(2267, 1)
(48786567707, 1)
(2268, 1)
(48808088028, 1)
(2272, 3)
(48894169312, 2)
(2273, 2)
(48915689633, 3)
(2277, 0)
(49001770917, 0)
(2278, 4)
(49023291238, 1)
(2282, 0)
(49109372522, 0)
(2283, 4)
(49130892843, 4)
(2287, 1)
(49216974127, 1)
(2288, 0)
(49238494448, 0)
(2292, 0)
(49324575732, 0)
(2293, 1)
(49346096053, 4)
(2297, 0)
(49432177337, 0)
(2298, 2)
(49453697658, 2)
(2302, 4)
(49539778942, 1)
(2303, 0)
(49561299263, 0)
(2307, 3)
(49647380547, 2)
(2308, 0)
(49668900868, 0)
(2312, 0)
(49754982152, 0)
(2313, 2)
(49776502473, 2)
(2317, 4)
(49862583757, 1)
(2318, 1)
(49884104078, 1)
(2322, 3)
(49970185362, 3)
(2323, 2)
(49991705683, 2)
(2327, 2)
(50077786967, 3)
(2328, 0)
(50099307288, 0)
(2332, 1)
(50185388572, 1)
(2333, 1)
(50206908893, 4)
(2337, 2)
(50292990177, 2)
(2338, 4)
(50314510498, 1)
(2342, 3)
(50400591782, 3)
(2343, 2)
(50422112103, 2)
(2347, 0)
(50508193387, 0)
(2348, 1)
(50529713708, 4)
(2352, 2)
(50615794992, 3)
(2353, 4)
(50637315313, 1)
(2357, 2)
(50723396597, 3)
(2358, 0)
(50744916918, 0)
(2362, 4)
(50830998202, 4)
(2363, 0)
(50852518523, 0)
(2367, 1)
(50938599807, 1)
(2368, 3)
(50960120128, 2)
(2372, 0)
(51046201412, 0)
(2373, 1)
(51067721733, 1)
(2377, 1)
(51153803017, 4)
(2378, 0)
(51175323338, 0)
(2382, 2)
(51261404622, 2)
(2383, 4)
(51282924943, 4)
(2387, 2)
(51369006227, 3)
(2388, 0)
(51390526548, 0)
(2392, 0)
(51476607832, 0)
(2393, 0)
(51498128153, 0)
(2397, 2)
(51584209437, 3)
(2398, 0)
(51605729758, 0)
(2402, 0)
(51691811042, 0)
(2403, 2)
(51713331363, 3)
(2407, 0)
(51799412647, 0)
(2408, 0)
(51820932968, 0)
(2412, 0)
(51907014252, 0)
(2413, 1)
(51928534573, 1)
(2417, 1)
(52014615857, 1)
(2418, 4)
(52036136178, 1)
(2422, 0)
(52122217462, 0)
(2423, 3)
(52143737783, 2)
(2427, 4)
(52229819067, 1)
(2428, 4)
(52251339388, 1)
(2432, 1)
(52337420672, 1)
(2433, 0)
(52358940993, 0)
(2437, 3)
(52445022277, 3)
(2438, 3)
(52466542598, 2)
(2442, 3)
(52552623882, 3)
(2443, 4)
(52574144203, 1)
(2447, 3)
(52660225487, 2)
(2448, 1)
(52681745808, 1)
(2452, 0)
(52767827092, 0)
(2453, 3)
(52789347413, 2)
(2457, 2)
(52875428697, 2)
(2458, 3)
(52896949018, 3)
(2462, 3)
(52983030302, 2)
(2463, 4)
(53004550623, 1)
(2467, 2)
(53090631907, 2)
(2468, 0)
(53112152228, 0)
(2472, 0)
(53198233512, 0)
(2473, 0)
(53219753833, 0)
(2477, 3)
(53305835117, 3)
(2478, 2)
(53327355438, 3)
(2482, 1)
(53413436722, 4)
(2483, 0)
(53434957043, 0)
(2487, 0)
(53521038327, 0)
(2488, 0)
(53542558648, 0)
(2492, 4)
(53628639932, 4)
(2493, 0)
(53650160253, 0)
(2497, 3)
(53736241537, 2)
(2498, 0)
(53757761858, 0)
(2502, 3)
(53843843142, 2)
(2503, 1)
(53865363463, 1)
(2507, 4)
(53951444747, 1)
(2508, 2)
(53972965068, 3)
(2512, 2)
(54059046352, 2)
(2513, 3)
(54080566673, 2)
(2517, 4)
(54166647957, 4)
(2518, 0)
(54188168278, 0)
(2522, 4)
(54274249562, 4)
(2523, 3)
(54295769883, 2)
(2527, 4)
(54381851167, 4)
(2528, 4)
(54403371488, 4)
(2532, 0)
(54489452772, 0)
(2533, 4)
(54510973093, 4)
(2537, 0)
(54597054377, 0)
(2538, 2)
(54618574698, 3)
(2542, 4)
(54704655982, 4)
(2543, 0)
(54726176303, 0)
(2547, 0)
(54812257587, 0)
(2548, 0)
(54833777908, 0)
(2552, 0)
(54919859192, 0)
(2553, 1)
(54941379513, 4)
(2557, 3)
(55027460797, 3)
(2558, 4)
(55048981118, 4)
(2562, 1)
(55135062402, 4)
(2563, 4)
(55156582723, 1)
(2567, 1)
(55242664007, 1)
(2568, 0)
(55264184328, 0)
(2572, 1)
(55350265612, 4)
(2573, 1)
(55371785933, 4)
(2577, 0)
(55457867217, 0)
(2578, 1)
(55479387538, 1)
(2582, 0)
(55565468822, 0)
(2583, 2)
(55586989143, 3)
(2587, 3)
(55673070427, 3)
(2588, 4)
(55694590748, 1)
(2592, 3)
(55780672032, 3)
(2593, 1)
(55802192353, 4)
(2597, 4)
(55888273637, 4)
(2598, 4)
(55909793958, 4)
(2602, 4)
(55995875242, 1)
(2603, 0)
(56017395563, 0)
(2607, 2)
(56103476847, 3)
(2608, 2)
(56124997168, 2)
(2612, 0)
(56211078452, 0)
(2613, 1)
(56232598773, 4)
(2617, 2)
(56318680057, 2)
(2618, 0)
(56340200378, 0)
(2622, 1)
(56426281662, 1)
(2623, 2)
(56447801983, 3)
(2627, 2)
(56533883267, 2)
(2628, 0)
(56555403588, 0)
(2632, 0)
(56641484872, 0)
(2633, 3)
(56663005193, 2)
(2637, 4)
(56749086477, 4)
(2638, 0)
(56770606798, 0)
(2642, 3)
(56856688082, 3)
(2643, 0)
(56878208403, 0)
(2647, 0)
(56964289687, 0)
(2648, 0)
(56985810008, 0)
(2652, 2)
(57071891292, 2)
(2653, 1)
(57093411613, 4)
(2657, 2)
(57179492897, 3)
(2658, 4)
(57201013218, 4)
(2662, 1)
(57287094502, 1)
(2663, 3)
(57308614823, 3)
(2667, 3)
(57394696107, 2)
(2668, 2)
(57416216428, 3)
(2672, 4)
(57502297712, 1)
(2673, 3)
(57523818033, 2)
(2677, 2)
(57609899317, 3)
(2678, 0)
(57631419638, 0)
(2682, 0)
(57717500922, 0)
(2683, 0)
(57739021243, 0)
(2687, 4)
(57825102527, 1)
(2688, 1)
(57846622848, 4)
(2692, 0)
(57932704132, 0)
(2693, 3)
(57954224453, 3)
(2697, 4)
(58040305737, 4)
(2698, 4)
(58061826058, 1)
(2702, 2)
(58147907342, 2)
(2703, 3)
(58169427663, 2)
(2707, 2)
(58255508947, 3)
(2708, 0)
(58277029268, 0)
(2712, 0)
(58363110552, 0)
(2713, 1)
(58384630873, 4)
(2717, 2)
(58470712157, 3)
(2718, 1)
(58492232478, 1)
(2722, 0)
(58578313762, 0)
(2723, 3)
(58599834083, 2)
(2727, 0)
(58685915367, 0)
(2728, 0)
(58707435688, 0)
(2732, 0)
(58793516972, 0)
(2733, 3)
(58815037293, 2)
(2737, 1)
(58901118577, 4)
(2738, 4)
(58922638898, 4)
(2742, 3)
(59008720182, 3)
(2743, 0)
(59030240503, 0)
(2747, 3)
(59116321787, 3)
(2748, 1)
(59137842108, 1)
(2752, 0)
(59223923392, 0)
(2753, 2)
(59245443713, 3)
(2757, 4)
(59331524997, 4)
(2758, 4)
(59353045318, 1)
(2762, 4)
(59439126602, 1)
(2763, 0)
(59460646923, 0)
(2767, 4)
(59546728207, 4)
(2768, 2)
(59568248528, 3)
(2772, 0)
(59654329812, 0)
(2773, 4)
(59675850133, 4)
(2777, 0)
(59761931417, 0)
(2778, 1)
(59783451738, 1)
(2782, 2)
(59869533022, 3)
(2783, 4)
(59891053343, 1)
(2787, 1)
(59977134627, 1)
(2788, 0)
(59998654948, 0)
(2792, 0)
(60084736232, 0)
(2793, 4)
(60106256553, 1)
(2797, 3)
(60192337837, 3)
(2798, 4)
(60213858158, 1)
(2802, 1)
(60299939442, 1)
(2803, 1)
(60321459763, 1)
(2807, 3)
(60407541047, 3)
(2808, 0)
(60429061368, 0)
(2812, 3)
(60515142652, 2)
(2813, 0)
(60536662973, 0)
(2817, 0)
(60622744257, 0)
(2818, 0)
(60644264578, 0)
(2822, 2)
(60730345862, 2)
(2823, 1)
(60751866183, 1)
(2827, 3)
(60837947467, 3)
(2828, 3)
(60859467788, 2)
(2832, 3)
(60945549072, 2)
(2833, 3)
(60967069393, 2)
(2837, 1)
(61053150677, 4)
(2838, 0)
(61074670998, 0)
(2842, 2)
(61160752282, 2)
(2843, 0)
(61182272603, 0)
(2847, 3)
(61268353887, 2)
(2848, 4)
(61289874208, 4)
(2852, 0)
(61375955492, 0)
(2853, 0)
(61397475813, 0)
(2857, 0)
(61483557097, 0)
(2858, 3)
(61505077418, 3)
(2862, 2)
(61591158702, 3)
(2863, 2)
(61612679023, 3)
(2867, 2)
(61698760307, 2)
(2868, 0)
(61720280628, 0)
(2872, 0)
(61806361912, 0)
(2873, 3)
(61827882233, 3)
(2877, 0)
(61913963517, 0)
(2878, 1)
(61935483838, 4)
(2882, 1)
(62021565122, 1)
(2883, 3)
(62043085443, 2)
(2887, 0)
(62129166727, 0)
(2888, 0)
(62150687048, 0)
(2892, 3)
(62236768332, 2)
(2893, 4)
(62258288653, 4)
(2897, 1)
(62344369937, 4)
(2898, 0)
(62365890258, 0)
(2902, 2)
(62451971542, 3)
(2903, 4)
(62473491863, 4)
(2907, 2)
(62559573147, 2)
(2908, 4)
(62581093468, 4)
(2912, 4)
(62667174752, 1)
(2913, 2)
(62688695073, 2)
(2917, 2)
(62774776357, 3)
(2918, 4)
(62796296678, 4)
(2922, 1)
(62882377962, 1)
(2923, 4)
(62903898283, 1)
(2927, 4)
(62989979567, 1)
(2928, 3)
(63011499888, 2)
(2932, 0)
(63097581172, 0)
(2933, 1)
(63119101493, 1)
(2937, 4)
(63205182777, 1)
(2938, 4)
(63226703098, 4)
(2942, 0)
(63312784382, 0)
(2943, 3)
(63334304703, 2)
(2947, 3)
(63420385987, 2)
(2948, 0)
(63441906308, 0)
(2952, 0)
(63527987592, 0)
(2953, 1)
(63549507913, 1)
(2957, 4)
(63635589197, 1)
(2958, 2)
(63657109518, 3)
(2962, 4)
(63743190802, 4)
(2963, 2)
(63764711123, 3)
(2967, 1)
(63850792407, 4)
(2968, 0)
(63872312728, 0)
(2972, 2)
(63958394012, 2)
(2973, 2)
(63979914333, 3)
(2977, 4)
(64065995617, 4)
(2978, 0)
(64087515938, 0)
(2982, 1)
(64173597222, 1)
(2983, 0)
(64195117543, 0)
(2987, 0)
(64281198827, 0)
(2988, 2)
(64302719148, 2)
(2992, 1)
(64388800432, 1)
(2993, 2)
(64410320753, 2)
(2997, 4)
(64496402037, 1)
(2998, 3)
(64517922358, 2)
(3002, 4)
(64604003642, 4)
(3003, 2)
(64625523963, 2)
(3007, 0)
(64711605247, 0)
(3008, 0)
(64733125568, 0)
(3012, 0)
(64819206852, 0)
(3013, 3)
(64840727173, 2)
(3017, 3)
(64926808457, 2)
(3018, 4)
(64948328778, 4)
(3022, 2)
(65034410062, 2)
(3023, 2)
(65055930383, 2)
(3027, 2)
(65142011667, 3)
(3028, 0)
(65163531988, 0)
(3032, 0)
(65249613272, 0)
(3033, 0)
(65271133593, 0)
(3037, 3)
(65357214877, 2)
(3038, 1)
(65378735198, 4)
(3042, 0)
(65464816482, 0)
(3043, 3)
(65486336803, 3)
(3047, 2)
(65572418087, 2)
(3048, 0)
(65593938408, 0)
(3052, 3)
(65680019692, 3)
(3053, 0)
(65701540013, 0)
(3057, 3)
(65787621297, 3)
(3058, 2)
(65809141618, 3)
(3062, 4)
(65895222902, 1)
(3063, 1)
(65916743223, 1)
(3067, 2)
(66002824507, 2)
(3068, 1)
(66024344828, 4)
(3072, 4)
(66110426112, 1)
(3073, 1)
(66131946433, 1)
(3077, 4)
(66218027717, 4)
(3078, 4)
(66239548038, 4)
(3082, 0)
(66325629322, 0)
(3083, 2)
(66347149643, 2)
(3087, 0)
(66433230927, 0)
(3088, 2)
(66454751248, 2)
(3092, 0)
(66540832532, 0)
(3093, 2)
(66562352853, 3)
(3097, 3)
(66648434137, 3)
(3098, 4)
(66669954458, 1)
(3102, 1)
(66756035742, 4)
(3103, 0)
(66777556063, 0)
(3107, 3)
(66863637347, 3)
(3108, 0)
(66885157668, 0)
(3112, 0)
(66971238952, 0)
(3113, 1)
(66992759273, 4)
(3117, 0)
(67078840557, 0)
(3118, 0)
(67100360878, 0)
(3122, 3)
(67186442162, 2)
(3123, 0)
(67207962483, 0)
(3127, 1)
(67294043767, 1)
(3128, 0)
(67315564088, 0)
(3132, 3)
(67401645372, 2)
(3133, 0)
(67423165693, 0)
(3137, 1)
(67509246977, 4)
(3138, 4)
(67530767298, 1)
(3142, 0)
(67616848582, 0)
(3143, 1)
(67638368903, 4)
(3147, 0)
(67724450187, 0)
(3148, 0)
(67745970508, 0)
(3152, 0)
(67832051792, 0)
(3153, 4)
(67853572113, 1)
(3157, 4)
(67939653397, 1)
(3158, 2)
(67961173718, 3)
(3162, 0)
(68047255002, 0)
(3163, 1)
(68068775323, 1)
(3167, 2)
(68154856607, 2)
(3168, 0)
(68176376928, 0)
(3172, 0)
(68262458212, 0)
(3173, 0)
(68283978533, 0)
(3177, 3)
(68370059817, 3)
(3178, 0)
(68391580138, 0)
(3182, 2)
(68477661422, 2)
(3183, 4)
(68499181743, 4)
(3187, 2)
(68585263027, 2)
(3188, 0)
(68606783348, 0)
(3192, 0)
(68692864632, 0)
(3193, 4)
(68714384953, 4)
(3197, 4)
(68800466237, 4)
(3198, 2)
(68821986558, 3)
(3202, 1)
(68908067842, 1)
(3203, 4)
(68929588163, 4)
(3207, 3)
(69015669447, 2)
(3208, 0)
(69037189768, 0)
(3212, 0)
(69123271052, 0)
(3213, 3)
(69144791373, 2)
(3217, 1)
(69230872657, 4)
(3218, 1)
(69252392978, 4)
(3222, 0)
(69338474262, 0)
(3223, 0)
(69359994583, 0)
(3227, 4)
(69446075867, 1)
(3228, 2)
(69467596188, 3)
(3232, 2)
(69553677472, 3)
(3233, 4)
(69575197793, 4)
(3237, 2)
(69661279077, 2)
(3238, 3)
(69682799398, 2)
(3242, 3)
(69768880682, 2)
(3243, 2)
(69790401003, 2)
(3247, 3)
(69876482287, 3)
(3248, 3)
(69898002608, 3)
(3252, 0)
(69984083892, 0)
(3253, 1)
(70005604213, 4)
(3257, 1)
(70091685497, 4)
(3258, 4)
(70113205818, 4)
(3262, 3)
(70199287102, 2)
(3263, 3)
(70220807423, 3)
(3267, 4)
(70306888707, 1)
(3268, 0)
(70328409028, 0)
(3272, 0)
(70414490312, 0)
(3273, 4)
(70436010633, 4)
(3277, 3)
(70522091917, 2)
(3278, 1)
(70543612238, 1)
(3282, 0)
(70629693522, 0)
(3283, 1)
(70651213843, 4)
(3287, 1)
(70737295127, 4)
(3288, 0)
(70758815448, 0)
(3292, 3)
(70844896732, 2)
(3293, 1)
(70866417053, 4)
(3297, 0)
(70952498337, 0)
(3298, 1)
(70974018658, 4)
(3302, 1)
(71060099942, 4)
(3303, 0)
(71081620263, 0)
(3307, 4)
(71167701547, 4)
(3308, 1)
(71189221868, 4)
(3312, 1)
(71275303152, 4)
(3313, 1)
(71296823473, 4)
(3317, 1)
(71382904757, 4)
(3318, 2)
(71404425078, 3)
(3322, 4)
(71490506362, 4)
(3323, 3)
(71512026683, 2)
(3327, 4)
(71598107967, 4)
(3328, 2)
(71619628288, 3)
(3332, 0)
(71705709572, 0)
(3333, 3)
(71727229893, 3)
(3337, 4)
(71813311177, 1)
(3338, 0)
(71834831498, 0)
(3342, 4)
(71920912782, 1)
(3343, 4)
(71942433103, 1)
(3347, 1)
(72028514387, 4)
(3348, 0)
(72050034708, 0)
(3352, 0)
(72136115992, 0)
(3353, 0)
(72157636313, 0)
(3357, 0)
(72243717597, 0)
(3358, 2)
(72265237918, 2)
(3362, 4)
(72351319202, 4)
(3363, 4)
(72372839523, 1)
(3367, 0)
(72458920807, 0)
(3368, 0)
(72480441128, 0)
(3372, 2)
(72566522412, 3)
(3373, 4)
(72588042733, 1)
(3377, 3)
(72674124017, 3)
(3378, 4)
(72695644338, 1)
(3382, 0)
(72781725622, 0)
(3383, 1)
(72803245943, 4)
(3387, 2)
(72889327227, 2)
(3388, 3)
(72910847548, 3)
(3392, 1)
(72996928832, 1)
(3393, 2)
(73018449153, 3)
(3397, 0)
(73104530437, 0)
(3398, 3)
(73126050758, 3)
(3402, 3)
(73212132042, 2)
(3403, 2)
(73233652363, 3)
(3407, 3)
(73319733647, 2)
(3408, 4)
(73341253968, 4)
(3412, 0)
(73427335252, 0)
(3413, 3)
(73448855573, 2)
(3417, 4)
(73534936857, 4)
(3418, 2)
(73556457178, 3)
(3422, 3)
(73642538462, 3)
(3423, 0)
(73664058783, 0)
(3427, 1)
(73750140067, 4)
(3428, 0)
(73771660388, 0)
(3432, 0)
(73857741672, 0)
(3433, 1)
(73879261993, 1)
(3437, 2)
(73965343277, 3)
(3438, 0)
(73986863598, 0)
(3442, 0)
(74072944882, 0)
(3443, 4)
(74094465203, 1)
(3447, 4)
(74180546487, 1)
(3448, 0)
(74202066808, 0)
(3452, 2)
(74288148092, 3)
(3453, 3)
(74309668413, 3)
(3457, 3)
(74395749697, 2)
(3458, 0)
(74417270018, 0)
(3462, 3)
(74503351302, 2)
(3463, 4)
(74524871623, 4)
(3467, 4)
(74610952907, 1)
(3468, 4)
(74632473228, 1)
(3472, 1)
(74718554512, 4)
(3473, 0)
(74740074833, 0)
(3477, 2)
(74826156117, 3)
(3478, 4)
(74847676438, 1)
(3482, 4)
(74933757722, 4)
(3483, 3)
(74955278043, 2)
(3487, 2)
(75041359327, 3)
(3488, 0)
(75062879648, 0)
(3492, 0)
(75148960932, 0)
(3493, 3)
(75170481253, 3)
(3497, 2)
(75256562537, 3)
(3498, 0)
(75278082858, 0)
(3502, 4)
(75364164142, 1)
(3503, 2)
(75385684463, 2)
(3507, 3)
(75471765747, 3)
(3508, 0)
(75493286068, 0)
(3512, 0)
(75579367352, 0)
(3513, 4)
(75600887673, 1)
(3517, 0)
(75686968957, 0)
(3518, 3)
(75708489278, 2)
(3522, 3)
(75794570562, 3)
(3523, 4)
(75816090883, 4)
(3527, 0)
(75902172167, 0)
(3528, 0)
(75923692488, 0)
(3532, 1)
(76009773772, 4)
(3533, 0)
(76031294093, 0)
(3537, 3)
(76117375377, 2)
(3538, 3)
(76138895698, 3)
(3542, 2)
(76224976982, 3)
(3543, 3)
(76246497303, 2)
(3547, 4)
(76332578587, 1)
(3548, 2)
(76354098908, 2)
(3552, 4)
(76440180192, 4)
(3553, 1)
(76461700513, 1)
(3557, 4)
(76547781797, 4)
(3558, 3)
(76569302118, 3)
(3562, 2)
(76655383402, 3)
(3563, 3)
(76676903723, 2)
(3567, 0)
(76762985007, 0)
(3568, 2)
(76784505328, 3)
