(2, 4)
(7992002, 4)
(3, 3)
(11988003, 2)
(7, 4)
(27972007, 1)
(8, 0)
(31968008, 0)
(12, 4)
(47952012, 1)
(13, 3)
(51948013, 3)
(17, 4)
(67932017, 1)
(18, 3)
(71928018, 3)
(22, 3)
(87912022, 3)
(23, 3)
(91908023, 3)
(27, 3)
(107892027, 2)
(28, 3)
(111888028, 2)
(32, 2)
(127872032, 2)
(33, 1)
(131868033, 4)
(37, 2)
(147852037, 2)
(38, 1)
(151848038, 4)
(42, 1)
(167832042, 1)
(43, 4)
(171828043, 1)
(47, 0)
(187812047, 0)
(48, 4)
(191808048, 1)
(52, 0)
(207792052, 0)
(53, 4)
(211788053, 4)
(57, 4)
(227772057, 4)
(58, 2)
(231768058, 3)
(62, 2)
(247752062, 2)
(63, 0)
(251748063, 0)
(67, 1)
(267732067, 4)
(68, 0)
(271728068, 0)
(72, 0)
(287712072, 0)
(73, 1)
(291708073, 4)
(77, 3)
(307692077, 2)
(78, 4)
(311688078, 1)
(82, 1)
(327672082, 1)
(83, 2)
(331668083, 3)
(87, 4)
(347652087, 4)
(88, 0)
(351648088, 0)
(92, 1)
(367632092, 1)
(93, 1)
(371628093, 4)
(97, 4)
(387612097, 1)
(98, 4)
(391608098, 4)
(102, 1)
(407592102, 1)
(103, 0)
(411588103, 0)
(107, 3)
(427572107, 3)
(108, 4)
(431568108, 1)
(112, 4)
(447552112, 1)
(113, 2)
(451548113, 3)
(117, 0)
(467532117, 0)
(118, 1)
(471528118, 1)
(122, 0)
(487512122, 0)
(123, 3)
(491508123, 2)
(127, 0)
(507492127, 0)
(128, 4)
(511488128, 4)
(132, 0)
(527472132, 0)
(133, 1)
(531468133, 1)
(137, 3)
(547452137, 3)
(138, 3)
(551448138, 2)
(142, 1)
(567432142, 1)
(143, 0)
(571428143, 0)
(147, 4)
(587412147, 1)
(148, 0)
(591408148, 0)
(152, 0)
(607392152, 0)
(153, 3)
(611388153, 2)
(157, 1)
(627372157, 1)
(158, 3)
(631368158, 3)
(162, 1)
(647352162, 1)
(163, 4)
(651348163, 1)
(167, 4)
(667332167, 1)
(168, 0)
(671328168, 0)
(172, 2)
(687312172, 3)
(173, 1)
(691308173, 1)
(177, 4)
(707292177, 1)
(178, 3)
(711288178, 2)
(182, 3)
(727272182, 2)
(183, 3)
(731268183, 2)
(187, 2)
(747252187, 3)
(188, 0)
(751248188, 0)
(192, 0)
(767232192, 0)
(193, 1)
(771228193, 1)
(197, 0)
(787212197, 0)
(198, 0)
(791208198, 0)
(202, 4)
(807192202, 4)
(203, 1)
(811188203, 1)
(207, 1)
(827172207, 1)
(208, 1)
(831168208, 1)
(212, 0)
(847152212, 0)
(213, 2)
(851148213, 3)
(217, 3)
(867132217, 2)
(218, 0)
(871128218, 0)
(222, 3)
(887112222, 2)
(223, 2)
(891108223, 2)
(227, 0)
(907092227, 0)
(228, 0)
(911088228, 0)
(232, 0)
(927072232, 0)
(233, 3)
(931068233, 3)
(237, 2)
(947052237, 3)
(238, 3)
(951048238, 3)
(242, 4)
(967032242, 4)
(243, 4)
(971028243, 1)
(247, 4)
(987012247, 1)
(248, 0)
(991008248, 0)
(252, 0)
(1006992252, 0)
(253, 1)
(1010988253, 1)
(257, 1)
(1026972257, 1)
(258, 3)
(1030968258, 3)
(262, 4)
(1046952262, 1)
(263, 3)
(1050948263, 3)
(267, 2)
(1066932267, 2)
(268, 3)
(1070928268, 2)
(272, 3)
(1086912272, 2)
(273, 2)
(1090908273, 2)
(277, 1)
(1106892277, 4)
(278, 4)
(1110888278, 4)
(282, 2)
(1126872282, 2)
(283, 2)
(1130868283, 2)
(287, 1)
(1146852287, 4)
(288, 4)
(1150848288, 4)
(292, 0)
(1166832292, 0)
(293, 2)
(1170828293, 3)
(297, 1)
(1186812297, 4)
(298, 1)
(1190808298, 4)
(302, 3)
(1206792302, 2)
(303, 0)
(1210788303, 0)
(307, 3)
(1226772307, 3)
(308, 0)
(1230768308, 0)
(312, 0)
(1246752312, 0)
(313, 2)
(1250748313, 2)
(317, 0)
(1266732317, 0)
(318, 2)
(1270728318, 3)
(322, 2)
(1286712322, 3)
(323, 1)
(1290708323, 1)
(327, 3)
(1306692327, 3)
(328, 0)
(1310688328, 0)
(332, 1)
(1326672332, 4)
(333, 0)
(1330668333, 0)
(337, 3)
(1346652337, 2)
(338, 0)
(1350648338, 0)
(342, 2)
(1366632342, 3)
(343, 3)
(1370628343, 2)
(347, 0)
(1386612347, 0)
(348, 3)
(1390608348, 3)
(352, 4)
(1406592352, 4)
(353, 4)
(1410588353, 1)
(357, 3)
(1426572357, 2)
(358, 1)
(1430568358, 1)
(362, 2)
(1446552362, 3)
(363, 4)
(1450548363, 1)
(367, 1)
(1466532367, 4)
(368, 3)
(1470528368, 3)
(372, 0)
(1486512372, 0)
(373, 0)
(1490508373, 0)
(377, 1)
(1506492377, 4)
(378, 1)
(1510488378, 1)
(382, 2)
(1526472382, 2)
(383, 2)
(1530468383, 3)
(387, 0)
(1546452387, 0)
(388, 0)
(1550448388, 0)
(392, 0)
(1566432392, 0)
(393, 3)
(1570428393, 3)
(397, 1)
(1586412397, 1)
(398, 0)
(1590408398, 0)
(402, 4)
(1606392402, 4)
(403, 3)
(1610388403, 3)
(407, 4)
(1626372407, 4)
(408, 0)
(1630368408, 0)
(412, 0)
(1646352412, 0)
(413, 0)
(1650348413, 0)
(417, 2)
(1666332417, 3)
(418, 3)
(1670328418, 2)
(422, 0)
(1686312422, 0)
(423, 0)
(1690308423, 0)
(427, 2)
(1706292427, 3)
(428, 4)
(1710288428, 4)
(432, 4)
(1726272432, 1)
(433, 3)
(1730268433, 2)
(437, 0)
(1746252437, 0)
(438, 3)
(1750248438, 3)
(442, 2)
(1766232442, 3)
(443, 0)
(1770228443, 0)
(447, 1)
(1786212447, 1)
(448, 2)
(1790208448, 3)
(452, 0)
(1806192452, 0)
(453, 3)
(1810188453, 3)
(457, 3)
(1826172457, 3)
(458, 1)
(1830168458, 1)
(462, 2)
(1846152462, 2)
(463, 2)
(1850148463, 2)
(467, 2)
(1866132467, 2)
(468, 0)
(1870128468, 0)
(472, 0)
(1886112472, 0)
(473, 3)
(1890108473, 2)
(477, 3)
(1906092477, 3)
(478, 3)
(1910088478, 2)
(482, 0)
(1926072482, 0)
(483, 1)
(1930068483, 1)
(487, 3)
(1946052487, 2)
(488, 0)
(1950048488, 0)
(492, 4)
(1966032492, 1)
(493, 3)
(1970028493, 3)
(497, 4)
(1986012497, 1)
(498, 3)
(1990008498, 3)
(502, 1)
(2005992502, 1)
(503, 1)
(2009988503, 1)
(507, 1)
(2025972507, 4)
(508, 0)
(2029968508, 0)
(512, 4)
(2045952512, 4)
(513, 4)
(2049948513, 4)
(517, 2)
(2065932517, 3)
(518, 1)
(2069928518, 4)
(522, 0)
(2085912522, 0)
(523, 0)
(2089908523, 0)
(527, 2)
(2105892527, 3)
(528, 2)
(2109888528, 3)
(532, 0)
(2125872532, 0)
(533, 3)
(2129868533, 3)
(537, 2)
(2145852537, 3)
(538, 0)
(2149848538, 0)
(542, 1)
(2165832542, 1)
(543, 2)
(2169828543, 2)
(547, 3)
(2185812547, 3)
(548, 0)
(2189808548, 0)
(552, 0)
(2205792552, 0)
(553, 2)
(2209788553, 3)
(557, 3)
(2225772557, 3)
(558, 4)
(2229768558, 4)
(562, 2)
(2245752562, 2)
(563, 1)
(2249748563, 1)
(567, 3)
(2265732567, 2)
(568, 0)
(2269728568, 0)
(572, 0)
(2285712572, 0)
(573, 4)
(2289708573, 1)
(577, 3)
(2305692577, 2)
(578, 2)
(2309688578, 2)
(582, 4)
(2325672582, 4)
(583, 3)
(2329668583, 3)
(587, 2)
(2345652587, 2)
(588, 2)
(2349648588, 3)
(592, 4)
(2365632592, 4)
(593, 1)
(2369628593, 1)
(597, 2)
(2385612597, 2)
(598, 3)
(2389608598, 3)
(602, 1)
(2405592602, 1)
(603, 0)
(2409588603, 0)
(607, 2)
(2425572607, 3)
(608, 3)
(2429568608, 2)
(612, 0)
(2445552612, 0)
(613, 0)
(2449548613, 0)
(617, 2)
(2465532617, 2)
(618, 2)
(2469528618, 3)
(622, 3)
(2485512622, 3)
(623, 2)
(2489508623, 2)
(627, 4)
(2505492627, 4)
(628, 0)
(2509488628, 0)
(632, 0)
(2525472632, 0)
(633, 0)
(2529468633, 0)
(637, 4)
(2545452637, 4)
(638, 0)
(2549448638, 0)
(642, 4)
(2565432642, 1)
(643, 2)
(2569428643, 3)
(647, 2)
(2585412647, 3)
(648, 0)
(2589408648, 0)
(652, 2)
(2605392652, 3)
(653, 1)
(2609388653, 1)
(657, 0)
(2625372657, 0)
(658, 3)
(2629368658, 3)
(662, 3)
(2645352662, 3)
(663, 1)
(2649348663, 1)
(667, 4)
(2665332667, 1)
(668, 3)
(2669328668, 2)
(672, 3)
(2685312672, 3)
(673, 3)
(2689308673, 2)
(677, 0)
(2705292677, 0)
(678, 0)
(2709288678, 0)
(682, 3)
(2725272682, 3)
(683, 0)
(2729268683, 0)
(687, 3)
(2745252687, 2)
(688, 2)
(2749248688, 3)
(692, 0)
(2765232692, 0)
(693, 1)
(2769228693, 4)
(697, 3)
(2785212697, 2)
(698, 1)
(2789208698, 1)
(702, 4)
(2805192702, 1)
(703, 4)
(2809188703, 1)
(707, 1)
(2825172707, 4)
(708, 0)
(2829168708, 0)
(712, 0)
(2845152712, 0)
(713, 1)
(2849148713, 1)
(717, 1)
(2865132717, 1)
(718, 2)
(2869128718, 3)
(722, 1)
(2885112722, 1)
(723, 1)
(2889108723, 1)
(727, 2)
(2905092727, 2)
(728, 0)
(2909088728, 0)
(732, 1)
(2925072732, 4)
(733, 1)
(2929068733, 4)
(737, 0)
(2945052737, 0)
(738, 0)
(2949048738, 0)
(742, 2)
(2965032742, 3)
(743, 1)
(2969028743, 4)
(747, 4)
(2985012747, 1)
(748, 1)
(2989008748, 4)
(752, 0)
(3004992752, 0)
(753, 3)
(3008988753, 2)
(757, 0)
(3024972757, 0)
(758, 2)
(3028968758, 3)
(762, 3)
(3044952762, 3)
(763, 1)
(3048948763, 1)
(767, 3)
(3064932767, 3)
(768, 2)
(3068928768, 3)
(772, 0)
(3084912772, 0)
(773, 4)
(3088908773, 1)
(777, 1)
(3104892777, 1)
(778, 4)
(3108888778, 4)
(782, 1)
(3124872782, 4)
(783, 4)
(3128868783, 4)
(787, 0)
(3144852787, 0)
(788, 0)
(3148848788, 0)
(792, 0)
(3164832792, 0)
(793, 2)
(3168828793, 2)
(797, 0)
(3184812797, 0)
(798, 1)
(3188808798, 4)
(802, 3)
(3204792802, 2)
(803, 0)
(3208788803, 0)
(807, 1)
(3224772807, 1)
(808, 0)
(3228768808, 0)
(812, 3)
(3244752812, 3)
(813, 3)
(3248748813, 2)
(817, 2)
(3264732817, 2)
(818, 3)
(3268728818, 3)
(822, 0)
(3284712822, 0)
(823, 4)
(3288708823, 4)
(827, 2)
(3304692827, 2)
(828, 2)
(3308688828, 2)
(832, 2)
(3324672832, 2)
(833, 2)
(3328668833, 3)
(837, 1)
(3344652837, 4)
(838, 4)
(3348648838, 1)
(842, 4)
(3364632842, 4)
(843, 4)
(3368628843, 1)
(847, 4)
(3384612847, 1)
(848, 3)
(3388608848, 3)
(852, 0)
(3404592852, 0)
(853, 0)
(3408588853, 0)
(857, 2)
(3424572857, 3)
(858, 1)
(3428568858, 4)
(862, 2)
(3444552862, 3)
(863, 1)
(3448548863, 4)
(867, 3)
(3464532867, 2)
(868, 0)
(3468528868, 0)
(872, 0)
(3484512872, 0)
(873, 0)
(3488508873, 0)
(877, 0)
(3504492877, 0)
(878, 0)
(3508488878, 0)
(882, 3)
(3524472882, 3)
(883, 2)
(3528468883, 3)
(887, 1)
(3544452887, 4)
(888, 0)
(3548448888, 0)
(892, 4)
(3564432892, 4)
(893, 2)
(3568428893, 2)
(897, 1)
(3584412897, 4)
(898, 2)
(3588408898, 3)
(902, 2)
(3604392902, 2)
(903, 1)
(3608388903, 4)
(907, 3)
(3624372907, 2)
(908, 0)
(3628368908, 0)
(912, 3)
(3644352912, 3)
(913, 3)
(3648348913, 2)
(917, 0)
(3664332917, 0)
(918, 1)
(3668328918, 1)
(922, 2)
(3684312922, 3)
(923, 0)
(3688308923, 0)
(927, 0)
(3704292927, 0)
(928, 1)
(3708288928, 4)
(932, 0)
(3724272932, 0)
(933, 4)
(3728268933, 1)
(937, 0)
(3744252937, 0)
(938, 1)
(3748248938, 1)
(942, 3)
(3764232942, 2)
(943, 1)
(3768228943, 1)
(947, 0)
(3784212947, 0)
(948, 0)
(3788208948, 0)
(952, 0)
(3804192952, 0)
(953, 3)
(3808188953, 3)
(957, 1)
(3824172957, 1)
(958, 1)
(3828168958, 1)
(962, 2)
(3844152962, 2)
(963, 1)
(3848148963, 1)
(967, 4)
(3864132967, 1)
(968, 0)
(3868128968, 0)
(972, 2)
(3884112972, 3)
(973, 3)
(3888108973, 2)
(977, 0)
(3904092977, 0)
(978, 4)
(3908088978, 4)
(982, 0)
(3924072982, 0)
(983, 2)
(3928068983, 2)
(987, 3)
(3944052987, 2)
(988, 3)
(3948048988, 2)
(992, 1)
(3964032992, 1)
(993, 3)
(3968028993, 2)
(997, 4)
(3984012997, 1)
(998, 1)
(3988008998, 1)
(1002, 4)
(4003993002, 4)
(1003, 1)
(4007989003, 4)
(1007, 0)
(4023973007, 0)
(1008, 0)
(4027969008, 0)
(1012, 0)
(4043953012, 0)
(1013, 4)
(4047949013, 1)
(1017, 4)
(4063933017, 1)
(1018, 3)
(4067929018, 3)
(1022, 3)
(4083913022, 3)
(1023, 1)
(4087909023, 4)
(1027, 4)
(4103893027, 4)
(1028, 0)
(4107889028, 0)
(1032, 0)
(4123873032, 0)
(1033, 3)
(4127869033, 2)
(1037, 0)
(4143853037, 0)
(1038, 2)
(4147849038, 3)
(1042, 3)
(4163833042, 2)
(1043, 2)
(4167829043, 2)
(1047, 4)
(4183813047, 1)
(1048, 0)
(4187809048, 0)
(1052, 1)
(4203793052, 1)
(1053, 1)
(4207789053, 1)
(1057, 1)
(4223773057, 1)
(1058, 0)
(4227769058, 0)
(1062, 0)
(4243753062, 0)
(1063, 4)
(4247749063, 1)
(1067, 2)
(4263733067, 3)
(1068, 1)
(4267729068, 1)
(1072, 3)
(4283713072, 2)
(1073, 1)
(4287709073, 4)
(1077, 4)
(4303693077, 4)
(1078, 3)
(4307689078, 3)
(1082, 3)
(4323673082, 2)
(1083, 2)
(4327669083, 3)
(1087, 1)
(4343653087, 4)
(1088, 1)
(4347649088, 4)
(1092, 0)
(4363633092, 0)
(1093, 0)
(4367629093, 0)
(1097, 1)
(4383613097, 4)
(1098, 0)
(4387609098, 0)
(1102, 0)
(4403593102, 0)
(1103, 3)
(4407589103, 3)
(1107, 3)
(4423573107, 2)
(1108, 0)
(4427569108, 0)
(1112, 0)
(4443553112, 0)
(1113, 4)
(4447549113, 4)
(1117, 4)
(4463533117, 1)
(1118, 1)
(4467529118, 4)
(1122, 4)
(4483513122, 4)
(1123, 0)
(4487509123, 0)
(1127, 3)
(4503493127, 3)
(1128, 0)
(4507489128, 0)
(1132, 1)
(4523473132, 1)
(1133, 2)
(4527469133, 2)
(1137, 0)
(4543453137, 0)
(1138, 2)
(4547449138, 3)
(1142, 2)
(4563433142, 2)
(1143, 0)
(4567429143, 0)
(1147, 1)
(4583413147, 1)
(1148, 2)
(4587409148, 3)
(1152, 3)
(4603393152, 3)
(1153, 4)
(4607389153, 4)
(1157, 3)
(4623373157, 2)
(1158, 4)
(4627369158, 1)
(1162, 3)
(4643353162, 3)
(1163, 3)
(4647349163, 3)
(1167, 3)
(4663333167, 2)
(1168, 2)
(4667329168, 3)
(1172, 0)
(4683313172, 0)
(1173, 1)
(4687309173, 1)
(1177, 2)
(4703293177, 2)
(1178, 1)
(4707289178, 4)
(1182, 0)
(4723273182, 0)
(1183, 0)
(4727269183, 0)
(1187, 4)
(4743253187, 1)
(1188, 0)
(4747249188, 0)
(1192, 0)
(4763233192, 0)
(1193, 4)
(4767229193, 1)
(1197, 0)
(4783213197, 0)
(1198, 2)
(4787209198, 2)
(1202, 1)
(4803193202, 1)
(1203, 4)
(4807189203, 4)
(1207, 2)
(4823173207, 3)
(1208, 0)
(4827169208, 0)
(1212, 0)
(4843153212, 0)
(1213, 0)
(4847149213, 0)
(1217, 2)
(4863133217, 2)
(1218, 4)
(4867129218, 1)
(1222, 3)
(4883113222, 2)
(1223, 0)
(4887109223, 0)
(1227, 4)
(4903093227, 1)
(1228, 4)
(4907089228, 4)
(1232, 1)
(4923073232, 4)
(1233, 1)
(4927069233, 1)
(1237, 4)
(4943053237, 1)
(1238, 2)
(4947049238, 2)
(1242, 3)
(4963033242, 2)
(1243, 1)
(4967029243, 4)
(1247, 4)
(4983013247, 4)
(1248, 2)
(4987009248, 3)
(1252, 0)
(5002993252, 0)
(1253, 3)
(5006989253, 2)
(1257, 0)
(5022973257, 0)
(1258, 2)
(5026969258, 3)
(1262, 4)
(5042953262, 4)
(1263, 0)
(5046949263, 0)
(1267, 1)
(5062933267, 1)
(1268, 0)
(5066929268, 0)
(1272, 0)
(5082913272, 0)
(1273, 0)
(5086909273, 0)
(1277, 4)
(5102893277, 1)
(1278, 0)
(5106889278, 0)
(1282, 3)
(5122873282, 2)
(1283, 4)
(5126869283, 1)
(1287, 0)
(5142853287, 0)
(1288, 0)
(5146849288, 0)
(1292, 3)
(5162833292, 3)
(1293, 1)
(5166829293, 1)
(1297, 2)
(5182813297, 2)
(1298, 2)
(5186809298, 2)
(1302, 4)
(5202793302, 4)
(1303, 1)
(5206789303, 4)
(1307, 1)
(5222773307, 4)
(1308, 1)
(5226769308, 1)
(1312, 3)
(5242753312, 3)
(1313, 1)
(5246749313, 1)
(1317, 0)
(5262733317, 0)
(1318, 0)
(5266729318, 0)
(1322, 3)
(5282713322, 3)
(1323, 4)
(5286709323, 1)
(1327, 0)
(5302693327, 0)
(1328, 1)
(5306689328, 4)
(1332, 0)
(5322673332, 0)
(1333, 0)
(5326669333, 0)
(1337, 4)
(5342653337, 1)
(1338, 0)
(5346649338, 0)
(1342, 0)
(5362633342, 0)
(1343, 4)
(5366629343, 1)
(1347, 1)
(5382613347, 1)
(1348, 0)
(5386609348, 0)
(1352, 0)
(5402593352, 0)
(1353, 4)
(5406589353, 1)
(1357, 1)
(5422573357, 1)
(1358, 4)
(5426569358, 4)
(1362, 1)
(5442553362, 4)
(1363, 4)
(5446549363, 4)
(1367, 0)
(5462533367, 0)
(1368, 0)
(5466529368, 0)
(1372, 1)
(5482513372, 4)
(1373, 2)
(5486509373, 3)
(1377, 1)
(5502493377, 4)
(1378, 0)
(5506489378, 0)
(1382, 2)
(5522473382, 3)
(1383, 3)
(5526469383, 3)
(1387, 4)
(5542453387, 4)
(1388, 0)
(5546449388, 0)
(1392, 4)
(5562433392, 4)
(1393, 4)
(5566429393, 4)
(1397, 4)
(5582413397, 1)
(1398, 0)
(5586409398, 0)
(1402, 1)
(5602393402, 4)
(1403, 1)
(5606389403, 1)
(1407, 1)
(5622373407, 4)
(1408, 3)
(5626369408, 3)
(1412, 0)
(5642353412, 0)
(1413, 0)
(5646349413, 0)
(1417, 1)
(5662333417, 4)
(1418, 4)
(5666329418, 1)
(1422, 1)
(5682313422, 1)
(1423, 4)
(5686309423, 1)
(1427, 0)
(5702293427, 0)
(1428, 0)
(5706289428, 0)
(1432, 0)
(5722273432, 0)
(1433, 4)
(5726269433, 1)
(1437, 4)
(5742253437, 1)
(1438, 1)
(5746249438, 4)
(1442, 1)
(5762233442, 4)
(1443, 2)
(5766229443, 3)
(1447, 2)
(5782213447, 2)
(1448, 0)
(5786209448, 0)
(1452, 2)
(5802193452, 3)
(1453, 1)
(5806189453, 4)
(1457, 4)
(5822173457, 1)
(1458, 2)
(5826169458, 2)
(1462, 4)
(5842153462, 4)
(1463, 2)
(5846149463, 2)
(1467, 0)
(5862133467, 0)
(1468, 2)
(5866129468, 3)
(1472, 4)
(5882113472, 4)
(1473, 2)
(5886109473, 3)
(1477, 1)
(5902093477, 1)
(1478, 0)
(5906089478, 0)
(1482, 1)
(5922073482, 1)
(1483, 3)
(5926069483, 2)
(1487, 3)
(5942053487, 2)
(1488, 2)
(5946049488, 3)
(1492, 0)
(5962033492, 0)
(1493, 3)
(5966029493, 2)
(1497, 0)
(5982013497, 0)
(1498, 1)
(5986009498, 4)
(1502, 1)
(6001993502, 1)
(1503, 3)
(6005989503, 2)
(1507, 4)
(6021973507, 4)
(1508, 0)
(6025969508, 0)
(1512, 0)
(6041953512, 0)
(1513, 4)
(6045949513, 4)
(1517, 3)
(6061933517, 3)
(1518, 4)
(6065929518, 1)
(1522, 0)
(6081913522, 0)
(1523, 3)
(6085909523, 2)
(1527, 1)
(6101893527, 4)
(1528, 0)
(6105889528, 0)
(1532, 4)
(6121873532, 1)
(1533, 1)
(6125869533, 4)
(1537, 1)
(6141853537, 4)
(1538, 4)
(6145849538, 4)
(1542, 0)
(6161833542, 0)
(1543, 4)
(6165829543, 1)
(1547, 2)
(6181813547, 2)
(1548, 0)
(6185809548, 0)
(1552, 3)
(6201793552, 2)
(1553, 0)
(6205789553, 0)
(1557, 2)
(6221773557, 2)
(1558, 2)
(6225769558, 3)
(1562, 2)
(6241753562, 2)
(1563, 4)
(6245749563, 4)
(1567, 0)
(6261733567, 0)
(1568, 2)
(6265729568, 2)
(1572, 0)
(6281713572, 0)
(1573, 3)
(6285709573, 3)
(1577, 3)
(6301693577, 3)
(1578, 1)
(6305689578, 4)
(1582, 4)
(6321673582, 4)
(1583, 3)
(6325669583, 2)
(1587, 0)
(6341653587, 0)
(1588, 0)
(6345649588, 0)
(1592, 0)
(6361633592, 0)
(1593, 4)
(6365629593, 1)
(1597, 4)
(6381613597, 1)
(1598, 2)
(6385609598, 2)
(1602, 0)
(6401593602, 0)
(1603, 4)
(6405589603, 1)
(1607, 3)
(6421573607, 2)
(1608, 0)
(6425569608, 0)
(1612, 4)
(6441553612, 4)
(1613, 3)
(6445549613, 2)
(1617, 3)
(6461533617, 2)
(1618, 2)
(6465529618, 3)
(1622, 0)
(6481513622, 0)
(1623, 3)
(6485509623, 3)
(1627, 2)
(6501493627, 2)
(1628, 3)
(6505489628, 3)
(1632, 3)
(6521473632, 3)
(1633, 4)
(6525469633, 4)
(1637, 3)
(6541453637, 3)
(1638, 1)
(6545449638, 4)
(1642, 1)
(6561433642, 1)
(1643, 0)
(6565429643, 0)
(1647, 3)
(6581413647, 2)
(1648, 0)
(6585409648, 0)
(1652, 0)
(6601393652, 0)
(1653, 4)
(6605389653, 1)
(1657, 1)
(6621373657, 1)
(1658, 2)
(6625369658, 3)
(1662, 0)
(6641353662, 0)
(1663, 2)
(6645349663, 3)
(1667, 3)
(6661333667, 3)
(1668, 0)
(6665329668, 0)
(1672, 0)
(6681313672, 0)
(1673, 3)
(6685309673, 3)
(1677, 1)
(6701293677, 1)
(1678, 0)
(6705289678, 0)
(1682, 4)
(6721273682, 4)
(1683, 0)
(6725269683, 0)
(1687, 2)
(6741253687, 2)
(1688, 0)
(6745249688, 0)
(1692, 0)
(6761233692, 0)
(1693, 3)
(6765229693, 3)
(1697, 3)
(6781213697, 3)
(1698, 1)
(6785209698, 4)
(1702, 0)
(6801193702, 0)
(1703, 3)
(6805189703, 2)
(1707, 0)
(6821173707, 0)
(1708, 1)
(6825169708, 4)
(1712, 4)
(6841153712, 4)
(1713, 4)
(6845149713, 1)
(1717, 1)
(6861133717, 4)
(1718, 1)
(6865129718, 4)
(1722, 1)
(6881113722, 1)
(1723, 0)
(6885109723, 0)
(1727, 4)
(6901093727, 4)
(1728, 0)
(6905089728, 0)
(1732, 0)
(6921073732, 0)
(1733, 1)
(6925069733, 4)
(1737, 0)
(6941053737, 0)
(1738, 1)
(6945049738, 1)
(1742, 1)
(6961033742, 4)
(1743, 4)
(6965029743, 1)
(1747, 0)
(6981013747, 0)
(1748, 0)
(6985009748, 0)
(1752, 0)
(7000993752, 0)
(1753, 0)
(7004989753, 0)
(1757, 3)
(7020973757, 2)
(1758, 0)
(7024969758, 0)
(1762, 1)
(7040953762, 1)
(1763, 3)
(7044949763, 2)
(1767, 3)
(7060933767, 3)
(1768, 0)
(7064929768, 0)
(1772, 0)
(7080913772, 0)
(1773, 0)
(7084909773, 0)
(1777, 4)
(7100893777, 4)
(1778, 0)
(7104889778, 0)
(1782, 1)
(7120873782, 1)
(1783, 2)
(7124869783, 2)
(1787, 2)
(7140853787, 3)
(1788, 2)
(7144849788, 2)
(1792, 1)
(7160833792, 4)
(1793, 4)
(7164829793, 1)
(1797, 4)
(7180813797, 1)
(1798, 0)
(7184809798, 0)
(1802, 3)
(7200793802, 2)
(1803, 2)
(7204789803, 3)
(1807, 3)
(7220773807, 3)
(1808, 4)
(7224769808, 1)
(1812, 0)
(7240753812, 0)
(1813, 2)
(7244749813, 2)
(1817, 0)
(7260733817, 0)
(1818, 0)
(7264729818, 0)
(1822, 4)
(7280713822, 4)
(1823, 0)
(7284709823, 0)
(1827, 2)
(7300693827, 2)
(1828, 0)
(7304689828, 0)
(1832, 0)
(7320673832, 0)
(1833, 1)
(7324669833, 1)
(1837, 4)
(7340653837, 1)
(1838, 3)
(7344649838, 3)
(1842, 4)
(7360633842, 1)
(1843, 4)
(7364629843, 4)
(1847, 2)
(7380613847, 2)
(1848, 0)
(7384609848, 0)
(1852, 4)
(7400593852, 4)
(1853, 4)
(7404589853, 4)
(1857, 0)
(7420573857, 0)
(1858, 0)
(7424569858, 0)
(1862, 3)
(7440553862, 2)
(1863, 2)
(7444549863, 2)
(1867, 0)
(7460533867, 0)
(1868, 1)
(7464529868, 1)
(1872, 0)
(7480513872, 0)
(1873, 3)
(7484509873, 3)
(1877, 4)
(7500493877, 1)
(1878, 4)
(7504489878, 1)
(1882, 2)
(7520473882, 3)
(1883, 1)
(7524469883, 1)
(1887, 0)
(7540453887, 0)
(1888, 3)
(7544449888, 3)
(1892, 0)
(7560433892, 0)
(1893, 0)
(7564429893, 0)
(1897, 1)
(7580413897, 4)
(1898, 3)
(7584409898, 2)
(1902, 4)
(7600393902, 4)
(1903, 2)
(7604389903, 2)
(1907, 3)
(7620373907, 2)
(1908, 0)
(7624369908, 0)
(1912, 0)
(7640353912, 0)
(1913, 4)
(7644349913, 4)
(1917, 2)
(7660333917, 3)
(1918, 1)
(7664329918, 4)
(1922, 2)
(7680313922, 2)
(1923, 0)
(7684309923, 0)
(1927, 2)
(7700293927, 3)
(1928, 0)
(7704289928, 0)
(1932, 3)
(7720273932, 3)
(1933, 2)
(7724269933, 2)
(1937, 3)
(7740253937, 2)
(1938, 2)
(7744249938, 3)
(1942, 3)
(7760233942, 2)
(1943, 2)
(7764229943, 2)
(1947, 3)
(7780213947, 2)
(1948, 1)
(7784209948, 4)
(1952, 0)
(7800193952, 0)
(1953, 0)
(7804189953, 0)
(1957, 1)
(7820173957, 4)
(1958, 2)
(7824169958, 3)
(1962, 0)
(7840153962, 0)
(1963, 4)
(7844149963, 1)
(1967, 4)
(7860133967, 1)
(1968, 4)
(7864129968, 1)
(1972, 0)
(7880113972, 0)
(1973, 3)
(7884109973, 2)
(1977, 1)
(7900093977, 4)
(1978, 2)
(7904089978, 3)
(1982, 1)
(7920073982, 1)
(1983, 1)
(7924069983, 4)
(1987, 2)
(7940053987, 2)
(1988, 0)
(7944049988, 0)
(1992, 0)
(7960033992, 0)
(1993, 1)
(7964029993, 1)
(1997, 2)
(7980013997, 3)
(1998, 3)
(7984009998, 2)
(2002, 4)
(7999994002, 1)
(2003, 1)
(8003990003, 1)
(2007, 0)
(8019974007, 0)
(2008, 0)
(8023970008, 0)
(2012, 2)
(8039954012, 2)
(2013, 4)
(8043950013, 1)
(2017, 2)
(8059934017, 2)
(2018, 3)
(8063930018, 2)
(2022, 1)
(8079914022, 1)
(2023, 4)
(8083910023, 1)
(2027, 1)
(8099894027, 4)
(2028, 3)
(8103890028, 2)
(2032, 0)
(8119874032, 0)
(2033, 2)
(8123870033, 3)
(2037, 4)
(8139854037, 1)
(2038, 3)
(8143850038, 2)
(2042, 0)
(8159834042, 0)
(2043, 0)
(8163830043, 0)
(2047, 2)
(8179814047, 3)
(2048, 0)
(8183810048, 0)
(2052, 0)
(8199794052, 0)
(2053, 2)
(8203790053, 3)
(2057, 4)
(8219774057, 1)
(2058, 2)
(8223770058, 2)
(2062, 3)
(8239754062, 2)
(2063, 0)
(8243750063, 0)
(2067, 3)
(8259734067, 2)
(2068, 0)
(8263730068, 0)
(2072, 0)
(8279714072, 0)
(2073, 0)
(8283710073, 0)
(2077, 1)
(8299694077, 4)
(2078, 0)
(8303690078, 0)
(2082, 1)
(8319674082, 4)
(2083, 3)
(8323670083, 3)
(2087, 0)
(8339654087, 0)
(2088, 0)
(8343650088, 0)
(2092, 0)
(8359634092, 0)
(2093, 0)
(8363630093, 0)
(2097, 1)
(8379614097, 1)
(2098, 4)
(8383610098, 4)
(2102, 4)
(8399594102, 4)
(2103, 4)
(8403590103, 4)
(2107, 4)
(8419574107, 1)
(2108, 4)
(8423570108, 1)
(2112, 4)
(8439554112, 1)
(2113, 4)
(8443550113, 4)
(2117, 1)
(8459534117, 1)
(2118, 0)
(8463530118, 0)
(2122, 2)
(8479514122, 3)
(2123, 1)
(8483510123, 1)
(2127, 2)
(8499494127, 2)
(2128, 2)
(8503490128, 2)
(2132, 0)
(8519474132, 0)
(2133, 2)
(8523470133, 3)
(2137, 1)
(8539454137, 4)
(2138, 2)
(8543450138, 2)
(2142, 0)
(8559434142, 0)
(2143, 3)
(8563430143, 3)
(2147, 4)
(8579414147, 4)
(2148, 0)
(8583410148, 0)
(2152, 0)
(8599394152, 0)
(2153, 3)
(8603390153, 2)
(2157, 4)
(8619374157, 4)
(2158, 0)
(8623370158, 0)
(2162, 4)
(8639354162, 1)
(2163, 2)
(8643350163, 2)
(2167, 2)
(8659334167, 2)
(2168, 0)
(8663330168, 0)
(2172, 4)
(8679314172, 4)
(2173, 0)
(8683310173, 0)
(2177, 0)
(8699294177, 0)
(2178, 3)
(8703290178, 3)
(2182, 3)
(8719274182, 2)
(2183, 2)
(8723270183, 2)
(2187, 0)
(8739254187, 0)
(2188, 4)
(8743250188, 4)
(2192, 1)
(8759234192, 1)
(2193, 1)
(8763230193, 4)
(2197, 3)
(8779214197, 3)
(2198, 1)
(8783210198, 4)
(2202, 0)
(8799194202, 0)
(2203, 0)
(8803190203, 0)
(2207, 1)
(8819174207, 1)
(2208, 4)
(8823170208, 1)
(2212, 0)
(8839154212, 0)
(2213, 3)
(8843150213, 3)
(2217, 3)
(8859134217, 2)
(2218, 1)
(8863130218, 1)
(2222, 3)
(8879114222, 3)
(2223, 0)
(8883110223, 0)
(2227, 1)
(8899094227, 1)
(2228, 0)
(8903090228, 0)
(2232, 0)
(8919074232, 0)
(2233, 4)
(8923070233, 4)
(2237, 0)
(8939054237, 0)
(2238, 3)
(8943050238, 2)
(2242, 4)
(8959034242, 1)
(2243, 0)
(8963030243, 0)
(2247, 0)
(8979014247, 0)
(2248, 0)
(8983010248, 0)
(2252, 3)
(8998994252, 3)
(2253, 4)
(9002990253, 1)
(2257, 4)
(9018974257, 4)
(2258, 3)
(9022970258, 2)
(2262, 1)
(9038954262, 1)
(2263, 2)
(9042950263, 3)
(2267, 1)
(9058934267, 4)
(2268, 1)
(9062930268, 4)
(2272, 3)
(9078914272, 3)
(2273, 2)
(9082910273, 2)
(2277, 0)
(9098894277, 0)
(2278, 4)
(9102890278, 4)
(2282, 0)
(9118874282, 0)
(2283, 4)
(9122870283, 4)
(2287, 1)
(9138854287, 1)
(2288, 0)
(9142850288, 0)
(2292, 0)
(9158834292, 0)
(2293, 1)
(9162830293, 4)
(2297, 0)
(9178814297, 0)
(2298, 2)
(9182810298, 2)
(2302, 4)
(9198794302, 1)
(2303, 0)
(9202790303, 0)
(2307, 3)
(9218774307, 2)
(2308, 0)
(9222770308, 0)
(2312, 0)
(9238754312, 0)
(2313, 2)
(9242750313, 2)
(2317, 4)
(9258734317, 1)
(2318, 1)
(9262730318, 4)
(2322, 3)
(9278714322, 3)
(2323, 2)
(9282710323, 2)
(2327, 2)
(9298694327, 2)
(2328, 0)
(9302690328, 0)
(2332, 1)
(9318674332, 1)
(2333, 1)
(9322670333, 4)
(2337, 2)
(9338654337, 2)
(2338, 4)
(9342650338, 4)
(2342, 3)
(9358634342, 2)
(2343, 2)
(9362630343, 3)
(2347, 0)
(9378614347, 0)
(2348, 1)
(9382610348, 1)
(2352, 2)
(9398594352, 3)
(2353, 4)
(9402590353, 1)
(2357, 2)
(9418574357, 2)
(2358, 0)
(9422570358, 0)
(2362, 4)
(9438554362, 1)
(2363, 0)
(9442550363, 0)
(2367, 1)
(9458534367, 1)
(2368, 3)
(9462530368, 3)
(2372, 0)
(9478514372, 0)
(2373, 1)
(9482510373, 4)
(2377, 1)
(9498494377, 1)
(2378, 0)
(9502490378, 0)
(2382, 2)
(9518474382, 3)
(2383, 4)
(9522470383, 1)
(2387, 2)
(9538454387, 3)
(2388, 0)
(9542450388, 0)
(2392, 0)
(9558434392, 0)
(2393, 0)
(9562430393, 0)
(2397, 2)
(9578414397, 3)
(2398, 0)
(9582410398, 0)
(2402, 0)
(9598394402, 0)
(2403, 2)
(9602390403, 2)
(2407, 0)
(9618374407, 0)
(2408, 0)
(9622370408, 0)
(2412, 0)
(9638354412, 0)
(2413, 1)
(9642350413, 1)
(2417, 1)
(9658334417, 4)
(2418, 4)
(9662330418, 1)
(2422, 0)
(9678314422, 0)
(2423, 3)
(9682310423, 3)
(2427, 4)
(9698294427, 4)
(2428, 4)
(9702290428, 1)
(2432, 1)
(9718274432, 4)
(2433, 0)
(9722270433, 0)
(2437, 3)
(9738254437, 3)
(2438, 3)
(9742250438, 3)
(2442, 3)
(9758234442, 2)
(2443, 4)
(9762230443, 1)
(2447, 3)
(9778214447, 2)
(2448, 1)
(9782210448, 4)
(2452, 0)
(9798194452, 0)
(2453, 3)
(9802190453, 3)
(2457, 2)
(9818174457, 2)
(2458, 3)
(9822170458, 3)
(2462, 3)
(9838154462, 3)
(2463, 4)
(9842150463, 1)
(2467, 2)
(9858134467, 2)
(2468, 0)
(9862130468, 0)
(2472, 0)
(9878114472, 0)
(2473, 0)
(9882110473, 0)
(2477, 3)
(9898094477, 2)
(2478, 2)
(9902090478, 2)
(2482, 1)
(9918074482, 1)
(2483, 0)
(9922070483, 0)
(2487, 0)
(9938054487, 0)
(2488, 0)
(9942050488, 0)
(2492, 4)
(9958034492, 4)
(2493, 0)
(9962030493, 0)
(2497, 3)
(9978014497, 3)
(2498, 0)
(9982010498, 0)
(2502, 3)
(9997994502, 3)
(2503, 1)
(10001990503, 4)
(2507, 4)
(10017974507, 1)
(2508, 2)
(10021970508, 2)
(2512, 2)
(10037954512, 2)
(2513, 3)
(10041950513, 3)
(2517, 4)
(10057934517, 1)
(2518, 0)
(10061930518, 0)
(2522, 4)
(10077914522, 1)
(2523, 3)
(10081910523, 2)
(2527, 4)
(10097894527, 1)
(2528, 4)
(10101890528, 4)
(2532, 0)
(10117874532, 0)
(2533, 4)
(10121870533, 4)
(2537, 0)
(10137854537, 0)
(2538, 2)
(10141850538, 2)
(2542, 4)
(10157834542, 4)
(2543, 0)
(10161830543, 0)
(2547, 0)
(10177814547, 0)
(2548, 0)
(10181810548, 0)
(2552, 0)
(10197794552, 0)
(2553, 1)
(10201790553, 4)
(2557, 3)
(10217774557, 3)
(2558, 4)
(10221770558, 1)
(2562, 1)
(10237754562, 1)
(2563, 4)
(10241750563, 4)
(2567, 1)
(10257734567, 1)
(2568, 0)
(10261730568, 0)
(2572, 1)
(10277714572, 4)
(2573, 1)
(10281710573, 4)
(2577, 0)
(10297694577, 0)
(2578, 1)
(10301690578, 4)
(2582, 0)
(10317674582, 0)
(2583, 2)
(10321670583, 3)
(2587, 3)
(10337654587, 2)
(2588, 4)
(10341650588, 1)
(2592, 3)
(10357634592, 3)
(2593, 1)
(10361630593, 4)
(2597, 4)
(10377614597, 4)
(2598, 4)
(10381610598, 4)
(2602, 4)
(10397594602, 1)
(2603, 0)
(10401590603, 0)
(2607, 2)
(10417574607, 3)
(2608, 2)
(10421570608, 3)
(2612, 0)
(10437554612, 0)
(2613, 1)
(10441550613, 1)
(2617, 2)
(10457534617, 3)
(2618, 0)
(10461530618, 0)
(2622, 1)
(10477514622, 1)
(2623, 2)
(10481510623, 3)
(2627, 2)
(10497494627, 2)
(2628, 0)
(10501490628, 0)
(2632, 0)
(10517474632, 0)
(2633, 3)
(10521470633, 2)
(2637, 4)
(10537454637, 1)
(2638, 0)
(10541450638, 0)
(2642, 3)
(10557434642, 2)
(2643, 0)
(10561430643, 0)
(2647, 0)
(10577414647, 0)
(2648, 0)
(10581410648, 0)
(2652, 2)
(10597394652, 2)
(2653, 1)
(10601390653, 1)
(2657, 2)
(10617374657, 2)
(2658, 4)
(10621370658, 4)
(2662, 1)
(10637354662, 1)
(2663, 3)
(10641350663, 2)
(2667, 3)
(10657334667, 2)
(2668, 2)
(10661330668, 3)
(2672, 4)
(10677314672, 1)
(2673, 3)
(10681310673, 2)
(2677, 2)
(10697294677, 2)
(2678, 0)
(10701290678, 0)
(2682, 0)
(10717274682, 0)
(2683, 0)
(10721270683, 0)
(2687, 4)
(10737254687, 1)
(2688, 1)
(10741250688, 1)
(2692, 0)
(10757234692, 0)
(2693, 3)
(10761230693, 3)
(2697, 4)
(10777214697, 4)
(2698, 4)
(10781210698, 1)
(2702, 2)
(10797194702, 3)
(2703, 3)
(10801190703, 3)
(2707, 2)
(10817174707, 3)
(2708, 0)
(10821170708, 0)
(2712, 0)
(10837154712, 0)
(2713, 1)
(10841150713, 4)
(2717, 2)
(10857134717, 3)
(2718, 1)
(10861130718, 4)
(2722, 0)
(10877114722, 0)
(2723, 3)
(10881110723, 2)
(2727, 0)
(10897094727, 0)
(2728, 0)
(10901090728, 0)
(2732, 0)
(10917074732, 0)
(2733, 3)
(10921070733, 2)
(2737, 1)
(10937054737, 1)
(2738, 4)
(10941050738, 4)
(2742, 3)
(10957034742, 2)
(2743, 0)
(10961030743, 0)
(2747, 3)
(10977014747, 2)
(2748, 1)
(10981010748, 4)
(2752, 0)
(10996994752, 0)
(2753, 2)
(11000990753, 3)
(2757, 4)
(11016974757, 1)
(2758, 4)
(11020970758, 1)
(2762, 4)
(11036954762, 4)
(2763, 0)
(11040950763, 0)
(2767, 4)
(11056934767, 1)
(2768, 2)
(11060930768, 2)
(2772, 0)
(11076914772, 0)
(2773, 4)
(11080910773, 1)
(2777, 0)
(11096894777, 0)
(2778, 1)
(11100890778, 4)
(2782, 2)
(11116874782, 2)
(2783, 4)
(11120870783, 4)
(2787, 1)
(11136854787, 1)
(2788, 0)
(11140850788, 0)
(2792, 0)
(11156834792, 0)
(2793, 4)
(11160830793, 4)
(2797, 3)
(11176814797, 2)
(2798, 4)
(11180810798, 4)
(2802, 1)
(11196794802, 4)
(2803, 1)
(11200790803, 1)
(2807, 3)
(11216774807, 3)
(2808, 0)
(11220770808, 0)
(2812, 3)
(11236754812, 2)
(2813, 0)
(11240750813, 0)
(2817, 0)
(11256734817, 0)
(2818, 0)
(11260730818, 0)
(2822, 2)
(11276714822, 2)
(2823, 1)
(11280710823, 1)
(2827, 3)
(11296694827, 3)
(2828, 3)
(11300690828, 2)
(2832, 3)
(11316674832, 2)
(2833, 3)
(11320670833, 2)
(2837, 1)
(11336654837, 4)
(2838, 0)
(11340650838, 0)
(2842, 2)
(11356634842, 3)
(2843, 0)
(11360630843, 0)
(2847, 3)
(11376614847, 3)
(2848, 4)
(11380610848, 1)
(2852, 0)
(11396594852, 0)
(2853, 0)
(11400590853, 0)
(2857, 0)
(11416574857, 0)
(2858, 3)
(11420570858, 2)
(2862, 2)
(11436554862, 3)
(2863, 2)
(11440550863, 3)
(2867, 2)
(11456534867, 3)
(2868, 0)
(11460530868, 0)
(2872, 0)
(11476514872, 0)
(2873, 3)
(11480510873, 2)
(2877, 0)
(11496494877, 0)
(2878, 1)
(11500490878, 1)
(2882, 1)
(11516474882, 4)
(2883, 3)
(11520470883, 2)
(2887, 0)
(11536454887, 0)
(2888, 0)
(11540450888, 0)
(2892, 3)
(11556434892, 3)
(2893, 4)
(11560430893, 4)
(2897, 1)
(11576414897, 4)
(2898, 0)
(11580410898, 0)
(2902, 2)
(11596394902, 3)
(2903, 4)
(11600390903, 1)
(2907, 2)
(11616374907, 2)
(2908, 4)
(11620370908, 4)
(2912, 4)
(11636354912, 1)
(2913, 2)
(11640350913, 2)
(2917, 2)
(11656334917, 2)
(2918, 4)
(11660330918, 4)
(2922, 1)
(11676314922, 1)
(2923, 4)
(11680310923, 4)
(2927, 4)
(11696294927, 1)
(2928, 3)
(11700290928, 2)
(2932, 0)
(11716274932, 0)
(2933, 1)
(11720270933, 1)
(2937, 4)
(11736254937, 4)
(2938, 4)
(11740250938, 1)
(2942, 0)
(11756234942, 0)
(2943, 3)
(11760230943, 3)
(2947, 3)
(11776214947, 2)
(2948, 0)
(11780210948, 0)
(2952, 0)
(11796194952, 0)
(2953, 1)
(11800190953, 1)
(2957, 4)
(11816174957, 4)
(2958, 2)
(11820170958, 3)
(2962, 4)
(11836154962, 4)
(2963, 2)
(11840150963, 3)
(2967, 1)
(11856134967, 1)
(2968, 0)
(11860130968, 0)
(2972, 2)
(11876114972, 3)
(2973, 2)
(11880110973, 3)
(2977, 4)
(11896094977, 4)
(2978, 0)
(11900090978, 0)
(2982, 1)
(11916074982, 1)
(2983, 0)
(11920070983, 0)
(2987, 0)
(11936054987, 0)
(2988, 2)
(11940050988, 3)
(2992, 1)
(11956034992, 4)
(2993, 2)
(11960030993, 3)
(2997, 4)
(11976014997, 4)
(2998, 3)
(11980010998, 2)
(3002, 4)
(11995995002, 1)
(3003, 2)
(11999991003, 2)
(3007, 0)
(12015975007, 0)
(3008, 0)
(12019971008, 0)
(3012, 0)
(12035955012, 0)
(3013, 3)
(12039951013, 2)
(3017, 3)
(12055935017, 3)
(3018, 4)
(12059931018, 1)
(3022, 2)
(12075915022, 3)
(3023, 2)
(12079911023, 2)
(3027, 2)
(12095895027, 2)
(3028, 0)
(12099891028, 0)
(3032, 0)
(12115875032, 0)
(3033, 0)
(12119871033, 0)
(3037, 3)
(12135855037, 2)
(3038, 1)
(12139851038, 1)
(3042, 0)
(12155835042, 0)
(3043, 3)
(12159831043, 2)
(3047, 2)
(12175815047, 3)
(3048, 0)
(12179811048, 0)
(3052, 3)
(12195795052, 3)
(3053, 0)
(12199791053, 0)
(3057, 3)
(12215775057, 3)
(3058, 2)
(12219771058, 2)
(3062, 4)
(12235755062, 1)
(3063, 1)
(12239751063, 1)
(3067, 2)
(12255735067, 2)
(3068, 1)
(12259731068, 1)
(3072, 4)
(12275715072, 1)
(3073, 1)
(12279711073, 4)
(3077, 4)
(12295695077, 4)
(3078, 4)
(12299691078, 1)
(3082, 0)
(12315675082, 0)
(3083, 2)
(12319671083, 2)
(3087, 0)
(12335655087, 0)
(3088, 2)
(12339651088, 2)
(3092, 0)
(12355635092, 0)
(3093, 2)
(12359631093, 2)
(3097, 3)
(12375615097, 3)
(3098, 4)
(12379611098, 1)
(3102, 1)
(12395595102, 1)
(3103, 0)
(12399591103, 0)
(3107, 3)
(12415575107, 2)
(3108, 0)
(12419571108, 0)
(3112, 0)
(12435555112, 0)
(3113, 1)
(12439551113, 1)
(3117, 0)
(12455535117, 0)
(3118, 0)
(12459531118, 0)
(3122, 3)
(12475515122, 2)
(3123, 0)
(12479511123, 0)
(3127, 1)
(12495495127, 1)
(3128, 0)
(12499491128, 0)
(3132, 3)
(12515475132, 3)
(3133, 0)
(12519471133, 0)
(3137, 1)
(12535455137, 4)
(3138, 4)
(12539451138, 4)
(3142, 0)
(12555435142, 0)
(3143, 1)
(12559431143, 1)
(3147, 0)
(12575415147, 0)
(3148, 0)
(12579411148, 0)
(3152, 0)
(12595395152, 0)
(3153, 4)
(12599391153, 1)
(3157, 4)
(12615375157, 1)
(3158, 2)
(12619371158, 3)
(3162, 0)
(12635355162, 0)
(3163, 1)
(12639351163, 1)
(3167, 2)
(12655335167, 3)
(3168, 0)
(12659331168, 0)
(3172, 0)
(12675315172, 0)
(3173, 0)
(12679311173, 0)
(3177, 3)
(12695295177, 2)
(3178, 0)
(12699291178, 0)
(3182, 2)
(12715275182, 3)
(3183, 4)
(12719271183, 4)
(3187, 2)
(12735255187, 3)
(3188, 0)
(12739251188, 0)
(3192, 0)
(12755235192, 0)
(3193, 4)
(12759231193, 4)
(3197, 4)
(12775215197, 4)
(3198, 2)
(12779211198, 3)
(3202, 1)
(12795195202, 1)
(3203, 4)
(12799191203, 4)
(3207, 3)
(12815175207, 2)
(3208, 0)
(12819171208, 0)
(3212, 0)
(12835155212, 0)
(3213, 3)
(12839151213, 2)
(3217, 1)
(12855135217, 4)
(3218, 1)
(12859131218, 1)
(3222, 0)
(12875115222, 0)
(3223, 0)
(12879111223, 0)
(3227, 4)
(12895095227, 4)
(3228, 2)
(12899091228, 2)
(3232, 2)
(12915075232, 2)
(3233, 4)
(12919071233, 4)
(3237, 2)
(12935055237, 2)
(3238, 3)
(12939051238, 3)
(3242, 3)
(12955035242, 2)
(3243, 2)
(12959031243, 2)
(3247, 3)
(12975015247, 2)
(3248, 3)
(12979011248, 3)
(3252, 0)
(12994995252, 0)
(3253, 1)
(12998991253, 1)
(3257, 1)
(13014975257, 4)
(3258, 4)
(13018971258, 1)
(3262, 3)
(13034955262, 2)
(3263, 3)
(13038951263, 3)
(3267, 4)
(13054935267, 1)
(3268, 0)
(13058931268, 0)
(3272, 0)
(13074915272, 0)
(3273, 4)
(13078911273, 4)
(3277, 3)
(13094895277, 3)
(3278, 1)
(13098891278, 4)
(3282, 0)
(13114875282, 0)
(3283, 1)
(13118871283, 4)
(3287, 1)
(13134855287, 4)
(3288, 0)
(13138851288, 0)
(3292, 3)
(13154835292, 3)
(3293, 1)
(13158831293, 4)
(3297, 0)
(13174815297, 0)
(3298, 1)
(13178811298, 1)
(3302, 1)
(13194795302, 4)
(3303, 0)
(13198791303, 0)
(3307, 4)
(13214775307, 4)
(3308, 1)
(13218771308, 1)
(3312, 1)
(13234755312, 1)
(3313, 1)
(13238751313, 4)
(3317, 1)
(13254735317, 1)
(3318, 2)
(13258731318, 2)
(3322, 4)
(13274715322, 1)
(3323, 3)
(13278711323, 3)
(3327, 4)
(13294695327, 1)
(3328, 2)
(13298691328, 2)
(3332, 0)
(13314675332, 0)
(3333, 3)
(13318671333, 2)
(3337, 4)
(13334655337, 1)
(3338, 0)
(13338651338, 0)
(3342, 4)
(13354635342, 1)
(3343, 4)
(13358631343, 4)
(3347, 1)
(13374615347, 4)
(3348, 0)
(13378611348, 0)
(3352, 0)
(13394595352, 0)
(3353, 0)
(13398591353, 0)
(3357, 0)
(13414575357, 0)
(3358, 2)
(13418571358, 3)
(3362, 4)
(13434555362, 4)
(3363, 4)
(13438551363, 4)
(3367, 0)
(13454535367, 0)
(3368, 0)
(13458531368, 0)
(3372, 2)
(13474515372, 3)
(3373, 4)
(13478511373, 1)
(3377, 3)
(13494495377, 3)
(3378, 4)
(13498491378, 1)
(3382, 0)
(13514475382, 0)
(3383, 1)
(13518471383, 1)
(3387, 2)
(13534455387, 2)
(3388, 3)
(13538451388, 2)
(3392, 1)
(13554435392, 1)
(3393, 2)
(13558431393, 3)
(3397, 0)
(13574415397, 0)
(3398, 3)
(13578411398, 3)
(3402, 3)
(13594395402, 3)
(3403, 2)
(13598391403, 3)
(3407, 3)
(13614375407, 3)
(3408, 4)
(13618371408, 1)
(3412, 0)
(13634355412, 0)
(3413, 3)
(13638351413, 2)
(3417, 4)
(13654335417, 1)
(3418, 2)
(13658331418, 2)
(3422, 3)
(13674315422, 2)
(3423, 0)
(13678311423, 0)
(3427, 1)
(13694295427, 4)
(3428, 0)
(13698291428, 0)
(3432, 0)
(13714275432, 0)
(3433, 1)
(13718271433, 1)
(3437, 2)
(13734255437, 3)
(3438, 0)
(13738251438, 0)
(3442, 0)
(13754235442, 0)
(3443, 4)
(13758231443, 4)
(3447, 4)
(13774215447, 1)
(3448, 0)
(13778211448, 0)
(3452, 2)
(13794195452, 3)
(3453, 3)
(13798191453, 3)
(3457, 3)
(13814175457, 3)
(3458, 0)
(13818171458, 0)
(3462, 3)
(13834155462, 3)
(3463, 4)
(13838151463, 1)
(3467, 4)
(13854135467, 1)
(3468, 4)
(13858131468, 1)
(3472, 1)
(13874115472, 4)
(3473, 0)
(13878111473, 0)
(3477, 2)
(13894095477, 2)
(3478, 4)
(13898091478, 1)
(3482, 4)
(13914075482, 1)
(3483, 3)
(13918071483, 2)
(3487, 2)
(13934055487, 3)
(3488, 0)
(13938051488, 0)
(3492, 0)
(13954035492, 0)
(3493, 3)
(13958031493, 2)
(3497, 2)
(13974015497, 3)
(3498, 0)
(13978011498, 0)
(3502, 4)
(13993995502, 1)
(3503, 2)
(13997991503, 3)
(3507, 3)
(14013975507, 2)
(3508, 0)
(14017971508, 0)
(3512, 0)
(14033955512, 0)
(3513, 4)
(14037951513, 4)
(3517, 0)
(14053935517, 0)
(3518, 3)
(14057931518, 3)
(3522, 3)
(14073915522, 2)
(3523, 4)
(14077911523, 4)
(3527, 0)
(14093895527, 0)
(3528, 0)
(14097891528, 0)
(3532, 1)
(14113875532, 4)
(3533, 0)
(14117871533, 0)
(3537, 3)
(14133855537, 3)
(3538, 3)
(14137851538, 2)
(3542, 2)
(14153835542, 3)
(3543, 3)
(14157831543, 3)
(3547, 4)
(14173815547, 1)
(3548, 2)
(14177811548, 3)
(3552, 4)
(14193795552, 1)
(3553, 1)
(14197791553, 1)
(3557, 4)
(14213775557, 1)
(3558, 3)
(14217771558, 2)
(3562, 2)
(14233755562, 2)
(3563, 3)
(14237751563, 2)
(3567, 0)
(14253735567, 0)
(3568, 2)
(14257731568, 2)
