(2, 4)
(4141442, 4)
(3, 3)
(6212163, 3)
(7, 4)
(14495047, 1)
(8, 0)
(16565768, 0)
(12, 4)
(24848652, 4)
(13, 3)
(26919373, 3)
(17, 4)
(35202257, 1)
(18, 3)
(37272978, 3)
(22, 3)
(45555862, 2)
(23, 3)
(47626583, 2)
(27, 3)
(55909467, 3)
(28, 3)
(57980188, 2)
(32, 2)
(66263072, 2)
(33, 1)
(68333793, 4)
(37, 2)
(76616677, 2)
(38, 1)
(78687398, 1)
(42, 1)
(86970282, 4)
(43, 4)
(89041003, 4)
(47, 0)
(97323887, 0)
(48, 4)
(99394608, 4)
(52, 0)
(107677492, 0)
(53, 4)
(109748213, 1)
(57, 4)
(118031097, 4)
(58, 2)
(120101818, 3)
(62, 2)
(128384702, 2)
(63, 0)
(130455423, 0)
(67, 1)
(138738307, 1)
(68, 0)
(140809028, 0)
(72, 0)
(149091912, 0)
(73, 1)
(151162633, 4)
(77, 3)
(159445517, 3)
(78, 4)
(161516238, 4)
(82, 1)
(169799122, 1)
(83, 2)
(171869843, 3)
(87, 4)
(180152727, 1)
(88, 0)
(182223448, 0)
(92, 1)
(190506332, 4)
(93, 1)
(192577053, 1)
(97, 4)
(200859937, 4)
(98, 4)
(202930658, 4)
(102, 1)
(211213542, 4)
(103, 0)
(213284263, 0)
(107, 3)
(221567147, 2)
(108, 4)
(223637868, 4)
(112, 4)
(231920752, 1)
(113, 2)
(233991473, 2)
(117, 0)
(242274357, 0)
(118, 1)
(244345078, 1)
(122, 0)
(252627962, 0)
(123, 3)
(254698683, 3)
(127, 0)
(262981567, 0)
(128, 4)
(265052288, 4)
(132, 0)
(273335172, 0)
(133, 1)
(275405893, 4)
(137, 3)
(283688777, 3)
(138, 3)
(285759498, 2)
(142, 1)
(294042382, 4)
(143, 0)
(296113103, 0)
(147, 4)
(304395987, 4)
(148, 0)
(306466708, 0)
(152, 0)
(314749592, 0)
(153, 3)
(316820313, 2)
(157, 1)
(325103197, 4)
(158, 3)
(327173918, 3)
(162, 1)
(335456802, 1)
(163, 4)
(337527523, 1)
(167, 4)
(345810407, 4)
(168, 0)
(347881128, 0)
(172, 2)
(356164012, 2)
(173, 1)
(358234733, 1)
(177, 4)
(366517617, 4)
(178, 3)
(368588338, 2)
(182, 3)
(376871222, 2)
(183, 3)
(378941943, 3)
(187, 2)
(387224827, 2)
(188, 0)
(389295548, 0)
(192, 0)
(397578432, 0)
(193, 1)
(399649153, 4)
(197, 0)
(407932037, 0)
(198, 0)
(410002758, 0)
(202, 4)
(418285642, 4)
(203, 1)
(420356363, 1)
(207, 1)
(428639247, 4)
(208, 1)
(430709968, 1)
(212, 0)
(438992852, 0)
(213, 2)
(441063573, 3)
(217, 3)
(449346457, 2)
(218, 0)
(451417178, 0)
(222, 3)
(459700062, 3)
(223, 2)
(461770783, 3)
(227, 0)
(470053667, 0)
(228, 0)
(472124388, 0)
(232, 0)
(480407272, 0)
(233, 3)
(482477993, 2)
(237, 2)
(490760877, 2)
(238, 3)
(492831598, 3)
(242, 4)
(501114482, 4)
(243, 4)
(503185203, 4)
(247, 4)
(511468087, 4)
(248, 0)
(513538808, 0)
(252, 0)
(521821692, 0)
(253, 1)
(523892413, 1)
(257, 1)
(532175297, 4)
(258, 3)
(534246018, 3)
(262, 4)
(542528902, 1)
(263, 3)
(544599623, 2)
(267, 2)
(552882507, 3)
(268, 3)
(554953228, 3)
(272, 3)
(563236112, 2)
(273, 2)
(565306833, 3)
(277, 1)
(573589717, 4)
(278, 4)
(575660438, 1)
(282, 2)
(583943322, 2)
(283, 2)
(586014043, 3)
(287, 1)
(594296927, 4)
(288, 4)
(596367648, 4)
(292, 0)
(604650532, 0)
(293, 2)
(606721253, 2)
(297, 1)
(615004137, 4)
(298, 1)
(617074858, 4)
(302, 3)
(625357742, 2)
(303, 0)
(627428463, 0)
(307, 3)
(635711347, 3)
(308, 0)
(637782068, 0)
(312, 0)
(646064952, 0)
(313, 2)
(648135673, 3)
(317, 0)
(656418557, 0)
(318, 2)
(658489278, 3)
(322, 2)
(666772162, 2)
(323, 1)
(668842883, 4)
(327, 3)
(677125767, 3)
(328, 0)
(679196488, 0)
(332, 1)
(687479372, 4)
(333, 0)
(689550093, 0)
(337, 3)
(697832977, 3)
(338, 0)
(699903698, 0)
(342, 2)
(708186582, 2)
(343, 3)
(710257303, 2)
(347, 0)
(718540187, 0)
(348, 3)
(720610908, 2)
(352, 4)
(728893792, 1)
(353, 4)
(730964513, 1)
(357, 3)
(739247397, 3)
(358, 1)
(741318118, 1)
(362, 2)
(749601002, 2)
(363, 4)
(751671723, 4)
(367, 1)
(759954607, 4)
(368, 3)
(762025328, 2)
(372, 0)
(770308212, 0)
(373, 0)
(772378933, 0)
(377, 1)
(780661817, 4)
(378, 1)
(782732538, 4)
(382, 2)
(791015422, 3)
(383, 2)
(793086143, 2)
(387, 0)
(801369027, 0)
(388, 0)
(803439748, 0)
(392, 0)
(811722632, 0)
(393, 3)
(813793353, 2)
(397, 1)
(822076237, 4)
(398, 0)
(824146958, 0)
(402, 4)
(832429842, 4)
(403, 3)
(834500563, 3)
(407, 4)
(842783447, 1)
(408, 0)
(844854168, 0)
(412, 0)
(853137052, 0)
(413, 0)
(855207773, 0)
(417, 2)
(863490657, 3)
(418, 3)
(865561378, 2)
(422, 0)
(873844262, 0)
(423, 0)
(875914983, 0)
(427, 2)
(884197867, 3)
(428, 4)
(886268588, 1)
(432, 4)
(894551472, 4)
(433, 3)
(896622193, 3)
(437, 0)
(904905077, 0)
(438, 3)
(906975798, 2)
(442, 2)
(915258682, 3)
(443, 0)
(917329403, 0)
(447, 1)
(925612287, 4)
(448, 2)
(927683008, 3)
(452, 0)
(935965892, 0)
(453, 3)
(938036613, 2)
(457, 3)
(946319497, 3)
(458, 1)
(948390218, 4)
(462, 2)
(956673102, 2)
(463, 2)
(958743823, 3)
(467, 2)
(967026707, 3)
(468, 0)
(969097428, 0)
(472, 0)
(977380312, 0)
(473, 3)
(979451033, 2)
(477, 3)
(987733917, 2)
(478, 3)
(989804638, 2)
(482, 0)
(998087522, 0)
(483, 1)
(1000158243, 1)
(487, 3)
(1008441127, 2)
(488, 0)
(1010511848, 0)
(492, 4)
(1018794732, 4)
(493, 3)
(1020865453, 3)
(497, 4)
(1029148337, 4)
(498, 3)
(1031219058, 2)
(502, 1)
(1039501942, 1)
(503, 1)
(1041572663, 4)
(507, 1)
(1049855547, 1)
(508, 0)
(1051926268, 0)
(512, 4)
(1060209152, 4)
(513, 4)
(1062279873, 4)
(517, 2)
(1070562757, 3)
(518, 1)
(1072633478, 4)
(522, 0)
(1080916362, 0)
(523, 0)
(1082987083, 0)
(527, 2)
(1091269967, 3)
(528, 2)
(1093340688, 3)
(532, 0)
(1101623572, 0)
(533, 3)
(1103694293, 3)
(537, 2)
(1111977177, 2)
(538, 0)
(1114047898, 0)
(542, 1)
(1122330782, 1)
(543, 2)
(1124401503, 2)
(547, 3)
(1132684387, 3)
(548, 0)
(1134755108, 0)
(552, 0)
(1143037992, 0)
(553, 2)
(1145108713, 3)
(557, 3)
(1153391597, 2)
(558, 4)
(1155462318, 4)
(562, 2)
(1163745202, 2)
(563, 1)
(1165815923, 1)
(567, 3)
(1174098807, 2)
(568, 0)
(1176169528, 0)
(572, 0)
(1184452412, 0)
(573, 4)
(1186523133, 1)
(577, 3)
(1194806017, 2)
(578, 2)
(1196876738, 2)
(582, 4)
(1205159622, 4)
(583, 3)
(1207230343, 3)
(587, 2)
(1215513227, 2)
(588, 2)
(1217583948, 2)
(592, 4)
(1225866832, 4)
(593, 1)
(1227937553, 4)
(597, 2)
(1236220437, 3)
(598, 3)
(1238291158, 2)
(602, 1)
(1246574042, 4)
(603, 0)
(1248644763, 0)
(607, 2)
(1256927647, 3)
(608, 3)
(1258998368, 3)
(612, 0)
(1267281252, 0)
(613, 0)
(1269351973, 0)
(617, 2)
(1277634857, 3)
(618, 2)
(1279705578, 3)
(622, 3)
(1287988462, 2)
(623, 2)
(1290059183, 2)
(627, 4)
(1298342067, 1)
(628, 0)
(1300412788, 0)
(632, 0)
(1308695672, 0)
(633, 0)
(1310766393, 0)
(637, 4)
(1319049277, 4)
(638, 0)
(1321119998, 0)
(642, 4)
(1329402882, 1)
(643, 2)
(1331473603, 2)
(647, 2)
(1339756487, 2)
(648, 0)
(1341827208, 0)
(652, 2)
(1350110092, 3)
(653, 1)
(1352180813, 1)
(657, 0)
(1360463697, 0)
(658, 3)
(1362534418, 2)
(662, 3)
(1370817302, 3)
(663, 1)
(1372888023, 4)
(667, 4)
(1381170907, 4)
(668, 3)
(1383241628, 3)
(672, 3)
(1391524512, 2)
(673, 3)
(1393595233, 2)
(677, 0)
(1401878117, 0)
(678, 0)
(1403948838, 0)
(682, 3)
(1412231722, 2)
(683, 0)
(1414302443, 0)
(687, 3)
(1422585327, 2)
(688, 2)
(1424656048, 2)
(692, 0)
(1432938932, 0)
(693, 1)
(1435009653, 1)
(697, 3)
(1443292537, 2)
(698, 1)
(1445363258, 4)
(702, 4)
(1453646142, 4)
(703, 4)
(1455716863, 4)
(707, 1)
(1463999747, 4)
(708, 0)
(1466070468, 0)
(712, 0)
(1474353352, 0)
(713, 1)
(1476424073, 4)
(717, 1)
(1484706957, 4)
(718, 2)
(1486777678, 3)
(722, 1)
(1495060562, 1)
(723, 1)
(1497131283, 4)
(727, 2)
(1505414167, 2)
(728, 0)
(1507484888, 0)
(732, 1)
(1515767772, 1)
(733, 1)
(1517838493, 1)
(737, 0)
(1526121377, 0)
(738, 0)
(1528192098, 0)
(742, 2)
(1536474982, 2)
(743, 1)
(1538545703, 1)
(747, 4)
(1546828587, 1)
(748, 1)
(1548899308, 1)
(752, 0)
(1557182192, 0)
(753, 3)
(1559252913, 3)
(757, 0)
(1567535797, 0)
(758, 2)
(1569606518, 2)
(762, 3)
(1577889402, 2)
(763, 1)
(1579960123, 4)
(767, 3)
(1588243007, 3)
(768, 2)
(1590313728, 2)
(772, 0)
(1598596612, 0)
(773, 4)
(1600667333, 1)
(777, 1)
(1608950217, 4)
(778, 4)
(1611020938, 4)
(782, 1)
(1619303822, 1)
(783, 4)
(1621374543, 1)
(787, 0)
(1629657427, 0)
(788, 0)
(1631728148, 0)
(792, 0)
(1640011032, 0)
(793, 2)
(1642081753, 2)
(797, 0)
(1650364637, 0)
(798, 1)
(1652435358, 4)
(802, 3)
(1660718242, 2)
(803, 0)
(1662788963, 0)
(807, 1)
(1671071847, 4)
(808, 0)
(1673142568, 0)
(812, 3)
(1681425452, 3)
(813, 3)
(1683496173, 3)
(817, 2)
(1691779057, 2)
(818, 3)
(1693849778, 3)
(822, 0)
(1702132662, 0)
(823, 4)
(1704203383, 1)
(827, 2)
(1712486267, 2)
(828, 2)
(1714556988, 3)
(832, 2)
(1722839872, 2)
(833, 2)
(1724910593, 3)
(837, 1)
(1733193477, 1)
(838, 4)
(1735264198, 4)
(842, 4)
(1743547082, 4)
(843, 4)
(1745617803, 4)
(847, 4)
(1753900687, 1)
(848, 3)
(1755971408, 2)
(852, 0)
(1764254292, 0)
(853, 0)
(1766325013, 0)
(857, 2)
(1774607897, 3)
(858, 1)
(1776678618, 4)
(862, 2)
(1784961502, 2)
(863, 1)
(1787032223, 4)
(867, 3)
(1795315107, 3)
(868, 0)
(1797385828, 0)
(872, 0)
(1805668712, 0)
(873, 0)
(1807739433, 0)
(877, 0)
(1816022317, 0)
(878, 0)
(1818093038, 0)
(882, 3)
(1826375922, 3)
(883, 2)
(1828446643, 2)
(887, 1)
(1836729527, 1)
(888, 0)
(1838800248, 0)
(892, 4)
(1847083132, 1)
(893, 2)
(1849153853, 2)
(897, 1)
(1857436737, 4)
(898, 2)
(1859507458, 2)
(902, 2)
(1867790342, 3)
(903, 1)
(1869861063, 4)
(907, 3)
(1878143947, 3)
(908, 0)
(1880214668, 0)
(912, 3)
(1888497552, 3)
(913, 3)
(1890568273, 3)
(917, 0)
(1898851157, 0)
(918, 1)
(1900921878, 4)
(922, 2)
(1909204762, 2)
(923, 0)
(1911275483, 0)
(927, 0)
(1919558367, 0)
(928, 1)
(1921629088, 4)
(932, 0)
(1929911972, 0)
(933, 4)
(1931982693, 1)
(937, 0)
(1940265577, 0)
(938, 1)
(1942336298, 4)
(942, 3)
(1950619182, 2)
(943, 1)
(1952689903, 4)
(947, 0)
(1960972787, 0)
(948, 0)
(1963043508, 0)
(952, 0)
(1971326392, 0)
(953, 3)
(1973397113, 2)
(957, 1)
(1981679997, 1)
(958, 1)
(1983750718, 4)
(962, 2)
(1992033602, 2)
(963, 1)
(1994104323, 4)
(967, 4)
(2002387207, 1)
(968, 0)
(2004457928, 0)
(972, 2)
(2012740812, 2)
(973, 3)
(2014811533, 3)
(977, 0)
(2023094417, 0)
(978, 4)
(2025165138, 1)
(982, 0)
(2033448022, 0)
(983, 2)
(2035518743, 3)
(987, 3)
(2043801627, 2)
(988, 3)
(2045872348, 3)
(992, 1)
(2054155232, 1)
(993, 3)
(2056225953, 3)
(997, 4)
(2064508837, 4)
(998, 1)
(2066579558, 4)
(1002, 4)
(2074862442, 4)
(1003, 1)
(2076933163, 4)
(1007, 0)
(2085216047, 0)
(1008, 0)
(2087286768, 0)
(1012, 0)
(2095569652, 0)
(1013, 4)
(2097640373, 4)
(1017, 4)
(2105923257, 4)
(1018, 3)
(2107993978, 2)
(1022, 3)
(2116276862, 3)
(1023, 1)
(2118347583, 4)
(1027, 4)
(2126630467, 4)
(1028, 0)
(2128701188, 0)
(1032, 0)
(2136984072, 0)
(1033, 3)
(2139054793, 2)
(1037, 0)
(2147337677, 0)
(1038, 2)
(2149408398, 2)
(1042, 3)
(2157691282, 3)
(1043, 2)
(2159762003, 2)
(1047, 4)
(2168044887, 1)
(1048, 0)
(2170115608, 0)
(1052, 1)
(2178398492, 4)
(1053, 1)
(2180469213, 1)
(1057, 1)
(2188752097, 1)
(1058, 0)
(2190822818, 0)
(1062, 0)
(2199105702, 0)
(1063, 4)
(2201176423, 1)
(1067, 2)
(2209459307, 3)
(1068, 1)
(2211530028, 4)
(1072, 3)
(2219812912, 3)
(1073, 1)
(2221883633, 4)
(1077, 4)
(2230166517, 1)
(1078, 3)
(2232237238, 2)
(1082, 3)
(2240520122, 2)
(1083, 2)
(2242590843, 2)
(1087, 1)
(2250873727, 1)
(1088, 1)
(2252944448, 4)
(1092, 0)
(2261227332, 0)
(1093, 0)
(2263298053, 0)
(1097, 1)
(2271580937, 4)
(1098, 0)
(2273651658, 0)
(1102, 0)
(2281934542, 0)
(1103, 3)
(2284005263, 3)
(1107, 3)
(2292288147, 3)
(1108, 0)
(2294358868, 0)
(1112, 0)
(2302641752, 0)
(1113, 4)
(2304712473, 4)
(1117, 4)
(2312995357, 1)
(1118, 1)
(2315066078, 1)
(1122, 4)
(2323348962, 4)
(1123, 0)
(2325419683, 0)
(1127, 3)
(2333702567, 2)
(1128, 0)
(2335773288, 0)
(1132, 1)
(2344056172, 4)
(1133, 2)
(2346126893, 2)
(1137, 0)
(2354409777, 0)
(1138, 2)
(2356480498, 2)
(1142, 2)
(2364763382, 2)
(1143, 0)
(2366834103, 0)
(1147, 1)
(2375116987, 1)
(1148, 2)
(2377187708, 3)
(1152, 3)
(2385470592, 3)
(1153, 4)
(2387541313, 4)
(1157, 3)
(2395824197, 2)
(1158, 4)
(2397894918, 1)
(1162, 3)
(2406177802, 3)
(1163, 3)
(2408248523, 3)
(1167, 3)
(2416531407, 3)
(1168, 2)
(2418602128, 3)
(1172, 0)
(2426885012, 0)
(1173, 1)
(2428955733, 1)
(1177, 2)
(2437238617, 2)
(1178, 1)
(2439309338, 1)
(1182, 0)
(2447592222, 0)
(1183, 0)
(2449662943, 0)
(1187, 4)
(2457945827, 4)
(1188, 0)
(2460016548, 0)
(1192, 0)
(2468299432, 0)
(1193, 4)
(2470370153, 1)
(1197, 0)
(2478653037, 0)
(1198, 2)
(2480723758, 2)
(1202, 1)
(2489006642, 4)
(1203, 4)
(2491077363, 1)
(1207, 2)
(2499360247, 2)
(1208, 0)
(2501430968, 0)
(1212, 0)
(2509713852, 0)
(1213, 0)
(2511784573, 0)
(1217, 2)
(2520067457, 3)
(1218, 4)
(2522138178, 4)
(1222, 3)
(2530421062, 3)
(1223, 0)
(2532491783, 0)
(1227, 4)
(2540774667, 4)
(1228, 4)
(2542845388, 4)
(1232, 1)
(2551128272, 1)
(1233, 1)
(2553198993, 1)
(1237, 4)
(2561481877, 1)
(1238, 2)
(2563552598, 3)
(1242, 3)
(2571835482, 2)
(1243, 1)
(2573906203, 4)
(1247, 4)
(2582189087, 1)
(1248, 2)
(2584259808, 2)
(1252, 0)
(2592542692, 0)
(1253, 3)
(2594613413, 2)
(1257, 0)
(2602896297, 0)
(1258, 2)
(2604967018, 3)
(1262, 4)
(2613249902, 1)
(1263, 0)
(2615320623, 0)
(1267, 1)
(2623603507, 4)
(1268, 0)
(2625674228, 0)
(1272, 0)
(2633957112, 0)
(1273, 0)
(2636027833, 0)
(1277, 4)
(2644310717, 1)
(1278, 0)
(2646381438, 0)
(1282, 3)
(2654664322, 3)
(1283, 4)
(2656735043, 1)
(1287, 0)
(2665017927, 0)
(1288, 0)
(2667088648, 0)
(1292, 3)
(2675371532, 2)
(1293, 1)
(2677442253, 1)
(1297, 2)
(2685725137, 2)
(1298, 2)
(2687795858, 3)
(1302, 4)
(2696078742, 1)
(1303, 1)
(2698149463, 1)
(1307, 1)
(2706432347, 1)
(1308, 1)
(2708503068, 1)
(1312, 3)
(2716785952, 3)
(1313, 1)
(2718856673, 1)
(1317, 0)
(2727139557, 0)
(1318, 0)
(2729210278, 0)
(1322, 3)
(2737493162, 2)
(1323, 4)
(2739563883, 4)
(1327, 0)
(2747846767, 0)
(1328, 1)
(2749917488, 4)
(1332, 0)
(2758200372, 0)
(1333, 0)
(2760271093, 0)
(1337, 4)
(2768553977, 4)
(1338, 0)
(2770624698, 0)
(1342, 0)
(2778907582, 0)
(1343, 4)
(2780978303, 1)
(1347, 1)
(2789261187, 1)
(1348, 0)
(2791331908, 0)
(1352, 0)
(2799614792, 0)
(1353, 4)
(2801685513, 1)
(1357, 1)
(2809968397, 4)
(1358, 4)
(2812039118, 1)
(1362, 1)
(2820322002, 4)
(1363, 4)
(2822392723, 1)
(1367, 0)
(2830675607, 0)
(1368, 0)
(2832746328, 0)
(1372, 1)
(2841029212, 4)
(1373, 2)
(2843099933, 2)
(1377, 1)
(2851382817, 4)
(1378, 0)
(2853453538, 0)
(1382, 2)
(2861736422, 3)
(1383, 3)
(2863807143, 3)
(1387, 4)
(2872090027, 1)
(1388, 0)
(2874160748, 0)
(1392, 4)
(2882443632, 1)
(1393, 4)
(2884514353, 4)
(1397, 4)
(2892797237, 4)
(1398, 0)
(2894867958, 0)
(1402, 1)
(2903150842, 4)
(1403, 1)
(2905221563, 4)
(1407, 1)
(2913504447, 4)
(1408, 3)
(2915575168, 2)
(1412, 0)
(2923858052, 0)
(1413, 0)
(2925928773, 0)
(1417, 1)
(2934211657, 1)
(1418, 4)
(2936282378, 4)
(1422, 1)
(2944565262, 1)
(1423, 4)
(2946635983, 1)
(1427, 0)
(2954918867, 0)
(1428, 0)
(2956989588, 0)
(1432, 0)
(2965272472, 0)
(1433, 4)
(2967343193, 1)
(1437, 4)
(2975626077, 1)
(1438, 1)
(2977696798, 4)
(1442, 1)
(2985979682, 1)
(1443, 2)
(2988050403, 2)
(1447, 2)
(2996333287, 2)
(1448, 0)
(2998404008, 0)
(1452, 2)
(3006686892, 2)
(1453, 1)
(3008757613, 4)
(1457, 4)
(3017040497, 4)
(1458, 2)
(3019111218, 2)
(1462, 4)
(3027394102, 1)
(1463, 2)
(3029464823, 2)
(1467, 0)
(3037747707, 0)
(1468, 2)
(3039818428, 3)
(1472, 4)
(3048101312, 1)
(1473, 2)
(3050172033, 3)
(1477, 1)
(3058454917, 1)
(1478, 0)
(3060525638, 0)
(1482, 1)
(3068808522, 1)
(1483, 3)
(3070879243, 2)
(1487, 3)
(3079162127, 3)
(1488, 2)
(3081232848, 2)
(1492, 0)
(3089515732, 0)
(1493, 3)
(3091586453, 3)
(1497, 0)
(3099869337, 0)
(1498, 1)
(3101940058, 1)
(1502, 1)
(3110222942, 4)
(1503, 3)
(3112293663, 3)
(1507, 4)
(3120576547, 1)
(1508, 0)
(3122647268, 0)
(1512, 0)
(3130930152, 0)
(1513, 4)
(3133000873, 4)
(1517, 3)
(3141283757, 3)
(1518, 4)
(3143354478, 4)
(1522, 0)
(3151637362, 0)
(1523, 3)
(3153708083, 2)
(1527, 1)
(3161990967, 4)
(1528, 0)
(3164061688, 0)
(1532, 4)
(3172344572, 4)
(1533, 1)
(3174415293, 1)
(1537, 1)
(3182698177, 1)
(1538, 4)
(3184768898, 1)
(1542, 0)
(3193051782, 0)
(1543, 4)
(3195122503, 4)
(1547, 2)
(3203405387, 2)
(1548, 0)
(3205476108, 0)
(1552, 3)
(3213758992, 3)
(1553, 0)
(3215829713, 0)
(1557, 2)
(3224112597, 2)
(1558, 2)
(3226183318, 2)
(1562, 2)
(3234466202, 2)
(1563, 4)
(3236536923, 4)
(1567, 0)
(3244819807, 0)
(1568, 2)
(3246890528, 2)
(1572, 0)
(3255173412, 0)
(1573, 3)
(3257244133, 3)
(1577, 3)
(3265527017, 2)
(1578, 1)
(3267597738, 4)
(1582, 4)
(3275880622, 1)
(1583, 3)
(3277951343, 3)
(1587, 0)
(3286234227, 0)
(1588, 0)
(3288304948, 0)
(1592, 0)
(3296587832, 0)
(1593, 4)
(3298658553, 4)
(1597, 4)
(3306941437, 4)
(1598, 2)
(3309012158, 3)
(1602, 0)
(3317295042, 0)
(1603, 4)
(3319365763, 4)
(1607, 3)
(3327648647, 2)
(1608, 0)
(3329719368, 0)
(1612, 4)
(3338002252, 4)
(1613, 3)
(3340072973, 2)
(1617, 3)
(3348355857, 2)
(1618, 2)
(3350426578, 2)
(1622, 0)
(3358709462, 0)
(1623, 3)
(3360780183, 2)
(1627, 2)
(3369063067, 2)
(1628, 3)
(3371133788, 2)
(1632, 3)
(3379416672, 2)
(1633, 4)
(3381487393, 4)
(1637, 3)
(3389770277, 2)
(1638, 1)
(3391840998, 4)
(1642, 1)
(3400123882, 1)
(1643, 0)
(3402194603, 0)
(1647, 3)
(3410477487, 3)
(1648, 0)
(3412548208, 0)
(1652, 0)
(3420831092, 0)
(1653, 4)
(3422901813, 1)
(1657, 1)
(3431184697, 1)
(1658, 2)
(3433255418, 3)
(1662, 0)
(3441538302, 0)
(1663, 2)
(3443609023, 3)
(1667, 3)
(3451891907, 3)
(1668, 0)
(3453962628, 0)
(1672, 0)
(3462245512, 0)
(1673, 3)
(3464316233, 3)
(1677, 1)
(3472599117, 1)
(1678, 0)
(3474669838, 0)
(1682, 4)
(3482952722, 4)
(1683, 0)
(3485023443, 0)
(1687, 2)
(3493306327, 2)
(1688, 0)
(3495377048, 0)
(1692, 0)
(3503659932, 0)
(1693, 3)
(3505730653, 2)
(1697, 3)
(3514013537, 3)
(1698, 1)
(3516084258, 4)
(1702, 0)
(3524367142, 0)
(1703, 3)
(3526437863, 2)
(1707, 0)
(3534720747, 0)
(1708, 1)
(3536791468, 4)
(1712, 4)
(3545074352, 1)
(1713, 4)
(3547145073, 4)
(1717, 1)
(3555427957, 4)
(1718, 1)
(3557498678, 1)
(1722, 1)
(3565781562, 4)
(1723, 0)
(3567852283, 0)
(1727, 4)
(3576135167, 4)
(1728, 0)
(3578205888, 0)
(1732, 0)
(3586488772, 0)
(1733, 1)
(3588559493, 1)
(1737, 0)
(3596842377, 0)
(1738, 1)
(3598913098, 4)
(1742, 1)
(3607195982, 1)
(1743, 4)
(3609266703, 4)
(1747, 0)
(3617549587, 0)
(1748, 0)
(3619620308, 0)
(1752, 0)
(3627903192, 0)
(1753, 0)
(3629973913, 0)
(1757, 3)
(3638256797, 2)
(1758, 0)
(3640327518, 0)
(1762, 1)
(3648610402, 4)
(1763, 3)
(3650681123, 3)
(1767, 3)
(3658964007, 3)
(1768, 0)
(3661034728, 0)
(1772, 0)
(3669317612, 0)
(1773, 0)
(3671388333, 0)
(1777, 4)
(3679671217, 4)
(1778, 0)
(3681741938, 0)
(1782, 1)
(3690024822, 4)
(1783, 2)
(3692095543, 2)
(1787, 2)
(3700378427, 3)
(1788, 2)
(3702449148, 3)
(1792, 1)
(3710732032, 4)
(1793, 4)
(3712802753, 4)
(1797, 4)
(3721085637, 4)
(1798, 0)
(3723156358, 0)
(1802, 3)
(3731439242, 3)
(1803, 2)
(3733509963, 3)
(1807, 3)
(3741792847, 2)
(1808, 4)
(3743863568, 4)
(1812, 0)
(3752146452, 0)
(1813, 2)
(3754217173, 2)
(1817, 0)
(3762500057, 0)
(1818, 0)
(3764570778, 0)
(1822, 4)
(3772853662, 4)
(1823, 0)
(3774924383, 0)
(1827, 2)
(3783207267, 2)
(1828, 0)
(3785277988, 0)
(1832, 0)
(3793560872, 0)
(1833, 1)
(3795631593, 1)
(1837, 4)
(3803914477, 1)
(1838, 3)
(3805985198, 2)
(1842, 4)
(3814268082, 4)
(1843, 4)
(3816338803, 4)
(1847, 2)
(3824621687, 3)
(1848, 0)
(3826692408, 0)
(1852, 4)
(3834975292, 1)
(1853, 4)
(3837046013, 1)
(1857, 0)
(3845328897, 0)
(1858, 0)
(3847399618, 0)
(1862, 3)
(3855682502, 3)
(1863, 2)
(3857753223, 3)
(1867, 0)
(3866036107, 0)
(1868, 1)
(3868106828, 4)
(1872, 0)
(3876389712, 0)
(1873, 3)
(3878460433, 2)
(1877, 4)
(3886743317, 1)
(1878, 4)
(3888814038, 1)
(1882, 2)
(3897096922, 2)
(1883, 1)
(3899167643, 1)
(1887, 0)
(3907450527, 0)
(1888, 3)
(3909521248, 3)
(1892, 0)
(3917804132, 0)
(1893, 0)
(3919874853, 0)
(1897, 1)
(3928157737, 4)
(1898, 3)
(3930228458, 2)
(1902, 4)
(3938511342, 1)
(1903, 2)
(3940582063, 3)
(1907, 3)
(3948864947, 3)
(1908, 0)
(3950935668, 0)
(1912, 0)
(3959218552, 0)
(1913, 4)
(3961289273, 4)
(1917, 2)
(3969572157, 3)
(1918, 1)
(3971642878, 4)
(1922, 2)
(3979925762, 2)
(1923, 0)
(3981996483, 0)
(1927, 2)
(3990279367, 2)
(1928, 0)
(3992350088, 0)
(1932, 3)
(4000632972, 3)
(1933, 2)
(4002703693, 2)
(1937, 3)
(4010986577, 2)
(1938, 2)
(4013057298, 3)
(1942, 3)
(4021340182, 2)
(1943, 2)
(4023410903, 3)
(1947, 3)
(4031693787, 2)
(1948, 1)
(4033764508, 4)
(1952, 0)
(4042047392, 0)
(1953, 0)
(4044118113, 0)
(1957, 1)
(4052400997, 4)
(1958, 2)
(4054471718, 2)
(1962, 0)
(4062754602, 0)
(1963, 4)
(4064825323, 1)
(1967, 4)
(4073108207, 1)
(1968, 4)
(4075178928, 4)
(1972, 0)
(4083461812, 0)
(1973, 3)
(4085532533, 2)
(1977, 1)
(4093815417, 4)
(1978, 2)
(4095886138, 3)
(1982, 1)
(4104169022, 1)
(1983, 1)
(4106239743, 4)
(1987, 2)
(4114522627, 2)
(1988, 0)
(4116593348, 0)
(1992, 0)
(4124876232, 0)
(1993, 1)
(4126946953, 4)
(1997, 2)
(4135229837, 2)
(1998, 3)
(4137300558, 3)
(2002, 4)
(4145583442, 4)
(2003, 1)
(4147654163, 1)
(2007, 0)
(4155937047, 0)
(2008, 0)
(4158007768, 0)
(2012, 2)
(4166290652, 3)
(2013, 4)
(4168361373, 1)
(2017, 2)
(4176644257, 2)
(2018, 3)
(4178714978, 2)
(2022, 1)
(4186997862, 1)
(2023, 4)
(4189068583, 1)
(2027, 1)
(4197351467, 1)
(2028, 3)
(4199422188, 3)
(2032, 0)
(4207705072, 0)
(2033, 2)
(4209775793, 3)
(2037, 4)
(4218058677, 1)
(2038, 3)
(4220129398, 3)
(2042, 0)
(4228412282, 0)
(2043, 0)
(4230483003, 0)
(2047, 2)
(4238765887, 2)
(2048, 0)
(4240836608, 0)
(2052, 0)
(4249119492, 0)
(2053, 2)
(4251190213, 2)
(2057, 4)
(4259473097, 1)
(2058, 2)
(4261543818, 3)
(2062, 3)
(4269826702, 3)
(2063, 0)
(4271897423, 0)
(2067, 3)
(4280180307, 2)
(2068, 0)
(4282251028, 0)
(2072, 0)
(4290533912, 0)
(2073, 0)
(4292604633, 0)
(2077, 1)
(4300887517, 1)
(2078, 0)
(4302958238, 0)
(2082, 1)
(4311241122, 1)
(2083, 3)
(4313311843, 3)
(2087, 0)
(4321594727, 0)
(2088, 0)
(4323665448, 0)
(2092, 0)
(4331948332, 0)
(2093, 0)
(4334019053, 0)
(2097, 1)
(4342301937, 4)
(2098, 4)
(4344372658, 1)
(2102, 4)
(4352655542, 1)
(2103, 4)
(4354726263, 1)
(2107, 4)
(4363009147, 4)
(2108, 4)
(4365079868, 1)
(2112, 4)
(4373362752, 1)
(2113, 4)
(4375433473, 4)
(2117, 1)
(4383716357, 1)
(2118, 0)
(4385787078, 0)
(2122, 2)
(4394069962, 2)
(2123, 1)
(4396140683, 1)
(2127, 2)
(4404423567, 2)
(2128, 2)
(4406494288, 3)
(2132, 0)
(4414777172, 0)
(2133, 2)
(4416847893, 2)
(2137, 1)
(4425130777, 4)
(2138, 2)
(4427201498, 3)
(2142, 0)
(4435484382, 0)
(2143, 3)
(4437555103, 2)
(2147, 4)
(4445837987, 4)
(2148, 0)
(4447908708, 0)
(2152, 0)
(4456191592, 0)
(2153, 3)
(4458262313, 3)
(2157, 4)
(4466545197, 1)
(2158, 0)
(4468615918, 0)
(2162, 4)
(4476898802, 1)
(2163, 2)
(4478969523, 2)
(2167, 2)
(4487252407, 3)
(2168, 0)
(4489323128, 0)
(2172, 4)
(4497606012, 4)
(2173, 0)
(4499676733, 0)
(2177, 0)
(4507959617, 0)
(2178, 3)
(4510030338, 3)
(2182, 3)
(4518313222, 3)
(2183, 2)
(4520383943, 2)
(2187, 0)
(4528666827, 0)
(2188, 4)
(4530737548, 4)
(2192, 1)
(4539020432, 1)
(2193, 1)
(4541091153, 4)
(2197, 3)
(4549374037, 3)
(2198, 1)
(4551444758, 1)
(2202, 0)
(4559727642, 0)
(2203, 0)
(4561798363, 0)
(2207, 1)
(4570081247, 1)
(2208, 4)
(4572151968, 1)
(2212, 0)
(4580434852, 0)
(2213, 3)
(4582505573, 3)
(2217, 3)
(4590788457, 3)
(2218, 1)
(4592859178, 1)
(2222, 3)
(4601142062, 2)
(2223, 0)
(4603212783, 0)
(2227, 1)
(4611495667, 1)
(2228, 0)
(4613566388, 0)
(2232, 0)
(4621849272, 0)
(2233, 4)
(4623919993, 1)
(2237, 0)
(4632202877, 0)
(2238, 3)
(4634273598, 2)
(2242, 4)
(4642556482, 4)
(2243, 0)
(4644627203, 0)
(2247, 0)
(4652910087, 0)
(2248, 0)
(4654980808, 0)
(2252, 3)
(4663263692, 3)
(2253, 4)
(4665334413, 1)
(2257, 4)
(4673617297, 4)
(2258, 3)
(4675688018, 2)
(2262, 1)
(4683970902, 4)
(2263, 2)
(4686041623, 3)
(2267, 1)
(4694324507, 4)
(2268, 1)
(4696395228, 4)
(2272, 3)
(4704678112, 2)
(2273, 2)
(4706748833, 3)
(2277, 0)
(4715031717, 0)
(2278, 4)
(4717102438, 1)
(2282, 0)
(4725385322, 0)
(2283, 4)
(4727456043, 1)
(2287, 1)
(4735738927, 4)
(2288, 0)
(4737809648, 0)
(2292, 0)
(4746092532, 0)
(2293, 1)
(4748163253, 4)
(2297, 0)
(4756446137, 0)
(2298, 2)
(4758516858, 2)
(2302, 4)
(4766799742, 1)
(2303, 0)
(4768870463, 0)
(2307, 3)
(4777153347, 2)
(2308, 0)
(4779224068, 0)
(2312, 0)
(4787506952, 0)
(2313, 2)
(4789577673, 3)
(2317, 4)
(4797860557, 1)
(2318, 1)
(4799931278, 1)
(2322, 3)
(4808214162, 3)
(2323, 2)
(4810284883, 3)
(2327, 2)
(4818567767, 2)
(2328, 0)
(4820638488, 0)
(2332, 1)
(4828921372, 1)
(2333, 1)
(4830992093, 4)
(2337, 2)
(4839274977, 2)
(2338, 4)
(4841345698, 1)
(2342, 3)
(4849628582, 2)
(2343, 2)
(4851699303, 2)
(2347, 0)
(4859982187, 0)
(2348, 1)
(4862052908, 1)
(2352, 2)
(4870335792, 2)
(2353, 4)
(4872406513, 4)
(2357, 2)
(4880689397, 3)
(2358, 0)
(4882760118, 0)
(2362, 4)
(4891043002, 1)
(2363, 0)
(4893113723, 0)
(2367, 1)
(4901396607, 4)
(2368, 3)
(4903467328, 3)
(2372, 0)
(4911750212, 0)
(2373, 1)
(4913820933, 4)
(2377, 1)
(4922103817, 4)
(2378, 0)
(4924174538, 0)
(2382, 2)
(4932457422, 3)
(2383, 4)
(4934528143, 4)
(2387, 2)
(4942811027, 2)
(2388, 0)
(4944881748, 0)
(2392, 0)
(4953164632, 0)
(2393, 0)
(4955235353, 0)
(2397, 2)
(4963518237, 3)
(2398, 0)
(4965588958, 0)
(2402, 0)
(4973871842, 0)
(2403, 2)
(4975942563, 3)
(2407, 0)
(4984225447, 0)
(2408, 0)
(4986296168, 0)
(2412, 0)
(4994579052, 0)
(2413, 1)
(4996649773, 4)
(2417, 1)
(5004932657, 4)
(2418, 4)
(5007003378, 4)
(2422, 0)
(5015286262, 0)
(2423, 3)
(5017356983, 3)
(2427, 4)
(5025639867, 4)
(2428, 4)
(5027710588, 1)
(2432, 1)
(5035993472, 1)
(2433, 0)
(5038064193, 0)
(2437, 3)
(5046347077, 2)
(2438, 3)
(5048417798, 3)
(2442, 3)
(5056700682, 2)
(2443, 4)
(5058771403, 4)
(2447, 3)
(5067054287, 2)
(2448, 1)
(5069125008, 4)
(2452, 0)
(5077407892, 0)
(2453, 3)
(5079478613, 3)
(2457, 2)
(5087761497, 3)
(2458, 3)
(5089832218, 3)
(2462, 3)
(5098115102, 2)
(2463, 4)
(5100185823, 4)
(2467, 2)
(5108468707, 3)
(2468, 0)
(5110539428, 0)
(2472, 0)
(5118822312, 0)
(2473, 0)
(5120893033, 0)
(2477, 3)
(5129175917, 3)
(2478, 2)
(5131246638, 3)
(2482, 1)
(5139529522, 1)
(2483, 0)
(5141600243, 0)
(2487, 0)
(5149883127, 0)
(2488, 0)
(5151953848, 0)
(2492, 4)
(5160236732, 4)
(2493, 0)
(5162307453, 0)
(2497, 3)
(5170590337, 3)
(2498, 0)
(5172661058, 0)
(2502, 3)
(5180943942, 2)
(2503, 1)
(5183014663, 4)
(2507, 4)
(5191297547, 1)
(2508, 2)
(5193368268, 3)
(2512, 2)
(5201651152, 3)
(2513, 3)
(5203721873, 3)
(2517, 4)
(5212004757, 1)
(2518, 0)
(5214075478, 0)
(2522, 4)
(5222358362, 4)
(2523, 3)
(5224429083, 3)
(2527, 4)
(5232711967, 1)
(2528, 4)
(5234782688, 4)
(2532, 0)
(5243065572, 0)
(2533, 4)
(5245136293, 4)
(2537, 0)
(5253419177, 0)
(2538, 2)
(5255489898, 2)
(2542, 4)
(5263772782, 4)
(2543, 0)
(5265843503, 0)
(2547, 0)
(5274126387, 0)
(2548, 0)
(5276197108, 0)
(2552, 0)
(5284479992, 0)
(2553, 1)
(5286550713, 4)
(2557, 3)
(5294833597, 3)
(2558, 4)
(5296904318, 1)
(2562, 1)
(5305187202, 4)
(2563, 4)
(5307257923, 4)
(2567, 1)
(5315540807, 1)
(2568, 0)
(5317611528, 0)
(2572, 1)
(5325894412, 1)
(2573, 1)
(5327965133, 4)
(2577, 0)
(5336248017, 0)
(2578, 1)
(5338318738, 4)
(2582, 0)
(5346601622, 0)
(2583, 2)
(5348672343, 3)
(2587, 3)
(5356955227, 2)
(2588, 4)
(5359025948, 4)
(2592, 3)
(5367308832, 3)
(2593, 1)
(5369379553, 4)
(2597, 4)
(5377662437, 1)
(2598, 4)
(5379733158, 4)
(2602, 4)
(5388016042, 4)
(2603, 0)
(5390086763, 0)
(2607, 2)
(5398369647, 3)
(2608, 2)
(5400440368, 3)
(2612, 0)
(5408723252, 0)
(2613, 1)
(5410793973, 1)
(2617, 2)
(5419076857, 2)
(2618, 0)
(5421147578, 0)
(2622, 1)
(5429430462, 4)
(2623, 2)
(5431501183, 2)
(2627, 2)
(5439784067, 3)
(2628, 0)
(5441854788, 0)
(2632, 0)
(5450137672, 0)
(2633, 3)
(5452208393, 2)
(2637, 4)
(5460491277, 4)
(2638, 0)
(5462561998, 0)
(2642, 3)
(5470844882, 2)
(2643, 0)
(5472915603, 0)
(2647, 0)
(5481198487, 0)
(2648, 0)
(5483269208, 0)
(2652, 2)
(5491552092, 3)
(2653, 1)
(5493622813, 4)
(2657, 2)
(5501905697, 2)
(2658, 4)
(5503976418, 4)
(2662, 1)
(5512259302, 4)
(2663, 3)
(5514330023, 2)
(2667, 3)
(5522612907, 3)
(2668, 2)
(5524683628, 2)
(2672, 4)
(5532966512, 4)
(2673, 3)
(5535037233, 2)
(2677, 2)
(5543320117, 3)
(2678, 0)
(5545390838, 0)
(2682, 0)
(5553673722, 0)
(2683, 0)
(5555744443, 0)
(2687, 4)
(5564027327, 4)
(2688, 1)
(5566098048, 4)
(2692, 0)
(5574380932, 0)
(2693, 3)
(5576451653, 2)
(2697, 4)
(5584734537, 1)
(2698, 4)
(5586805258, 1)
(2702, 2)
(5595088142, 2)
(2703, 3)
(5597158863, 3)
(2707, 2)
(5605441747, 3)
(2708, 0)
(5607512468, 0)
(2712, 0)
(5615795352, 0)
(2713, 1)
(5617866073, 1)
(2717, 2)
(5626148957, 3)
(2718, 1)
(5628219678, 4)
(2722, 0)
(5636502562, 0)
(2723, 3)
(5638573283, 2)
(2727, 0)
(5646856167, 0)
(2728, 0)
(5648926888, 0)
(2732, 0)
(5657209772, 0)
(2733, 3)
(5659280493, 3)
(2737, 1)
(5667563377, 4)
(2738, 4)
(5669634098, 4)
(2742, 3)
(5677916982, 3)
(2743, 0)
(5679987703, 0)
(2747, 3)
(5688270587, 3)
(2748, 1)
(5690341308, 4)
(2752, 0)
(5698624192, 0)
(2753, 2)
(5700694913, 3)
(2757, 4)
(5708977797, 1)
(2758, 4)
(5711048518, 1)
(2762, 4)
(5719331402, 4)
(2763, 0)
(5721402123, 0)
(2767, 4)
(5729685007, 1)
(2768, 2)
(5731755728, 2)
(2772, 0)
(5740038612, 0)
(2773, 4)
(5742109333, 4)
(2777, 0)
(5750392217, 0)
(2778, 1)
(5752462938, 4)
(2782, 2)
(5760745822, 3)
(2783, 4)
(5762816543, 1)
(2787, 1)
(5771099427, 1)
(2788, 0)
(5773170148, 0)
(2792, 0)
(5781453032, 0)
(2793, 4)
(5783523753, 4)
(2797, 3)
(5791806637, 2)
(2798, 4)
(5793877358, 1)
(2802, 1)
(5802160242, 4)
(2803, 1)
(5804230963, 4)
(2807, 3)
(5812513847, 3)
(2808, 0)
(5814584568, 0)
(2812, 3)
(5822867452, 3)
(2813, 0)
(5824938173, 0)
(2817, 0)
(5833221057, 0)
(2818, 0)
(5835291778, 0)
(2822, 2)
(5843574662, 2)
(2823, 1)
(5845645383, 1)
(2827, 3)
(5853928267, 3)
(2828, 3)
(5855998988, 2)
(2832, 3)
(5864281872, 3)
(2833, 3)
(5866352593, 2)
(2837, 1)
(5874635477, 4)
(2838, 0)
(5876706198, 0)
(2842, 2)
(5884989082, 3)
(2843, 0)
(5887059803, 0)
(2847, 3)
(5895342687, 2)
(2848, 4)
(5897413408, 1)
(2852, 0)
(5905696292, 0)
(2853, 0)
(5907767013, 0)
(2857, 0)
(5916049897, 0)
(2858, 3)
(5918120618, 2)
(2862, 2)
(5926403502, 3)
(2863, 2)
(5928474223, 3)
(2867, 2)
(5936757107, 2)
(2868, 0)
(5938827828, 0)
(2872, 0)
(5947110712, 0)
(2873, 3)
(5949181433, 2)
(2877, 0)
(5957464317, 0)
(2878, 1)
(5959535038, 0)
(2882, 1)
(5967817922, 1)
(2883, 3)
(5969888643, 3)
(2887, 0)
(5978171527, 0)
(2888, 0)
(5980242248, 0)
(2892, 3)
(5988525132, 2)
(2893, 4)
(5990595853, 4)
(2897, 1)
(5998878737, 1)
(2898, 0)
(6000949458, 0)
(2902, 2)
(6009232342, 2)
(2903, 4)
(6011303063, 4)
(2907, 2)
(6019585947, 3)
(2908, 4)
(6021656668, 4)
(2912, 4)
(6029939552, 1)
(2913, 2)
(6032010273, 3)
(2917, 2)
(6040293157, 2)
(2918, 4)
(6042363878, 4)
(2922, 1)
(6050646762, 4)
(2923, 4)
(6052717483, 4)
(2927, 4)
(6061000367, 4)
(2928, 3)
(6063071088, 3)
(2932, 0)
(6071353972, 0)
(2933, 1)
(6073424693, 4)
(2937, 4)
(6081707577, 4)
(2938, 4)
(6083778298, 4)
(2942, 0)
(6092061182, 0)
(2943, 3)
(6094131903, 3)
(2947, 3)
(6102414787, 2)
(2948, 0)
(6104485508, 0)
(2952, 0)
(6112768392, 0)
(2953, 1)
(6114839113, 1)
(2957, 4)
(6123121997, 4)
(2958, 2)
(6125192718, 2)
(2962, 4)
(6133475602, 1)
(2963, 2)
(6135546323, 3)
(2967, 1)
(6143829207, 4)
(2968, 0)
(6145899928, 0)
(2972, 2)
(6154182812, 2)
(2973, 2)
(6156253533, 2)
(2977, 4)
(6164536417, 1)
(2978, 0)
(6166607138, 0)
(2982, 1)
(6174890022, 1)
(2983, 0)
(6176960743, 0)
(2987, 0)
(6185243627, 0)
(2988, 2)
(6187314348, 3)
(2992, 1)
(6195597232, 1)
(2993, 2)
(6197667953, 3)
(2997, 4)
(6205950837, 4)
(2998, 3)
(6208021558, 3)
(3002, 4)
(6216304442, 4)
(3003, 2)
(6218375163, 2)
(3007, 0)
(6226658047, 0)
(3008, 0)
(6228728768, 0)
(3012, 0)
(6237011652, 0)
(3013, 3)
(6239082373, 3)
(3017, 3)
(6247365257, 2)
(3018, 4)
(6249435978, 1)
(3022, 2)
(6257718862, 2)
(3023, 2)
(6259789583, 3)
(3027, 2)
(6268072467, 3)
(3028, 0)
(6270143188, 0)
(3032, 0)
(6278426072, 0)
(3033, 0)
(6280496793, 0)
(3037, 3)
(6288779677, 2)
(3038, 1)
(6290850398, 1)
(3042, 0)
(6299133282, 0)
(3043, 3)
(6301204003, 2)
(3047, 2)
(6309486887, 2)
(3048, 0)
(6311557608, 0)
(3052, 3)
(6319840492, 2)
(3053, 0)
(6321911213, 0)
(3057, 3)
(6330194097, 3)
(3058, 2)
(6332264818, 2)
(3062, 4)
(6340547702, 1)
(3063, 1)
(6342618423, 1)
(3067, 2)
(6350901307, 3)
(3068, 1)
(6352972028, 1)
(3072, 4)
(6361254912, 4)
(3073, 1)
(6363325633, 1)
(3077, 4)
(6371608517, 1)
(3078, 4)
(6373679238, 4)
(3082, 0)
(6381962122, 0)
(3083, 2)
(6384032843, 2)
(3087, 0)
(6392315727, 0)
(3088, 2)
(6394386448, 3)
(3092, 0)
(6402669332, 0)
(3093, 2)
(6404740053, 2)
(3097, 3)
(6413022937, 2)
(3098, 4)
(6415093658, 1)
(3102, 1)
(6423376542, 4)
(3103, 0)
(6425447263, 0)
(3107, 3)
(6433730147, 2)
(3108, 0)
(6435800868, 0)
(3112, 0)
(6444083752, 0)
(3113, 1)
(6446154473, 1)
(3117, 0)
(6454437357, 0)
(3118, 0)
(6456508078, 0)
(3122, 3)
(6464790962, 3)
(3123, 0)
(6466861683, 0)
(3127, 1)
(6475144567, 4)
(3128, 0)
(6477215288, 0)
(3132, 3)
(6485498172, 2)
(3133, 0)
(6487568893, 0)
(3137, 1)
(6495851777, 4)
(3138, 4)
(6497922498, 4)
(3142, 0)
(6506205382, 0)
(3143, 1)
(6508276103, 4)
(3147, 0)
(6516558987, 0)
(3148, 0)
(6518629708, 0)
(3152, 0)
(6526912592, 0)
(3153, 4)
(6528983313, 1)
(3157, 4)
(6537266197, 4)
(3158, 2)
(6539336918, 3)
(3162, 0)
(6547619802, 0)
(3163, 1)
(6549690523, 1)
(3167, 2)
(6557973407, 2)
(3168, 0)
(6560044128, 0)
(3172, 0)
(6568327012, 0)
(3173, 0)
(6570397733, 0)
(3177, 3)
(6578680617, 2)
(3178, 0)
(6580751338, 0)
(3182, 2)
(6589034222, 2)
(3183, 4)
(6591104943, 4)
(3187, 2)
(6599387827, 3)
(3188, 0)
(6601458548, 0)
(3192, 0)
(6609741432, 0)
(3193, 4)
(6611812153, 1)
(3197, 4)
(6620095037, 4)
(3198, 2)
(6622165758, 2)
(3202, 1)
(6630448642, 1)
(3203, 4)
(6632519363, 4)
(3207, 3)
(6640802247, 2)
(3208, 0)
(6642872968, 0)
(3212, 0)
(6651155852, 0)
(3213, 3)
(6653226573, 3)
(3217, 1)
(6661509457, 1)
(3218, 1)
(6663580178, 4)
(3222, 0)
(6671863062, 0)
(3223, 0)
(6673933783, 0)
(3227, 4)
(6682216667, 1)
(3228, 2)
(6684287388, 3)
(3232, 2)
(6692570272, 2)
(3233, 4)
(6694640993, 1)
(3237, 2)
(6702923877, 3)
(3238, 3)
(6704994598, 3)
(3242, 3)
(6713277482, 2)
(3243, 2)
(6715348203, 3)
(3247, 3)
(6723631087, 3)
(3248, 3)
(6725701808, 3)
(3252, 0)
(6733984692, 0)
(3253, 1)
(6736055413, 1)
(3257, 1)
(6744338297, 1)
(3258, 4)
(6746409018, 4)
(3262, 3)
(6754691902, 3)
(3263, 3)
(6756762623, 3)
(3267, 4)
(6765045507, 4)
(3268, 0)
(6767116228, 0)
(3272, 0)
(6775399112, 0)
(3273, 4)
(6777469833, 4)
(3277, 3)
(6785752717, 2)
(3278, 1)
(6787823438, 1)
(3282, 0)
(6796106322, 0)
(3283, 1)
(6798177043, 1)
(3287, 1)
(6806459927, 1)
(3288, 0)
(6808530648, 0)
(3292, 3)
(6816813532, 2)
(3293, 1)
(6818884253, 4)
(3297, 0)
(6827167137, 0)
(3298, 1)
(6829237858, 4)
(3302, 1)
(6837520742, 4)
(3303, 0)
(6839591463, 0)
(3307, 4)
(6847874347, 1)
(3308, 1)
(6849945068, 1)
(3312, 1)
(6858227952, 4)
(3313, 1)
(6860298673, 4)
(3317, 1)
(6868581557, 4)
(3318, 2)
(6870652278, 3)
(3322, 4)
(6878935162, 4)
(3323, 3)
(6881005883, 2)
(3327, 4)
(6889288767, 4)
(3328, 2)
(6891359488, 2)
(3332, 0)
(6899642372, 0)
(3333, 3)
(6901713093, 2)
(3337, 4)
(6909995977, 1)
(3338, 0)
(6912066698, 0)
(3342, 4)
(6920349582, 1)
(3343, 4)
(6922420303, 4)
(3347, 1)
(6930703187, 4)
(3348, 0)
(6932773908, 0)
(3352, 0)
(6941056792, 0)
(3353, 0)
(6943127513, 0)
(3357, 0)
(6951410397, 0)
(3358, 2)
(6953481118, 2)
(3362, 4)
(6961764002, 4)
(3363, 4)
(6963834723, 4)
(3367, 0)
(6972117607, 0)
(3368, 0)
(6974188328, 0)
(3372, 2)
(6982471212, 2)
(3373, 4)
(6984541933, 1)
(3377, 3)
(6992824817, 2)
(3378, 4)
(6994895538, 4)
(3382, 0)
(7003178422, 0)
(3383, 1)
(7005249143, 1)
(3387, 2)
(7013532027, 3)
(3388, 3)
(7015602748, 2)
(3392, 1)
(7023885632, 4)
(3393, 2)
(7025956353, 3)
(3397, 0)
(7034239237, 0)
(3398, 3)
(7036309958, 3)
(3402, 3)
(7044592842, 2)
(3403, 2)
(7046663563, 3)
(3407, 3)
(7054946447, 3)
(3408, 4)
(7057017168, 1)
(3412, 0)
(7065300052, 0)
(3413, 3)
(7067370773, 2)
(3417, 4)
(7075653657, 1)
(3418, 2)
(7077724378, 2)
(3422, 3)
(7086007262, 2)
(3423, 0)
(7088077983, 0)
(3427, 1)
(7096360867, 1)
(3428, 0)
(7098431588, 0)
(3432, 0)
(7106714472, 0)
(3433, 1)
(7108785193, 1)
(3437, 2)
(7117068077, 2)
(3438, 0)
(7119138798, 0)
(3442, 0)
(7127421682, 0)
(3443, 4)
(7129492403, 4)
(3447, 4)
(7137775287, 4)
(3448, 0)
(7139846008, 0)
(3452, 2)
(7148128892, 3)
(3453, 3)
(7150199613, 2)
(3457, 3)
(7158482497, 2)
(3458, 0)
(7160553218, 0)
(3462, 3)
(7168836102, 2)
(3463, 4)
(7170906823, 4)
(3467, 4)
(7179189707, 4)
(3468, 4)
(7181260428, 4)
(3472, 1)
(7189543312, 4)
(3473, 0)
(7191614033, 0)
(3477, 2)
(7199896917, 2)
(3478, 4)
(7201967638, 4)
(3482, 4)
(7210250522, 1)
(3483, 3)
(7212321243, 3)
(3487, 2)
(7220604127, 2)
(3488, 0)
(7222674848, 0)
(3492, 0)
(7230957732, 0)
(3493, 3)
(7233028453, 3)
(3497, 2)
(7241311337, 3)
(3498, 0)
(7243382058, 0)
(3502, 4)
(7251664942, 4)
(3503, 2)
(7253735663, 2)
(3507, 3)
(7262018547, 2)
(3508, 0)
(7264089268, 0)
(3512, 0)
(7272372152, 0)
(3513, 4)
(7274442873, 1)
(3517, 0)
(7282725757, 0)
(3518, 3)
(7284796478, 3)
(3522, 3)
(7293079362, 3)
(3523, 4)
(7295150083, 4)
(3527, 0)
(7303432967, 0)
(3528, 0)
(7305503688, 0)
(3532, 1)
(7313786572, 1)
(3533, 0)
(7315857293, 0)
(3537, 3)
(7324140177, 2)
(3538, 3)
(7326210898, 2)
(3542, 2)
(7334493782, 3)
(3543, 3)
(7336564503, 2)
(3547, 4)
(7344847387, 1)
(3548, 2)
(7346918108, 2)
(3552, 4)
(7355200992, 4)
(3553, 1)
(7357271713, 1)
(3557, 4)
(7365554597, 1)
(3558, 3)
(7367625318, 2)
(3562, 2)
(7375908202, 2)
(3563, 3)
(7377978923, 3)
(3567, 0)
(7386261807, 0)
(3568, 2)
(7388332528, 3)
