(2, 4)
(169243202, 4)
(3, 3)
(253864803, 2)
(7, 4)
(592351207, 1)
(8, 0)
(676972808, 0)
(12, 4)
(1015459212, 1)
(13, 3)
(1100080813, 2)
(17, 4)
(1438567217, 4)
(18, 3)
(1523188818, 3)
(22, 3)
(1861675222, 2)
(23, 3)
(1946296823, 3)
(27, 3)
(2284783227, 2)
(28, 3)
(2369404828, 2)
(32, 2)
(2707891232, 2)
(33, 1)
(2792512833, 1)
(37, 2)
(3130999237, 3)
(38, 1)
(3215620838, 1)
(42, 1)
(3554107242, 1)
(43, 4)
(3638728843, 1)
(47, 0)
(3977215247, 0)
(48, 4)
(4061836848, 1)
(52, 0)
(4400323252, 0)
(53, 4)
(4484944853, 1)
(57, 4)
(4823431257, 1)
(58, 2)
(4908052858, 2)
(62, 2)
(5246539262, 2)
(63, 0)
(5331160863, 0)
(67, 1)
(5669647267, 1)
(68, 0)
(5754268868, 0)
(72, 0)
(6092755272, 0)
(73, 1)
(6177376873, 1)
(77, 3)
(6515863277, 3)
(78, 4)
(6600484878, 4)
(82, 1)
(6938971282, 4)
(83, 2)
(7023592883, 3)
(87, 4)
(7362079287, 1)
(88, 0)
(7446700888, 0)
(92, 1)
(7785187292, 1)
(93, 1)
(7869808893, 4)
(97, 4)
(8208295297, 4)
(98, 4)
(8292916898, 4)
(102, 1)
(8631403302, 4)
(103, 0)
(8716024903, 0)
(107, 3)
(9054511307, 3)
(108, 4)
(9139132908, 1)
(112, 4)
(9477619312, 1)
(113, 2)
(9562240913, 3)
(117, 0)
(9900727317, 0)
(118, 1)
(9985348918, 1)
(122, 0)
(10323835322, 0)
(123, 3)
(10408456923, 3)
(127, 0)
(10746943327, 0)
(128, 4)
(10831564928, 4)
(132, 0)
(11170051332, 0)
(133, 1)
(11254672933, 4)
(137, 3)
(11593159337, 2)
(138, 3)
(11677780938, 2)
(142, 1)
(12016267342, 4)
(143, 0)
(12100888943, 0)
(147, 4)
(12439375347, 1)
(148, 0)
(12523996948, 0)
(152, 0)
(12862483352, 0)
(153, 3)
(12947104953, 3)
(157, 1)
(13285591357, 1)
(158, 3)
(13370212958, 3)
(162, 1)
(13708699362, 1)
(163, 4)
(13793320963, 1)
(167, 4)
(14131807367, 1)
(168, 0)
(14216428968, 0)
(172, 2)
(14554915372, 3)
(173, 1)
(14639536973, 4)
(177, 4)
(14978023377, 1)
(178, 3)
(15062644978, 3)
(182, 3)
(15401131382, 3)
(183, 3)
(15485752983, 2)
(187, 2)
(15824239387, 3)
(188, 0)
(15908860988, 0)
(192, 0)
(16247347392, 0)
(193, 1)
(16331968993, 1)
(197, 0)
(16670455397, 0)
(198, 0)
(16755076998, 0)
(202, 4)
(17093563402, 1)
(203, 1)
(17178185003, 4)
(207, 1)
(17516671407, 1)
(208, 1)
(17601293008, 4)
(212, 0)
(17939779412, 0)
(213, 2)
(18024401013, 2)
(217, 3)
(18362887417, 2)
(218, 0)
(18447509018, 0)
(222, 3)
(18785995422, 3)
(223, 2)
(18870617023, 3)
(227, 0)
(19209103427, 0)
(228, 0)
(19293725028, 0)
(232, 0)
(19632211432, 0)
(233, 3)
(19716833033, 3)
(237, 2)
(20055319437, 3)
(238, 3)
(20139941038, 2)
(242, 4)
(20478427442, 4)
(243, 4)
(20563049043, 1)
(247, 4)
(20901535447, 1)
(248, 0)
(20986157048, 0)
(252, 0)
(21324643452, 0)
(253, 1)
(21409265053, 4)
(257, 1)
(21747751457, 4)
(258, 3)
(21832373058, 3)
(262, 4)
(22170859462, 4)
(263, 3)
(22255481063, 3)
(267, 2)
(22593967467, 3)
(268, 3)
(22678589068, 3)
(272, 3)
(23017075472, 3)
(273, 2)
(23101697073, 3)
(277, 1)
(23440183477, 4)
(278, 4)
(23524805078, 1)
(282, 2)
(23863291482, 2)
(283, 2)
(23947913083, 3)
(287, 1)
(24286399487, 1)
(288, 4)
(24371021088, 4)
(292, 0)
(24709507492, 0)
(293, 2)
(24794129093, 3)
(297, 1)
(25132615497, 1)
(298, 1)
(25217237098, 1)
(302, 3)
(25555723502, 2)
(303, 0)
(25640345103, 0)
(307, 3)
(25978831507, 3)
(308, 0)
(26063453108, 0)
(312, 0)
(26401939512, 0)
(313, 2)
(26486561113, 3)
(317, 0)
(26825047517, 0)
(318, 2)
(26909669118, 2)
(322, 2)
(27248155522, 3)
(323, 1)
(27332777123, 1)
(327, 3)
(27671263527, 2)
(328, 0)
(27755885128, 0)
(332, 1)
(28094371532, 4)
(333, 0)
(28178993133, 0)
(337, 3)
(28517479537, 3)
(338, 0)
(28602101138, 0)
(342, 2)
(28940587542, 2)
(343, 3)
(29025209143, 2)
(347, 0)
(29363695547, 0)
(348, 3)
(29448317148, 2)
(352, 4)
(29786803552, 1)
(353, 4)
(29871425153, 4)
(357, 3)
(30209911557, 3)
(358, 1)
(30294533158, 4)
(362, 2)
(30633019562, 3)
(363, 4)
(30717641163, 1)
(367, 1)
(31056127567, 1)
(368, 3)
(31140749168, 3)
(372, 0)
(31479235572, 0)
(373, 0)
(31563857173, 0)
(377, 1)
(31902343577, 4)
(378, 1)
(31986965178, 1)
(382, 2)
(32325451582, 2)
(383, 2)
(32410073183, 3)
(387, 0)
(32748559587, 0)
(388, 0)
(32833181188, 0)
(392, 0)
(33171667592, 0)
(393, 3)
(33256289193, 2)
(397, 1)
(33594775597, 4)
(398, 0)
(33679397198, 0)
(402, 4)
(34017883602, 1)
(403, 3)
(34102505203, 2)
(407, 4)
(34440991607, 4)
(408, 0)
(34525613208, 0)
(412, 0)
(34864099612, 0)
(413, 0)
(34948721213, 0)
(417, 2)
(35287207617, 2)
(418, 3)
(35371829218, 2)
(422, 0)
(35710315622, 0)
(423, 0)
(35794937223, 0)
(427, 2)
(36133423627, 3)
(428, 4)
(36218045228, 4)
(432, 4)
(36556531632, 1)
(433, 3)
(36641153233, 3)
(437, 0)
(36979639637, 0)
(438, 3)
(37064261238, 2)
(442, 2)
(37402747642, 3)
(443, 0)
(37487369243, 0)
(447, 1)
(37825855647, 4)
(448, 2)
(37910477248, 3)
(452, 0)
(38248963652, 0)
(453, 3)
(38333585253, 3)
(457, 3)
(38672071657, 2)
(458, 1)
(38756693258, 4)
(462, 2)
(39095179662, 3)
(463, 2)
(39179801263, 2)
(467, 2)
(39518287667, 2)
(468, 0)
(39602909268, 0)
(472, 0)
(39941395672, 0)
(473, 3)
(40026017273, 3)
(477, 3)
(40364503677, 2)
(478, 3)
(40449125278, 3)
(482, 0)
(40787611682, 0)
(483, 1)
(40872233283, 1)
(487, 3)
(41210719687, 2)
(488, 0)
(41295341288, 0)
(492, 4)
(41633827692, 4)
(493, 3)
(41718449293, 3)
(497, 4)
(42056935697, 4)
(498, 3)
(42141557298, 3)
(502, 1)
(42480043702, 1)
(503, 1)
(42564665303, 4)
(507, 1)
(42903151707, 4)
(508, 0)
(42987773308, 0)
(512, 4)
(43326259712, 4)
(513, 4)
(43410881313, 1)
(517, 2)
(43749367717, 2)
(518, 1)
(43833989318, 1)
(522, 0)
(44172475722, 0)
(523, 0)
(44257097323, 0)
(527, 2)
(44595583727, 2)
(528, 2)
(44680205328, 2)
(532, 0)
(45018691732, 0)
(533, 3)
(45103313333, 3)
(537, 2)
(45441799737, 2)
(538, 0)
(45526421338, 0)
(542, 1)
(45864907742, 4)
(543, 2)
(45949529343, 2)
(547, 3)
(46288015747, 3)
(548, 0)
(46372637348, 0)
(552, 0)
(46711123752, 0)
(553, 2)
(46795745353, 3)
(557, 3)
(47134231757, 2)
(558, 4)
(47218853358, 4)
(562, 2)
(47557339762, 3)
(563, 1)
(47641961363, 4)
(567, 3)
(47980447767, 2)
(568, 0)
(48065069368, 0)
(572, 0)
(48403555772, 0)
(573, 4)
(48488177373, 1)
(577, 3)
(48826663777, 3)
(578, 2)
(48911285378, 2)
(582, 4)
(49249771782, 1)
(583, 3)
(49334393383, 3)
(587, 2)
(49672879787, 2)
(588, 2)
(49757501388, 3)
(592, 4)
(50095987792, 1)
(593, 1)
(50180609393, 1)
(597, 2)
(50519095797, 2)
(598, 3)
(50603717398, 2)
(602, 1)
(50942203802, 1)
(603, 0)
(51026825403, 0)
(607, 2)
(51365311807, 3)
(608, 3)
(51449933408, 3)
(612, 0)
(51788419812, 0)
(613, 0)
(51873041413, 0)
(617, 2)
(52211527817, 2)
(618, 2)
(52296149418, 2)
(622, 3)
(52634635822, 2)
(623, 2)
(52719257423, 3)
(627, 4)
(53057743827, 4)
(628, 0)
(53142365428, 0)
(632, 0)
(53480851832, 0)
(633, 0)
(53565473433, 0)
(637, 4)
(53903959837, 1)
(638, 0)
(53988581438, 0)
(642, 4)
(54327067842, 1)
(643, 2)
(54411689443, 2)
(647, 2)
(54750175847, 2)
(648, 0)
(54834797448, 0)
(652, 2)
(55173283852, 3)
(653, 1)
(55257905453, 4)
(657, 0)
(55596391857, 0)
(658, 3)
(55681013458, 3)
(662, 3)
(56019499862, 3)
(663, 1)
(56104121463, 1)
(667, 4)
(56442607867, 4)
(668, 3)
(56527229468, 2)
(672, 3)
(56865715872, 3)
(673, 3)
(56950337473, 3)
(677, 0)
(57288823877, 0)
(678, 0)
(57373445478, 0)
(682, 3)
(57711931882, 2)
(683, 0)
(57796553483, 0)
(687, 3)
(58135039887, 3)
(688, 2)
(58219661488, 3)
(692, 0)
(58558147892, 0)
(693, 1)
(58642769493, 1)
(697, 3)
(58981255897, 2)
(698, 1)
(59065877498, 1)
(702, 4)
(59404363902, 4)
(703, 4)
(59488985503, 1)
(707, 1)
(59827471907, 1)
(708, 0)
(59912093508, 0)
(712, 0)
(60250579912, 0)
(713, 1)
(60335201513, 1)
(717, 1)
(60673687917, 4)
(718, 2)
(60758309518, 2)
(722, 1)
(61096795922, 1)
(723, 1)
(61181417523, 4)
(727, 2)
(61519903927, 2)
(728, 0)
(61604525528, 0)
(732, 1)
(61943011932, 4)
(733, 1)
(62027633533, 4)
(737, 0)
(62366119937, 0)
(738, 0)
(62450741538, 0)
(742, 2)
(62789227942, 2)
(743, 1)
(62873849543, 4)
(747, 4)
(63212335947, 1)
(748, 1)
(63296957548, 4)
(752, 0)
(63635443952, 0)
(753, 3)
(63720065553, 2)
(757, 0)
(64058551957, 0)
(758, 2)
(64143173558, 3)
(762, 3)
(64481659962, 2)
(763, 1)
(64566281563, 4)
(767, 3)
(64904767967, 2)
(768, 2)
(64989389568, 3)
(772, 0)
(65327875972, 0)
(773, 4)
(65412497573, 1)
(777, 1)
(65750983977, 4)
(778, 4)
(65835605578, 4)
(782, 1)
(66174091982, 1)
(783, 4)
(66258713583, 1)
(787, 0)
(66597199987, 0)
(788, 0)
(66681821588, 0)
(792, 0)
(67020307992, 0)
(793, 2)
(67104929593, 3)
(797, 0)
(67443415997, 0)
(798, 1)
(67528037598, 1)
(802, 3)
(67866524002, 2)
(803, 0)
(67951145603, 0)
(807, 1)
(68289632007, 4)
(808, 0)
(68374253608, 0)
(812, 3)
(68712740012, 2)
(813, 3)
(68797361613, 3)
(817, 2)
(69135848017, 3)
(818, 3)
(69220469618, 2)
(822, 0)
(69558956022, 0)
(823, 4)
(69643577623, 4)
(827, 2)
(69982064027, 3)
(828, 2)
(70066685628, 2)
(832, 2)
(70405172032, 3)
(833, 2)
(70489793633, 2)
(837, 1)
(70828280037, 4)
(838, 4)
(70912901638, 1)
(842, 4)
(71251388042, 4)
(843, 4)
(71336009643, 4)
(847, 4)
(71674496047, 1)
(848, 3)
(71759117648, 2)
(852, 0)
(72097604052, 0)
(853, 0)
(72182225653, 0)
(857, 2)
(72520712057, 2)
(858, 1)
(72605333658, 4)
(862, 2)
(72943820062, 2)
(863, 1)
(73028441663, 1)
(867, 3)
(73366928067, 2)
(868, 0)
(73451549668, 0)
(872, 0)
(73790036072, 0)
(873, 0)
(73874657673, 0)
(877, 0)
(74213144077, 0)
(878, 0)
(74297765678, 0)
(882, 3)
(74636252082, 3)
(883, 2)
(74720873683, 2)
(887, 1)
(75059360087, 4)
(888, 0)
(75143981688, 0)
(892, 4)
(75482468092, 1)
(893, 2)
(75567089693, 3)
(897, 1)
(75905576097, 1)
(898, 2)
(75990197698, 2)
(902, 2)
(76328684102, 2)
(903, 1)
(76413305703, 4)
(907, 3)
(76751792107, 2)
(908, 0)
(76836413708, 0)
(912, 3)
(77174900112, 2)
(913, 3)
(77259521713, 3)
(917, 0)
(77598008117, 0)
(918, 1)
(77682629718, 4)
(922, 2)
(78021116122, 2)
(923, 0)
(78105737723, 0)
(927, 0)
(78444224127, 0)
(928, 1)
(78528845728, 1)
(932, 0)
(78867332132, 0)
(933, 4)
(78951953733, 4)
(937, 0)
(79290440137, 0)
(938, 1)
(79375061738, 4)
(942, 3)
(79713548142, 2)
(943, 1)
(79798169743, 4)
(947, 0)
(80136656147, 0)
(948, 0)
(80221277748, 0)
(952, 0)
(80559764152, 0)
(953, 3)
(80644385753, 3)
(957, 1)
(80982872157, 1)
(958, 1)
(81067493758, 4)
(962, 2)
(81405980162, 2)
(963, 1)
(81490601763, 1)
(967, 4)
(81829088167, 1)
(968, 0)
(81913709768, 0)
(972, 2)
(82252196172, 3)
(973, 3)
(82336817773, 3)
(977, 0)
(82675304177, 0)
(978, 4)
(82759925778, 4)
(982, 0)
(83098412182, 0)
(983, 2)
(83183033783, 2)
(987, 3)
(83521520187, 2)
(988, 3)
(83606141788, 2)
(992, 1)
(83944628192, 1)
(993, 3)
(84029249793, 2)
(997, 4)
(84367736197, 4)
(998, 1)
(84452357798, 1)
(1002, 4)
(84790844202, 4)
(1003, 1)
(84875465803, 1)
(1007, 0)
(85213952207, 0)
(1008, 0)
(85298573808, 0)
(1012, 0)
(85637060212, 0)
(1013, 4)
(85721681813, 4)
(1017, 4)
(86060168217, 1)
(1018, 3)
(86144789818, 3)
(1022, 3)
(86483276222, 2)
(1023, 1)
(86567897823, 1)
(1027, 4)
(86906384227, 1)
(1028, 0)
(86991005828, 0)
(1032, 0)
(87329492232, 0)
(1033, 3)
(87414113833, 3)
(1037, 0)
(87752600237, 0)
(1038, 2)
(87837221838, 2)
(1042, 3)
(88175708242, 2)
(1043, 2)
(88260329843, 3)
(1047, 4)
(88598816247, 1)
(1048, 0)
(88683437848, 0)
(1052, 1)
(89021924252, 1)
(1053, 1)
(89106545853, 4)
(1057, 1)
(89445032257, 1)
(1058, 0)
(89529653858, 0)
(1062, 0)
(89868140262, 0)
(1063, 4)
(89952761863, 4)
(1067, 2)
(90291248267, 3)
(1068, 1)
(90375869868, 4)
(1072, 3)
(90714356272, 3)
(1073, 1)
(90798977873, 4)
(1077, 4)
(91137464277, 1)
(1078, 3)
(91222085878, 2)
(1082, 3)
(91560572282, 2)
(1083, 2)
(91645193883, 3)
(1087, 1)
(91983680287, 1)
(1088, 1)
(92068301888, 1)
(1092, 0)
(92406788292, 0)
(1093, 0)
(92491409893, 0)
(1097, 1)
(92829896297, 1)
(1098, 0)
(92914517898, 0)
(1102, 0)
(93253004302, 0)
(1103, 3)
(93337625903, 3)
(1107, 3)
(93676112307, 3)
(1108, 0)
(93760733908, 0)
(1112, 0)
(94099220312, 0)
(1113, 4)
(94183841913, 1)
(1117, 4)
(94522328317, 1)
(1118, 1)
(94606949918, 1)
(1122, 4)
(94945436322, 4)
(1123, 0)
(95030057923, 0)
(1127, 3)
(95368544327, 3)
(1128, 0)
(95453165928, 0)
(1132, 1)
(95791652332, 4)
(1133, 2)
(95876273933, 2)
(1137, 0)
(96214760337, 0)
(1138, 2)
(96299381938, 3)
(1142, 2)
(96637868342, 2)
(1143, 0)
(96722489943, 0)
(1147, 1)
(97060976347, 4)
(1148, 2)
(97145597948, 2)
(1152, 3)
(97484084352, 3)
(1153, 4)
(97568705953, 4)
(1157, 3)
(97907192357, 2)
(1158, 4)
(97991813958, 1)
(1162, 3)
(98330300362, 3)
(1163, 3)
(98414921963, 3)
(1167, 3)
(98753408367, 2)
(1168, 2)
(98838029968, 2)
(1172, 0)
(99176516372, 0)
(1173, 1)
(99261137973, 4)
(1177, 2)
(99599624377, 3)
(1178, 1)
(99684245978, 1)
(1182, 0)
(100022732382, 0)
(1183, 0)
(100107353983, 0)
(1187, 4)
(100445840387, 4)
(1188, 0)
(100530461988, 0)
(1192, 0)
(100868948392, 0)
(1193, 4)
(100953569993, 1)
(1197, 0)
(101292056397, 0)
(1198, 2)
(101376677998, 2)
(1202, 1)
(101715164402, 1)
(1203, 4)
(101799786003, 4)
(1207, 2)
(102138272407, 3)
(1208, 0)
(102222894008, 0)
(1212, 0)
(102561380412, 0)
(1213, 0)
(102646002013, 0)
(1217, 2)
(102984488417, 2)
(1218, 4)
(103069110018, 4)
(1222, 3)
(103407596422, 3)
(1223, 0)
(103492218023, 0)
(1227, 4)
(103830704427, 4)
(1228, 4)
(103915326028, 4)
(1232, 1)
(104253812432, 1)
(1233, 1)
(104338434033, 4)
(1237, 4)
(104676920437, 1)
(1238, 2)
(104761542038, 2)
(1242, 3)
(105100028442, 2)
(1243, 1)
(105184650043, 1)
(1247, 4)
(105523136447, 1)
(1248, 2)
(105607758048, 2)
(1252, 0)
(105946244452, 0)
(1253, 3)
(106030866053, 3)
(1257, 0)
(106369352457, 0)
(1258, 2)
(106453974058, 3)
(1262, 4)
(106792460462, 4)
(1263, 0)
(106877082063, 0)
(1267, 1)
(107215568467, 1)
(1268, 0)
(107300190068, 0)
(1272, 0)
(107638676472, 0)
(1273, 0)
(107723298073, 0)
(1277, 4)
(108061784477, 1)
(1278, 0)
(108146406078, 0)
(1282, 3)
(108484892482, 3)
(1283, 4)
(108569514083, 4)
(1287, 0)
(108908000487, 0)
(1288, 0)
(108992622088, 0)
(1292, 3)
(109331108492, 3)
(1293, 1)
(109415730093, 4)
(1297, 2)
(109754216497, 3)
(1298, 2)
(109838838098, 3)
(1302, 4)
(110177324502, 4)
(1303, 1)
(110261946103, 1)
(1307, 1)
(110600432507, 1)
(1308, 1)
(110685054108, 4)
(1312, 3)
(111023540512, 2)
(1313, 1)
(111108162113, 1)
(1317, 0)
(111446648517, 0)
(1318, 0)
(111531270118, 0)
(1322, 3)
(111869756522, 3)
(1323, 4)
(111954378123, 1)
(1327, 0)
(112292864527, 0)
(1328, 1)
(112377486128, 4)
(1332, 0)
(112715972532, 0)
(1333, 0)
(112800594133, 0)
(1337, 4)
(113139080537, 1)
(1338, 0)
(113223702138, 0)
(1342, 0)
(113562188542, 0)
(1343, 4)
(113646810143, 4)
(1347, 1)
(113985296547, 4)
(1348, 0)
(114069918148, 0)
(1352, 0)
(114408404552, 0)
(1353, 4)
(114493026153, 1)
(1357, 1)
(114831512557, 1)
(1358, 4)
(114916134158, 1)
(1362, 1)
(115254620562, 4)
(1363, 4)
(115339242163, 1)
(1367, 0)
(115677728567, 0)
(1368, 0)
(115762350168, 0)
(1372, 1)
(116100836572, 4)
(1373, 2)
(116185458173, 2)
(1377, 1)
(116523944577, 1)
(1378, 0)
(116608566178, 0)
(1382, 2)
(116947052582, 3)
(1383, 3)
(117031674183, 2)
(1387, 4)
(117370160587, 4)
(1388, 0)
(117454782188, 0)
(1392, 4)
(117793268592, 1)
(1393, 4)
(117877890193, 4)
(1397, 4)
(118216376597, 1)
(1398, 0)
(118300998198, 0)
(1402, 1)
(118639484602, 4)
(1403, 1)
(118724106203, 1)
(1407, 1)
(119062592607, 1)
(1408, 3)
(119147214208, 2)
(1412, 0)
(119485700612, 0)
(1413, 0)
(119570322213, 0)
(1417, 1)
(119908808617, 4)
(1418, 4)
(119993430218, 1)
(1422, 1)
(120331916622, 1)
(1423, 4)
(120416538223, 4)
(1427, 0)
(120755024627, 0)
(1428, 0)
(120839646228, 0)
(1432, 0)
(121178132632, 0)
(1433, 4)
(121262754233, 4)
(1437, 4)
(121601240637, 4)
(1438, 1)
(121685862238, 1)
(1442, 1)
(122024348642, 1)
(1443, 2)
(122108970243, 3)
(1447, 2)
(122447456647, 2)
(1448, 0)
(122532078248, 0)
(1452, 2)
(122870564652, 3)
(1453, 1)
(122955186253, 1)
(1457, 4)
(123293672657, 1)
(1458, 2)
(123378294258, 2)
(1462, 4)
(123716780662, 1)
(1463, 2)
(123801402263, 2)
(1467, 0)
(124139888667, 0)
(1468, 2)
(124224510268, 2)
(1472, 4)
(124562996672, 4)
(1473, 2)
(124647618273, 2)
(1477, 1)
(124986104677, 1)
(1478, 0)
(125070726278, 0)
(1482, 1)
(125409212682, 1)
(1483, 3)
(125493834283, 3)
(1487, 3)
(125832320687, 2)
(1488, 2)
(125916942288, 3)
(1492, 0)
(126255428692, 0)
(1493, 3)
(126340050293, 3)
(1497, 0)
(126678536697, 0)
(1498, 1)
(126763158298, 4)
(1502, 1)
(127101644702, 4)
(1503, 3)
(127186266303, 2)
(1507, 4)
(127524752707, 4)
(1508, 0)
(127609374308, 0)
(1512, 0)
(127947860712, 0)
(1513, 4)
(128032482313, 4)
(1517, 3)
(128370968717, 3)
(1518, 4)
(128455590318, 4)
(1522, 0)
(128794076722, 0)
(1523, 3)
(128878698323, 3)
(1527, 1)
(129217184727, 4)
(1528, 0)
(129301806328, 0)
(1532, 4)
(129640292732, 1)
(1533, 1)
(129724914333, 1)
(1537, 1)
(130063400737, 4)
(1538, 4)
(130148022338, 1)
(1542, 0)
(130486508742, 0)
(1543, 4)
(130571130343, 1)
(1547, 2)
(130909616747, 2)
(1548, 0)
(130994238348, 0)
(1552, 3)
(131332724752, 3)
(1553, 0)
(131417346353, 0)
(1557, 2)
(131755832757, 3)
(1558, 2)
(131840454358, 3)
(1562, 2)
(132178940762, 2)
(1563, 4)
(132263562363, 4)
(1567, 0)
(132602048767, 0)
(1568, 2)
(132686670368, 2)
(1572, 0)
(133025156772, 0)
(1573, 3)
(133109778373, 2)
(1577, 3)
(133448264777, 2)
(1578, 1)
(133532886378, 4)
(1582, 4)
(133871372782, 4)
(1583, 3)
(133955994383, 3)
(1587, 0)
(134294480787, 0)
(1588, 0)
(134379102388, 0)
(1592, 0)
(134717588792, 0)
(1593, 4)
(134802210393, 1)
(1597, 4)
(135140696797, 4)
(1598, 2)
(135225318398, 3)
(1602, 0)
(135563804802, 0)
(1603, 4)
(135648426403, 4)
(1607, 3)
(135986912807, 3)
(1608, 0)
(136071534408, 0)
(1612, 4)
(136410020812, 1)
(1613, 3)
(136494642413, 3)
(1617, 3)
(136833128817, 3)
(1618, 2)
(136917750418, 3)
(1622, 0)
(137256236822, 0)
(1623, 3)
(137340858423, 3)
(1627, 2)
(137679344827, 2)
(1628, 3)
(137763966428, 3)
(1632, 3)
(138102452832, 2)
(1633, 4)
(138187074433, 1)
(1637, 3)
(138525560837, 3)
(1638, 1)
(138610182438, 1)
(1642, 1)
(138948668842, 1)
(1643, 0)
(139033290443, 0)
(1647, 3)
(139371776847, 2)
(1648, 0)
(139456398448, 0)
(1652, 0)
(139794884852, 0)
(1653, 4)
(139879506453, 1)
(1657, 1)
(140217992857, 1)
(1658, 2)
(140302614458, 2)
(1662, 0)
(140641100862, 0)
(1663, 2)
(140725722463, 2)
(1667, 3)
(141064208867, 3)
(1668, 0)
(141148830468, 0)
(1672, 0)
(141487316872, 0)
(1673, 3)
(141571938473, 2)
(1677, 1)
(141910424877, 4)
(1678, 0)
(141995046478, 0)
(1682, 4)
(142333532882, 4)
(1683, 0)
(142418154483, 0)
(1687, 2)
(142756640887, 3)
(1688, 0)
(142841262488, 0)
(1692, 0)
(143179748892, 0)
(1693, 3)
(143264370493, 2)
(1697, 3)
(143602856897, 2)
(1698, 1)
(143687478498, 1)
(1702, 0)
(144025964902, 0)
(1703, 3)
(144110586503, 2)
(1707, 0)
(144449072907, 0)
(1708, 1)
(144533694508, 4)
(1712, 4)
(144872180912, 4)
(1713, 4)
(144956802513, 1)
(1717, 1)
(145295288917, 4)
(1718, 1)
(145379910518, 4)
(1722, 1)
(145718396922, 4)
(1723, 0)
(145803018523, 0)
(1727, 4)
(146141504927, 1)
(1728, 0)
(146226126528, 0)
(1732, 0)
(146564612932, 0)
(1733, 1)
(146649234533, 1)
(1737, 0)
(146987720937, 0)
(1738, 1)
(147072342538, 4)
(1742, 1)
(147410828942, 4)
(1743, 4)
(147495450543, 1)
(1747, 0)
(147833936947, 0)
(1748, 0)
(147918558548, 0)
(1752, 0)
(148257044952, 0)
(1753, 0)
(148341666553, 0)
(1757, 3)
(148680152957, 2)
(1758, 0)
(148764774558, 0)
(1762, 1)
(149103260962, 4)
(1763, 3)
(149187882563, 3)
(1767, 3)
(149526368967, 2)
(1768, 0)
(149610990568, 0)
(1772, 0)
(149949476972, 0)
(1773, 0)
(150034098573, 0)
(1777, 4)
(150372584977, 1)
(1778, 0)
(150457206578, 0)
(1782, 1)
(150795692982, 4)
(1783, 2)
(150880314583, 2)
(1787, 2)
(151218800987, 3)
(1788, 2)
(151303422588, 3)
(1792, 1)
(151641908992, 4)
(1793, 4)
(151726530593, 4)
(1797, 4)
(152065016997, 1)
(1798, 0)
(152149638598, 0)
(1802, 3)
(152488125002, 2)
(1803, 2)
(152572746603, 3)
(1807, 3)
(152911233007, 3)
(1808, 4)
(152995854608, 1)
(1812, 0)
(153334341012, 0)
(1813, 2)
(153418962613, 3)
(1817, 0)
(153757449017, 0)
(1818, 0)
(153842070618, 0)
(1822, 4)
(154180557022, 1)
(1823, 0)
(154265178623, 0)
(1827, 2)
(154603665027, 3)
(1828, 0)
(154688286628, 0)
(1832, 0)
(155026773032, 0)
(1833, 1)
(155111394633, 4)
(1837, 4)
(155449881037, 4)
(1838, 3)
(155534502638, 2)
(1842, 4)
(155872989042, 1)
(1843, 4)
(155957610643, 4)
(1847, 2)
(156296097047, 2)
(1848, 0)
(156380718648, 0)
(1852, 4)
(156719205052, 4)
(1853, 4)
(156803826653, 4)
(1857, 0)
(157142313057, 0)
(1858, 0)
(157226934658, 0)
(1862, 3)
(157565421062, 3)
(1863, 2)
(157650042663, 2)
(1867, 0)
(157988529067, 0)
(1868, 1)
(158073150668, 1)
(1872, 0)
(158411637072, 0)
(1873, 3)
(158496258673, 2)
(1877, 4)
(158834745077, 1)
(1878, 4)
(158919366678, 4)
(1882, 2)
(159257853082, 3)
(1883, 1)
(159342474683, 4)
(1887, 0)
(159680961087, 0)
(1888, 3)
(159765582688, 3)
(1892, 0)
(160104069092, 0)
(1893, 0)
(160188690693, 0)
(1897, 1)
(160527177097, 1)
(1898, 3)
(160611798698, 2)
(1902, 4)
(160950285102, 1)
(1903, 2)
(161034906703, 2)
(1907, 3)
(161373393107, 3)
(1908, 0)
(161458014708, 0)
(1912, 0)
(161796501112, 0)
(1913, 4)
(161881122713, 1)
(1917, 2)
(162219609117, 2)
(1918, 1)
(162304230718, 1)
(1922, 2)
(162642717122, 2)
(1923, 0)
(162727338723, 0)
(1927, 2)
(163065825127, 2)
(1928, 0)
(163150446728, 0)
(1932, 3)
(163488933132, 3)
(1933, 2)
(163573554733, 2)
(1937, 3)
(163912041137, 2)
(1938, 2)
(163996662738, 3)
(1942, 3)
(164335149142, 2)
(1943, 2)
(164419770743, 2)
(1947, 3)
(164758257147, 3)
(1948, 1)
(164842878748, 4)
(1952, 0)
(165181365152, 0)
(1953, 0)
(165265986753, 0)
(1957, 1)
(165604473157, 4)
(1958, 2)
(165689094758, 3)
(1962, 0)
(166027581162, 0)
(1963, 4)
(166112202763, 4)
(1967, 4)
(166450689167, 4)
(1968, 4)
(166535310768, 4)
(1972, 0)
(166873797172, 0)
(1973, 3)
(166958418773, 2)
(1977, 1)
(167296905177, 4)
(1978, 2)
(167381526778, 3)
(1982, 1)
(167720013182, 1)
(1983, 1)
(167804634783, 4)
(1987, 2)
(168143121187, 2)
(1988, 0)
(168227742788, 0)
(1992, 0)
(168566229192, 0)
(1993, 1)
(168650850793, 4)
(1997, 2)
(168989337197, 3)
(1998, 3)
(169073958798, 3)
(2002, 4)
(169412445202, 1)
(2003, 1)
(169497066803, 4)
(2007, 0)
(169835553207, 0)
(2008, 0)
(169920174808, 0)
(2012, 2)
(170258661212, 3)
(2013, 4)
(170343282813, 4)
(2017, 2)
(170681769217, 3)
(2018, 3)
(170766390818, 2)
(2022, 1)
(171104877222, 4)
(2023, 4)
(171189498823, 1)
(2027, 1)
(171527985227, 4)
(2028, 3)
(171612606828, 2)
(2032, 0)
(171951093232, 0)
(2033, 2)
(172035714833, 2)
(2037, 4)
(172374201237, 4)
(2038, 3)
(172458822838, 3)
(2042, 0)
(172797309242, 0)
(2043, 0)
(172881930843, 0)
(2047, 2)
(173220417247, 2)
(2048, 0)
(173305038848, 0)
(2052, 0)
(173643525252, 0)
(2053, 2)
(173728146853, 2)
(2057, 4)
(174066633257, 4)
(2058, 2)
(174151254858, 2)
(2062, 3)
(174489741262, 3)
(2063, 0)
(174574362863, 0)
(2067, 3)
(174912849267, 2)
(2068, 0)
(174997470868, 0)
(2072, 0)
(175335957272, 0)
(2073, 0)
(175420578873, 0)
(2077, 1)
(175759065277, 1)
(2078, 0)
(175843686878, 0)
(2082, 1)
(176182173282, 1)
(2083, 3)
(176266794883, 3)
(2087, 0)
(176605281287, 0)
(2088, 0)
(176689902888, 0)
(2092, 0)
(177028389292, 0)
(2093, 0)
(177113010893, 0)
(2097, 1)
(177451497297, 1)
(2098, 4)
(177536118898, 4)
(2102, 4)
(177874605302, 1)
(2103, 4)
(177959226903, 4)
(2107, 4)
(178297713307, 1)
(2108, 4)
(178382334908, 4)
(2112, 4)
(178720821312, 4)
(2113, 4)
(178805442913, 4)
(2117, 1)
(179143929317, 1)
(2118, 0)
(179228550918, 0)
(2122, 2)
(179567037322, 3)
(2123, 1)
(179651658923, 4)
(2127, 2)
(179990145327, 2)
(2128, 2)
(180074766928, 3)
(2132, 0)
(180413253332, 0)
(2133, 2)
(180497874933, 3)
(2137, 1)
(180836361337, 4)
(2138, 2)
(180920982938, 3)
(2142, 0)
(181259469342, 0)
(2143, 3)
(181344090943, 2)
(2147, 4)
(181682577347, 1)
(2148, 0)
(181767198948, 0)
(2152, 0)
(182105685352, 0)
(2153, 3)
(182190306953, 2)
(2157, 4)
(182528793357, 1)
(2158, 0)
(182613414958, 0)
(2162, 4)
(182951901362, 1)
(2163, 2)
(183036522963, 3)
(2167, 2)
(183375009367, 3)
(2168, 0)
(183459630968, 0)
(2172, 4)
(183798117372, 4)
(2173, 0)
(183882738973, 0)
(2177, 0)
(184221225377, 0)
(2178, 3)
(184305846978, 3)
(2182, 3)
(184644333382, 3)
(2183, 2)
(184728954983, 3)
(2187, 0)
(185067441387, 0)
(2188, 4)
(185152062988, 4)
(2192, 1)
(185490549392, 4)
(2193, 1)
(185575170993, 1)
(2197, 3)
(185913657397, 2)
(2198, 1)
(185998278998, 4)
(2202, 0)
(186336765402, 0)
(2203, 0)
(186421387003, 0)
(2207, 1)
(186759873407, 4)
(2208, 4)
(186844495008, 1)
(2212, 0)
(187182981412, 0)
(2213, 3)
(187267603013, 3)
(2217, 3)
(187606089417, 2)
(2218, 1)
(187690711018, 1)
(2222, 3)
(188029197422, 3)
(2223, 0)
(188113819023, 0)
(2227, 1)
(188452305427, 1)
(2228, 0)
(188536927028, 0)
(2232, 0)
(188875413432, 0)
(2233, 4)
(188960035033, 4)
(2237, 0)
(189298521437, 0)
(2238, 3)
(189383143038, 3)
(2242, 4)
(189721629442, 4)
(2243, 0)
(189806251043, 0)
(2247, 0)
(190144737447, 0)
(2248, 0)
(190229359048, 0)
(2252, 3)
(190567845452, 2)
(2253, 4)
(190652467053, 4)
(2257, 4)
(190990953457, 1)
(2258, 3)
(191075575058, 3)
(2262, 1)
(191414061462, 1)
(2263, 2)
(191498683063, 2)
(2267, 1)
(191837169467, 4)
(2268, 1)
(191921791068, 4)
(2272, 3)
(192260277472, 2)
(2273, 2)
(192344899073, 3)
(2277, 0)
(192683385477, 0)
(2278, 4)
(192768007078, 4)
(2282, 0)
(193106493482, 0)
(2283, 4)
(193191115083, 1)
(2287, 1)
(193529601487, 1)
(2288, 0)
(193614223088, 0)
(2292, 0)
(193952709492, 0)
(2293, 1)
(194037331093, 1)
(2297, 0)
(194375817497, 0)
(2298, 2)
(194460439098, 2)
(2302, 4)
(194798925502, 4)
(2303, 0)
(194883547103, 0)
(2307, 3)
(195222033507, 3)
(2308, 0)
(195306655108, 0)
(2312, 0)
(195645141512, 0)
(2313, 2)
(195729763113, 3)
(2317, 4)
(196068249517, 1)
(2318, 1)
(196152871118, 1)
(2322, 3)
(196491357522, 3)
(2323, 2)
(196575979123, 3)
(2327, 2)
(196914465527, 2)
(2328, 0)
(196999087128, 0)
(2332, 1)
(197337573532, 1)
(2333, 1)
(197422195133, 4)
(2337, 2)
(197760681537, 2)
(2338, 4)
(197845303138, 4)
(2342, 3)
(198183789542, 3)
(2343, 2)
(198268411143, 3)
(2347, 0)
(198606897547, 0)
(2348, 1)
(198691519148, 1)
(2352, 2)
(199030005552, 3)
(2353, 4)
(199114627153, 4)
(2357, 2)
(199453113557, 3)
(2358, 0)
(199537735158, 0)
(2362, 4)
(199876221562, 4)
(2363, 0)
(199960843163, 0)
(2367, 1)
(200299329567, 1)
(2368, 3)
(200383951168, 2)
(2372, 0)
(200722437572, 0)
(2373, 1)
(200807059173, 4)
(2377, 1)
(201145545577, 1)
(2378, 0)
(201230167178, 0)
(2382, 2)
(201568653582, 2)
(2383, 4)
(201653275183, 1)
(2387, 2)
(201991761587, 2)
(2388, 0)
(202076383188, 0)
(2392, 0)
(202414869592, 0)
(2393, 0)
(202499491193, 0)
(2397, 2)
(202837977597, 2)
(2398, 0)
(202922599198, 0)
(2402, 0)
(203261085602, 0)
(2403, 2)
(203345707203, 3)
(2407, 0)
(203684193607, 0)
(2408, 0)
(203768815208, 0)
(2412, 0)
(204107301612, 0)
(2413, 1)
(204191923213, 1)
(2417, 1)
(204530409617, 4)
(2418, 4)
(204615031218, 4)
(2422, 0)
(204953517622, 0)
(2423, 3)
(205038139223, 3)
(2427, 4)
(205376625627, 4)
(2428, 4)
(205461247228, 1)
(2432, 1)
(205799733632, 1)
(2433, 0)
(205884355233, 0)
(2437, 3)
(206222841637, 3)
(2438, 3)
(206307463238, 2)
(2442, 3)
(206645949642, 2)
(2443, 4)
(206730571243, 1)
(2447, 3)
(207069057647, 3)
(2448, 1)
(207153679248, 1)
(2452, 0)
(207492165652, 0)
(2453, 3)
(207576787253, 3)
(2457, 2)
(207915273657, 3)
(2458, 3)
(207999895258, 3)
(2462, 3)
(208338381662, 2)
(2463, 4)
(208423003263, 1)
(2467, 2)
(208761489667, 2)
(2468, 0)
(208846111268, 0)
(2472, 0)
(209184597672, 0)
(2473, 0)
(209269219273, 0)
(2477, 3)
(209607705677, 2)
(2478, 2)
(209692327278, 2)
(2482, 1)
(210030813682, 1)
(2483, 0)
(210115435283, 0)
(2487, 0)
(210453921687, 0)
(2488, 0)
(210538543288, 0)
(2492, 4)
(210877029692, 1)
(2493, 0)
(210961651293, 0)
(2497, 3)
(211300137697, 2)
(2498, 0)
(211384759298, 0)
(2502, 3)
(211723245702, 2)
(2503, 1)
(211807867303, 1)
(2507, 4)
(212146353707, 4)
(2508, 2)
(212230975308, 2)
(2512, 2)
(212569461712, 2)
(2513, 3)
(212654083313, 2)
(2517, 4)
(212992569717, 1)
(2518, 0)
(213077191318, 0)
(2522, 4)
(213415677722, 1)
(2523, 3)
(213500299323, 2)
(2527, 4)
(213838785727, 1)
(2528, 4)
(213923407328, 4)
(2532, 0)
(214261893732, 0)
(2533, 4)
(214346515333, 4)
(2537, 0)
(214685001737, 0)
(2538, 2)
(214769623338, 2)
(2542, 4)
(215108109742, 1)
(2543, 0)
(215192731343, 0)
(2547, 0)
(215531217747, 0)
(2548, 0)
(215615839348, 0)
(2552, 0)
(215954325752, 0)
(2553, 1)
(216038947353, 1)
(2557, 3)
(216377433757, 3)
(2558, 4)
(216462055358, 4)
(2562, 1)
(216800541762, 1)
(2563, 4)
(216885163363, 1)
(2567, 1)
(217223649767, 4)
(2568, 0)
(217308271368, 0)
(2572, 1)
(217646757772, 1)
(2573, 1)
(217731379373, 4)
(2577, 0)
(218069865777, 0)
(2578, 1)
(218154487378, 4)
(2582, 0)
(218492973782, 0)
(2583, 2)
(218577595383, 2)
(2587, 3)
(218916081787, 3)
(2588, 4)
(219000703388, 4)
(2592, 3)
(219339189792, 3)
(2593, 1)
(219423811393, 4)
(2597, 4)
(219762297797, 1)
(2598, 4)
(219846919398, 1)
(2602, 4)
(220185405802, 4)
(2603, 0)
(220270027403, 0)
(2607, 2)
(220608513807, 2)
(2608, 2)
(220693135408, 3)
(2612, 0)
(221031621812, 0)
(2613, 1)
(221116243413, 1)
(2617, 2)
(221454729817, 2)
(2618, 0)
(221539351418, 0)
(2622, 1)
(221877837822, 4)
(2623, 2)
(221962459423, 3)
(2627, 2)
(222300945827, 2)
(2628, 0)
(222385567428, 0)
(2632, 0)
(222724053832, 0)
(2633, 3)
(222808675433, 2)
(2637, 4)
(223147161837, 1)
(2638, 0)
(223231783438, 0)
(2642, 3)
(223570269842, 3)
(2643, 0)
(223654891443, 0)
(2647, 0)
(223993377847, 0)
(2648, 0)
(224077999448, 0)
(2652, 2)
(224416485852, 2)
(2653, 1)
(224501107453, 1)
(2657, 2)
(224839593857, 2)
(2658, 4)
(224924215458, 4)
(2662, 1)
(225262701862, 4)
(2663, 3)
(225347323463, 3)
(2667, 3)
(225685809867, 3)
(2668, 2)
(225770431468, 2)
(2672, 4)
(226108917872, 1)
(2673, 3)
(226193539473, 3)
(2677, 2)
(226532025877, 2)
(2678, 0)
(226616647478, 0)
(2682, 0)
(226955133882, 0)
(2683, 0)
(227039755483, 0)
(2687, 4)
(227378241887, 1)
(2688, 1)
(227462863488, 1)
(2692, 0)
(227801349892, 0)
(2693, 3)
(227885971493, 2)
(2697, 4)
(228224457897, 1)
(2698, 4)
(228309079498, 1)
(2702, 2)
(228647565902, 3)
(2703, 3)
(228732187503, 3)
(2707, 2)
(229070673907, 3)
(2708, 0)
(229155295508, 0)
(2712, 0)
(229493781912, 0)
(2713, 1)
(229578403513, 4)
(2717, 2)
(229916889917, 2)
(2718, 1)
(230001511518, 4)
(2722, 0)
(230339997922, 0)
(2723, 3)
(230424619523, 2)
(2727, 0)
(230763105927, 0)
(2728, 0)
(230847727528, 0)
(2732, 0)
(231186213932, 0)
(2733, 3)
(231270835533, 3)
(2737, 1)
(231609321937, 4)
(2738, 4)
(231693943538, 4)
(2742, 3)
(232032429942, 3)
(2743, 0)
(232117051543, 0)
(2747, 3)
(232455537947, 2)
(2748, 1)
(232540159548, 1)
(2752, 0)
(232878645952, 0)
(2753, 2)
(232963267553, 3)
(2757, 4)
(233301753957, 4)
(2758, 4)
(233386375558, 1)
(2762, 4)
(233724861962, 4)
(2763, 0)
(233809483563, 0)
(2767, 4)
(234147969967, 4)
(2768, 2)
(234232591568, 3)
(2772, 0)
(234571077972, 0)
(2773, 4)
(234655699573, 1)
(2777, 0)
(234994185977, 0)
(2778, 1)
(235078807578, 4)
(2782, 2)
(235417293982, 3)
(2783, 4)
(235501915583, 4)
(2787, 1)
(235840401987, 4)
(2788, 0)
(235925023588, 0)
(2792, 0)
(236263509992, 0)
(2793, 4)
(236348131593, 1)
(2797, 3)
(236686617997, 2)
(2798, 4)
(236771239598, 1)
(2802, 1)
(237109726002, 4)
(2803, 1)
(237194347603, 1)
(2807, 3)
(237532834007, 3)
(2808, 0)
(237617455608, 0)
(2812, 3)
(237955942012, 2)
(2813, 0)
(238040563613, 0)
(2817, 0)
(238379050017, 0)
(2818, 0)
(238463671618, 0)
(2822, 2)
(238802158022, 3)
(2823, 1)
(238886779623, 1)
(2827, 3)
(239225266027, 3)
(2828, 3)
(239309887628, 3)
(2832, 3)
(239648374032, 2)
(2833, 3)
(239732995633, 2)
(2837, 1)
(240071482037, 4)
(2838, 0)
(240156103638, 0)
(2842, 2)
(240494590042, 2)
(2843, 0)
(240579211643, 0)
(2847, 3)
(240917698047, 3)
(2848, 4)
(241002319648, 4)
(2852, 0)
(241340806052, 0)
(2853, 0)
(241425427653, 0)
(2857, 0)
(241763914057, 0)
(2858, 3)
(241848535658, 3)
(2862, 2)
(242187022062, 2)
(2863, 2)
(242271643663, 2)
(2867, 2)
(242610130067, 3)
(2868, 0)
(242694751668, 0)
(2872, 0)
(243033238072, 0)
(2873, 3)
(243117859673, 3)
(2877, 0)
(243456346077, 0)
(2878, 1)
(243540967678, 4)
(2882, 1)
(243879454082, 4)
(2883, 3)
(243964075683, 2)
(2887, 0)
(244302562087, 0)
(2888, 0)
(244387183688, 0)
(2892, 3)
(244725670092, 2)
(2893, 4)
(244810291693, 1)
(2897, 1)
(245148778097, 1)
(2898, 0)
(245233399698, 0)
(2902, 2)
(245571886102, 2)
(2903, 4)
(245656507703, 4)
(2907, 2)
(245994994107, 2)
(2908, 4)
(246079615708, 4)
(2912, 4)
(246418102112, 4)
(2913, 2)
(246502723713, 2)
(2917, 2)
(246841210117, 3)
(2918, 4)
(246925831718, 4)
(2922, 1)
(247264318122, 1)
(2923, 4)
(247348939723, 1)
(2927, 4)
(247687426127, 1)
(2928, 3)
(247772047728, 2)
(2932, 0)
(248110534132, 0)
(2933, 1)
(248195155733, 1)
(2937, 4)
(248533642137, 4)
(2938, 4)
(248618263738, 4)
(2942, 0)
(248956750142, 0)
(2943, 3)
(249041371743, 2)
(2947, 3)
(249379858147, 2)
(2948, 0)
(249464479748, 0)
(2952, 0)
(249802966152, 0)
(2953, 1)
(249887587753, 1)
(2957, 4)
(250226074157, 1)
(2958, 2)
(250310695758, 3)
(2962, 4)
(250649182162, 1)
(2963, 2)
(250733803763, 2)
(2967, 1)
(251072290167, 1)
(2968, 0)
(251156911768, 0)
(2972, 2)
(251495398172, 3)
(2973, 2)
(251580019773, 3)
(2977, 4)
(251918506177, 4)
(2978, 0)
(252003127778, 0)
(2982, 1)
(252341614182, 4)
(2983, 0)
(252426235783, 0)
(2987, 0)
(252764722187, 0)
(2988, 2)
(252849343788, 3)
(2992, 1)
(253187830192, 4)
(2993, 2)
(253272451793, 3)
(2997, 4)
(253610938197, 1)
(2998, 3)
(253695559798, 2)
(3002, 4)
(254034046202, 4)
(3003, 2)
(254118667803, 2)
(3007, 0)
(254457154207, 0)
(3008, 0)
(254541775808, 0)
(3012, 0)
(254880262212, 0)
(3013, 3)
(254964883813, 3)
(3017, 3)
(255303370217, 2)
(3018, 4)
(255387991818, 4)
(3022, 2)
(255726478222, 3)
(3023, 2)
(255811099823, 3)
(3027, 2)
(256149586227, 2)
(3028, 0)
(256234207828, 0)
(3032, 0)
(256572694232, 0)
(3033, 0)
(256657315833, 0)
(3037, 3)
(256995802237, 2)
(3038, 1)
(257080423838, 1)
(3042, 0)
(257418910242, 0)
(3043, 3)
(257503531843, 2)
(3047, 2)
(257842018247, 2)
(3048, 0)
(257926639848, 0)
(3052, 3)
(258265126252, 2)
(3053, 0)
(258349747853, 0)
(3057, 3)
(258688234257, 2)
(3058, 2)
(258772855858, 2)
(3062, 4)
(259111342262, 1)
(3063, 1)
(259195963863, 1)
(3067, 2)
(259534450267, 3)
(3068, 1)
(259619071868, 4)
(3072, 4)
(259957558272, 1)
(3073, 1)
(260042179873, 4)
(3077, 4)
(260380666277, 1)
(3078, 4)
(260465287878, 4)
(3082, 0)
(260803774282, 0)
(3083, 2)
(260888395883, 3)
(3087, 0)
(261226882287, 0)
(3088, 2)
(261311503888, 2)
(3092, 0)
(261649990292, 0)
(3093, 2)
(261734611893, 3)
(3097, 3)
(262073098297, 2)
(3098, 4)
(262157719898, 1)
(3102, 1)
(262496206302, 4)
(3103, 0)
(262580827903, 0)
(3107, 3)
(262919314307, 2)
(3108, 0)
(263003935908, 0)
(3112, 0)
(263342422312, 0)
(3113, 1)
(263427043913, 1)
(3117, 0)
(263765530317, 0)
(3118, 0)
(263850151918, 0)
(3122, 3)
(264188638322, 3)
(3123, 0)
(264273259923, 0)
(3127, 1)
(264611746327, 4)
(3128, 0)
(264696367928, 0)
(3132, 3)
(265034854332, 2)
(3133, 0)
(265119475933, 0)
(3137, 1)
(265457962337, 1)
(3138, 4)
(265542583938, 4)
(3142, 0)
(265881070342, 0)
(3143, 1)
(265965691943, 4)
(3147, 0)
(266304178347, 0)
(3148, 0)
(266388799948, 0)
(3152, 0)
(266727286352, 0)
(3153, 4)
(266811907953, 4)
(3157, 4)
(267150394357, 1)
(3158, 2)
(267235015958, 2)
(3162, 0)
(267573502362, 0)
(3163, 1)
(267658123963, 4)
(3167, 2)
(267996610367, 2)
(3168, 0)
(268081231968, 0)
(3172, 0)
(268419718372, 0)
(3173, 0)
(268504339973, 0)
(3177, 3)
(268842826377, 3)
(3178, 0)
(268927447978, 0)
(3182, 2)
(269265934382, 2)
(3183, 4)
(269350555983, 4)
(3187, 2)
(269689042387, 2)
(3188, 0)
(269773663988, 0)
(3192, 0)
(270112150392, 0)
(3193, 4)
(270196771993, 1)
(3197, 4)
(270535258397, 1)
(3198, 2)
(270619879998, 3)
(3202, 1)
(270958366402, 4)
(3203, 4)
(271042988003, 4)
(3207, 3)
(271381474407, 3)
(3208, 0)
(271466096008, 0)
(3212, 0)
(271804582412, 0)
(3213, 3)
(271889204013, 3)
(3217, 1)
(272227690417, 1)
(3218, 1)
(272312312018, 4)
(3222, 0)
(272650798422, 0)
(3223, 0)
(272735420023, 0)
(3227, 4)
(273073906427, 1)
(3228, 2)
(273158528028, 3)
(3232, 2)
(273497014432, 3)
(3233, 4)
(273581636033, 1)
(3237, 2)
(273920122437, 3)
(3238, 3)
(274004744038, 3)
(3242, 3)
(274343230442, 2)
(3243, 2)
(274427852043, 2)
(3247, 3)
(274766338447, 3)
(3248, 3)
(274850960048, 2)
(3252, 0)
(275189446452, 0)
(3253, 1)
(275274068053, 1)
(3257, 1)
(275612554457, 4)
(3258, 4)
(275697176058, 1)
(3262, 3)
(276035662462, 2)
(3263, 3)
(276120284063, 2)
(3267, 4)
(276458770467, 1)
(3268, 0)
(276543392068, 0)
(3272, 0)
(276881878472, 0)
(3273, 4)
(276966500073, 1)
(3277, 3)
(277304986477, 2)
(3278, 1)
(277389608078, 4)
(3282, 0)
(277728094482, 0)
(3283, 1)
(277812716083, 1)
(3287, 1)
(278151202487, 4)
(3288, 0)
(278235824088, 0)
(3292, 3)
(278574310492, 3)
(3293, 1)
(278658932093, 4)
(3297, 0)
(278997418497, 0)
(3298, 1)
(279082040098, 1)
(3302, 1)
(279420526502, 4)
(3303, 0)
(279505148103, 0)
(3307, 4)
(279843634507, 1)
(3308, 1)
(279928256108, 4)
(3312, 1)
(280266742512, 1)
(3313, 1)
(280351364113, 1)
(3317, 1)
(280689850517, 1)
(3318, 2)
(280774472118, 2)
(3322, 4)
(281112958522, 4)
(3323, 3)
(281197580123, 2)
(3327, 4)
(281536066527, 1)
(3328, 2)
(281620688128, 3)
(3332, 0)
(281959174532, 0)
(3333, 3)
(282043796133, 2)
(3337, 4)
(282382282537, 4)
(3338, 0)
(282466904138, 0)
(3342, 4)
(282805390542, 4)
(3343, 4)
(282890012143, 4)
(3347, 1)
(283228498547, 4)
(3348, 0)
(283313120148, 0)
(3352, 0)
(283651606552, 0)
(3353, 0)
(283736228153, 0)
(3357, 0)
(284074714557, 0)
(3358, 2)
(284159336158, 2)
(3362, 4)
(284497822562, 4)
(3363, 4)
(284582444163, 1)
(3367, 0)
(284920930567, 0)
(3368, 0)
(285005552168, 0)
(3372, 2)
(285344038572, 2)
(3373, 4)
(285428660173, 1)
(3377, 3)
(285767146577, 2)
(3378, 4)
(285851768178, 4)
(3382, 0)
(286190254582, 0)
(3383, 1)
(286274876183, 4)
(3387, 2)
(286613362587, 3)
(3388, 3)
(286697984188, 2)
(3392, 1)
(287036470592, 4)
(3393, 2)
(287121092193, 3)
(3397, 0)
(287459578597, 0)
(3398, 3)
(287544200198, 3)
(3402, 3)
(287882686602, 3)
(3403, 2)
(287967308203, 2)
(3407, 3)
(288305794607, 3)
(3408, 4)
(288390416208, 4)
(3412, 0)
(288728902612, 0)
(3413, 3)
(288813524213, 3)
(3417, 4)
(289152010617, 1)
(3418, 2)
(289236632218, 2)
(3422, 3)
(289575118622, 3)
(3423, 0)
(289659740223, 0)
(3427, 1)
(289998226627, 1)
(3428, 0)
(290082848228, 0)
(3432, 0)
(290421334632, 0)
(3433, 1)
(290505956233, 1)
(3437, 2)
(290844442637, 2)
(3438, 0)
(290929064238, 0)
(3442, 0)
(291267550642, 0)
(3443, 4)
(291352172243, 4)
(3447, 4)
(291690658647, 1)
(3448, 0)
(291775280248, 0)
(3452, 2)
(292113766652, 2)
(3453, 3)
(292198388253, 2)
(3457, 3)
(292536874657, 3)
(3458, 0)
(292621496258, 0)
(3462, 3)
(292959982662, 2)
(3463, 4)
(293044604263, 4)
(3467, 4)
(293383090667, 1)
(3468, 4)
(293467712268, 1)
(3472, 1)
(293806198672, 4)
(3473, 0)
(293890820273, 0)
(3477, 2)
(294229306677, 3)
(3478, 4)
(294313928278, 4)
(3482, 4)
(294652414682, 4)
(3483, 3)
(294737036283, 2)
(3487, 2)
(295075522687, 3)
(3488, 0)
(295160144288, 0)
(3492, 0)
(295498630692, 0)
(3493, 3)
(295583252293, 2)
(3497, 2)
(295921738697, 3)
(3498, 0)
(296006360298, 0)
(3502, 4)
(296344846702, 1)
(3503, 2)
(296429468303, 3)
(3507, 3)
(296767954707, 2)
(3508, 0)
(296852576308, 0)
(3512, 0)
(297191062712, 0)
(3513, 4)
(297275684313, 1)
(3517, 0)
(297614170717, 0)
(3518, 3)
(297698792318, 3)
(3522, 3)
(298037278722, 2)
(3523, 4)
(298121900323, 4)
(3527, 0)
(298460386727, 0)
(3528, 0)
(298545008328, 0)
(3532, 1)
(298883494732, 1)
(3533, 0)
(298968116333, 0)
(3537, 3)
(299306602737, 2)
(3538, 3)
(299391224338, 3)
(3542, 2)
(299729710742, 2)
(3543, 3)
(299814332343, 2)
(3547, 4)
(300152818747, 1)
(3548, 2)
(300237440348, 3)
(3552, 4)
(300575926752, 4)
(3553, 1)
(300660548353, 4)
(3557, 4)
(300999034757, 1)
(3558, 3)
(301083656358, 2)
(3562, 2)
(301422142762, 2)
(3563, 3)
(301506764363, 2)
(3567, 0)
(301845250767, 0)
(3568, 2)
(301929872368, 3)
