(2, 4)
(178189442, 4)
(3, 3)
(267284163, 2)
(7, 4)
(623663047, 4)
(8, 0)
(712757768, 0)
(12, 4)
(1069136652, 1)
(13, 3)
(1158231373, 3)
(17, 4)
(1514610257, 4)
(18, 3)
(1603704978, 3)
(22, 3)
(1960083862, 2)
(23, 3)
(2049178583, 2)
(27, 3)
(2405557467, 2)
(28, 3)
(2494652188, 3)
(32, 2)
(2851031072, 2)
(33, 1)
(2940125793, 1)
(37, 2)
(3296504677, 2)
(38, 1)
(3385599398, 1)
(42, 1)
(3741978282, 4)
(43, 4)
(3831073003, 4)
(47, 0)
(4187451887, 0)
(48, 4)
(4276546608, 1)
(52, 0)
(4632925492, 0)
(53, 4)
(4722020213, 1)
(57, 4)
(5078399097, 1)
(58, 2)
(5167493818, 3)
(62, 2)
(5523872702, 2)
(63, 0)
(5612967423, 0)
(67, 1)
(5969346307, 4)
(68, 0)
(6058441028, 0)
(72, 0)
(6414819912, 0)
(73, 1)
(6503914633, 4)
(77, 3)
(6860293517, 2)
(78, 4)
(6949388238, 1)
(82, 1)
(7305767122, 1)
(83, 2)
(7394861843, 2)
(87, 4)
(7751240727, 4)
(88, 0)
(7840335448, 0)
(92, 1)
(8196714332, 4)
(93, 1)
(8285809053, 4)
(97, 4)
(8642187937, 1)
(98, 4)
(8731282658, 4)
(102, 1)
(9087661542, 4)
(103, 0)
(9176756263, 0)
(107, 3)
(9533135147, 2)
(108, 4)
(9622229868, 1)
(112, 4)
(9978608752, 4)
(113, 2)
(10067703473, 2)
(117, 0)
(10424082357, 0)
(118, 1)
(10513177078, 1)
(122, 0)
(10869555962, 0)
(123, 3)
(10958650683, 2)
(127, 0)
(11315029567, 0)
(128, 4)
(11404124288, 4)
(132, 0)
(11760503172, 0)
(133, 1)
(11849597893, 1)
(137, 3)
(12205976777, 3)
(138, 3)
(12295071498, 3)
(142, 1)
(12651450382, 1)
(143, 0)
(12740545103, 0)
(147, 4)
(13096923987, 1)
(148, 0)
(13186018708, 0)
(152, 0)
(13542397592, 0)
(153, 3)
(13631492313, 3)
(157, 1)
(13987871197, 1)
(158, 3)
(14076965918, 2)
(162, 1)
(14433344802, 1)
(163, 4)
(14522439523, 4)
(167, 4)
(14878818407, 1)
(168, 0)
(14967913128, 0)
(172, 2)
(15324292012, 2)
(173, 1)
(15413386733, 4)
(177, 4)
(15769765617, 1)
(178, 3)
(15858860338, 3)
(182, 3)
(16215239222, 3)
(183, 3)
(16304333943, 2)
(187, 2)
(16660712827, 3)
(188, 0)
(16749807548, 0)
(192, 0)
(17106186432, 0)
(193, 1)
(17195281153, 1)
(197, 0)
(17551660037, 0)
(198, 0)
(17640754758, 0)
(202, 4)
(17997133642, 1)
(203, 1)
(18086228363, 4)
(207, 1)
(18442607247, 4)
(208, 1)
(18531701968, 1)
(212, 0)
(18888080852, 0)
(213, 2)
(18977175573, 3)
(217, 3)
(19333554457, 3)
(218, 0)
(19422649178, 0)
(222, 3)
(19779028062, 2)
(223, 2)
(19868122783, 3)
(227, 0)
(20224501667, 0)
(228, 0)
(20313596388, 0)
(232, 0)
(20669975272, 0)
(233, 3)
(20759069993, 2)
(237, 2)
(21115448877, 2)
(238, 3)
(21204543598, 3)
(242, 4)
(21560922482, 4)
(243, 4)
(21650017203, 1)
(247, 4)
(22006396087, 4)
(248, 0)
(22095490808, 0)
(252, 0)
(22451869692, 0)
(253, 1)
(22540964413, 1)
(257, 1)
(22897343297, 1)
(258, 3)
(22986438018, 2)
(262, 4)
(23342816902, 1)
(263, 3)
(23431911623, 2)
(267, 2)
(23788290507, 3)
(268, 3)
(23877385228, 2)
(272, 3)
(24233764112, 3)
(273, 2)
(24322858833, 3)
(277, 1)
(24679237717, 1)
(278, 4)
(24768332438, 4)
(282, 2)
(25124711322, 3)
(283, 2)
(25213806043, 3)
(287, 1)
(25570184927, 1)
(288, 4)
(25659279648, 4)
(292, 0)
(26015658532, 0)
(293, 2)
(26104753253, 3)
(297, 1)
(26461132137, 1)
(298, 1)
(26550226858, 4)
(302, 3)
(26906605742, 3)
(303, 0)
(26995700463, 0)
(307, 3)
(27352079347, 2)
(308, 0)
(27441174068, 0)
(312, 0)
(27797552952, 0)
(313, 2)
(27886647673, 2)
(317, 0)
(28243026557, 0)
(318, 2)
(28332121278, 2)
(322, 2)
(28688500162, 3)
(323, 1)
(28777594883, 1)
(327, 3)
(29133973767, 3)
(328, 0)
(29223068488, 0)
(332, 1)
(29579447372, 1)
(333, 0)
(29668542093, 0)
(337, 3)
(30024920977, 3)
(338, 0)
(30114015698, 0)
(342, 2)
(30470394582, 2)
(343, 3)
(30559489303, 3)
(347, 0)
(30915868187, 0)
(348, 3)
(31004962908, 3)
(352, 4)
(31361341792, 1)
(353, 4)
(31450436513, 4)
(357, 3)
(31806815397, 2)
(358, 1)
(31895910118, 1)
(362, 2)
(32252289002, 2)
(363, 4)
(32341383723, 1)
(367, 1)
(32697762607, 4)
(368, 3)
(32786857328, 2)
(372, 0)
(33143236212, 0)
(373, 0)
(33232330933, 0)
(377, 1)
(33588709817, 4)
(378, 1)
(33677804538, 4)
(382, 2)
(34034183422, 3)
(383, 2)
(34123278143, 2)
(387, 0)
(34479657027, 0)
(388, 0)
(34568751748, 0)
(392, 0)
(34925130632, 0)
(393, 3)
(35014225353, 3)
(397, 1)
(35370604237, 4)
(398, 0)
(35459698958, 0)
(402, 4)
(35816077842, 4)
(403, 3)
(35905172563, 3)
(407, 4)
(36261551447, 1)
(408, 0)
(36350646168, 0)
(412, 0)
(36707025052, 0)
(413, 0)
(36796119773, 0)
(417, 2)
(37152498657, 3)
(418, 3)
(37241593378, 2)
(422, 0)
(37597972262, 0)
(423, 0)
(37687066983, 0)
(427, 2)
(38043445867, 2)
(428, 4)
(38132540588, 1)
(432, 4)
(38488919472, 1)
(433, 3)
(38578014193, 2)
(437, 0)
(38934393077, 0)
(438, 3)
(39023487798, 3)
(442, 2)
(39379866682, 2)
(443, 0)
(39468961403, 0)
(447, 1)
(39825340287, 1)
(448, 2)
(39914435008, 2)
(452, 0)
(40270813892, 0)
(453, 3)
(40359908613, 2)
(457, 3)
(40716287497, 3)
(458, 1)
(40805382218, 4)
(462, 2)
(41161761102, 2)
(463, 2)
(41250855823, 3)
(467, 2)
(41607234707, 2)
(468, 0)
(41696329428, 0)
(472, 0)
(42052708312, 0)
(473, 3)
(42141803033, 2)
(477, 3)
(42498181917, 2)
(478, 3)
(42587276638, 3)
(482, 0)
(42943655522, 0)
(483, 1)
(43032750243, 1)
(487, 3)
(43389129127, 3)
(488, 0)
(43478223848, 0)
(492, 4)
(43834602732, 1)
(493, 3)
(43923697453, 2)
(497, 4)
(44280076337, 4)
(498, 3)
(44369171058, 2)
(502, 1)
(44725549942, 4)
(503, 1)
(44814644663, 1)
(507, 1)
(45171023547, 4)
(508, 0)
(45260118268, 0)
(512, 4)
(45616497152, 4)
(513, 4)
(45705591873, 1)
(517, 2)
(46061970757, 3)
(518, 1)
(46151065478, 1)
(522, 0)
(46507444362, 0)
(523, 0)
(46596539083, 0)
(527, 2)
(46952917967, 2)
(528, 2)
(47042012688, 2)
(532, 0)
(47398391572, 0)
(533, 3)
(47487486293, 3)
(537, 2)
(47843865177, 3)
(538, 0)
(47932959898, 0)
(542, 1)
(48289338782, 4)
(543, 2)
(48378433503, 3)
(547, 3)
(48734812387, 2)
(548, 0)
(48823907108, 0)
(552, 0)
(49180285992, 0)
(553, 2)
(49269380713, 3)
(557, 3)
(49625759597, 2)
(558, 4)
(49714854318, 4)
(562, 2)
(50071233202, 3)
(563, 1)
(50160327923, 1)
(567, 3)
(50516706807, 3)
(568, 0)
(50605801528, 0)
(572, 0)
(50962180412, 0)
(573, 4)
(51051275133, 4)
(577, 3)
(51407654017, 3)
(578, 2)
(51496748738, 2)
(582, 4)
(51853127622, 4)
(583, 3)
(51942222343, 3)
(587, 2)
(52298601227, 3)
(588, 2)
(52387695948, 3)
(592, 4)
(52744074832, 4)
(593, 1)
(52833169553, 1)
(597, 2)
(53189548437, 2)
(598, 3)
(53278643158, 2)
(602, 1)
(53635022042, 1)
(603, 0)
(53724116763, 0)
(607, 2)
(54080495647, 3)
(608, 3)
(54169590368, 3)
(612, 0)
(54525969252, 0)
(613, 0)
(54615063973, 0)
(617, 2)
(54971442857, 3)
(618, 2)
(55060537578, 2)
(622, 3)
(55416916462, 2)
(623, 2)
(55506011183, 2)
(627, 4)
(55862390067, 4)
(628, 0)
(55951484788, 0)
(632, 0)
(56307863672, 0)
(633, 0)
(56396958393, 0)
(637, 4)
(56753337277, 4)
(638, 0)
(56842431998, 0)
(642, 4)
(57198810882, 4)
(643, 2)
(57287905603, 2)
(647, 2)
(57644284487, 3)
(648, 0)
(57733379208, 0)
(652, 2)
(58089758092, 2)
(653, 1)
(58178852813, 4)
(657, 0)
(58535231697, 0)
(658, 3)
(58624326418, 3)
(662, 3)
(58980705302, 2)
(663, 1)
(59069800023, 4)
(667, 4)
(59426178907, 4)
(668, 3)
(59515273628, 2)
(672, 3)
(59871652512, 2)
(673, 3)
(59960747233, 2)
(677, 0)
(60317126117, 0)
(678, 0)
(60406220838, 0)
(682, 3)
(60762599722, 2)
(683, 0)
(60851694443, 0)
(687, 3)
(61208073327, 3)
(688, 2)
(61297168048, 2)
(692, 0)
(61653546932, 0)
(693, 1)
(61742641653, 4)
(697, 3)
(62099020537, 3)
(698, 1)
(62188115258, 1)
(702, 4)
(62544494142, 1)
(703, 4)
(62633588863, 4)
(707, 1)
(62989967747, 4)
(708, 0)
(63079062468, 0)
(712, 0)
(63435441352, 0)
(713, 1)
(63524536073, 4)
(717, 1)
(63880914957, 4)
(718, 2)
(63970009678, 2)
(722, 1)
(64326388562, 1)
(723, 1)
(64415483283, 4)
(727, 2)
(64771862167, 3)
(728, 0)
(64860956888, 0)
(732, 1)
(65217335772, 4)
(733, 1)
(65306430493, 1)
(737, 0)
(65662809377, 0)
(738, 0)
(65751904098, 0)
(742, 2)
(66108282982, 3)
(743, 1)
(66197377703, 4)
(747, 4)
(66553756587, 4)
(748, 1)
(66642851308, 4)
(752, 0)
(66999230192, 0)
(753, 3)
(67088324913, 3)
(757, 0)
(67444703797, 0)
(758, 2)
(67533798518, 2)
(762, 3)
(67890177402, 3)
(763, 1)
(67979272123, 4)
(767, 3)
(68335651007, 3)
(768, 2)
(68424745728, 3)
(772, 0)
(68781124612, 0)
(773, 4)
(68870219333, 4)
(777, 1)
(69226598217, 4)
(778, 4)
(69315692938, 1)
(782, 1)
(69672071822, 4)
(783, 4)
(69761166543, 4)
(787, 0)
(70117545427, 0)
(788, 0)
(70206640148, 0)
(792, 0)
(70563019032, 0)
(793, 2)
(70652113753, 2)
(797, 0)
(71008492637, 0)
(798, 1)
(71097587358, 4)
(802, 3)
(71453966242, 2)
(803, 0)
(71543060963, 0)
(807, 1)
(71899439847, 4)
(808, 0)
(71988534568, 0)
(812, 3)
(72344913452, 2)
(813, 3)
(72434008173, 3)
(817, 2)
(72790387057, 2)
(818, 3)
(72879481778, 3)
(822, 0)
(73235860662, 0)
(823, 4)
(73324955383, 4)
(827, 2)
(73681334267, 2)
(828, 2)
(73770428988, 3)
(832, 2)
(74126807872, 2)
(833, 2)
(74215902593, 2)
(837, 1)
(74572281477, 4)
(838, 4)
(74661376198, 4)
(842, 4)
(75017755082, 1)
(843, 4)
(75106849803, 4)
(847, 4)
(75463228687, 4)
(848, 3)
(75552323408, 2)
(852, 0)
(75908702292, 0)
(853, 0)
(75997797013, 0)
(857, 2)
(76354175897, 3)
(858, 1)
(76443270618, 1)
(862, 2)
(76799649502, 3)
(863, 1)
(76888744223, 1)
(867, 3)
(77245123107, 2)
(868, 0)
(77334217828, 0)
(872, 0)
(77690596712, 0)
(873, 0)
(77779691433, 0)
(877, 0)
(78136070317, 0)
(878, 0)
(78225165038, 0)
(882, 3)
(78581543922, 3)
(883, 2)
(78670638643, 3)
(887, 1)
(79027017527, 4)
(888, 0)
(79116112248, 0)
(892, 4)
(79472491132, 1)
(893, 2)
(79561585853, 2)
(897, 1)
(79917964737, 1)
(898, 2)
(80007059458, 2)
(902, 2)
(80363438342, 3)
(903, 1)
(80452533063, 4)
(907, 3)
(80808911947, 2)
(908, 0)
(80898006668, 0)
(912, 3)
(81254385552, 2)
(913, 3)
(81343480273, 2)
(917, 0)
(81699859157, 0)
(918, 1)
(81788953878, 4)
(922, 2)
(82145332762, 3)
(923, 0)
(82234427483, 0)
(927, 0)
(82590806367, 0)
(928, 1)
(82679901088, 4)
(932, 0)
(83036279972, 0)
(933, 4)
(83125374693, 4)
(937, 0)
(83481753577, 0)
(938, 1)
(83570848298, 4)
(942, 3)
(83927227182, 2)
(943, 1)
(84016321903, 4)
(947, 0)
(84372700787, 0)
(948, 0)
(84461795508, 0)
(952, 0)
(84818174392, 0)
(953, 3)
(84907269113, 3)
(957, 1)
(85263647997, 4)
(958, 1)
(85352742718, 4)
(962, 2)
(85709121602, 2)
(963, 1)
(85798216323, 4)
(967, 4)
(86154595207, 4)
(968, 0)
(86243689928, 0)
(972, 2)
(86600068812, 3)
(973, 3)
(86689163533, 3)
(977, 0)
(87045542417, 0)
(978, 4)
(87134637138, 1)
(982, 0)
(87491016022, 0)
(983, 2)
(87580110743, 3)
(987, 3)
(87936489627, 2)
(988, 3)
(88025584348, 3)
(992, 1)
(88381963232, 1)
(993, 3)
(88471057953, 3)
(997, 4)
(88827436837, 4)
(998, 1)
(88916531558, 4)
(1002, 4)
(89272910442, 4)
(1003, 1)
(89362005163, 1)
(1007, 0)
(89718384047, 0)
(1008, 0)
(89807478768, 0)
(1012, 0)
(90163857652, 0)
(1013, 4)
(90252952373, 4)
(1017, 4)
(90609331257, 4)
(1018, 3)
(90698425978, 2)
(1022, 3)
(91054804862, 2)
(1023, 1)
(91143899583, 1)
(1027, 4)
(91500278467, 1)
(1028, 0)
(91589373188, 0)
(1032, 0)
(91945752072, 0)
(1033, 3)
(92034846793, 2)
(1037, 0)
(92391225677, 0)
(1038, 2)
(92480320398, 2)
(1042, 3)
(92836699282, 2)
(1043, 2)
(92925794003, 3)
(1047, 4)
(93282172887, 1)
(1048, 0)
(93371267608, 0)
(1052, 1)
(93727646492, 4)
(1053, 1)
(93816741213, 1)
(1057, 1)
(94173120097, 1)
(1058, 0)
(94262214818, 0)
(1062, 0)
(94618593702, 0)
(1063, 4)
(94707688423, 4)
(1067, 2)
(95064067307, 2)
(1068, 1)
(95153162028, 4)
(1072, 3)
(95509540912, 2)
(1073, 1)
(95598635633, 4)
(1077, 4)
(95955014517, 1)
(1078, 3)
(96044109238, 2)
(1082, 3)
(96400488122, 2)
(1083, 2)
(96489582843, 3)
(1087, 1)
(96845961727, 1)
(1088, 1)
(96935056448, 1)
(1092, 0)
(97291435332, 0)
(1093, 0)
(97380530053, 0)
(1097, 1)
(97736908937, 1)
(1098, 0)
(97826003658, 0)
(1102, 0)
(98182382542, 0)
(1103, 3)
(98271477263, 3)
(1107, 3)
(98627856147, 2)
(1108, 0)
(98716950868, 0)
(1112, 0)
(99073329752, 0)
(1113, 4)
(99162424473, 4)
(1117, 4)
(99518803357, 1)
(1118, 1)
(99607898078, 1)
(1122, 4)
(99964276962, 4)
(1123, 0)
(100053371683, 0)
(1127, 3)
(100409750567, 2)
(1128, 0)
(100498845288, 0)
(1132, 1)
(100855224172, 4)
(1133, 2)
(100944318893, 2)
(1137, 0)
(101300697777, 0)
(1138, 2)
(101389792498, 2)
(1142, 2)
(101746171382, 3)
(1143, 0)
(101835266103, 0)
(1147, 1)
(102191644987, 1)
(1148, 2)
(102280739708, 2)
(1152, 3)
(102637118592, 3)
(1153, 4)
(102726213313, 1)
(1157, 3)
(103082592197, 3)
(1158, 4)
(103171686918, 1)
(1162, 3)
(103528065802, 3)
(1163, 3)
(103617160523, 3)
(1167, 3)
(103973539407, 3)
(1168, 2)
(104062634128, 3)
(1172, 0)
(104419013012, 0)
(1173, 1)
(104508107733, 1)
(1177, 2)
(104864486617, 2)
(1178, 1)
(104953581338, 1)
(1182, 0)
(105309960222, 0)
(1183, 0)
(105399054943, 0)
(1187, 4)
(105755433827, 1)
(1188, 0)
(105844528548, 0)
(1192, 0)
(106200907432, 0)
(1193, 4)
(106290002153, 1)
(1197, 0)
(106646381037, 0)
(1198, 2)
(106735475758, 3)
(1202, 1)
(107091854642, 4)
(1203, 4)
(107180949363, 4)
(1207, 2)
(107537328247, 2)
(1208, 0)
(107626422968, 0)
(1212, 0)
(107982801852, 0)
(1213, 0)
(108071896573, 0)
(1217, 2)
(108428275457, 2)
(1218, 4)
(108517370178, 4)
(1222, 3)
(108873749062, 3)
(1223, 0)
(108962843783, 0)
(1227, 4)
(109319222667, 1)
(1228, 4)
(109408317388, 1)
(1232, 1)
(109764696272, 4)
(1233, 1)
(109853790993, 1)
(1237, 4)
(110210169877, 4)
(1238, 2)
(110299264598, 3)
(1242, 3)
(110655643482, 3)
(1243, 1)
(110744738203, 4)
(1247, 4)
(111101117087, 1)
(1248, 2)
(111190211808, 3)
(1252, 0)
(111546590692, 0)
(1253, 3)
(111635685413, 3)
(1257, 0)
(111992064297, 0)
(1258, 2)
(112081159018, 2)
(1262, 4)
(112437537902, 1)
(1263, 0)
(112526632623, 0)
(1267, 1)
(112883011507, 1)
(1268, 0)
(112972106228, 0)
(1272, 0)
(113328485112, 0)
(1273, 0)
(113417579833, 0)
(1277, 4)
(113773958717, 1)
(1278, 0)
(113863053438, 0)
(1282, 3)
(114219432322, 3)
(1283, 4)
(114308527043, 4)
(1287, 0)
(114664905927, 0)
(1288, 0)
(114754000648, 0)
(1292, 3)
(115110379532, 3)
(1293, 1)
(115199474253, 1)
(1297, 2)
(115555853137, 3)
(1298, 2)
(115644947858, 3)
(1302, 4)
(116001326742, 1)
(1303, 1)
(116090421463, 4)
(1307, 1)
(116446800347, 1)
(1308, 1)
(116535895068, 1)
(1312, 3)
(116892273952, 3)
(1313, 1)
(116981368673, 4)
(1317, 0)
(117337747557, 0)
(1318, 0)
(117426842278, 0)
(1322, 3)
(117783221162, 2)
(1323, 4)
(117872315883, 1)
(1327, 0)
(118228694767, 0)
(1328, 1)
(118317789488, 1)
(1332, 0)
(118674168372, 0)
(1333, 0)
(118763263093, 0)
(1337, 4)
(119119641977, 1)
(1338, 0)
(119208736698, 0)
(1342, 0)
(119565115582, 0)
(1343, 4)
(119654210303, 1)
(1347, 1)
(120010589187, 4)
(1348, 0)
(120099683908, 0)
(1352, 0)
(120456062792, 0)
(1353, 4)
(120545157513, 4)
(1357, 1)
(120901536397, 4)
(1358, 4)
(120990631118, 1)
(1362, 1)
(121347010002, 1)
(1363, 4)
(121436104723, 1)
(1367, 0)
(121792483607, 0)
(1368, 0)
(121881578328, 0)
(1372, 1)
(122237957212, 1)
(1373, 2)
(122327051933, 2)
(1377, 1)
(122683430817, 1)
(1378, 0)
(122772525538, 0)
(1382, 2)
(123128904422, 2)
(1383, 3)
(123217999143, 3)
(1387, 4)
(123574378027, 1)
(1388, 0)
(123663472748, 0)
(1392, 4)
(124019851632, 4)
(1393, 4)
(124108946353, 1)
(1397, 4)
(124465325237, 4)
(1398, 0)
(124554419958, 0)
(1402, 1)
(124910798842, 4)
(1403, 1)
(124999893563, 4)
(1407, 1)
(125356272447, 1)
(1408, 3)
(125445367168, 2)
(1412, 0)
(125801746052, 0)
(1413, 0)
(125890840773, 0)
(1417, 1)
(126247219657, 4)
(1418, 4)
(126336314378, 4)
(1422, 1)
(126692693262, 4)
(1423, 4)
(126781787983, 1)
(1427, 0)
(127138166867, 0)
(1428, 0)
(127227261588, 0)
(1432, 0)
(127583640472, 0)
(1433, 4)
(127672735193, 4)
(1437, 4)
(128029114077, 4)
(1438, 1)
(128118208798, 1)
(1442, 1)
(128474587682, 4)
(1443, 2)
(128563682403, 3)
(1447, 2)
(128920061287, 2)
(1448, 0)
(129009156008, 0)
(1452, 2)
(129365534892, 3)
(1453, 1)
(129454629613, 4)
(1457, 4)
(129811008497, 4)
(1458, 2)
(129900103218, 2)
(1462, 4)
(130256482102, 4)
(1463, 2)
(130345576823, 3)
(1467, 0)
(130701955707, 0)
(1468, 2)
(130791050428, 3)
(1472, 4)
(131147429312, 1)
(1473, 2)
(131236524033, 3)
(1477, 1)
(131592902917, 1)
(1478, 0)
(131681997638, 0)
(1482, 1)
(132038376522, 4)
(1483, 3)
(132127471243, 2)
(1487, 3)
(132483850127, 2)
(1488, 2)
(132572944848, 3)
(1492, 0)
(132929323732, 0)
(1493, 3)
(133018418453, 3)
(1497, 0)
(133374797337, 0)
(1498, 1)
(133463892058, 4)
(1502, 1)
(133820270942, 1)
(1503, 3)
(133909365663, 2)
(1507, 4)
(134265744547, 1)
(1508, 0)
(134354839268, 0)
(1512, 0)
(134711218152, 0)
(1513, 4)
(134800312873, 4)
(1517, 3)
(135156691757, 3)
(1518, 4)
(135245786478, 1)
(1522, 0)
(135602165362, 0)
(1523, 3)
(135691260083, 3)
(1527, 1)
(136047638967, 1)
(1528, 0)
(136136733688, 0)
(1532, 4)
(136493112572, 4)
(1533, 1)
(136582207293, 1)
(1537, 1)
(136938586177, 1)
(1538, 4)
(137027680898, 4)
(1542, 0)
(137384059782, 0)
(1543, 4)
(137473154503, 4)
(1547, 2)
(137829533387, 2)
(1548, 0)
(137918628108, 0)
(1552, 3)
(138275006992, 2)
(1553, 0)
(138364101713, 0)
(1557, 2)
(138720480597, 3)
(1558, 2)
(138809575318, 2)
(1562, 2)
(139165954202, 3)
(1563, 4)
(139255048923, 4)
(1567, 0)
(139611427807, 0)
(1568, 2)
(139700522528, 2)
(1572, 0)
(140056901412, 0)
(1573, 3)
(140145996133, 3)
(1577, 3)
(140502375017, 3)
(1578, 1)
(140591469738, 1)
(1582, 4)
(140947848622, 4)
(1583, 3)
(141036943343, 2)
(1587, 0)
(141393322227, 0)
(1588, 0)
(141482416948, 0)
(1592, 0)
(141838795832, 0)
(1593, 4)
(141927890553, 1)
(1597, 4)
(142284269437, 4)
(1598, 2)
(142373364158, 2)
(1602, 0)
(142729743042, 0)
(1603, 4)
(142818837763, 1)
(1607, 3)
(143175216647, 3)
(1608, 0)
(143264311368, 0)
(1612, 4)
(143620690252, 4)
(1613, 3)
(143709784973, 2)
(1617, 3)
(144066163857, 3)
(1618, 2)
(144155258578, 3)
(1622, 0)
(144511637462, 0)
(1623, 3)
(144600732183, 3)
(1627, 2)
(144957111067, 3)
(1628, 3)
(145046205788, 2)
(1632, 3)
(145402584672, 2)
(1633, 4)
(145491679393, 1)
(1637, 3)
(145848058277, 2)
(1638, 1)
(145937152998, 1)
(1642, 1)
(146293531882, 4)
(1643, 0)
(146382626603, 0)
(1647, 3)
(146739005487, 2)
(1648, 0)
(146828100208, 0)
(1652, 0)
(147184479092, 0)
(1653, 4)
(147273573813, 4)
(1657, 1)
(147629952697, 4)
(1658, 2)
(147719047418, 2)
(1662, 0)
(148075426302, 0)
(1663, 2)
(148164521023, 2)
(1667, 3)
(148520899907, 2)
(1668, 0)
(148609994628, 0)
(1672, 0)
(148966373512, 0)
(1673, 3)
(149055468233, 3)
(1677, 1)
(149411847117, 4)
(1678, 0)
(149500941838, 0)
(1682, 4)
(149857320722, 4)
(1683, 0)
(149946415443, 0)
(1687, 2)
(150302794327, 2)
(1688, 0)
(150391889048, 0)
(1692, 0)
(150748267932, 0)
(1693, 3)
(150837362653, 2)
(1697, 3)
(151193741537, 3)
(1698, 1)
(151282836258, 1)
(1702, 0)
(151639215142, 0)
(1703, 3)
(151728309863, 2)
(1707, 0)
(152084688747, 0)
(1708, 1)
(152173783468, 1)
(1712, 4)
(152530162352, 1)
(1713, 4)
(152619257073, 4)
(1717, 1)
(152975635957, 4)
(1718, 1)
(153064730678, 4)
(1722, 1)
(153421109562, 4)
(1723, 0)
(153510204283, 0)
(1727, 4)
(153866583167, 1)
(1728, 0)
(153955677888, 0)
(1732, 0)
(154312056772, 0)
(1733, 1)
(154401151493, 4)
(1737, 0)
(154757530377, 0)
(1738, 1)
(154846625098, 1)
(1742, 1)
(155203003982, 4)
(1743, 4)
(155292098703, 1)
(1747, 0)
(155648477587, 0)
(1748, 0)
(155737572308, 0)
(1752, 0)
(156093951192, 0)
(1753, 0)
(156183045913, 0)
(1757, 3)
(156539424797, 2)
(1758, 0)
(156628519518, 0)
(1762, 1)
(156984898402, 4)
(1763, 3)
(157073993123, 3)
(1767, 3)
(157430372007, 2)
(1768, 0)
(157519466728, 0)
(1772, 0)
(157875845612, 0)
(1773, 0)
(157964940333, 0)
(1777, 4)
(158321319217, 1)
(1778, 0)
(158410413938, 0)
(1782, 1)
(158766792822, 4)
(1783, 2)
(158855887543, 2)
(1787, 2)
(159212266427, 3)
(1788, 2)
(159301361148, 2)
(1792, 1)
(159657740032, 1)
(1793, 4)
(159746834753, 1)
(1797, 4)
(160103213637, 4)
(1798, 0)
(160192308358, 0)
(1802, 3)
(160548687242, 2)
(1803, 2)
(160637781963, 2)
(1807, 3)
(160994160847, 3)
(1808, 4)
(161083255568, 4)
(1812, 0)
(161439634452, 0)
(1813, 2)
(161528729173, 2)
(1817, 0)
(161885108057, 0)
(1818, 0)
(161974202778, 0)
(1822, 4)
(162330581662, 1)
(1823, 0)
(162419676383, 0)
(1827, 2)
(162776055267, 3)
(1828, 0)
(162865149988, 0)
(1832, 0)
(163221528872, 0)
(1833, 1)
(163310623593, 4)
(1837, 4)
(163667002477, 4)
(1838, 3)
(163756097198, 3)
(1842, 4)
(164112476082, 4)
(1843, 4)
(164201570803, 1)
(1847, 2)
(164557949687, 2)
(1848, 0)
(164647044408, 0)
(1852, 4)
(165003423292, 1)
(1853, 4)
(165092518013, 1)
(1857, 0)
(165448896897, 0)
(1858, 0)
(165537991618, 0)
(1862, 3)
(165894370502, 3)
(1863, 2)
(165983465223, 3)
(1867, 0)
(166339844107, 0)
(1868, 1)
(166428938828, 1)
(1872, 0)
(166785317712, 0)
(1873, 3)
(166874412433, 2)
(1877, 4)
(167230791317, 4)
(1878, 4)
(167319886038, 1)
(1882, 2)
(167676264922, 2)
(1883, 1)
(167765359643, 1)
(1887, 0)
(168121738527, 0)
(1888, 3)
(168210833248, 3)
(1892, 0)
(168567212132, 0)
(1893, 0)
(168656306853, 0)
(1897, 1)
(169012685737, 4)
(1898, 3)
(169101780458, 2)
(1902, 4)
(169458159342, 4)
(1903, 2)
(169547254063, 2)
(1907, 3)
(169903632947, 2)
(1908, 0)
(169992727668, 0)
(1912, 0)
(170349106552, 0)
(1913, 4)
(170438201273, 4)
(1917, 2)
(170794580157, 3)
(1918, 1)
(170883674878, 1)
(1922, 2)
(171240053762, 2)
(1923, 0)
(171329148483, 0)
(1927, 2)
(171685527367, 2)
(1928, 0)
(171774622088, 0)
(1932, 3)
(172131000972, 3)
(1933, 2)
(172220095693, 2)
(1937, 3)
(172576474577, 2)
(1938, 2)
(172665569298, 3)
(1942, 3)
(173021948182, 2)
(1943, 2)
(173111042903, 2)
(1947, 3)
(173467421787, 3)
(1948, 1)
(173556516508, 1)
(1952, 0)
(173912895392, 0)
(1953, 0)
(174001990113, 0)
(1957, 1)
(174358368997, 4)
(1958, 2)
(174447463718, 3)
(1962, 0)
(174803842602, 0)
(1963, 4)
(174892937323, 4)
(1967, 4)
(175249316207, 1)
(1968, 4)
(175338410928, 1)
(1972, 0)
(175694789812, 0)
(1973, 3)
(175783884533, 2)
(1977, 1)
(176140263417, 4)
(1978, 2)
(176229358138, 3)
(1982, 1)
(176585737022, 4)
(1983, 1)
(176674831743, 1)
(1987, 2)
(177031210627, 2)
(1988, 0)
(177120305348, 0)
(1992, 0)
(177476684232, 0)
(1993, 1)
(177565778953, 4)
(1997, 2)
(177922157837, 3)
(1998, 3)
(178011252558, 2)
(2002, 4)
(178367631442, 1)
(2003, 1)
(178456726163, 1)
(2007, 0)
(178813105047, 0)
(2008, 0)
(178902199768, 0)
(2012, 2)
(179258578652, 2)
(2013, 4)
(179347673373, 4)
(2017, 2)
(179704052257, 2)
(2018, 3)
(179793146978, 2)
(2022, 1)
(180149525862, 4)
(2023, 4)
(180238620583, 4)
(2027, 1)
(180594999467, 1)
(2028, 3)
(180684094188, 2)
(2032, 0)
(181040473072, 0)
(2033, 2)
(181129567793, 3)
(2037, 4)
(181485946677, 4)
(2038, 3)
(181575041398, 3)
(2042, 0)
(181931420282, 0)
(2043, 0)
(182020515003, 0)
(2047, 2)
(182376893887, 3)
(2048, 0)
(182465988608, 0)
(2052, 0)
(182822367492, 0)
(2053, 2)
(182911462213, 2)
(2057, 4)
(183267841097, 4)
(2058, 2)
(183356935818, 3)
(2062, 3)
(183713314702, 2)
(2063, 0)
(183802409423, 0)
(2067, 3)
(184158788307, 3)
(2068, 0)
(184247883028, 0)
(2072, 0)
(184604261912, 0)
(2073, 0)
(184693356633, 0)
(2077, 1)
(185049735517, 4)
(2078, 0)
(185138830238, 0)
(2082, 1)
(185495209122, 4)
(2083, 3)
(185584303843, 3)
(2087, 0)
(185940682727, 0)
(2088, 0)
(186029777448, 0)
(2092, 0)
(186386156332, 0)
(2093, 0)
(186475251053, 0)
(2097, 1)
(186831629937, 4)
(2098, 4)
(186920724658, 4)
(2102, 4)
(187277103542, 4)
(2103, 4)
(187366198263, 4)
(2107, 4)
(187722577147, 4)
(2108, 4)
(187811671868, 4)
(2112, 4)
(188168050752, 4)
(2113, 4)
(188257145473, 4)
(2117, 1)
(188613524357, 1)
(2118, 0)
(188702619078, 0)
(2122, 2)
(189058997962, 3)
(2123, 1)
(189148092683, 4)
(2127, 2)
(189504471567, 3)
(2128, 2)
(189593566288, 2)
(2132, 0)
(189949945172, 0)
(2133, 2)
(190039039893, 2)
(2137, 1)
(190395418777, 1)
(2138, 2)
(190484513498, 2)
(2142, 0)
(190840892382, 0)
(2143, 3)
(190929987103, 3)
(2147, 4)
(191286365987, 4)
(2148, 0)
(191375460708, 0)
(2152, 0)
(191731839592, 0)
(2153, 3)
(191820934313, 2)
(2157, 4)
(192177313197, 1)
(2158, 0)
(192266407918, 0)
(2162, 4)
(192622786802, 1)
(2163, 2)
(192711881523, 2)
(2167, 2)
(193068260407, 2)
(2168, 0)
(193157355128, 0)
(2172, 4)
(193513734012, 1)
(2173, 0)
(193602828733, 0)
(2177, 0)
(193959207617, 0)
(2178, 3)
(194048302338, 3)
(2182, 3)
(194404681222, 3)
(2183, 2)
(194493775943, 2)
(2187, 0)
(194850154827, 0)
(2188, 4)
(194939249548, 1)
(2192, 1)
(195295628432, 1)
(2193, 1)
(195384723153, 4)
(2197, 3)
(195741102037, 3)
(2198, 1)
(195830196758, 1)
(2202, 0)
(196186575642, 0)
(2203, 0)
(196275670363, 0)
(2207, 1)
(196632049247, 4)
(2208, 4)
(196721143968, 4)
(2212, 0)
(197077522852, 0)
(2213, 3)
(197166617573, 3)
(2217, 3)
(197522996457, 3)
(2218, 1)
(197612091178, 4)
(2222, 3)
(197968470062, 3)
(2223, 0)
(198057564783, 0)
(2227, 1)
(198413943667, 4)
(2228, 0)
(198503038388, 0)
(2232, 0)
(198859417272, 0)
(2233, 4)
(198948511993, 4)
(2237, 0)
(199304890877, 0)
(2238, 3)
(199393985598, 2)
(2242, 4)
(199750364482, 4)
(2243, 0)
(199839459203, 0)
(2247, 0)
(200195838087, 0)
(2248, 0)
(200284932808, 0)
(2252, 3)
(200641311692, 3)
(2253, 4)
(200730406413, 1)
(2257, 4)
(201086785297, 4)
(2258, 3)
(201175880018, 3)
(2262, 1)
(201532258902, 1)
(2263, 2)
(201621353623, 3)
(2267, 1)
(201977732507, 1)
(2268, 1)
(202066827228, 1)
(2272, 3)
(202423206112, 3)
(2273, 2)
(202512300833, 3)
(2277, 0)
(202868679717, 0)
(2278, 4)
(202957774438, 1)
(2282, 0)
(203314153322, 0)
(2283, 4)
(203403248043, 4)
(2287, 1)
(203759626927, 4)
(2288, 0)
(203848721648, 0)
(2292, 0)
(204205100532, 0)
(2293, 1)
(204294195253, 1)
(2297, 0)
(204650574137, 0)
(2298, 2)
(204739668858, 3)
(2302, 4)
(205096047742, 1)
(2303, 0)
(205185142463, 0)
(2307, 3)
(205541521347, 2)
(2308, 0)
(205630616068, 0)
(2312, 0)
(205986994952, 0)
(2313, 2)
(206076089673, 2)
(2317, 4)
(206432468557, 1)
(2318, 1)
(206521563278, 1)
(2322, 3)
(206877942162, 2)
(2323, 2)
(206967036883, 2)
(2327, 2)
(207323415767, 2)
(2328, 0)
(207412510488, 0)
(2332, 1)
(207768889372, 1)
(2333, 1)
(207857984093, 1)
(2337, 2)
(208214362977, 3)
(2338, 4)
(208303457698, 1)
(2342, 3)
(208659836582, 2)
(2343, 2)
(208748931303, 2)
(2347, 0)
(209105310187, 0)
(2348, 1)
(209194404908, 4)
(2352, 2)
(209550783792, 3)
(2353, 4)
(209639878513, 4)
(2357, 2)
(209996257397, 2)
(2358, 0)
(210085352118, 0)
(2362, 4)
(210441731002, 4)
(2363, 0)
(210530825723, 0)
(2367, 1)
(210887204607, 4)
(2368, 3)
(210976299328, 3)
(2372, 0)
(211332678212, 0)
(2373, 1)
(211421772933, 4)
(2377, 1)
(211778151817, 1)
(2378, 0)
(211867246538, 0)
(2382, 2)
(212223625422, 2)
(2383, 4)
(212312720143, 1)
(2387, 2)
(212669099027, 3)
(2388, 0)
(212758193748, 0)
(2392, 0)
(213114572632, 0)
(2393, 0)
(213203667353, 0)
(2397, 2)
(213560046237, 3)
(2398, 0)
(213649140958, 0)
(2402, 0)
(214005519842, 0)
(2403, 2)
(214094614563, 3)
(2407, 0)
(214450993447, 0)
(2408, 0)
(214540088168, 0)
(2412, 0)
(214896467052, 0)
(2413, 1)
(214985561773, 4)
(2417, 1)
(215341940657, 4)
(2418, 4)
(215431035378, 1)
(2422, 0)
(215787414262, 0)
(2423, 3)
(215876508983, 3)
(2427, 4)
(216232887867, 4)
(2428, 4)
(216321982588, 1)
(2432, 1)
(216678361472, 1)
(2433, 0)
(216767456193, 0)
(2437, 3)
(217123835077, 3)
(2438, 3)
(217212929798, 3)
(2442, 3)
(217569308682, 3)
(2443, 4)
(217658403403, 4)
(2447, 3)
(218014782287, 3)
(2448, 1)
(218103877008, 1)
(2452, 0)
(218460255892, 0)
(2453, 3)
(218549350613, 3)
(2457, 2)
(218905729497, 3)
(2458, 3)
(218994824218, 3)
(2462, 3)
(219351203102, 3)
(2463, 4)
(219440297823, 4)
(2467, 2)
(219796676707, 2)
(2468, 0)
(219885771428, 0)
(2472, 0)
(220242150312, 0)
(2473, 0)
(220331245033, 0)
(2477, 3)
(220687623917, 2)
(2478, 2)
(220776718638, 3)
(2482, 1)
(221133097522, 4)
(2483, 0)
(221222192243, 0)
(2487, 0)
(221578571127, 0)
(2488, 0)
(221667665848, 0)
(2492, 4)
(222024044732, 4)
(2493, 0)
(222113139453, 0)
(2497, 3)
(222469518337, 3)
(2498, 0)
(222558613058, 0)
(2502, 3)
(222914991942, 3)
(2503, 1)
(223004086663, 1)
(2507, 4)
(223360465547, 4)
(2508, 2)
(223449560268, 2)
(2512, 2)
(223805939152, 2)
(2513, 3)
(223895033873, 3)
(2517, 4)
(224251412757, 4)
(2518, 0)
(224340507478, 0)
(2522, 4)
(224696886362, 1)
(2523, 3)
(224785981083, 2)
(2527, 4)
(225142359967, 4)
(2528, 4)
(225231454688, 1)
(2532, 0)
(225587833572, 0)
(2533, 4)
(225676928293, 1)
(2537, 0)
(226033307177, 0)
(2538, 2)
(226122401898, 3)
(2542, 4)
(226478780782, 4)
(2543, 0)
(226567875503, 0)
(2547, 0)
(226924254387, 0)
(2548, 0)
(227013349108, 0)
(2552, 0)
(227369727992, 0)
(2553, 1)
(227458822713, 1)
(2557, 3)
(227815201597, 3)
(2558, 4)
(227904296318, 4)
(2562, 1)
(228260675202, 4)
(2563, 4)
(228349769923, 4)
(2567, 1)
(228706148807, 1)
(2568, 0)
(228795243528, 0)
(2572, 1)
(229151622412, 1)
(2573, 1)
(229240717133, 1)
(2577, 0)
(229597096017, 0)
(2578, 1)
(229686190738, 4)
(2582, 0)
(230042569622, 0)
(2583, 2)
(230131664343, 2)
(2587, 3)
(230488043227, 2)
(2588, 4)
(230577137948, 1)
(2592, 3)
(230933516832, 3)
(2593, 1)
(231022611553, 1)
(2597, 4)
(231378990437, 1)
(2598, 4)
(231468085158, 4)
(2602, 4)
(231824464042, 1)
(2603, 0)
(231913558763, 0)
(2607, 2)
(232269937647, 3)
(2608, 2)
(232359032368, 2)
(2612, 0)
(232715411252, 0)
(2613, 1)
(232804505973, 1)
(2617, 2)
(233160884857, 3)
(2618, 0)
(233249979578, 0)
(2622, 1)
(233606358462, 1)
(2623, 2)
(233695453183, 2)
(2627, 2)
(234051832067, 2)
(2628, 0)
(234140926788, 0)
(2632, 0)
(234497305672, 0)
(2633, 3)
(234586400393, 2)
(2637, 4)
(234942779277, 1)
(2638, 0)
(235031873998, 0)
(2642, 3)
(235388252882, 3)
(2643, 0)
(235477347603, 0)
(2647, 0)
(235833726487, 0)
(2648, 0)
(235922821208, 0)
(2652, 2)
(236279200092, 3)
(2653, 1)
(236368294813, 1)
(2657, 2)
(236724673697, 3)
(2658, 4)
(236813768418, 1)
(2662, 1)
(237170147302, 4)
(2663, 3)
(237259242023, 2)
(2667, 3)
(237615620907, 3)
(2668, 2)
(237704715628, 2)
(2672, 4)
(238061094512, 1)
(2673, 3)
(238150189233, 3)
(2677, 2)
(238506568117, 3)
(2678, 0)
(238595662838, 0)
(2682, 0)
(238952041722, 0)
(2683, 0)
(239041136443, 0)
(2687, 4)
(239397515327, 1)
(2688, 1)
(239486610048, 4)
(2692, 0)
(239842988932, 0)
(2693, 3)
(239932083653, 3)
(2697, 4)
(240288462537, 4)
(2698, 4)
(240377557258, 4)
(2702, 2)
(240733936142, 2)
(2703, 3)
(240823030863, 3)
(2707, 2)
(241179409747, 2)
(2708, 0)
(241268504468, 0)
(2712, 0)
(241624883352, 0)
(2713, 1)
(241713978073, 1)
(2717, 2)
(242070356957, 3)
(2718, 1)
(242159451678, 1)
(2722, 0)
(242515830562, 0)
(2723, 3)
(242604925283, 2)
(2727, 0)
(242961304167, 0)
(2728, 0)
(243050398888, 0)
(2732, 0)
(243406777772, 0)
(2733, 3)
(243495872493, 3)
(2737, 1)
(243852251377, 4)
(2738, 4)
(243941346098, 4)
(2742, 3)
(244297724982, 2)
(2743, 0)
(244386819703, 0)
(2747, 3)
(244743198587, 2)
(2748, 1)
(244832293308, 1)
(2752, 0)
(245188672192, 0)
(2753, 2)
(245277766913, 2)
(2757, 4)
(245634145797, 1)
(2758, 4)
(245723240518, 1)
(2762, 4)
(246079619402, 1)
(2763, 0)
(246168714123, 0)
(2767, 4)
(246525093007, 4)
(2768, 2)
(246614187728, 3)
(2772, 0)
(246970566612, 0)
(2773, 4)
(247059661333, 4)
(2777, 0)
(247416040217, 0)
(2778, 1)
(247505134938, 1)
(2782, 2)
(247861513822, 3)
(2783, 4)
(247950608543, 1)
(2787, 1)
(248306987427, 4)
(2788, 0)
(248396082148, 0)
(2792, 0)
(248752461032, 0)
(2793, 4)
(248841555753, 1)
(2797, 3)
(249197934637, 2)
(2798, 4)
(249287029358, 1)
(2802, 1)
(249643408242, 4)
(2803, 1)
(249732502963, 4)
(2807, 3)
(250088881847, 2)
(2808, 0)
(250177976568, 0)
(2812, 3)
(250534355452, 3)
(2813, 0)
(250623450173, 0)
(2817, 0)
(250979829057, 0)
(2818, 0)
(251068923778, 0)
(2822, 2)
(251425302662, 2)
(2823, 1)
(251514397383, 4)
(2827, 3)
(251870776267, 2)
(2828, 3)
(251959870988, 2)
(2832, 3)
(252316249872, 2)
(2833, 3)
(252405344593, 3)
(2837, 1)
(252761723477, 4)
(2838, 0)
(252850818198, 0)
(2842, 2)
(253207197082, 3)
(2843, 0)
(253296291803, 0)
(2847, 3)
(253652670687, 3)
(2848, 4)
(253741765408, 4)
(2852, 0)
(254098144292, 0)
(2853, 0)
(254187239013, 0)
(2857, 0)
(254543617897, 0)
(2858, 3)
(254632712618, 2)
(2862, 2)
(254989091502, 2)
(2863, 2)
(255078186223, 2)
(2867, 2)
(255434565107, 2)
(2868, 0)
(255523659828, 0)
(2872, 0)
(255880038712, 0)
(2873, 3)
(255969133433, 3)
(2877, 0)
(256325512317, 0)
(2878, 1)
(256414607038, 4)
(2882, 1)
(256770985922, 1)
(2883, 3)
(256860080643, 2)
(2887, 0)
(257216459527, 0)
(2888, 0)
(257305554248, 0)
(2892, 3)
(257661933132, 2)
(2893, 4)
(257751027853, 4)
(2897, 1)
(258107406737, 4)
(2898, 0)
(258196501458, 0)
(2902, 2)
(258552880342, 2)
(2903, 4)
(258641975063, 1)
(2907, 2)
(258998353947, 2)
(2908, 4)
(259087448668, 1)
(2912, 4)
(259443827552, 4)
(2913, 2)
(259532922273, 2)
(2917, 2)
(259889301157, 2)
(2918, 4)
(259978395878, 4)
(2922, 1)
(260334774762, 4)
(2923, 4)
(260423869483, 1)
(2927, 4)
(260780248367, 4)
(2928, 3)
(260869343088, 2)
(2932, 0)
(261225721972, 0)
(2933, 1)
(261314816693, 1)
(2937, 4)
(261671195577, 4)
(2938, 4)
(261760290298, 4)
(2942, 0)
(262116669182, 0)
(2943, 3)
(262205763903, 3)
(2947, 3)
(262562142787, 2)
(2948, 0)
(262651237508, 0)
(2952, 0)
(263007616392, 0)
(2953, 1)
(263096711113, 4)
(2957, 4)
(263453089997, 4)
(2958, 2)
(263542184718, 2)
(2962, 4)
(263898563602, 1)
(2963, 2)
(263987658323, 3)
(2967, 1)
(264344037207, 1)
(2968, 0)
(264433131928, 0)
(2972, 2)
(264789510812, 3)
(2973, 2)
(264878605533, 2)
(2977, 4)
(265234984417, 1)
(2978, 0)
(265324079138, 0)
(2982, 1)
(265680458022, 4)
(2983, 0)
(265769552743, 0)
(2987, 0)
(266125931627, 0)
(2988, 2)
(266215026348, 2)
(2992, 1)
(266571405232, 4)
(2993, 2)
(266660499953, 3)
(2997, 4)
(267016878837, 4)
(2998, 3)
(267105973558, 3)
(3002, 4)
(267462352442, 1)
(3003, 2)
(267551447163, 2)
(3007, 0)
(267907826047, 0)
(3008, 0)
(267996920768, 0)
(3012, 0)
(268353299652, 0)
(3013, 3)
(268442394373, 3)
(3017, 3)
(268798773257, 2)
(3018, 4)
(268887867978, 1)
(3022, 2)
(269244246862, 2)
(3023, 2)
(269333341583, 2)
(3027, 2)
(269689720467, 2)
(3028, 0)
(269778815188, 0)
(3032, 0)
(270135194072, 0)
(3033, 0)
(270224288793, 0)
(3037, 3)
(270580667677, 3)
(3038, 1)
(270669762398, 1)
(3042, 0)
(271026141282, 0)
(3043, 3)
(271115236003, 3)
(3047, 2)
(271471614887, 3)
(3048, 0)
(271560709608, 0)
(3052, 3)
(271917088492, 2)
(3053, 0)
(272006183213, 0)
(3057, 3)
(272362562097, 2)
(3058, 2)
(272451656818, 3)
(3062, 4)
(272808035702, 4)
(3063, 1)
(272897130423, 1)
(3067, 2)
(273253509307, 2)
(3068, 1)
(273342604028, 1)
(3072, 4)
(273698982912, 1)
(3073, 1)
(273788077633, 4)
(3077, 4)
(274144456517, 4)
(3078, 4)
(274233551238, 4)
(3082, 0)
(274589930122, 0)
(3083, 2)
(274679024843, 2)
(3087, 0)
(275035403727, 0)
(3088, 2)
(275124498448, 2)
(3092, 0)
(275480877332, 0)
(3093, 2)
(275569972053, 2)
(3097, 3)
(275926350937, 3)
(3098, 4)
(276015445658, 1)
(3102, 1)
(276371824542, 1)
(3103, 0)
(276460919263, 0)
(3107, 3)
(276817298147, 3)
(3108, 0)
(276906392868, 0)
(3112, 0)
(277262771752, 0)
(3113, 1)
(277351866473, 1)
(3117, 0)
(277708245357, 0)
(3118, 0)
(277797340078, 0)
(3122, 3)
(278153718962, 2)
(3123, 0)
(278242813683, 0)
(3127, 1)
(278599192567, 4)
(3128, 0)
(278688287288, 0)
(3132, 3)
(279044666172, 3)
(3133, 0)
(279133760893, 0)
(3137, 1)
(279490139777, 1)
(3138, 4)
(279579234498, 4)
(3142, 0)
(279935613382, 0)
(3143, 1)
(280024708103, 1)
(3147, 0)
(280381086987, 0)
(3148, 0)
(280470181708, 0)
(3152, 0)
(280826560592, 0)
(3153, 4)
(280915655313, 1)
(3157, 4)
(281272034197, 1)
(3158, 2)
(281361128918, 3)
(3162, 0)
(281717507802, 0)
(3163, 1)
(281806602523, 4)
(3167, 2)
(282162981407, 3)
(3168, 0)
(282252076128, 0)
(3172, 0)
(282608455012, 0)
(3173, 0)
(282697549733, 0)
(3177, 3)
(283053928617, 3)
(3178, 0)
(283143023338, 0)
(3182, 2)
(283499402222, 2)
(3183, 4)
(283588496943, 4)
(3187, 2)
(283944875827, 3)
(3188, 0)
(284033970548, 0)
(3192, 0)
(284390349432, 0)
(3193, 4)
(284479444153, 1)
(3197, 4)
(284835823037, 1)
(3198, 2)
(284924917758, 3)
(3202, 1)
(285281296642, 1)
(3203, 4)
(285370391363, 1)
(3207, 3)
(285726770247, 2)
(3208, 0)
(285815864968, 0)
(3212, 0)
(286172243852, 0)
(3213, 3)
(286261338573, 2)
(3217, 1)
(286617717457, 1)
(3218, 1)
(286706812178, 4)
(3222, 0)
(287063191062, 0)
(3223, 0)
(287152285783, 0)
(3227, 4)
(287508664667, 1)
(3228, 2)
(287597759388, 3)
(3232, 2)
(287954138272, 3)
(3233, 4)
(288043232993, 1)
(3237, 2)
(288399611877, 3)
(3238, 3)
(288488706598, 3)
(3242, 3)
(288845085482, 2)
(3243, 2)
(288934180203, 2)
(3247, 3)
(289290559087, 2)
(3248, 3)
(289379653808, 2)
(3252, 0)
(289736032692, 0)
(3253, 1)
(289825127413, 4)
(3257, 1)
(290181506297, 4)
(3258, 4)
(290270601018, 4)
(3262, 3)
(290626979902, 2)
(3263, 3)
(290716074623, 2)
(3267, 4)
(291072453507, 1)
(3268, 0)
(291161548228, 0)
(3272, 0)
(291517927112, 0)
(3273, 4)
(291607021833, 1)
(3277, 3)
(291963400717, 2)
(3278, 1)
(292052495438, 1)
(3282, 0)
(292408874322, 0)
(3283, 1)
(292497969043, 4)
(3287, 1)
(292854347927, 4)
(3288, 0)
(292943442648, 0)
(3292, 3)
(293299821532, 3)
(3293, 1)
(293388916253, 1)
(3297, 0)
(293745295137, 0)
(3298, 1)
(293834389858, 4)
(3302, 1)
(294190768742, 4)
(3303, 0)
(294279863463, 0)
(3307, 4)
(294636242347, 1)
(3308, 1)
(294725337068, 1)
(3312, 1)
(295081715952, 4)
(3313, 1)
(295170810673, 4)
(3317, 1)
(295527189557, 4)
(3318, 2)
(295616284278, 2)
(3322, 4)
(295972663162, 1)
(3323, 3)
(296061757883, 3)
(3327, 4)
(296418136767, 4)
(3328, 2)
(296507231488, 2)
(3332, 0)
(296863610372, 0)
(3333, 3)
(296952705093, 2)
(3337, 4)
(297309083977, 4)
(3338, 0)
(297398178698, 0)
(3342, 4)
(297754557582, 4)
(3343, 4)
(297843652303, 1)
(3347, 1)
(298200031187, 4)
(3348, 0)
(298289125908, 0)
(3352, 0)
(298645504792, 0)
(3353, 0)
(298734599513, 0)
(3357, 0)
(299090978397, 0)
(3358, 2)
(299180073118, 2)
(3362, 4)
(299536452002, 4)
(3363, 4)
(299625546723, 1)
(3367, 0)
(299981925607, 0)
(3368, 0)
(300071020328, 0)
(3372, 2)
(300427399212, 2)
(3373, 4)
(300516493933, 1)
(3377, 3)
(300872872817, 3)
(3378, 4)
(300961967538, 1)
(3382, 0)
(301318346422, 0)
(3383, 1)
(301407441143, 4)
(3387, 2)
(301763820027, 3)
(3388, 3)
(301852914748, 3)
(3392, 1)
(302209293632, 4)
(3393, 2)
(302298388353, 3)
(3397, 0)
(302654767237, 0)
(3398, 3)
(302743861958, 2)
(3402, 3)
(303100240842, 2)
(3403, 2)
(303189335563, 2)
(3407, 3)
(303545714447, 3)
(3408, 4)
(303634809168, 1)
(3412, 0)
(303991188052, 0)
(3413, 3)
(304080282773, 2)
(3417, 4)
(304436661657, 4)
(3418, 2)
(304525756378, 3)
(3422, 3)
(304882135262, 2)
(3423, 0)
(304971229983, 0)
(3427, 1)
(305327608867, 1)
(3428, 0)
(305416703588, 0)
(3432, 0)
(305773082472, 0)
(3433, 1)
(305862177193, 4)
(3437, 2)
(306218556077, 2)
(3438, 0)
(306307650798, 0)
(3442, 0)
(306664029682, 0)
(3443, 4)
(306753124403, 1)
(3447, 4)
(307109503287, 4)
(3448, 0)
(307198598008, 0)
(3452, 2)
(307554976892, 2)
(3453, 3)
(307644071613, 3)
(3457, 3)
(308000450497, 3)
(3458, 0)
(308089545218, 0)
(3462, 3)
(308445924102, 2)
(3463, 4)
(308535018823, 1)
(3467, 4)
(308891397707, 1)
(3468, 4)
(308980492428, 1)
(3472, 1)
(309336871312, 1)
(3473, 0)
(309425966033, 0)
(3477, 2)
(309782344917, 3)
(3478, 4)
(309871439638, 4)
(3482, 4)
(310227818522, 4)
(3483, 3)
(310316913243, 3)
(3487, 2)
(310673292127, 2)
(3488, 0)
(310762386848, 0)
(3492, 0)
(311118765732, 0)
(3493, 3)
(311207860453, 2)
(3497, 2)
(311564239337, 2)
(3498, 0)
(311653334058, 0)
(3502, 4)
(312009712942, 1)
(3503, 2)
(312098807663, 2)
(3507, 3)
(312455186547, 3)
(3508, 0)
(312544281268, 0)
(3512, 0)
(312900660152, 0)
(3513, 4)
(312989754873, 4)
(3517, 0)
(313346133757, 0)
(3518, 3)
(313435228478, 3)
(3522, 3)
(313791607362, 3)
(3523, 4)
(313880702083, 1)
(3527, 0)
(314237080967, 0)
(3528, 0)
(314326175688, 0)
(3532, 1)
(314682554572, 4)
(3533, 0)
(314771649293, 0)
(3537, 3)
(315128028177, 3)
(3538, 3)
(315217122898, 2)
(3542, 2)
(315573501782, 2)
(3543, 3)
(315662596503, 2)
(3547, 4)
(316018975387, 4)
(3548, 2)
(316108070108, 3)
(3552, 4)
(316464448992, 1)
(3553, 1)
(316553543713, 4)
(3557, 4)
(316909922597, 4)
(3558, 3)
(316999017318, 2)
(3562, 2)
(317355396202, 2)
(3563, 3)
(317444490923, 2)
(3567, 0)
(317800869807, 0)
(3568, 2)
(317889964528, 3)
