(1, 2)
(9138529, 2)
(2, 4)
(18277058, 4)
(4, 0)
(36554116, 0)
(8, 2)
(73108232, 2)
(9, 0)
(82246761, 0)
(11, 1)
(100523819, 6)
(15, 2)
(137077935, 5)
(16, 4)
(146216464, 4)
(18, 0)
(164493522, 0)
(22, 2)
(201047638, 5)
(23, 4)
(210186167, 4)
(25, 0)
(228463225, 0)
(29, 4)
(265017341, 4)
(30, 4)
(274155870, 3)
(32, 0)
(292432928, 0)
(36, 4)
(328987044, 4)
(37, 4)
(338125573, 4)
(39, 0)
(356402631, 0)
(43, 4)
(392956747, 3)
(44, 1)
(402095276, 6)
(46, 1)
(420372334, 1)
(50, 4)
(456926450, 4)
(51, 4)
(466064979, 3)
(53, 1)
(484342037, 6)
(57, 6)
(520896153, 6)
(58, 1)
(530034682, 1)
(60, 0)
(548311740, 0)
(64, 6)
(584865856, 6)
(65, 1)
(594004385, 1)
(67, 1)
(612281443, 1)
(71, 1)
(648835559, 1)
(72, 1)
(657974088, 1)
(74, 1)
(676251146, 1)
(78, 1)
(712805262, 6)
(79, 5)
(721943791, 2)
(81, 1)
(740220849, 1)
(85, 3)
(776774965, 3)
(86, 2)
(785913494, 5)
(88, 1)
(804190552, 6)
(92, 5)
(840744668, 5)
(93, 5)
(849883197, 2)
(95, 1)
(868160255, 6)
(99, 5)
(904714371, 2)
(100, 2)
(913852900, 2)
(102, 1)
(932129958, 6)
(106, 0)
(968684074, 0)
(107, 6)
(977822603, 1)
(109, 1)
(996099661, 1)
(113, 2)
(1032653777, 2)
(114, 6)
(1041792306, 6)
(116, 2)
(1060069364, 2)
(120, 4)
(1096623480, 3)
(121, 3)
(1105762009, 3)
(123, 2)
(1124039067, 5)
(127, 6)
(1160593183, 6)
(128, 0)
(1169731712, 0)
(130, 2)
(1188008770, 2)
(134, 1)
(1224562886, 1)
(135, 0)
(1233701415, 0)
(137, 3)
(1251978473, 3)
(141, 5)
(1288532589, 5)
(142, 4)
(1297671118, 4)
(144, 2)
(1315948176, 2)
(148, 0)
(1352502292, 0)
(149, 1)
(1361640821, 6)
(151, 3)
(1379917879, 3)
(155, 2)
(1416471995, 2)
(156, 5)
(1425610524, 2)
(158, 3)
(1443887582, 4)
(162, 6)
(1480441698, 6)
(163, 2)
(1489580227, 2)
(165, 3)
(1507857285, 3)
(169, 3)
(1544411401, 3)
(170, 3)
(1553549930, 3)
(172, 4)
(1571826988, 3)
(176, 0)
(1608381104, 0)
(177, 3)
(1617519633, 3)
(179, 5)
(1635796691, 5)
(183, 4)
(1672350807, 4)
(184, 4)
(1681489336, 4)
(186, 5)
(1699766394, 2)
(190, 1)
(1736320510, 6)
(191, 5)
(1745459039, 2)
(193, 5)
(1763736097, 5)
(197, 0)
(1800290213, 0)
(198, 2)
(1809428742, 5)
(200, 6)
(1827705800, 6)
(204, 4)
(1864259916, 3)
(205, 3)
(1873398445, 3)
(207, 6)
(1891675503, 6)
(211, 5)
(1928229619, 2)
(212, 4)
(1937368148, 3)
(214, 0)
(1955645206, 0)
(218, 4)
(1992199322, 4)
(219, 1)
(2001337851, 6)
(221, 1)
(2019614909, 1)
(225, 3)
(2056169025, 3)
(226, 6)
(2065307554, 6)
(228, 1)
(2083584612, 1)
(232, 4)
(2120138728, 4)
(233, 4)
(2129277257, 3)
(235, 2)
(2147554315, 5)
(239, 5)
(2184108431, 2)
(240, 5)
(2193246960, 2)
(242, 3)
(2211524018, 3)
(246, 6)
(2248078134, 1)
(247, 3)
(2257216663, 4)
(249, 3)
(2275493721, 3)
(253, 2)
(2312047837, 5)
(254, 5)
(2321186366, 5)
(256, 5)
(2339463424, 5)
(260, 5)
(2376017540, 5)
(261, 6)
(2385156069, 6)
(263, 6)
(2403433127, 6)
(267, 1)
(2439987243, 6)
(268, 1)
(2449125772, 1)
(270, 6)
(2467402830, 1)
(274, 6)
(2503956946, 6)
(275, 3)
(2513095475, 4)
(277, 1)
(2531372533, 6)
(281, 6)
(2567926649, 6)
(282, 1)
(2577065178, 1)
(284, 2)
(2595342236, 2)
(288, 4)
(2631896352, 4)
(289, 0)
(2641034881, 0)
(291, 4)
(2659311939, 4)
(295, 4)
(2695866055, 3)
(296, 6)
(2705004584, 6)
(298, 5)
(2723281642, 2)
(302, 6)
(2759835758, 6)
(303, 1)
(2768974287, 6)
(305, 0)
(2787251345, 0)
(309, 1)
(2823805461, 6)
(310, 4)
(2832943990, 4)
(312, 1)
(2851221048, 6)
(316, 5)
(2887775164, 2)
(317, 0)
(2896913693, 0)
(319, 3)
(2915190751, 4)
(323, 2)
(2951744867, 5)
(324, 6)
(2960883396, 6)
(326, 6)
(2979160454, 6)
(330, 1)
(3015714570, 1)
(331, 6)
(3024853099, 6)
(333, 0)
(3043130157, 0)
(337, 2)
(3079684273, 5)
(338, 3)
(3088822802, 3)
(340, 2)
(3107099860, 2)
(344, 5)
(3143653976, 2)
(345, 6)
(3152792505, 1)
(347, 5)
(3171069563, 5)
(351, 1)
(3207623679, 6)
(352, 0)
(3216762208, 0)
(354, 0)
(3235039266, 0)
(358, 6)
(3271593382, 6)
(359, 1)
(3280731911, 6)
(361, 3)
(3299008969, 3)
(365, 6)
(3335563085, 6)
(366, 5)
(3344701614, 5)
(368, 6)
(3362978672, 6)
(372, 1)
(3399532788, 6)
(373, 3)
(3408671317, 3)
(375, 1)
(3426948375, 6)
(379, 5)
(3463502491, 5)
(380, 5)
(3472641020, 2)
(382, 5)
(3490918078, 2)
(386, 4)
(3527472194, 4)
(387, 3)
(3536610723, 4)
(389, 2)
(3554887781, 5)
(393, 5)
(3591441897, 5)
(394, 2)
(3600580426, 5)
(396, 5)
(3618857484, 2)
(400, 1)
(3655411600, 1)
(401, 5)
(3664550129, 2)
(403, 2)
(3682827187, 2)
(407, 1)
(3719381303, 6)
(408, 4)
(3728519832, 3)
(410, 6)
(3746796890, 6)
(414, 1)
(3783351006, 1)
(415, 1)
(3792489535, 6)
(417, 3)
(3810766593, 3)
(421, 0)
(3847320709, 0)
(422, 2)
(3856459238, 5)
(424, 1)
(3874736296, 6)
(428, 6)
(3911290412, 1)
(429, 2)
(3920428941, 2)
(431, 0)
(3938705999, 0)
(435, 2)
(3975260115, 5)
(436, 4)
(3984398644, 4)
(438, 4)
(4002675702, 3)
(442, 2)
(4039229818, 2)
(443, 3)
(4048368347, 4)
(445, 3)
(4066645405, 3)
(449, 6)
(4103199521, 1)
(450, 1)
(4112338050, 1)
(452, 3)
(4130615108, 3)
(456, 5)
(4167169224, 5)
(457, 1)
(4176307753, 6)
(459, 1)
(4194584811, 6)
(463, 1)
(4231138927, 1)
(464, 2)
(4240277456, 2)
(466, 2)
(4258554514, 5)
(470, 1)
(4295108630, 6)
(471, 2)
(4304247159, 2)
(473, 2)
(4322524217, 2)
(477, 5)
(4359078333, 2)
(478, 4)
(4368216862, 3)
(480, 1)
(4386493920, 6)
(484, 1)
(4423048036, 1)
(485, 3)
(4432186565, 4)
(487, 3)
(4450463623, 3)
(491, 1)
(4487017739, 1)
(492, 2)
(4496156268, 5)
(494, 5)
(4514433326, 2)
(498, 5)
(4550987442, 5)
(499, 6)
(4560125971, 1)
(501, 6)
(4578403029, 6)
(505, 1)
(4614957145, 1)
(506, 1)
(4624095674, 6)
(508, 2)
(4642372732, 2)
(512, 3)
(4678926848, 3)
(513, 2)
(4688065377, 2)
(515, 6)
(4706342435, 6)
(519, 2)
(4742896551, 5)
(520, 2)
(4752035080, 2)
(522, 1)
(4770312138, 1)
(526, 2)
(4806866254, 2)
(527, 3)
(4816004783, 3)
(529, 6)
(4834281841, 6)
(533, 1)
(4870835957, 1)
(534, 0)
(4879974486, 0)
(536, 5)
(4898251544, 5)
(540, 6)
(4934805660, 1)
(541, 0)
(4943944189, 0)
(543, 2)
(4962221247, 5)
(547, 5)
(4998775363, 5)
(548, 4)
(5007913892, 4)
(550, 2)
(5026190950, 5)
(554, 3)
(5062745066, 4)
(555, 1)
(5071883595, 6)
(557, 3)
(5090160653, 4)
(561, 4)
(5126714769, 4)
(562, 1)
(5135853298, 1)
(564, 2)
(5154130356, 2)
(568, 4)
(5190684472, 4)
(569, 2)
(5199823001, 5)
(571, 5)
(5218100059, 5)
(575, 0)
(5254654175, 0)
(576, 3)
(5263792704, 3)
(578, 1)
(5282069762, 1)
(582, 4)
(5318623878, 4)
(583, 0)
(5327762407, 0)
(585, 3)
(5346039465, 3)
(589, 4)
(5382593581, 3)
(590, 2)
(5391732110, 5)
(592, 1)
(5410009168, 1)
(596, 2)
(5446563284, 5)
(597, 4)
(5455701813, 4)
(599, 0)
(5473978871, 0)
(603, 6)
(5510532987, 6)
(604, 6)
(5519671516, 6)
(606, 6)
(5537948574, 1)
(610, 3)
(5574502690, 4)
(611, 6)
(5583641219, 1)
(613, 0)
(5601918277, 0)
(617, 5)
(5638472393, 5)
(618, 3)
(5647610922, 4)
(620, 2)
(5665887980, 2)
(624, 3)
(5702442096, 4)
(625, 0)
(5711580625, 0)
(627, 4)
(5729857683, 3)
(631, 3)
(5766411799, 3)
(632, 6)
(5775550328, 1)
(634, 2)
(5793827386, 5)
(638, 1)
(5830381502, 6)
(639, 2)
(5839520031, 2)
(641, 2)
(5857797089, 2)
(645, 4)
(5894351205, 4)
(646, 2)
(5903489734, 5)
(648, 0)
(5921766792, 0)
(652, 2)
(5958320908, 2)
(653, 1)
(5967459437, 6)
(655, 2)
(5985736495, 5)
(659, 2)
(6022290611, 2)
(660, 4)
(6031429140, 4)
(662, 6)
(6049706198, 6)
(666, 4)
(6086260314, 4)
(667, 1)
(6095398843, 1)
(669, 2)
(6113675901, 5)
(673, 1)
(6150230017, 6)
(674, 1)
(6159368546, 6)
(676, 3)
(6177645604, 3)
(680, 2)
(6214199720, 2)
(681, 5)
(6223338249, 5)
(683, 5)
(6241615307, 2)
(687, 0)
(6278169423, 0)
(688, 0)
(6287307952, 0)
(690, 6)
(6305585010, 1)
(694, 4)
(6342139126, 4)
(695, 2)
(6351277655, 5)
(697, 5)
(6369554713, 5)
(701, 2)
(6406108829, 2)
(702, 5)
(6415247358, 2)
(704, 6)
(6433524416, 1)
(708, 4)
(6470078532, 4)
(709, 3)
(6479217061, 4)
(711, 0)
(6497494119, 0)
(715, 2)
(6534048235, 5)
(716, 5)
(6543186764, 5)
(718, 5)
(6561463822, 2)
(722, 3)
(6598017938, 3)
(723, 1)
(6607156467, 6)
(725, 5)
(6625433525, 5)
(729, 5)
(6661987641, 5)
(730, 0)
(6671126170, 0)
(732, 6)
(6689403228, 6)
(736, 0)
(6725957344, 0)
(737, 3)
(6735095873, 4)
(739, 5)
(6753372931, 2)
(743, 0)
(6789927047, 0)
(744, 1)
(6799065576, 6)
(746, 0)
(6817342634, 0)
(750, 5)
(6853896750, 2)
(751, 6)
(6863035279, 1)
(753, 1)
(6881312337, 1)
(757, 0)
(6917866453, 0)
(758, 5)
(6927004982, 5)
(760, 1)
(6945282040, 6)
(764, 4)
(6981836156, 3)
(765, 3)
(6990974685, 3)
(767, 5)
(7009251743, 2)
(771, 3)
(7045805859, 3)
(772, 2)
(7054944388, 2)
(774, 1)
(7073221446, 6)
(778, 1)
(7109775562, 6)
(779, 6)
(7118914091, 1)
(781, 5)
(7137191149, 2)
(785, 0)
(7173745265, 0)
(786, 3)
(7182883794, 3)
(788, 4)
(7201160852, 3)
(792, 5)
(7237714968, 2)
(793, 1)
(7246853497, 6)
(795, 4)
(7265130555, 4)
(799, 1)
(7301684671, 6)
(800, 2)
(7310823200, 2)
(802, 4)
(7329100258, 3)
(806, 2)
(7365654374, 2)
(807, 3)
(7374792903, 3)
(809, 1)
(7393069961, 1)
(813, 1)
(7429624077, 1)
(814, 3)
(7438762606, 4)
(816, 0)
(7457039664, 0)
(820, 2)
(7493593780, 2)
(821, 3)
(7502732309, 3)
(823, 5)
(7521009367, 5)
(827, 0)
(7557563483, 0)
(828, 4)
(7566702012, 4)
(830, 1)
(7584979070, 6)
(834, 0)
(7621533186, 0)
(835, 5)
(7630671715, 2)
(837, 6)
(7648948773, 1)
(841, 5)
(7685502889, 5)
(842, 0)
(7694641418, 0)
(844, 5)
(7712918476, 2)
(848, 4)
(7749472592, 3)
(849, 4)
(7758611121, 4)
(851, 3)
(7776888179, 3)
(855, 4)
(7813442295, 3)
(856, 2)
(7822580824, 5)
(858, 1)
(7840857882, 1)
(862, 1)
(7877411998, 6)
(863, 2)
(7886550527, 2)
(865, 2)
(7904827585, 2)
(869, 0)
(7941381701, 0)
(870, 5)
(7950520230, 2)
(872, 3)
(7968797288, 3)
(876, 1)
(8005351404, 6)
(877, 0)
(8014489933, 0)
(879, 5)
(8032766991, 2)
(883, 5)
(8069321107, 2)
(884, 5)
(8078459636, 5)
(886, 5)
(8096736694, 2)
(890, 5)
(8133290810, 5)
(891, 4)
(8142429339, 3)
(893, 3)
(8160706397, 3)
(897, 3)
(8197260513, 4)
(898, 3)
(8206399042, 4)
(900, 4)
(8224676100, 4)
(904, 5)
(8261230216, 5)
(905, 3)
(8270368745, 3)
(907, 3)
(8288645803, 4)
(911, 6)
(8325199919, 6)
(912, 2)
(8334338448, 2)
(914, 2)
(8352615506, 5)
(918, 4)
(8389169622, 3)
(919, 6)
(8398308151, 1)
(921, 6)
(8416585209, 1)
(925, 2)
(8453139325, 2)
(926, 6)
(8462277854, 6)
(928, 0)
(8480554912, 0)
(932, 2)
(8517109028, 5)
(933, 2)
(8526247557, 5)
(935, 3)
(8544524615, 4)
(939, 4)
(8581078731, 4)
(940, 2)
(8590217260, 5)
(942, 4)
(8608494318, 4)
(946, 4)
(8645048434, 4)
(947, 3)
(8654186963, 3)
(949, 4)
(8672464021, 4)
(953, 0)
(8709018137, 0)
(954, 2)
(8718156666, 5)
(956, 1)
(8736433724, 6)
(960, 3)
(8772987840, 4)
(961, 3)
(8782126369, 3)
(963, 2)
(8800403427, 5)
(967, 2)
(8836957543, 5)
(968, 0)
(8846096072, 0)
(970, 5)
(8864373130, 2)
(974, 4)
(8900927246, 4)
(975, 4)
(8910065775, 3)
(977, 5)
(8928342833, 2)
(981, 6)
(8964896949, 6)
(982, 2)
(8974035478, 2)
(984, 4)
(8992312536, 3)
(988, 0)
(9028866652, 0)
(989, 5)
(9038005181, 2)
(991, 0)
(9056282239, 0)
(995, 4)
(9092836355, 3)
(996, 3)
(9101974884, 3)
(998, 0)
(9120251942, 0)
(1002, 3)
(9156806058, 3)
(1003, 1)
(9165944587, 6)
(1005, 1)
(9184221645, 6)
(1009, 3)
(9220775761, 3)
(1010, 3)
(9229914290, 3)
(1012, 0)
(9248191348, 0)
(1016, 3)
(9284745464, 3)
(1017, 6)
(9293883993, 6)
(1019, 6)
(9312161051, 1)
(1023, 1)
(9348715167, 1)
(1024, 1)
(9357853696, 1)
(1026, 0)
(9376130754, 0)
(1030, 6)
(9412684870, 6)
(1031, 3)
(9421823399, 4)
(1033, 0)
(9440100457, 0)
(1037, 6)
(9476654573, 1)
(1038, 5)
(9485793102, 2)
(1040, 1)
(9504070160, 1)
(1044, 3)
(9540624276, 3)
(1045, 2)
(9549762805, 2)
(1047, 1)
(9568039863, 1)
(1051, 6)
(9604593979, 6)
(1052, 2)
(9613732508, 2)
(1054, 1)
(9632009566, 1)
(1058, 6)
(9668563682, 6)
(1059, 5)
(9677702211, 2)
(1061, 6)
(9695979269, 1)
(1065, 4)
(9732533385, 3)
(1066, 0)
(9741671914, 0)
(1068, 1)
(9759948972, 6)
(1072, 0)
(9796503088, 0)
(1073, 1)
(9805641617, 1)
(1075, 0)
(9823918675, 0)
(1079, 3)
(9860472791, 4)
(1080, 5)
(9869611320, 2)
(1082, 6)
(9887888378, 1)
(1086, 5)
(9924442494, 2)
(1087, 1)
(9933581023, 6)
(1089, 5)
(9951858081, 5)
(1093, 6)
(9988412197, 6)
(1094, 0)
(9997550726, 0)
(1096, 4)
(10015827784, 4)
(1100, 3)
(10052381900, 4)
(1101, 2)
(10061520429, 5)
(1103, 3)
(10079797487, 3)
(1107, 4)
(10116351603, 3)
(1108, 4)
(10125490132, 3)
(1110, 6)
(10143767190, 1)
(1114, 2)
(10180321306, 5)
(1115, 6)
(10189459835, 6)
(1117, 4)
(10207736893, 3)
(1121, 5)
(10244291009, 5)
(1122, 5)
(10253429538, 5)
(1124, 6)
(10271706596, 6)
(1128, 1)
(10308260712, 1)
(1129, 5)
(10317399241, 2)
(1131, 1)
(10335676299, 6)
(1135, 3)
(10372230415, 4)
(1136, 3)
(10381368944, 3)
(1138, 6)
(10399646002, 1)
(1142, 5)
(10436200118, 5)
(1143, 2)
(10445338647, 2)
(1145, 5)
(10463615705, 2)
(1149, 4)
(10500169821, 3)
(1150, 4)
(10509308350, 4)
(1152, 6)
(10527585408, 6)
(1156, 1)
(10564139524, 1)
(1157, 6)
(10573278053, 6)
(1159, 1)
(10591555111, 1)
(1163, 0)
(10628109227, 0)
(1164, 4)
(10637247756, 4)
(1166, 1)
(10655524814, 1)
(1170, 4)
(10692078930, 4)
(1171, 0)
(10701217459, 0)
(1173, 4)
(10719494517, 3)
(1177, 0)
(10756048633, 0)
(1178, 5)
(10765187162, 2)
(1180, 6)
(10783464220, 1)
(1184, 1)
(10820018336, 1)
(1185, 5)
(10829156865, 5)
(1187, 2)
(10847433923, 2)
(1191, 5)
(10883988039, 2)
(1192, 6)
(10893126568, 1)
(1194, 6)
(10911403626, 6)
(1198, 2)
(10947957742, 2)
(1199, 5)
(10957096271, 2)
(1201, 0)
(10975373329, 0)
(1205, 6)
(11011927445, 6)
(1206, 2)
(11021065974, 2)
(1208, 4)
(11039343032, 4)
(1212, 6)
(11075897148, 1)
(1213, 0)
(11085035677, 0)
(1215, 6)
(11103312735, 1)
(1219, 3)
(11139866851, 4)
(1220, 3)
(11149005380, 4)
(1222, 3)
(11167282438, 4)
(1226, 4)
(11203836554, 3)
(1227, 1)
(11212975083, 1)
(1229, 1)
(11231252141, 1)
(1233, 3)
(11267806257, 3)
(1234, 1)
(11276944786, 1)
(1236, 4)
(11295221844, 3)
(1240, 2)
(11331775960, 2)
(1241, 0)
(11340914489, 0)
(1243, 4)
(11359191547, 3)
(1247, 6)
(11395745663, 1)
(1248, 2)
(11404884192, 5)
(1250, 4)
(11423161250, 4)
(1254, 6)
(11459715366, 1)
(1255, 4)
(11468853895, 3)
(1257, 6)
(11487130953, 6)
(1261, 6)
(11523685069, 1)
(1262, 0)
(11532823598, 0)
(1264, 5)
(11551100656, 2)
(1268, 2)
(11587654772, 5)
(1269, 4)
(11596793301, 4)
(1271, 4)
(11615070359, 4)
(1275, 5)
(11651624475, 2)
(1276, 1)
(11660763004, 6)
(1278, 1)
(11679040062, 1)
(1282, 3)
(11715594178, 3)
(1283, 1)
(11724732707, 1)
(1285, 2)
(11743009765, 5)
(1289, 0)
(11779563881, 0)
(1290, 2)
(11788702410, 2)
(1292, 2)
(11806979468, 5)
(1296, 5)
(11843533584, 5)
(1297, 6)
(11852672113, 1)
(1299, 1)
(11870949171, 1)
(1303, 1)
(11907503287, 6)
(1304, 0)
(11916641816, 0)
(1306, 5)
(11934918874, 2)
(1310, 1)
(11971472990, 6)
(1311, 6)
(11980611519, 6)
(1313, 5)
(11998888577, 5)
(1317, 6)
(12035442693, 6)
(1318, 2)
(12044581222, 2)
(1320, 4)
(12062858280, 4)
(1324, 6)
(12099412396, 6)
(1325, 0)
(12108550925, 0)
(1327, 2)
(12126827983, 2)
(1331, 6)
(12163382099, 1)
(1332, 1)
(12172520628, 1)
(1334, 5)
(12190797686, 5)
(1338, 1)
(12227351802, 6)
(1339, 2)
(12236490331, 2)
(1341, 2)
(12254767389, 5)
(1345, 0)
(12291321505, 0)
(1346, 1)
(12300460034, 6)
(1348, 3)
(12318737092, 4)
(1352, 4)
(12355291208, 4)
(1353, 2)
(12364429737, 2)
(1355, 5)
(12382706795, 2)
(1359, 2)
(12419260911, 2)
(1360, 0)
(12428399440, 0)
(1362, 2)
(12446676498, 2)
(1366, 5)
(12483230614, 2)
(1367, 0)
(12492369143, 0)
(1369, 0)
(12510646201, 0)
(1373, 5)
(12547200317, 5)
(1374, 3)
(12556338846, 3)
(1376, 2)
(12574615904, 5)
(1380, 1)
(12611170020, 6)
(1381, 2)
(12620308549, 5)
(1383, 6)
(12638585607, 1)
(1387, 2)
(12675139723, 5)
(1388, 5)
(12684278252, 5)
(1390, 1)
(12702555310, 6)
(1394, 3)
(12739109426, 3)
(1395, 3)
(12748247955, 3)
(1397, 4)
(12766525013, 3)
(1401, 1)
(12803079129, 6)
(1402, 0)
(12812217658, 0)
(1404, 5)
(12830494716, 2)
(1408, 0)
(12867048832, 0)
(1409, 5)
(12876187361, 2)
(1411, 4)
(12894464419, 3)
(1415, 3)
(12931018535, 4)
(1416, 3)
(12940157064, 3)
(1418, 4)
(12958434122, 3)
(1422, 2)
(12994988238, 5)
(1423, 5)
(13004126767, 2)
(1425, 2)
(13022403825, 2)
(1429, 0)
(13058957941, 0)
(1430, 0)
(13068096470, 0)
(1432, 3)
(13086373528, 3)
(1436, 4)
(13122927644, 3)
(1437, 4)
(13132066173, 4)
(1439, 5)
(13150343231, 5)
(1443, 4)
(13186897347, 3)
(1444, 6)
(13196035876, 6)
(1446, 5)
(13214312934, 2)
(1450, 1)
(13250867050, 1)
(1451, 5)
(13260005579, 2)
(1453, 4)
(13278282637, 4)
(1457, 2)
(13314836753, 5)
(1458, 4)
(13323975282, 4)
(1460, 6)
(13342252340, 6)
(1464, 5)
(13378806456, 5)
(1465, 0)
(13387944985, 0)
(1467, 5)
(13406222043, 5)
(1471, 1)
(13442776159, 6)
(1472, 3)
(13451914688, 3)
(1474, 6)
(13470191746, 1)
(1478, 4)
(13506745862, 3)
(1479, 6)
(13515884391, 1)
(1481, 5)
(13534161449, 2)
(1485, 1)
(13570715565, 1)
(1486, 4)
(13579854094, 4)
(1488, 0)
(13598131152, 0)
(1492, 1)
(13634685268, 1)
(1493, 4)
(13643823797, 3)
(1495, 1)
(13662100855, 1)
(1499, 3)
(13698654971, 4)
(1500, 3)
(13707793500, 4)
(1502, 3)
(13726070558, 4)
(1506, 2)
(13762624674, 2)
(1507, 1)
(13771763203, 6)
(1509, 5)
(13790040261, 5)
(1513, 5)
(13826594377, 5)
(1514, 6)
(13835732906, 1)
(1516, 5)
(13854009964, 5)
(1520, 2)
(13890564080, 5)
(1521, 1)
(13899702609, 1)
(1523, 0)
(13917979667, 0)
(1527, 6)
(13954533783, 1)
(1528, 2)
(13963672312, 5)
(1530, 1)
(13981949370, 1)
(1534, 4)
(14018503486, 3)
(1535, 0)
(14027642015, 0)
(1537, 6)
(14045919073, 1)
(1541, 3)
(14082473189, 3)
(1542, 4)
(14091611718, 4)
(1544, 0)
(14109888776, 0)
(1548, 3)
(14146442892, 4)
(1549, 6)
(14155581421, 6)
(1551, 2)
(14173858479, 5)
(1555, 2)
(14210412595, 2)
(1556, 2)
(14219551124, 5)
(1558, 5)
(14237828182, 2)
(1562, 2)
(14274382298, 5)
(1563, 5)
(14283520827, 2)
(1565, 1)
(14301797885, 6)
(1569, 1)
(14338352001, 6)
(1570, 2)
(14347490530, 5)
(1572, 5)
(14365767588, 5)
(1576, 5)
(14402321704, 2)
(1577, 4)
(14411460233, 4)
(1579, 2)
(14429737291, 5)
(1583, 0)
(14466291407, 0)
(1584, 0)
(14475429936, 0)
(1586, 4)
(14493706994, 3)
(1590, 0)
(14530261110, 0)
(1591, 1)
(14539399639, 6)
(1593, 1)
(14557676697, 1)
(1597, 3)
(14594230813, 3)
(1598, 0)
(14603369342, 0)
(1600, 5)
(14621646400, 5)
(1604, 0)
(14658200516, 0)
(1605, 2)
(14667339045, 2)
(1607, 5)
(14685616103, 2)
(1611, 4)
(14722170219, 4)
(1612, 2)
(14731308748, 2)
(1614, 3)
(14749585806, 3)
(1618, 3)
(14786139922, 3)
(1619, 2)
(14795278451, 2)
(1621, 3)
(14813555509, 4)
(1625, 4)
(14850109625, 4)
(1626, 4)
(14859248154, 4)
(1628, 5)
(14877525212, 2)
(1632, 0)
(14914079328, 0)
(1633, 5)
(14923217857, 5)
(1635, 1)
(14941494915, 6)
(1639, 3)
(14978049031, 3)
(1640, 5)
(14987187560, 5)
(1642, 4)
(15005464618, 4)
(1646, 2)
(15042018734, 2)
(1647, 4)
(15051157263, 4)
(1649, 1)
(15069434321, 6)
(1653, 3)
(15105988437, 3)
(1654, 5)
(15115126966, 2)
(1656, 6)
(15133404024, 6)
(1660, 6)
(15169958140, 1)
(1661, 2)
(15179096669, 5)
(1663, 1)
(15197373727, 6)
(1667, 3)
(15233927843, 4)
(1668, 3)
(15243066372, 3)
(1670, 6)
(15261343430, 1)
(1674, 3)
(15297897546, 4)
(1675, 0)
(15307036075, 0)
(1677, 1)
(15325313133, 1)
(1681, 1)
(15361867249, 1)
(1682, 3)
(15371005778, 3)
(1684, 4)
(15389282836, 3)
(1688, 5)
(15425836952, 2)
(1689, 0)
(15434975481, 0)
(1691, 4)
(15453252539, 3)
(1695, 4)
(15489806655, 3)
(1696, 4)
(15498945184, 3)
(1698, 0)
(15517222242, 0)
(1702, 1)
(15553776358, 1)
(1703, 4)
(15562914887, 3)
(1705, 1)
(15581191945, 6)
(1709, 1)
(15617746061, 1)
(1710, 2)
(15626884590, 5)
(1712, 0)
(15645161648, 0)
(1716, 3)
(15681715764, 3)
(1717, 2)
(15690854293, 2)
(1719, 6)
(15709131351, 1)
(1723, 6)
(15745685467, 6)
(1724, 0)
(15754823996, 0)
(1726, 2)
(15773101054, 2)
(1730, 0)
(15809655170, 0)
(1731, 2)
(15818793699, 2)
(1733, 4)
(15837070757, 3)
(1737, 3)
(15873624873, 3)
(1738, 2)
(15882763402, 2)
(1740, 2)
(15901040460, 5)
(1744, 4)
(15937594576, 4)
(1745, 1)
(15946733105, 6)
(1747, 5)
(15965010163, 5)
(1751, 2)
(16001564279, 2)
(1752, 4)
(16010702808, 3)
(1754, 5)
(16028979866, 2)
(1758, 4)
(16065533982, 3)
(1759, 1)
(16074672511, 1)
(1761, 6)
(16092949569, 1)
(1765, 0)
(16129503685, 0)
(1766, 3)
(16138642214, 4)
(1768, 2)
(16156919272, 2)
(1772, 3)
(16193473388, 4)
(1773, 6)
(16202611917, 1)
(1775, 5)
(16220888975, 5)
(1779, 5)
(16257443091, 5)
(1780, 4)
(16266581620, 4)
(1782, 4)
(16284858678, 3)
(1786, 2)
(16321412794, 2)
(1787, 0)
(16330551323, 0)
(1789, 4)
(16348828381, 3)
(1793, 3)
(16385382497, 4)
(1794, 3)
(16394521026, 4)
(1796, 6)
(16412798084, 1)
(1800, 5)
(16449352200, 5)
(1801, 1)
(16458490729, 1)
(1803, 1)
(16476767787, 1)
(1807, 1)
(16513321903, 6)
(1808, 2)
(16522460432, 2)
(1810, 3)
(16540737490, 3)
(1814, 1)
(16577291606, 6)
(1815, 5)
(16586430135, 2)
(1817, 5)
(16604707193, 2)
(1821, 3)
(16641261309, 4)
(1822, 5)
(16650399838, 5)
(1824, 1)
(16668676896, 1)
(1828, 5)
(16705231012, 2)
(1829, 3)
(16714369541, 4)
(1831, 3)
(16732646599, 3)
(1835, 5)
(16769200715, 5)
(1836, 1)
(16778339244, 6)
(1838, 5)
(16796616302, 2)
(1842, 0)
(16833170418, 0)
(1843, 5)
(16842308947, 5)
(1845, 3)
(16860586005, 3)
(1849, 2)
(16897140121, 2)
(1850, 6)
(16906278650, 6)
(1852, 2)
(16924555708, 2)
(1856, 3)
(16961109824, 3)
(1857, 2)
(16970248353, 5)
(1859, 1)
(16988525411, 6)
(1863, 2)
(17025079527, 2)
(1864, 1)
(17034218056, 6)
(1866, 5)
(17052495114, 2)
(1870, 3)
(17089049230, 4)
(1871, 4)
(17098187759, 3)
(1873, 2)
(17116464817, 5)
(1877, 1)
(17153018933, 1)
(1878, 2)
(17162157462, 2)
(1880, 6)
(17180434520, 1)
(1884, 2)
(17216988636, 2)
(1885, 5)
(17226127165, 5)
(1887, 1)
(17244404223, 6)
(1891, 5)
(17280958339, 2)
(1892, 1)
(17290096868, 1)
(1894, 3)
(17308373926, 3)
(1898, 2)
(17344928042, 2)
(1899, 2)
(17354066571, 5)
(1901, 0)
(17372343629, 0)
(1905, 2)
(17408897745, 5)
(1906, 0)
(17418036274, 0)
(1908, 6)
(17436313332, 1)
(1912, 2)
(17472867448, 5)
(1913, 3)
(17482005977, 3)
(1915, 6)
(17500283035, 6)
(1919, 2)
(17536837151, 5)
(1920, 5)
(17545975680, 2)
(1922, 2)
(17564252738, 2)
(1926, 4)
(17600806854, 3)
(1927, 3)
(17609945383, 4)
(1929, 0)
(17628222441, 0)
(1933, 5)
(17664776557, 5)
(1934, 0)
(17673915086, 0)
(1936, 3)
(17692192144, 3)
(1940, 3)
(17728746260, 4)
(1941, 1)
(17737884789, 1)
(1943, 2)
(17756161847, 2)
(1947, 4)
(17792715963, 3)
(1948, 6)
(17801854492, 6)
(1950, 5)
(17820131550, 2)
(1954, 1)
(17856685666, 6)
(1955, 3)
(17865824195, 3)
(1957, 3)
(17884101253, 4)
(1961, 0)
(17920655369, 0)
(1962, 2)
(17929793898, 2)
(1964, 1)
(17948070956, 1)
(1968, 0)
(17984625072, 0)
(1969, 0)
(17993763601, 0)
(1971, 2)
(18012040659, 5)
(1975, 0)
(18048594775, 0)
(1976, 4)
(18057733304, 3)
(1978, 3)
(18076010362, 4)
(1982, 2)
(18112564478, 5)
(1983, 2)
(18121703007, 5)
(1985, 4)
(18139980065, 4)
(1989, 3)
(18176534181, 3)
(1990, 2)
(18185672710, 5)
(1992, 3)
(18203949768, 3)
(1996, 6)
(18240503884, 1)
(1997, 0)
(18249642413, 0)
(1999, 5)
(18267919471, 2)
(2003, 1)
(18304473587, 6)
(2004, 1)
(18313612116, 1)
(2006, 6)
(18331889174, 1)
(2010, 6)
(18368443290, 1)
(2011, 0)
(18377581819, 0)
(2013, 1)
(18395858877, 6)
(2017, 1)
(18432412993, 6)
(2018, 3)
(18441551522, 3)
(2020, 1)
(18459828580, 1)
(2024, 5)
(18496382696, 2)
(2025, 1)
(18505521225, 1)
(2027, 4)
(18523798283, 3)
(2031, 0)
(18560352399, 0)
(2032, 5)
(18569490928, 5)
(2034, 3)
(18587767986, 3)
(2038, 6)
(18624322102, 1)
(2039, 4)
(18633460631, 4)
(2041, 3)
(18651737689, 4)
(2045, 4)
(18688291805, 3)
(2046, 0)
(18697430334, 0)
(2048, 5)
(18715707392, 5)
(2052, 3)
(18752261508, 3)
(2053, 6)
(18761400037, 6)
(2055, 1)
(18779677095, 6)
(2059, 4)
(18816231211, 4)
(2060, 6)
(18825369740, 6)
(2062, 6)
(18843646798, 1)
(2066, 5)
(18880200914, 5)
(2067, 2)
(18889339443, 2)
(2069, 1)
(18907616501, 1)
(2073, 2)
(18944170617, 5)
(2074, 1)
(18953309146, 6)
(2076, 3)
(18971586204, 4)
(2080, 4)
(19008140320, 4)
(2081, 6)
(19017278849, 1)
(2083, 0)
(19035555907, 0)
(2087, 6)
(19072110023, 6)
(2088, 6)
(19081248552, 6)
(2090, 6)
(19099525610, 6)
(2094, 6)
(19136079726, 6)
(2095, 6)
(19145218255, 1)
(2097, 6)
(19163495313, 1)
(2101, 6)
(19200049429, 6)
(2102, 0)
(19209187958, 0)
(2104, 5)
(19227465016, 5)
(2108, 2)
(19264019132, 2)
(2109, 6)
(19273157661, 6)
(2111, 2)
(19291434719, 5)
(2115, 5)
(19327988835, 2)
(2116, 1)
(19337127364, 1)
(2118, 2)
(19355404422, 5)
(2122, 6)
(19391958538, 1)
(2123, 0)
(19401097067, 0)
(2125, 4)
(19419374125, 4)
(2129, 3)
(19455928241, 3)
(2130, 0)
(19465066770, 0)
(2132, 4)
(19483343828, 4)
(2136, 4)
(19519897944, 3)
(2137, 2)
(19529036473, 2)
(2139, 1)
(19547313531, 6)
(2143, 4)
(19583867647, 3)
(2144, 4)
(19593006176, 4)
(2146, 4)
(19611283234, 4)
(2150, 5)
(19647837350, 2)
(2151, 4)
(19656975879, 3)
(2153, 1)
(19675252937, 1)
(2157, 3)
(19711807053, 4)
(2158, 6)
(19720945582, 1)
(2160, 5)
(19739222640, 2)
(2164, 2)
(19775776756, 5)
(2165, 6)
(19784915285, 1)
(2167, 5)
(19803192343, 5)
(2171, 0)
(19839746459, 0)
(2172, 5)
(19848884988, 2)
(2174, 5)
(19867162046, 2)
(2178, 4)
(19903716162, 4)
(2179, 0)
(19912854691, 0)
(2181, 6)
(19931131749, 6)
(2185, 2)
(19967685865, 5)
(2186, 5)
(19976824394, 5)
(2188, 5)
(19995101452, 5)
(2192, 1)
(20031655568, 1)
(2193, 1)
(20040794097, 1)
(2195, 2)
(20059071155, 5)
(2199, 2)
(20095625271, 2)
(2200, 3)
(20104763800, 4)
(2202, 2)
(20123040858, 5)
(2206, 0)
(20159594974, 0)
(2207, 3)
(20168733503, 3)
(2209, 3)
(20187010561, 3)
(2213, 0)
(20223564677, 0)
(2214, 5)
(20232703206, 2)
(2216, 0)
(20250980264, 0)
(2220, 1)
(20287534380, 6)
(2221, 2)
(20296672909, 2)
(2223, 5)
(20314949967, 2)
(2227, 3)
(20351504083, 4)
(2228, 5)
(20360642612, 2)
(2230, 2)
(20378919670, 2)
(2234, 2)
(20415473786, 5)
(2235, 3)
(20424612315, 3)
(2237, 5)
(20442889373, 2)
(2241, 3)
(20479443489, 3)
(2242, 4)
(20488582018, 4)
(2244, 6)
(20506859076, 6)
(2248, 1)
(20543413192, 1)
(2249, 1)
(20552551721, 1)
(2251, 0)
(20570828779, 0)
(2255, 2)
(20607382895, 5)
(2256, 4)
(20616521424, 4)
(2258, 4)
(20634798482, 3)
(2262, 4)
(20671352598, 3)
(2263, 5)
(20680491127, 5)
(2265, 0)
(20698768185, 0)
(2269, 0)
(20735322301, 0)
(2270, 6)
(20744460830, 1)
(2272, 1)
(20762737888, 1)
(2276, 2)
(20799292004, 5)
(2277, 0)
(20808430533, 0)
(2279, 4)
(20826707591, 4)
(2283, 3)
(20863261707, 3)
(2284, 5)
(20872400236, 5)
(2286, 1)
(20890677294, 1)
(2290, 3)
(20927231410, 4)
(2291, 1)
(20936369939, 6)
(2293, 6)
(20954646997, 1)
(2297, 2)
(20991201113, 5)
(2298, 0)
(21000339642, 0)
(2300, 0)
(21018616700, 0)
(2304, 5)
(21055170816, 5)
(2305, 6)
(21064309345, 6)
(2307, 1)
(21082586403, 6)
(2311, 3)
(21119140519, 3)
(2312, 6)
(21128279048, 6)
(2314, 4)
(21146556106, 4)
(2318, 0)
(21183110222, 0)
(2319, 3)
(21192248751, 3)
(2321, 5)
(21210525809, 5)
(2325, 5)
(21247079925, 2)
(2326, 5)
(21256218454, 2)
(2328, 4)
(21274495512, 4)
(2332, 6)
(21311049628, 6)
(2333, 4)
(21320188157, 4)
(2335, 3)
(21338465215, 3)
(2339, 6)
(21375019331, 1)
(2340, 0)
(21384157860, 0)
(2342, 1)
(21402434918, 6)
(2346, 5)
(21438989034, 2)
(2347, 3)
(21448127563, 4)
(2349, 2)
(21466404621, 2)
(2353, 0)
(21502958737, 0)
(2354, 6)
(21512097266, 6)
(2356, 6)
(21530374324, 1)
(2360, 0)
(21566928440, 0)
(2361, 3)
(21576066969, 4)
(2363, 3)
(21594344027, 4)
(2367, 3)
(21630898143, 3)
(2368, 5)
(21640036672, 5)
(2370, 3)
(21658313730, 3)
(2374, 2)
(21694867846, 2)
(2375, 1)
(21704006375, 6)
(2377, 6)
(21722283433, 6)
(2381, 4)
(21758837549, 4)
(2382, 3)
(21767976078, 4)
(2384, 3)
(21786253136, 4)
(2388, 2)
(21822807252, 2)
(2389, 4)
(21831945781, 4)
(2391, 6)
(21850222839, 6)
(2395, 4)
(21886776955, 3)
(2396, 5)
(21895915484, 5)
(2398, 0)
(21914192542, 0)
(2402, 5)
(21950746658, 2)
(2403, 2)
(21959885187, 5)
(2405, 3)
(21978162245, 3)
(2409, 6)
(22014716361, 6)
(2410, 5)
(22023854890, 5)
(2412, 6)
(22042131948, 6)
(2416, 2)
(22078686064, 2)
(2417, 5)
(22087824593, 5)
(2419, 1)
(22106101651, 6)
(2423, 4)
(22142655767, 3)
(2424, 6)
(22151794296, 1)
(2426, 4)
(22170071354, 3)
(2430, 4)
(22206625470, 3)
(2431, 6)
(22215763999, 1)
(2433, 4)
(22234041057, 4)
(2437, 5)
(22270595173, 5)
(2438, 1)
(22279733702, 6)
(2440, 3)
(22298010760, 4)
(2444, 6)
(22334564876, 1)
(2445, 0)
(22343703405, 0)
(2447, 2)
(22361980463, 5)
(2451, 4)
(22398534579, 3)
(2452, 1)
(22407673108, 6)
(2454, 0)
(22425950166, 0)
(2458, 5)
(22462504282, 5)
(2459, 3)
(22471642811, 4)
(2461, 6)
(22489919869, 1)
(2465, 0)
(22526473985, 0)
(2466, 1)
(22535612514, 1)
(2468, 5)
(22553889572, 5)
(2472, 2)
(22590443688, 5)
(2473, 5)
(22599582217, 5)
(2475, 1)
(22617859275, 6)
(2479, 1)
(22654413391, 1)
(2480, 0)
(22663551920, 0)
(2482, 1)
(22681828978, 1)
(2486, 5)
(22718383094, 2)
(2487, 4)
(22727521623, 3)
(2489, 3)
(22745798681, 3)
(2493, 6)
(22782352797, 1)
(2494, 0)
(22791491326, 0)
(2496, 4)
(22809768384, 3)
(2500, 6)
(22846322500, 6)
(2501, 5)
(22855461029, 2)
(2503, 0)
(22873738087, 0)
(2507, 0)
(22910292203, 0)
(2508, 4)
(22919430732, 3)
(2510, 1)
(22937707790, 6)
(2514, 5)
(22974261906, 5)
(2515, 5)
(22983400435, 2)
(2517, 4)
(23001677493, 4)
(2521, 4)
(23038231609, 3)
(2522, 2)
(23047370138, 5)
(2524, 1)
(23065647196, 1)
(2528, 4)
(23102201312, 3)
(2529, 3)
(23111339841, 3)
(2531, 3)
(23129616899, 3)
(2535, 6)
(23166171015, 1)
(2536, 3)
(23175309544, 4)
(2538, 5)
(23193586602, 5)
(2542, 5)
(23230140718, 5)
(2543, 3)
(23239279247, 3)
(2545, 3)
(23257556305, 3)
(2549, 4)
(23294110421, 4)
(2550, 1)
(23303248950, 6)
(2552, 6)
(23321526008, 1)
(2556, 4)
(23358080124, 4)
(2557, 6)
(23367218653, 6)
(2559, 5)
(23385495711, 2)
(2563, 3)
(23422049827, 3)
(2564, 4)
(23431188356, 4)
(2566, 5)
(23449465414, 5)
(2570, 6)
(23486019530, 1)
(2571, 0)
(23495158059, 0)
(2573, 2)
(23513435117, 5)
(2577, 3)
(23549989233, 3)
(2578, 3)
(23559127762, 4)
(2580, 6)
(23577404820, 6)
(2584, 2)
(23613958936, 5)
(2585, 3)
(23623097465, 3)
(2587, 1)
(23641374523, 6)
(2591, 5)
(23677928639, 2)
(2592, 2)
(23687067168, 2)
(2594, 4)
(23705344226, 3)
(2598, 5)
(23741898342, 5)
(2599, 1)
(23751036871, 1)
(2601, 5)
(23769313929, 5)
(2605, 3)
(23805868045, 3)
(2606, 1)
(23815006574, 6)
(2608, 0)
(23833283632, 0)
(2612, 2)
(23869837748, 5)
(2613, 5)
(23878976277, 2)
(2615, 0)
(23897253335, 0)
(2619, 1)
(23933807451, 1)
(2620, 5)
(23942945980, 2)
(2622, 5)
(23961223038, 5)
(2626, 1)
(23997777154, 1)
(2627, 3)
(24006915683, 3)
(2629, 4)
(24025192741, 4)
