(1, 2)
(1515361, 2)
(2, 4)
(3030722, 4)
(4, 0)
(6061444, 0)
(8, 2)
(12122888, 2)
(9, 0)
(13638249, 0)
(11, 1)
(16668971, 1)
(15, 2)
(22730415, 5)
(16, 4)
(24245776, 4)
(18, 0)
(27276498, 0)
(22, 2)
(33337942, 2)
(23, 4)
(34853303, 3)
(25, 0)
(37884025, 0)
(29, 4)
(43945469, 4)
(30, 4)
(45460830, 3)
(32, 0)
(48491552, 0)
(36, 4)
(54552996, 4)
(37, 4)
(56068357, 4)
(39, 0)
(59099079, 0)
(43, 4)
(65160523, 4)
(44, 1)
(66675884, 1)
(46, 1)
(69706606, 6)
(50, 4)
(75768050, 4)
(51, 4)
(77283411, 4)
(53, 1)
(80314133, 6)
(57, 6)
(86375577, 1)
(58, 1)
(87890938, 1)
(60, 0)
(90921660, 0)
(64, 6)
(96983104, 6)
(65, 1)
(98498465, 1)
(67, 1)
(101529187, 6)
(71, 1)
(107590631, 6)
(72, 1)
(109105992, 1)
(74, 1)
(112136714, 1)
(78, 1)
(118198158, 6)
(79, 5)
(119713519, 2)
(81, 1)
(122744241, 1)
(85, 3)
(128805685, 4)
(86, 2)
(130321046, 2)
(88, 1)
(133351768, 1)
(92, 5)
(139413212, 2)
(93, 5)
(140928573, 2)
(95, 1)
(143959295, 1)
(99, 5)
(150020739, 5)
(100, 2)
(151536100, 2)
(102, 1)
(154566822, 1)
(106, 0)
(160628266, 0)
(107, 6)
(162143627, 6)
(109, 1)
(165174349, 6)
(113, 2)
(171235793, 5)
(114, 6)
(172751154, 1)
(116, 2)
(175781876, 2)
(120, 4)
(181843320, 3)
(121, 3)
(183358681, 3)
(123, 2)
(186389403, 5)
(127, 6)
(192450847, 1)
(128, 0)
(193966208, 0)
(130, 2)
(196996930, 2)
(134, 1)
(203058374, 6)
(135, 0)
(204573735, 0)
(137, 3)
(207604457, 3)
(141, 5)
(213665901, 5)
(142, 4)
(215181262, 3)
(144, 2)
(218211984, 2)
(148, 0)
(224273428, 0)
(149, 1)
(225788789, 1)
(151, 3)
(228819511, 3)
(155, 2)
(234880955, 2)
(156, 5)
(236396316, 2)
(158, 3)
(239427038, 4)
(162, 6)
(245488482, 6)
(163, 2)
(247003843, 5)
(165, 3)
(250034565, 4)
(169, 3)
(256096009, 3)
(170, 3)
(257611370, 4)
(172, 4)
(260642092, 4)
(176, 0)
(266703536, 0)
(177, 3)
(268218897, 3)
(179, 5)
(271249619, 5)
(183, 4)
(277311063, 4)
(184, 4)
(278826424, 3)
(186, 5)
(281857146, 2)
(190, 1)
(287918590, 1)
(191, 5)
(289433951, 2)
(193, 5)
(292464673, 2)
(197, 0)
(298526117, 0)
(198, 2)
(300041478, 2)
(200, 6)
(303072200, 6)
(204, 4)
(309133644, 4)
(205, 3)
(310649005, 3)
(207, 6)
(313679727, 1)
(211, 5)
(319741171, 2)
(212, 4)
(321256532, 3)
(214, 0)
(324287254, 0)
(218, 4)
(330348698, 3)
(219, 1)
(331864059, 1)
(221, 1)
(334894781, 6)
(225, 3)
(340956225, 3)
(226, 6)
(342471586, 1)
(228, 1)
(345502308, 6)
(232, 4)
(351563752, 4)
(233, 4)
(353079113, 4)
(235, 2)
(356109835, 5)
(239, 5)
(362171279, 2)
(240, 5)
(363686640, 2)
(242, 3)
(366717362, 3)
(246, 6)
(372778806, 1)
(247, 3)
(374294167, 3)
(249, 3)
(377324889, 3)
(253, 2)
(383386333, 5)
(254, 5)
(384901694, 2)
(256, 5)
(387932416, 5)
(260, 5)
(393993860, 5)
(261, 6)
(395509221, 6)
(263, 6)
(398539943, 1)
(267, 1)
(404601387, 1)
(268, 1)
(406116748, 6)
(270, 6)
(409147470, 1)
(274, 6)
(415208914, 6)
(275, 3)
(416724275, 3)
(277, 1)
(419754997, 1)
(281, 6)
(425816441, 1)
(282, 1)
(427331802, 1)
(284, 2)
(430362524, 5)
(288, 4)
(436423968, 4)
(289, 0)
(437939329, 0)
(291, 4)
(440970051, 4)
(295, 4)
(447031495, 3)
(296, 6)
(448546856, 6)
(298, 5)
(451577578, 5)
(302, 6)
(457639022, 6)
(303, 1)
(459154383, 6)
(305, 0)
(462185105, 0)
(309, 1)
(468246549, 1)
(310, 4)
(469761910, 4)
(312, 1)
(472792632, 6)
(316, 5)
(478854076, 2)
(317, 0)
(480369437, 0)
(319, 3)
(483400159, 3)
(323, 2)
(489461603, 5)
(324, 6)
(490976964, 6)
(326, 6)
(494007686, 1)
(330, 1)
(500069130, 6)
(331, 6)
(501584491, 1)
(333, 0)
(504615213, 0)
(337, 2)
(510676657, 2)
(338, 3)
(512192018, 3)
(340, 2)
(515222740, 5)
(344, 5)
(521284184, 5)
(345, 6)
(522799545, 6)
(347, 5)
(525830267, 5)
(351, 1)
(531891711, 6)
(352, 0)
(533407072, 0)
(354, 0)
(536437794, 0)
(358, 6)
(542499238, 6)
(359, 1)
(544014599, 1)
(361, 3)
(547045321, 3)
(365, 6)
(553106765, 1)
(366, 5)
(554622126, 5)
(368, 6)
(557652848, 1)
(372, 1)
(563714292, 6)
(373, 3)
(565229653, 3)
(375, 1)
(568260375, 6)
(379, 5)
(574321819, 2)
(380, 5)
(575837180, 5)
(382, 5)
(578867902, 2)
(386, 4)
(584929346, 3)
(387, 3)
(586444707, 3)
(389, 2)
(589475429, 2)
(393, 5)
(595536873, 5)
(394, 2)
(597052234, 2)
(396, 5)
(600082956, 5)
(400, 1)
(606144400, 1)
(401, 5)
(607659761, 5)
(403, 2)
(610690483, 2)
(407, 1)
(616751927, 1)
(408, 4)
(618267288, 4)
(410, 6)
(621298010, 6)
(414, 1)
(627359454, 6)
(415, 1)
(628874815, 6)
(417, 3)
(631905537, 4)
(421, 0)
(637966981, 0)
(422, 2)
(639482342, 5)
(424, 1)
(642513064, 6)
(428, 6)
(648574508, 6)
(429, 2)
(650089869, 5)
(431, 0)
(653120591, 0)
(435, 2)
(659182035, 5)
(436, 4)
(660697396, 3)
(438, 4)
(663728118, 4)
(442, 2)
(669789562, 5)
(443, 3)
(671304923, 4)
(445, 3)
(674335645, 4)
(449, 6)
(680397089, 1)
(450, 1)
(681912450, 1)
(452, 3)
(684943172, 4)
(456, 5)
(691004616, 2)
(457, 1)
(692519977, 6)
(459, 1)
(695550699, 1)
(463, 1)
(701612143, 1)
(464, 2)
(703127504, 2)
(466, 2)
(706158226, 2)
(470, 1)
(712219670, 6)
(471, 2)
(713735031, 5)
(473, 2)
(716765753, 2)
(477, 5)
(722827197, 2)
(478, 4)
(724342558, 3)
(480, 1)
(727373280, 6)
(484, 1)
(733434724, 1)
(485, 3)
(734950085, 4)
(487, 3)
(737980807, 3)
(491, 1)
(744042251, 6)
(492, 2)
(745557612, 5)
(494, 5)
(748588334, 5)
(498, 5)
(754649778, 5)
(499, 6)
(756165139, 1)
(501, 6)
(759195861, 6)
(505, 1)
(765257305, 1)
(506, 1)
(766772666, 6)
(508, 2)
(769803388, 5)
(512, 3)
(775864832, 3)
(513, 2)
(777380193, 5)
(515, 6)
(780410915, 1)
(519, 2)
(786472359, 2)
(520, 2)
(787987720, 2)
(522, 1)
(791018442, 1)
(526, 2)
(797079886, 5)
(527, 3)
(798595247, 4)
(529, 6)
(801625969, 6)
(533, 1)
(807687413, 1)
(534, 0)
(809202774, 0)
(536, 5)
(812233496, 2)
(540, 6)
(818294940, 1)
(541, 0)
(819810301, 0)
(543, 2)
(822841023, 5)
(547, 5)
(828902467, 2)
(548, 4)
(830417828, 4)
(550, 2)
(833448550, 2)
(554, 3)
(839509994, 3)
(555, 1)
(841025355, 6)
(557, 3)
(844056077, 4)
(561, 4)
(850117521, 4)
(562, 1)
(851632882, 6)
(564, 2)
(854663604, 2)
(568, 4)
(860725048, 3)
(569, 2)
(862240409, 2)
(571, 5)
(865271131, 5)
(575, 0)
(871332575, 0)
(576, 3)
(872847936, 3)
(578, 1)
(875878658, 1)
(582, 4)
(881940102, 4)
(583, 0)
(883455463, 0)
(585, 3)
(886486185, 3)
(589, 4)
(892547629, 4)
(590, 2)
(894062990, 5)
(592, 1)
(897093712, 1)
(596, 2)
(903155156, 2)
(597, 4)
(904670517, 3)
(599, 0)
(907701239, 0)
(603, 6)
(913762683, 1)
(604, 6)
(915278044, 6)
(606, 6)
(918308766, 1)
(610, 3)
(924370210, 4)
(611, 6)
(925885571, 1)
(613, 0)
(928916293, 0)
(617, 5)
(934977737, 2)
(618, 3)
(936493098, 3)
(620, 2)
(939523820, 2)
(624, 3)
(945585264, 4)
(625, 0)
(947100625, 0)
(627, 4)
(950131347, 3)
(631, 3)
(956192791, 3)
(632, 6)
(957708152, 1)
(634, 2)
(960738874, 2)
(638, 1)
(966800318, 1)
(639, 2)
(968315679, 5)
(641, 2)
(971346401, 2)
(645, 4)
(977407845, 3)
(646, 2)
(978923206, 5)
(648, 0)
(981953928, 0)
(652, 2)
(988015372, 5)
(653, 1)
(989530733, 6)
(655, 2)
(992561455, 5)
(659, 2)
(998622899, 5)
(660, 4)
(1000138260, 3)
(662, 6)
(1003168982, 1)
(666, 4)
(1009230426, 4)
(667, 1)
(1010745787, 6)
(669, 2)
(1013776509, 2)
(673, 1)
(1019837953, 6)
(674, 1)
(1021353314, 1)
(676, 3)
(1024384036, 3)
(680, 2)
(1030445480, 5)
(681, 5)
(1031960841, 2)
(683, 5)
(1034991563, 2)
(687, 0)
(1041053007, 0)
(688, 0)
(1042568368, 0)
(690, 6)
(1045599090, 6)
(694, 4)
(1051660534, 4)
(695, 2)
(1053175895, 2)
(697, 5)
(1056206617, 2)
(701, 2)
(1062268061, 2)
(702, 5)
(1063783422, 2)
(704, 6)
(1066814144, 6)
(708, 4)
(1072875588, 4)
(709, 3)
(1074390949, 4)
(711, 0)
(1077421671, 0)
(715, 2)
(1083483115, 2)
(716, 5)
(1084998476, 5)
(718, 5)
(1088029198, 5)
(722, 3)
(1094090642, 3)
(723, 1)
(1095606003, 1)
(725, 5)
(1098636725, 5)
(729, 5)
(1104698169, 5)
(730, 0)
(1106213530, 0)
(732, 6)
(1109244252, 6)
(736, 0)
(1115305696, 0)
(737, 3)
(1116821057, 4)
(739, 5)
(1119851779, 5)
(743, 0)
(1125913223, 0)
(744, 1)
(1127428584, 6)
(746, 0)
(1130459306, 0)
(750, 5)
(1136520750, 2)
(751, 6)
(1138036111, 6)
(753, 1)
(1141066833, 1)
(757, 0)
(1147128277, 0)
(758, 5)
(1148643638, 2)
(760, 1)
(1151674360, 1)
(764, 4)
(1157735804, 3)
(765, 3)
(1159251165, 4)
(767, 5)
(1162281887, 2)
(771, 3)
(1168343331, 3)
(772, 2)
(1169858692, 5)
(774, 1)
(1172889414, 1)
(778, 1)
(1178950858, 1)
(779, 6)
(1180466219, 6)
(781, 5)
(1183496941, 2)
(785, 0)
(1189558385, 0)
(786, 3)
(1191073746, 3)
(788, 4)
(1194104468, 4)
(792, 5)
(1200165912, 5)
(793, 1)
(1201681273, 6)
(795, 4)
(1204711995, 4)
(799, 1)
(1210773439, 1)
(800, 2)
(1212288800, 2)
(802, 4)
(1215319522, 4)
(806, 2)
(1221380966, 2)
(807, 3)
(1222896327, 3)
(809, 1)
(1225927049, 1)
(813, 1)
(1231988493, 6)
(814, 3)
(1233503854, 3)
(816, 0)
(1236534576, 0)
(820, 2)
(1242596020, 2)
(821, 3)
(1244111381, 4)
(823, 5)
(1247142103, 2)
(827, 0)
(1253203547, 0)
(828, 4)
(1254718908, 3)
(830, 1)
(1257749630, 6)
(834, 0)
(1263811074, 0)
(835, 5)
(1265326435, 2)
(837, 6)
(1268357157, 1)
(841, 5)
(1274418601, 5)
(842, 0)
(1275933962, 0)
(844, 5)
(1278964684, 2)
(848, 4)
(1285026128, 3)
(849, 4)
(1286541489, 4)
(851, 3)
(1289572211, 4)
(855, 4)
(1295633655, 4)
(856, 2)
(1297149016, 2)
(858, 1)
(1300179738, 6)
(862, 1)
(1306241182, 6)
(863, 2)
(1307756543, 2)
(865, 2)
(1310787265, 5)
(869, 0)
(1316848709, 0)
(870, 5)
(1318364070, 2)
(872, 3)
(1321394792, 4)
(876, 1)
(1327456236, 1)
(877, 0)
(1328971597, 0)
(879, 5)
(1332002319, 2)
(883, 5)
(1338063763, 5)
(884, 5)
(1339579124, 2)
(886, 5)
(1342609846, 2)
(890, 5)
(1348671290, 2)
(891, 4)
(1350186651, 4)
(893, 3)
(1353217373, 4)
(897, 3)
(1359278817, 3)
(898, 3)
(1360794178, 4)
(900, 4)
(1363824900, 4)
(904, 5)
(1369886344, 2)
(905, 3)
(1371401705, 3)
(907, 3)
(1374432427, 4)
(911, 6)
(1380493871, 1)
(912, 2)
(1382009232, 5)
(914, 2)
(1385039954, 5)
(918, 4)
(1391101398, 4)
(919, 6)
(1392616759, 6)
(921, 6)
(1395647481, 1)
(925, 2)
(1401708925, 2)
(926, 6)
(1403224286, 6)
(928, 0)
(1406255008, 0)
(932, 2)
(1412316452, 2)
(933, 2)
(1413831813, 5)
(935, 3)
(1416862535, 4)
(939, 4)
(1422923979, 4)
(940, 2)
(1424439340, 5)
(942, 4)
(1427470062, 3)
(946, 4)
(1433531506, 4)
(947, 3)
(1435046867, 3)
(949, 4)
(1438077589, 3)
(953, 0)
(1444139033, 0)
(954, 2)
(1445654394, 5)
(956, 1)
(1448685116, 6)
(960, 3)
(1454746560, 4)
(961, 3)
(1456261921, 3)
(963, 2)
(1459292643, 2)
(967, 2)
(1465354087, 2)
(968, 0)
(1466869448, 0)
(970, 5)
(1469900170, 2)
(974, 4)
(1475961614, 4)
(975, 4)
(1477476975, 3)
(977, 5)
(1480507697, 5)
(981, 6)
(1486569141, 1)
(982, 2)
(1488084502, 5)
(984, 4)
(1491115224, 3)
(988, 0)
(1497176668, 0)
(989, 5)
(1498692029, 2)
(991, 0)
(1501722751, 0)
(995, 4)
(1507784195, 4)
(996, 3)
(1509299556, 3)
(998, 0)
(1512330278, 0)
(1002, 3)
(1518391722, 3)
(1003, 1)
(1519907083, 1)
(1005, 1)
(1522937805, 1)
(1009, 3)
(1528999249, 3)
(1010, 3)
(1530514610, 3)
(1012, 0)
(1533545332, 0)
(1016, 3)
(1539606776, 4)
(1017, 6)
(1541122137, 1)
(1019, 6)
(1544152859, 6)
(1023, 1)
(1550214303, 6)
(1024, 1)
(1551729664, 1)
(1026, 0)
(1554760386, 0)
(1030, 6)
(1560821830, 1)
(1031, 3)
(1562337191, 4)
(1033, 0)
(1565367913, 0)
(1037, 6)
(1571429357, 6)
(1038, 5)
(1572944718, 5)
(1040, 1)
(1575975440, 1)
(1044, 3)
(1582036884, 3)
(1045, 2)
(1583552245, 2)
(1047, 1)
(1586582967, 1)
(1051, 6)
(1592644411, 1)
(1052, 2)
(1594159772, 5)
(1054, 1)
(1597190494, 6)
(1058, 6)
(1603251938, 6)
(1059, 5)
(1604767299, 2)
(1061, 6)
(1607798021, 6)
(1065, 4)
(1613859465, 4)
(1066, 0)
(1615374826, 0)
(1068, 1)
(1618405548, 1)
(1072, 0)
(1624466992, 0)
(1073, 1)
(1625982353, 1)
(1075, 0)
(1629013075, 0)
(1079, 3)
(1635074519, 4)
(1080, 5)
(1636589880, 2)
(1082, 6)
(1639620602, 1)
(1086, 5)
(1645682046, 2)
(1087, 1)
(1647197407, 6)
(1089, 5)
(1650228129, 5)
(1093, 6)
(1656289573, 1)
(1094, 0)
(1657804934, 0)
(1096, 4)
(1660835656, 4)
(1100, 3)
(1666897100, 3)
(1101, 2)
(1668412461, 5)
(1103, 3)
(1671443183, 4)
(1107, 4)
(1677504627, 3)
(1108, 4)
(1679019988, 4)
(1110, 6)
(1682050710, 1)
(1114, 2)
(1688112154, 5)
(1115, 6)
(1689627515, 1)
(1117, 4)
(1692658237, 4)
(1121, 5)
(1698719681, 2)
(1122, 5)
(1700235042, 5)
(1124, 6)
(1703265764, 1)
(1128, 1)
(1709327208, 1)
(1129, 5)
(1710842569, 2)
(1131, 1)
(1713873291, 6)
(1135, 3)
(1719934735, 3)
(1136, 3)
(1721450096, 4)
(1138, 6)
(1724480818, 6)
(1142, 5)
(1730542262, 5)
(1143, 2)
(1732057623, 5)
(1145, 5)
(1735088345, 2)
(1149, 4)
(1741149789, 3)
(1150, 4)
(1742665150, 3)
(1152, 6)
(1745695872, 6)
(1156, 1)
(1751757316, 1)
(1157, 6)
(1753272677, 1)
(1159, 1)
(1756303399, 6)
(1163, 0)
(1762364843, 0)
(1164, 4)
(1763880204, 4)
(1166, 1)
(1766910926, 6)
(1170, 4)
(1772972370, 4)
(1171, 0)
(1774487731, 0)
(1173, 4)
(1777518453, 3)
(1177, 0)
(1783579897, 0)
(1178, 5)
(1785095258, 5)
(1180, 6)
(1788125980, 1)
(1184, 1)
(1794187424, 1)
(1185, 5)
(1795702785, 5)
(1187, 2)
(1798733507, 5)
(1191, 5)
(1804794951, 2)
(1192, 6)
(1806310312, 6)
(1194, 6)
(1809341034, 1)
(1198, 2)
(1815402478, 2)
(1199, 5)
(1816917839, 2)
(1201, 0)
(1819948561, 0)
(1205, 6)
(1826010005, 1)
(1206, 2)
(1827525366, 5)
(1208, 4)
(1830556088, 4)
(1212, 6)
(1836617532, 1)
(1213, 0)
(1838132893, 0)
(1215, 6)
(1841163615, 1)
(1219, 3)
(1847225059, 3)
(1220, 3)
(1848740420, 4)
(1222, 3)
(1851771142, 4)
(1226, 4)
(1857832586, 3)
(1227, 1)
(1859347947, 6)
(1229, 1)
(1862378669, 6)
(1233, 3)
(1868440113, 3)
(1234, 1)
(1869955474, 6)
(1236, 4)
(1872986196, 4)
(1240, 2)
(1879047640, 2)
(1241, 0)
(1880563001, 0)
(1243, 4)
(1883593723, 3)
(1247, 6)
(1889655167, 6)
(1248, 2)
(1891170528, 5)
(1250, 4)
(1894201250, 4)
(1254, 6)
(1900262694, 1)
(1255, 4)
(1901778055, 3)
(1257, 6)
(1904808777, 6)
(1261, 6)
(1910870221, 1)
(1262, 0)
(1912385582, 0)
(1264, 5)
(1915416304, 2)
(1268, 2)
(1921477748, 2)
(1269, 4)
(1922993109, 4)
(1271, 4)
(1926023831, 4)
(1275, 5)
(1932085275, 5)
(1276, 1)
(1933600636, 1)
(1278, 1)
(1936631358, 6)
(1282, 3)
(1942692802, 3)
(1283, 1)
(1944208163, 1)
(1285, 2)
(1947238885, 5)
(1289, 0)
(1953300329, 0)
(1290, 2)
(1954815690, 5)
(1292, 2)
(1957846412, 5)
(1296, 5)
(1963907856, 5)
(1297, 6)
(1965423217, 1)
(1299, 1)
(1968453939, 6)
(1303, 1)
(1974515383, 1)
(1304, 0)
(1976030744, 0)
(1306, 5)
(1979061466, 2)
(1310, 1)
(1985122910, 6)
(1311, 6)
(1986638271, 6)
(1313, 5)
(1989668993, 5)
(1317, 6)
(1995730437, 6)
(1318, 2)
(1997245798, 5)
(1320, 4)
(2000276520, 3)
(1324, 6)
(2006337964, 1)
(1325, 0)
(2007853325, 0)
(1327, 2)
(2010884047, 5)
(1331, 6)
(2016945491, 6)
(1332, 1)
(2018460852, 1)
(1334, 5)
(2021491574, 2)
(1338, 1)
(2027553018, 1)
(1339, 2)
(2029068379, 5)
(1341, 2)
(2032099101, 2)
(1345, 0)
(2038160545, 0)
(1346, 1)
(2039675906, 6)
(1348, 3)
(2042706628, 3)
(1352, 4)
(2048768072, 4)
(1353, 2)
(2050283433, 5)
(1355, 5)
(2053314155, 5)
(1359, 2)
(2059375599, 2)
(1360, 0)
(2060890960, 0)
(1362, 2)
(2063921682, 5)
(1366, 5)
(2069983126, 2)
(1367, 0)
(2071498487, 0)
(1369, 0)
(2074529209, 0)
(1373, 5)
(2080590653, 2)
(1374, 3)
(2082106014, 3)
(1376, 2)
(2085136736, 2)
(1380, 1)
(2091198180, 1)
(1381, 2)
(2092713541, 5)
(1383, 6)
(2095744263, 6)
(1387, 2)
(2101805707, 5)
(1388, 5)
(2103321068, 5)
(1390, 1)
(2106351790, 1)
(1394, 3)
(2112413234, 4)
(1395, 3)
(2113928595, 3)
(1397, 4)
(2116959317, 3)
(1401, 1)
(2123020761, 6)
(1402, 0)
(2124536122, 0)
(1404, 5)
(2127566844, 2)
(1408, 0)
(2133628288, 0)
(1409, 5)
(2135143649, 2)
(1411, 4)
(2138174371, 4)
(1415, 3)
(2144235815, 4)
(1416, 3)
(2145751176, 3)
(1418, 4)
(2148781898, 3)
(1422, 2)
(2154843342, 5)
(1423, 5)
(2156358703, 2)
(1425, 2)
(2159389425, 5)
(1429, 0)
(2165450869, 0)
(1430, 0)
(2166966230, 0)
(1432, 3)
(2169996952, 3)
(1436, 4)
(2176058396, 4)
(1437, 4)
(2177573757, 3)
(1439, 5)
(2180604479, 5)
(1443, 4)
(2186665923, 3)
(1444, 6)
(2188181284, 6)
(1446, 5)
(2191212006, 5)
(1450, 1)
(2197273450, 1)
(1451, 5)
(2198788811, 5)
(1453, 4)
(2201819533, 3)
(1457, 2)
(2207880977, 5)
(1458, 4)
(2209396338, 4)
(1460, 6)
(2212427060, 1)
(1464, 5)
(2218488504, 5)
(1465, 0)
(2220003865, 0)
(1467, 5)
(2223034587, 2)
(1471, 1)
(2229096031, 6)
(1472, 3)
(2230611392, 4)
(1474, 6)
(2233642114, 1)
(1478, 4)
(2239703558, 4)
(1479, 6)
(2241218919, 6)
(1481, 5)
(2244249641, 5)
(1485, 1)
(2250311085, 6)
(1486, 4)
(2251826446, 4)
(1488, 0)
(2254857168, 0)
(1492, 1)
(2260918612, 1)
(1493, 4)
(2262433973, 3)
(1495, 1)
(2265464695, 6)
(1499, 3)
(2271526139, 4)
(1500, 3)
(2273041500, 4)
(1502, 3)
(2276072222, 3)
(1506, 2)
(2282133666, 2)
(1507, 1)
(2283649027, 1)
(1509, 5)
(2286679749, 5)
(1513, 5)
(2292741193, 5)
(1514, 6)
(2294256554, 1)
(1516, 5)
(2297287276, 2)
(1520, 2)
(2303348720, 2)
(1521, 1)
(2304864081, 1)
(1523, 0)
(2307894803, 0)
(1527, 6)
(2313956247, 6)
(1528, 2)
(2315471608, 5)
(1530, 1)
(2318502330, 6)
(1534, 4)
(2324563774, 3)
(1535, 0)
(2326079135, 0)
(1537, 6)
(2329109857, 1)
(1541, 3)
(2335171301, 3)
(1542, 4)
(2336686662, 4)
(1544, 0)
(2339717384, 0)
(1548, 3)
(2345778828, 3)
(1549, 6)
(2347294189, 6)
(1551, 2)
(2350324911, 2)
(1555, 2)
(2356386355, 2)
(1556, 2)
(2357901716, 2)
(1558, 5)
(2360932438, 5)
(1562, 2)
(2366993882, 5)
(1563, 5)
(2368509243, 2)
(1565, 1)
(2371539965, 6)
(1569, 1)
(2377601409, 1)
(1570, 2)
(2379116770, 2)
(1572, 5)
(2382147492, 5)
(1576, 5)
(2388208936, 5)
(1577, 4)
(2389724297, 3)
(1579, 2)
(2392755019, 5)
(1583, 0)
(2398816463, 0)
(1584, 0)
(2400331824, 0)
(1586, 4)
(2403362546, 3)
(1590, 0)
(2409423990, 0)
(1591, 1)
(2410939351, 1)
(1593, 1)
(2413970073, 1)
(1597, 3)
(2420031517, 3)
(1598, 0)
(2421546878, 0)
(1600, 5)
(2424577600, 5)
(1604, 0)
(2430639044, 0)
(1605, 2)
(2432154405, 5)
(1607, 5)
(2435185127, 2)
(1611, 4)
(2441246571, 4)
(1612, 2)
(2442761932, 2)
(1614, 3)
(2445792654, 3)
(1618, 3)
(2451854098, 3)
(1619, 2)
(2453369459, 5)
(1621, 3)
(2456400181, 4)
(1625, 4)
(2462461625, 4)
(1626, 4)
(2463976986, 3)
(1628, 5)
(2467007708, 5)
(1632, 0)
(2473069152, 0)
(1633, 5)
(2474584513, 5)
(1635, 1)
(2477615235, 1)
(1639, 3)
(2483676679, 3)
(1640, 5)
(2485192040, 5)
(1642, 4)
(2488222762, 3)
(1646, 2)
(2494284206, 5)
(1647, 4)
(2495799567, 4)
(1649, 1)
(2498830289, 1)
(1653, 3)
(2504891733, 4)
(1654, 5)
(2506407094, 2)
(1656, 6)
(2509437816, 1)
(1660, 6)
(2515499260, 1)
(1661, 2)
(2517014621, 2)
(1663, 1)
(2520045343, 6)
(1667, 3)
(2526106787, 4)
(1668, 3)
(2527622148, 4)
(1670, 6)
(2530652870, 1)
(1674, 3)
(2536714314, 4)
(1675, 0)
(2538229675, 0)
(1677, 1)
(2541260397, 6)
(1681, 1)
(2547321841, 1)
(1682, 3)
(2548837202, 3)
(1684, 4)
(2551867924, 3)
(1688, 5)
(2557929368, 2)
(1689, 0)
(2559444729, 0)
(1691, 4)
(2562475451, 3)
(1695, 4)
(2568536895, 4)
(1696, 4)
(2570052256, 3)
(1698, 0)
(2573082978, 0)
(1702, 1)
(2579144422, 6)
(1703, 4)
(2580659783, 3)
(1705, 1)
(2583690505, 1)
(1709, 1)
(2589751949, 6)
(1710, 2)
(2591267310, 2)
(1712, 0)
(2594298032, 0)
(1716, 3)
(2600359476, 4)
(1717, 2)
(2601874837, 5)
(1719, 6)
(2604905559, 1)
(1723, 6)
(2610967003, 1)
(1724, 0)
(2612482364, 0)
(1726, 2)
(2615513086, 2)
(1730, 0)
(2621574530, 0)
(1731, 2)
(2623089891, 2)
(1733, 4)
(2626120613, 3)
(1737, 3)
(2632182057, 4)
(1738, 2)
(2633697418, 5)
(1740, 2)
(2636728140, 5)
(1744, 4)
(2642789584, 3)
(1745, 1)
(2644304945, 6)
(1747, 5)
(2647335667, 2)
(1751, 2)
(2653397111, 2)
(1752, 4)
(2654912472, 4)
(1754, 5)
(2657943194, 2)
(1758, 4)
(2664004638, 3)
(1759, 1)
(2665519999, 6)
(1761, 6)
(2668550721, 1)
(1765, 0)
(2674612165, 0)
(1766, 3)
(2676127526, 3)
(1768, 2)
(2679158248, 5)
(1772, 3)
(2685219692, 4)
(1773, 6)
(2686735053, 6)
(1775, 5)
(2689765775, 2)
(1779, 5)
(2695827219, 5)
(1780, 4)
(2697342580, 3)
(1782, 4)
(2700373302, 4)
(1786, 2)
(2706434746, 5)
(1787, 0)
(2707950107, 0)
(1789, 4)
(2710980829, 4)
(1793, 3)
(2717042273, 4)
(1794, 3)
(2718557634, 3)
(1796, 6)
(2721588356, 1)
(1800, 5)
(2727649800, 5)
(1801, 1)
(2729165161, 6)
(1803, 1)
(2732195883, 1)
(1807, 1)
(2738257327, 1)
(1808, 2)
(2739772688, 5)
(1810, 3)
(2742803410, 3)
(1814, 1)
(2748864854, 6)
(1815, 5)
(2750380215, 2)
(1817, 5)
(2753410937, 5)
(1821, 3)
(2759472381, 4)
(1822, 5)
(2760987742, 2)
(1824, 1)
(2764018464, 6)
(1828, 5)
(2770079908, 2)
(1829, 3)
(2771595269, 4)
(1831, 3)
(2774625991, 4)
(1835, 5)
(2780687435, 5)
(1836, 1)
(2782202796, 1)
(1838, 5)
(2785233518, 5)
(1842, 0)
(2791294962, 0)
(1843, 5)
(2792810323, 2)
(1845, 3)
(2795841045, 3)
(1849, 2)
(2801902489, 2)
(1850, 6)
(2803417850, 6)
(1852, 2)
(2806448572, 2)
(1856, 3)
(2812510016, 3)
(1857, 2)
(2814025377, 5)
(1859, 1)
(2817056099, 1)
(1863, 2)
(2823117543, 5)
(1864, 1)
(2824632904, 1)
(1866, 5)
(2827663626, 2)
(1870, 3)
(2833725070, 4)
(1871, 4)
(2835240431, 4)
(1873, 2)
(2838271153, 5)
(1877, 1)
(2844332597, 6)
(1878, 2)
(2845847958, 2)
(1880, 6)
(2848878680, 1)
(1884, 2)
(2854940124, 5)
(1885, 5)
(2856455485, 5)
(1887, 1)
(2859486207, 1)
(1891, 5)
(2865547651, 2)
(1892, 1)
(2867063012, 1)
(1894, 3)
(2870093734, 3)
(1898, 2)
(2876155178, 5)
(1899, 2)
(2877670539, 5)
(1901, 0)
(2880701261, 0)
(1905, 2)
(2886762705, 2)
(1906, 0)
(2888278066, 0)
(1908, 6)
(2891308788, 1)
(1912, 2)
(2897370232, 5)
(1913, 3)
(2898885593, 3)
(1915, 6)
(2901916315, 6)
(1919, 2)
(2907977759, 2)
(1920, 5)
(2909493120, 2)
(1922, 2)
(2912523842, 2)
(1926, 4)
(2918585286, 4)
(1927, 3)
(2920100647, 4)
(1929, 0)
(2923131369, 0)
(1933, 5)
(2929192813, 2)
(1934, 0)
(2930708174, 0)
(1936, 3)
(2933738896, 3)
(1940, 3)
(2939800340, 4)
(1941, 1)
(2941315701, 6)
(1943, 2)
(2944346423, 5)
(1947, 4)
(2950407867, 4)
(1948, 6)
(2951923228, 6)
(1950, 5)
(2954953950, 2)
(1954, 1)
(2961015394, 1)
(1955, 3)
(2962530755, 3)
(1957, 3)
(2965561477, 4)
(1961, 0)
(2971622921, 0)
(1962, 2)
(2973138282, 5)
(1964, 1)
(2976169004, 6)
(1968, 0)
(2982230448, 0)
(1969, 0)
(2983745809, 0)
(1971, 2)
(2986776531, 2)
(1975, 0)
(2992837975, 0)
(1976, 4)
(2994353336, 4)
(1978, 3)
(2997384058, 4)
(1982, 2)
(3003445502, 2)
(1983, 2)
(3004960863, 5)
(1985, 4)
(3007991585, 4)
(1989, 3)
(3014053029, 4)
(1990, 2)
(3015568390, 2)
(1992, 3)
(3018599112, 3)
(1996, 6)
(3024660556, 1)
(1997, 0)
(3026175917, 0)
(1999, 5)
(3029206639, 2)
(2003, 1)
(3035268083, 6)
(2004, 1)
(3036783444, 1)
(2006, 6)
(3039814166, 6)
(2010, 6)
(3045875610, 6)
(2011, 0)
(3047390971, 0)
(2013, 1)
(3050421693, 1)
(2017, 1)
(3056483137, 1)
(2018, 3)
(3057998498, 3)
(2020, 1)
(3061029220, 1)
(2024, 5)
(3067090664, 2)
(2025, 1)
(3068606025, 1)
(2027, 4)
(3071636747, 4)
(2031, 0)
(3077698191, 0)
(2032, 5)
(3079213552, 2)
(2034, 3)
(3082244274, 4)
(2038, 6)
(3088305718, 6)
(2039, 4)
(3089821079, 4)
(2041, 3)
(3092851801, 3)
(2045, 4)
(3098913245, 4)
(2046, 0)
(3100428606, 0)
(2048, 5)
(3103459328, 5)
(2052, 3)
(3109520772, 4)
(2053, 6)
(3111036133, 1)
(2055, 1)
(3114066855, 6)
(2059, 4)
(3120128299, 3)
(2060, 6)
(3121643660, 1)
(2062, 6)
(3124674382, 1)
(2066, 5)
(3130735826, 2)
(2067, 2)
(3132251187, 2)
(2069, 1)
(3135281909, 6)
(2073, 2)
(3141343353, 5)
(2074, 1)
(3142858714, 1)
(2076, 3)
(3145889436, 3)
(2080, 4)
(3151950880, 4)
(2081, 6)
(3153466241, 1)
(2083, 0)
(3156496963, 0)
(2087, 6)
(3162558407, 6)
(2088, 6)
(3164073768, 6)
(2090, 6)
(3167104490, 6)
(2094, 6)
(3173165934, 6)
(2095, 6)
(3174681295, 1)
(2097, 6)
(3177712017, 6)
(2101, 6)
(3183773461, 1)
(2102, 0)
(3185288822, 0)
(2104, 5)
(3188319544, 2)
(2108, 2)
(3194380988, 5)
(2109, 6)
(3195896349, 1)
(2111, 2)
(3198927071, 2)
(2115, 5)
(3204988515, 2)
(2116, 1)
(3206503876, 1)
(2118, 2)
(3209534598, 5)
(2122, 6)
(3215596042, 6)
(2123, 0)
(3217111403, 0)
(2125, 4)
(3220142125, 3)
(2129, 3)
(3226203569, 4)
(2130, 0)
(3227718930, 0)
(2132, 4)
(3230749652, 4)
(2136, 4)
(3236811096, 4)
(2137, 2)
(3238326457, 5)
(2139, 1)
(3241357179, 1)
(2143, 4)
(3247418623, 3)
(2144, 4)
(3248933984, 3)
(2146, 4)
(3251964706, 4)
(2150, 5)
(3258026150, 5)
(2151, 4)
(3259541511, 3)
(2153, 1)
(3262572233, 6)
(2157, 3)
(3268633677, 3)
(2158, 6)
(3270149038, 1)
(2160, 5)
(3273179760, 2)
(2164, 2)
(3279241204, 5)
(2165, 6)
(3280756565, 6)
(2167, 5)
(3283787287, 5)
(2171, 0)
(3289848731, 0)
(2172, 5)
(3291364092, 2)
(2174, 5)
(3294394814, 2)
(2178, 4)
(3300456258, 4)
(2179, 0)
(3301971619, 0)
(2181, 6)
(3305002341, 6)
(2185, 2)
(3311063785, 5)
(2186, 5)
(3312579146, 2)
(2188, 5)
(3315609868, 2)
(2192, 1)
(3321671312, 1)
(2193, 1)
(3323186673, 1)
(2195, 2)
(3326217395, 5)
(2199, 2)
(3332278839, 2)
(2200, 3)
(3333794200, 3)
(2202, 2)
(3336824922, 5)
(2206, 0)
(3342886366, 0)
(2207, 3)
(3344401727, 4)
(2209, 3)
(3347432449, 3)
(2213, 0)
(3353493893, 0)
(2214, 5)
(3355009254, 2)
(2216, 0)
(3358039976, 0)
(2220, 1)
(3364101420, 6)
(2221, 2)
(3365616781, 2)
(2223, 5)
(3368647503, 5)
(2227, 3)
(3374708947, 3)
(2228, 5)
(3376224308, 2)
(2230, 2)
(3379255030, 5)
(2234, 2)
(3385316474, 2)
(2235, 3)
(3386831835, 4)
(2237, 5)
(3389862557, 2)
(2241, 3)
(3395924001, 3)
(2242, 4)
(3397439362, 3)
(2244, 6)
(3400470084, 6)
(2248, 1)
(3406531528, 6)
(2249, 1)
(3408046889, 6)
(2251, 0)
(3411077611, 0)
(2255, 2)
(3417139055, 2)
(2256, 4)
(3418654416, 4)
(2258, 4)
(3421685138, 3)
(2262, 4)
(3427746582, 3)
(2263, 5)
(3429261943, 2)
(2265, 0)
(3432292665, 0)
(2269, 0)
(3438354109, 0)
(2270, 6)
(3439869470, 6)
(2272, 1)
(3442900192, 6)
(2276, 2)
(3448961636, 2)
(2277, 0)
(3450476997, 0)
(2279, 4)
(3453507719, 3)
(2283, 3)
(3459569163, 4)
(2284, 5)
(3461084524, 5)
(2286, 1)
(3464115246, 6)
(2290, 3)
(3470176690, 4)
(2291, 1)
(3471692051, 6)
(2293, 6)
(3474722773, 1)
(2297, 2)
(3480784217, 2)
(2298, 0)
(3482299578, 0)
(2300, 0)
(3485330300, 0)
(2304, 5)
(3491391744, 5)
(2305, 6)
(3492907105, 1)
(2307, 1)
(3495937827, 6)
(2311, 3)
(3501999271, 4)
(2312, 6)
(3503514632, 6)
(2314, 4)
(3506545354, 3)
(2318, 0)
(3512606798, 0)
(2319, 3)
(3514122159, 4)
(2321, 5)
(3517152881, 2)
(2325, 5)
(3523214325, 2)
(2326, 5)
(3524729686, 5)
(2328, 4)
(3527760408, 4)
(2332, 6)
(3533821852, 1)
(2333, 4)
(3535337213, 4)
(2335, 3)
(3538367935, 3)
(2339, 6)
(3544429379, 6)
(2340, 0)
(3545944740, 0)
(2342, 1)
(3548975462, 1)
(2346, 5)
(3555036906, 2)
(2347, 3)
(3556552267, 3)
(2349, 2)
(3559582989, 2)
(2353, 0)
(3565644433, 0)
(2354, 6)
(3567159794, 6)
(2356, 6)
(3570190516, 6)
(2360, 0)
(3576251960, 0)
(2361, 3)
(3577767321, 4)
(2363, 3)
(3580798043, 4)
(2367, 3)
(3586859487, 4)
(2368, 5)
(3588374848, 5)
(2370, 3)
(3591405570, 3)
(2374, 2)
(3597467014, 5)
(2375, 1)
(3598982375, 1)
(2377, 6)
(3602013097, 6)
(2381, 4)
(3608074541, 3)
(2382, 3)
(3609589902, 4)
(2384, 3)
(3612620624, 3)
(2388, 2)
(3618682068, 5)
(2389, 4)
(3620197429, 4)
(2391, 6)
(3623228151, 6)
(2395, 4)
(3629289595, 4)
(2396, 5)
(3630804956, 5)
(2398, 0)
(3633835678, 0)
(2402, 5)
(3639897122, 5)
(2403, 2)
(3641412483, 2)
(2405, 3)
(3644443205, 3)
(2409, 6)
(3650504649, 6)
(2410, 5)
(3652020010, 2)
(2412, 6)
(3655050732, 1)
(2416, 2)
(3661112176, 2)
(2417, 5)
(3662627537, 2)
(2419, 1)
(3665658259, 6)
(2423, 4)
(3671719703, 4)
(2424, 6)
(3673235064, 1)
(2426, 4)
(3676265786, 3)
(2430, 4)
(3682327230, 3)
(2431, 6)
(3683842591, 1)
(2433, 4)
(3686873313, 3)
(2437, 5)
(3692934757, 2)
(2438, 1)
(3694450118, 1)
(2440, 3)
(3697480840, 4)
(2444, 6)
(3703542284, 1)
(2445, 0)
(3705057645, 0)
(2447, 2)
(3708088367, 2)
(2451, 4)
(3714149811, 3)
(2452, 1)
(3715665172, 6)
(2454, 0)
(3718695894, 0)
(2458, 5)
(3724757338, 2)
(2459, 3)
(3726272699, 3)
(2461, 6)
(3729303421, 1)
(2465, 0)
(3735364865, 0)
(2466, 1)
(3736880226, 1)
(2468, 5)
(3739910948, 2)
(2472, 2)
(3745972392, 2)
(2473, 5)
(3747487753, 5)
(2475, 1)
(3750518475, 1)
(2479, 1)
(3756579919, 6)
(2480, 0)
(3758095280, 0)
(2482, 1)
(3761126002, 1)
(2486, 5)
(3767187446, 2)
(2487, 4)
(3768702807, 4)
(2489, 3)
(3771733529, 4)
(2493, 6)
(3777794973, 6)
(2494, 0)
(3779310334, 0)
(2496, 4)
(3782341056, 3)
(2500, 6)
(3788402500, 6)
(2501, 5)
(3789917861, 2)
(2503, 0)
(3792948583, 0)
(2507, 0)
(3799010027, 0)
(2508, 4)
(3800525388, 3)
(2510, 1)
(3803556110, 6)
(2514, 5)
(3809617554, 5)
(2515, 5)
(3811132915, 2)
(2517, 4)
(3814163637, 4)
(2521, 4)
(3820225081, 3)
(2522, 2)
(3821740442, 5)
(2524, 1)
(3824771164, 1)
(2528, 4)
(3830832608, 3)
(2529, 3)
(3832347969, 4)
(2531, 3)
(3835378691, 3)
(2535, 6)
(3841440135, 1)
(2536, 3)
(3842955496, 3)
(2538, 5)
(3845986218, 5)
(2542, 5)
(3852047662, 5)
(2543, 3)
(3853563023, 3)
(2545, 3)
(3856593745, 4)
(2549, 4)
(3862655189, 3)
(2550, 1)
(3864170550, 1)
(2552, 6)
(3867201272, 6)
(2556, 4)
(3873262716, 3)
(2557, 6)
(3874778077, 6)
(2559, 5)
(3877808799, 2)
(2563, 3)
(3883870243, 3)
(2564, 4)
(3885385604, 4)
(2566, 5)
(3888416326, 5)
(2570, 6)
(3894477770, 1)
(2571, 0)
(3895993131, 0)
(2573, 2)
(3899023853, 5)
(2577, 3)
(3905085297, 4)
(2578, 3)
(3906600658, 3)
(2580, 6)
(3909631380, 1)
(2584, 2)
(3915692824, 5)
(2585, 3)
(3917208185, 4)
(2587, 1)
(3920238907, 1)
(2591, 5)
(3926300351, 2)
(2592, 2)
(3927815712, 2)
(2594, 4)
(3930846434, 3)
(2598, 5)
(3936907878, 2)
(2599, 1)
(3938423239, 1)
(2601, 5)
(3941453961, 5)
(2605, 3)
(3947515405, 3)
(2606, 1)
(3949030766, 1)
(2608, 0)
(3952061488, 0)
(2612, 2)
(3958122932, 5)
(2613, 5)
(3959638293, 5)
(2615, 0)
(3962669015, 0)
(2619, 1)
(3968730459, 1)
(2620, 5)
(3970245820, 2)
(2622, 5)
(3973276542, 5)
(2626, 1)
(3979337986, 1)
(2627, 3)
(3980853347, 4)
(2629, 4)
(3983884069, 3)
