(1, 2)
(5013121, 2)
(2, 4)
(10026242, 4)
(4, 0)
(20052484, 0)
(8, 2)
(40104968, 2)
(9, 0)
(45118089, 0)
(11, 1)
(55144331, 1)
(15, 2)
(75196815, 5)
(16, 4)
(80209936, 4)
(18, 0)
(90236178, 0)
(22, 2)
(110288662, 2)
(23, 4)
(115301783, 3)
(25, 0)
(125328025, 0)
(29, 4)
(145380509, 4)
(30, 4)
(150393630, 3)
(32, 0)
(160419872, 0)
(36, 4)
(180472356, 4)
(37, 4)
(185485477, 3)
(39, 0)
(195511719, 0)
(43, 4)
(215564203, 4)
(44, 1)
(220577324, 1)
(46, 1)
(230603566, 6)
(50, 4)
(250656050, 4)
(51, 4)
(255669171, 4)
(53, 1)
(265695413, 1)
(57, 6)
(285747897, 6)
(58, 1)
(290761018, 1)
(60, 0)
(300787260, 0)
(64, 6)
(320839744, 6)
(65, 1)
(325852865, 1)
(67, 1)
(335879107, 1)
(71, 1)
(355931591, 6)
(72, 1)
(360944712, 1)
(74, 1)
(370970954, 6)
(78, 1)
(391023438, 6)
(79, 5)
(396036559, 5)
(81, 1)
(406062801, 1)
(85, 3)
(426115285, 4)
(86, 2)
(431128406, 2)
(88, 1)
(441154648, 1)
(92, 5)
(461207132, 2)
(93, 5)
(466220253, 5)
(95, 1)
(476246495, 6)
(99, 5)
(496298979, 5)
(100, 2)
(501312100, 2)
(102, 1)
(511338342, 1)
(106, 0)
(531390826, 0)
(107, 6)
(536403947, 1)
(109, 1)
(546430189, 6)
(113, 2)
(566482673, 5)
(114, 6)
(571495794, 6)
(116, 2)
(581522036, 2)
(120, 4)
(601574520, 3)
(121, 3)
(606587641, 3)
(123, 2)
(616613883, 5)
(127, 6)
(636666367, 6)
(128, 0)
(641679488, 0)
(130, 2)
(651705730, 2)
(134, 1)
(671758214, 1)
(135, 0)
(676771335, 0)
(137, 3)
(686797577, 4)
(141, 5)
(706850061, 2)
(142, 4)
(711863182, 3)
(144, 2)
(721889424, 2)
(148, 0)
(741941908, 0)
(149, 1)
(746955029, 1)
(151, 3)
(756981271, 4)
(155, 2)
(777033755, 5)
(156, 5)
(782046876, 2)
(158, 3)
(792073118, 3)
(162, 6)
(812125602, 6)
(163, 2)
(817138723, 2)
(165, 3)
(827164965, 4)
(169, 3)
(847217449, 3)
(170, 3)
(852230570, 4)
(172, 4)
(862256812, 4)
(176, 0)
(882309296, 0)
(177, 3)
(887322417, 4)
(179, 5)
(897348659, 5)
(183, 4)
(917401143, 4)
(184, 4)
(922414264, 3)
(186, 5)
(932440506, 5)
(190, 1)
(952492990, 6)
(191, 5)
(957506111, 2)
(193, 5)
(967532353, 2)
(197, 0)
(987584837, 0)
(198, 2)
(992597958, 2)
(200, 6)
(1002624200, 6)
(204, 4)
(1022676684, 4)
(205, 3)
(1027689805, 3)
(207, 6)
(1037716047, 1)
(211, 5)
(1057768531, 5)
(212, 4)
(1062781652, 4)
(214, 0)
(1072807894, 0)
(218, 4)
(1092860378, 3)
(219, 1)
(1097873499, 6)
(221, 1)
(1107899741, 6)
(225, 3)
(1127952225, 3)
(226, 6)
(1132965346, 1)
(228, 1)
(1142991588, 1)
(232, 4)
(1163044072, 4)
(233, 4)
(1168057193, 4)
(235, 2)
(1178083435, 2)
(239, 5)
(1198135919, 2)
(240, 5)
(1203149040, 2)
(242, 3)
(1213175282, 3)
(246, 6)
(1233227766, 1)
(247, 3)
(1238240887, 4)
(249, 3)
(1248267129, 3)
(253, 2)
(1268319613, 5)
(254, 5)
(1273332734, 5)
(256, 5)
(1283358976, 5)
(260, 5)
(1303411460, 5)
(261, 6)
(1308424581, 6)
(263, 6)
(1318450823, 6)
(267, 1)
(1338503307, 1)
(268, 1)
(1343516428, 1)
(270, 6)
(1353542670, 1)
(274, 6)
(1373595154, 1)
(275, 3)
(1378608275, 3)
(277, 1)
(1388634517, 1)
(281, 6)
(1408687001, 6)
(282, 1)
(1413700122, 6)
(284, 2)
(1423726364, 5)
(288, 4)
(1443778848, 4)
(289, 0)
(1448791969, 0)
(291, 4)
(1458818211, 3)
(295, 4)
(1478870695, 4)
(296, 6)
(1483883816, 1)
(298, 5)
(1493910058, 5)
(302, 6)
(1513962542, 1)
(303, 1)
(1518975663, 6)
(305, 0)
(1529001905, 0)
(309, 1)
(1549054389, 1)
(310, 4)
(1554067510, 3)
(312, 1)
(1564093752, 6)
(316, 5)
(1584146236, 5)
(317, 0)
(1589159357, 0)
(319, 3)
(1599185599, 3)
(323, 2)
(1619238083, 2)
(324, 6)
(1624251204, 6)
(326, 6)
(1634277446, 6)
(330, 1)
(1654329930, 6)
(331, 6)
(1659343051, 1)
(333, 0)
(1669369293, 0)
(337, 2)
(1689421777, 5)
(338, 3)
(1694434898, 3)
(340, 2)
(1704461140, 5)
(344, 5)
(1724513624, 5)
(345, 6)
(1729526745, 6)
(347, 5)
(1739552987, 2)
(351, 1)
(1759605471, 6)
(352, 0)
(1764618592, 0)
(354, 0)
(1774644834, 0)
(358, 6)
(1794697318, 6)
(359, 1)
(1799710439, 6)
(361, 3)
(1809736681, 3)
(365, 6)
(1829789165, 6)
(366, 5)
(1834802286, 5)
(368, 6)
(1844828528, 1)
(372, 1)
(1864881012, 1)
(373, 3)
(1869894133, 3)
(375, 1)
(1879920375, 6)
(379, 5)
(1899972859, 2)
(380, 5)
(1904985980, 2)
(382, 5)
(1915012222, 2)
(386, 4)
(1935064706, 3)
(387, 3)
(1940077827, 3)
(389, 2)
(1950104069, 2)
(393, 5)
(1970156553, 5)
(394, 2)
(1975169674, 5)
(396, 5)
(1985195916, 5)
(400, 1)
(2005248400, 1)
(401, 5)
(2010261521, 2)
(403, 2)
(2020287763, 5)
(407, 1)
(2040340247, 6)
(408, 4)
(2045353368, 4)
(410, 6)
(2055379610, 6)
(414, 1)
(2075432094, 6)
(415, 1)
(2080445215, 6)
(417, 3)
(2090471457, 4)
(421, 0)
(2110523941, 0)
(422, 2)
(2115537062, 2)
(424, 1)
(2125563304, 1)
(428, 6)
(2145615788, 1)
(429, 2)
(2150628909, 5)
(431, 0)
(2160655151, 0)
(435, 2)
(2180707635, 5)
(436, 4)
(2185720756, 3)
(438, 4)
(2195746998, 3)
(442, 2)
(2215799482, 5)
(443, 3)
(2220812603, 3)
(445, 3)
(2230838845, 4)
(449, 6)
(2250891329, 1)
(450, 1)
(2255904450, 1)
(452, 3)
(2265930692, 4)
(456, 5)
(2285983176, 5)
(457, 1)
(2290996297, 6)
(459, 1)
(2301022539, 1)
(463, 1)
(2321075023, 6)
(464, 2)
(2326088144, 2)
(466, 2)
(2336114386, 2)
(470, 1)
(2356166870, 1)
(471, 2)
(2361179991, 2)
(473, 2)
(2371206233, 2)
(477, 5)
(2391258717, 5)
(478, 4)
(2396271838, 3)
(480, 1)
(2406298080, 6)
(484, 1)
(2426350564, 1)
(485, 3)
(2431363685, 3)
(487, 3)
(2441389927, 3)
(491, 1)
(2461442411, 6)
(492, 2)
(2466455532, 5)
(494, 5)
(2476481774, 2)
(498, 5)
(2496534258, 5)
(499, 6)
(2501547379, 6)
(501, 6)
(2511573621, 1)
(505, 1)
(2531626105, 1)
(506, 1)
(2536639226, 6)
(508, 2)
(2546665468, 2)
(512, 3)
(2566717952, 3)
(513, 2)
(2571731073, 2)
(515, 6)
(2581757315, 1)
(519, 2)
(2601809799, 5)
(520, 2)
(2606822920, 2)
(522, 1)
(2616849162, 1)
(526, 2)
(2636901646, 2)
(527, 3)
(2641914767, 3)
(529, 6)
(2651941009, 6)
(533, 1)
(2671993493, 1)
(534, 0)
(2677006614, 0)
(536, 5)
(2687032856, 5)
(540, 6)
(2707085340, 1)
(541, 0)
(2712098461, 0)
(543, 2)
(2722124703, 5)
(547, 5)
(2742177187, 2)
(548, 4)
(2747190308, 3)
(550, 2)
(2757216550, 2)
(554, 3)
(2777269034, 3)
(555, 1)
(2782282155, 1)
(557, 3)
(2792308397, 4)
(561, 4)
(2812360881, 4)
(562, 1)
(2817374002, 1)
(564, 2)
(2827400244, 5)
(568, 4)
(2847452728, 3)
(569, 2)
(2852465849, 5)
(571, 5)
(2862492091, 5)
(575, 0)
(2882544575, 0)
(576, 3)
(2887557696, 3)
(578, 1)
(2897583938, 1)
(582, 4)
(2917636422, 3)
(583, 0)
(2922649543, 0)
(585, 3)
(2932675785, 3)
(589, 4)
(2952728269, 4)
(590, 2)
(2957741390, 2)
(592, 1)
(2967767632, 6)
(596, 2)
(2987820116, 2)
(597, 4)
(2992833237, 4)
(599, 0)
(3002859479, 0)
(603, 6)
(3022911963, 6)
(604, 6)
(3027925084, 1)
(606, 6)
(3037951326, 1)
(610, 3)
(3058003810, 4)
(611, 6)
(3063016931, 6)
(613, 0)
(3073043173, 0)
(617, 5)
(3093095657, 5)
(618, 3)
(3098108778, 3)
(620, 2)
(3108135020, 5)
(624, 3)
(3128187504, 4)
(625, 0)
(3133200625, 0)
(627, 4)
(3143226867, 4)
(631, 3)
(3163279351, 3)
(632, 6)
(3168292472, 6)
(634, 2)
(3178318714, 5)
(638, 1)
(3198371198, 1)
(639, 2)
(3203384319, 5)
(641, 2)
(3213410561, 2)
(645, 4)
(3233463045, 3)
(646, 2)
(3238476166, 2)
(648, 0)
(3248502408, 0)
(652, 2)
(3268554892, 2)
(653, 1)
(3273568013, 1)
(655, 2)
(3283594255, 5)
(659, 2)
(3303646739, 5)
(660, 4)
(3308659860, 3)
(662, 6)
(3318686102, 1)
(666, 4)
(3338738586, 3)
(667, 1)
(3343751707, 6)
(669, 2)
(3353777949, 2)
(673, 1)
(3373830433, 1)
(674, 1)
(3378843554, 6)
(676, 3)
(3388869796, 3)
(680, 2)
(3408922280, 5)
(681, 5)
(3413935401, 5)
(683, 5)
(3423961643, 2)
(687, 0)
(3444014127, 0)
(688, 0)
(3449027248, 0)
(690, 6)
(3459053490, 6)
(694, 4)
(3479105974, 3)
(695, 2)
(3484119095, 2)
(697, 5)
(3494145337, 2)
(701, 2)
(3514197821, 5)
(702, 5)
(3519210942, 2)
(704, 6)
(3529237184, 6)
(708, 4)
(3549289668, 3)
(709, 3)
(3554302789, 3)
(711, 0)
(3564329031, 0)
(715, 2)
(3584381515, 2)
(716, 5)
(3589394636, 5)
(718, 5)
(3599420878, 2)
(722, 3)
(3619473362, 3)
(723, 1)
(3624486483, 1)
(725, 5)
(3634512725, 5)
(729, 5)
(3654565209, 5)
(730, 0)
(3659578330, 0)
(732, 6)
(3669604572, 6)
(736, 0)
(3689657056, 0)
(737, 3)
(3694670177, 3)
(739, 5)
(3704696419, 5)
(743, 0)
(3724748903, 0)
(744, 1)
(3729762024, 1)
(746, 0)
(3739788266, 0)
(750, 5)
(3759840750, 2)
(751, 6)
(3764853871, 1)
(753, 1)
(3774880113, 6)
(757, 0)
(3794932597, 0)
(758, 5)
(3799945718, 2)
(760, 1)
(3809971960, 6)
(764, 4)
(3830024444, 3)
(765, 3)
(3835037565, 4)
(767, 5)
(3845063807, 5)
(771, 3)
(3865116291, 3)
(772, 2)
(3870129412, 5)
(774, 1)
(3880155654, 1)
(778, 1)
(3900208138, 1)
(779, 6)
(3905221259, 1)
(781, 5)
(3915247501, 2)
(785, 0)
(3935299985, 0)
(786, 3)
(3940313106, 3)
(788, 4)
(3950339348, 3)
(792, 5)
(3970391832, 5)
(793, 1)
(3975404953, 6)
(795, 4)
(3985431195, 3)
(799, 1)
(4005483679, 6)
(800, 2)
(4010496800, 2)
(802, 4)
(4020523042, 3)
(806, 2)
(4040575526, 5)
(807, 3)
(4045588647, 4)
(809, 1)
(4055614889, 6)
(813, 1)
(4075667373, 6)
(814, 3)
(4080680494, 4)
(816, 0)
(4090706736, 0)
(820, 2)
(4110759220, 2)
(821, 3)
(4115772341, 4)
(823, 5)
(4125798583, 5)
(827, 0)
(4145851067, 0)
(828, 4)
(4150864188, 3)
(830, 1)
(4160890430, 6)
(834, 0)
(4180942914, 0)
(835, 5)
(4185956035, 5)
(837, 6)
(4195982277, 6)
(841, 5)
(4216034761, 5)
(842, 0)
(4221047882, 0)
(844, 5)
(4231074124, 5)
(848, 4)
(4251126608, 4)
(849, 4)
(4256139729, 3)
(851, 3)
(4266165971, 3)
(855, 4)
(4286218455, 3)
(856, 2)
(4291231576, 5)
(858, 1)
(4301257818, 6)
(862, 1)
(4321310302, 1)
(863, 2)
(4326323423, 5)
(865, 2)
(4336349665, 2)
(869, 0)
(4356402149, 0)
(870, 5)
(4361415270, 2)
(872, 3)
(4371441512, 4)
(876, 1)
(4391493996, 6)
(877, 0)
(4396507117, 0)
(879, 5)
(4406533359, 5)
(883, 5)
(4426585843, 2)
(884, 5)
(4431598964, 2)
(886, 5)
(4441625206, 5)
(890, 5)
(4461677690, 2)
(891, 4)
(4466690811, 4)
(893, 3)
(4476717053, 4)
(897, 3)
(4496769537, 3)
(898, 3)
(4501782658, 4)
(900, 4)
(4511808900, 4)
(904, 5)
(4531861384, 2)
(905, 3)
(4536874505, 3)
(907, 3)
(4546900747, 3)
(911, 6)
(4566953231, 6)
(912, 2)
(4571966352, 2)
(914, 2)
(4581992594, 5)
(918, 4)
(4602045078, 4)
(919, 6)
(4607058199, 6)
(921, 6)
(4617084441, 6)
(925, 2)
(4637136925, 5)
(926, 6)
(4642150046, 1)
(928, 0)
(4652176288, 0)
(932, 2)
(4672228772, 2)
(933, 2)
(4677241893, 5)
(935, 3)
(4687268135, 4)
(939, 4)
(4707320619, 3)
(940, 2)
(4712333740, 2)
(942, 4)
(4722359982, 4)
(946, 4)
(4742412466, 4)
(947, 3)
(4747425587, 4)
(949, 4)
(4757451829, 4)
(953, 0)
(4777504313, 0)
(954, 2)
(4782517434, 2)
(956, 1)
(4792543676, 6)
(960, 3)
(4812596160, 4)
(961, 3)
(4817609281, 3)
(963, 2)
(4827635523, 5)
(967, 2)
(4847688007, 2)
(968, 0)
(4852701128, 0)
(970, 5)
(4862727370, 5)
(974, 4)
(4882779854, 4)
(975, 4)
(4887792975, 3)
(977, 5)
(4897819217, 2)
(981, 6)
(4917871701, 1)
(982, 2)
(4922884822, 5)
(984, 4)
(4932911064, 3)
(988, 0)
(4952963548, 0)
(989, 5)
(4957976669, 2)
(991, 0)
(4968002911, 0)
(995, 4)
(4988055395, 3)
(996, 3)
(4993068516, 3)
(998, 0)
(5003094758, 0)
(1002, 3)
(5023147242, 4)
(1003, 1)
(5028160363, 6)
(1005, 1)
(5038186605, 6)
(1009, 3)
(5058239089, 3)
(1010, 3)
(5063252210, 3)
(1012, 0)
(5073278452, 0)
(1016, 3)
(5093330936, 3)
(1017, 6)
(5098344057, 1)
(1019, 6)
(5108370299, 6)
(1023, 1)
(5128422783, 1)
(1024, 1)
(5133435904, 1)
(1026, 0)
(5143462146, 0)
(1030, 6)
(5163514630, 1)
(1031, 3)
(5168527751, 3)
(1033, 0)
(5178553993, 0)
(1037, 6)
(5198606477, 6)
(1038, 5)
(5203619598, 2)
(1040, 1)
(5213645840, 1)
(1044, 3)
(5233698324, 3)
(1045, 2)
(5238711445, 5)
(1047, 1)
(5248737687, 6)
(1051, 6)
(5268790171, 6)
(1052, 2)
(5273803292, 2)
(1054, 1)
(5283829534, 1)
(1058, 6)
(5303882018, 6)
(1059, 5)
(5308895139, 2)
(1061, 6)
(5318921381, 1)
(1065, 4)
(5338973865, 4)
(1066, 0)
(5343986986, 0)
(1068, 1)
(5354013228, 1)
(1072, 0)
(5374065712, 0)
(1073, 1)
(5379078833, 6)
(1075, 0)
(5389105075, 0)
(1079, 3)
(5409157559, 4)
(1080, 5)
(5414170680, 2)
(1082, 6)
(5424196922, 6)
(1086, 5)
(5444249406, 2)
(1087, 1)
(5449262527, 6)
(1089, 5)
(5459288769, 5)
(1093, 6)
(5479341253, 1)
(1094, 0)
(5484354374, 0)
(1096, 4)
(5494380616, 3)
(1100, 3)
(5514433100, 3)
(1101, 2)
(5519446221, 2)
(1103, 3)
(5529472463, 3)
(1107, 4)
(5549524947, 3)
(1108, 4)
(5554538068, 4)
(1110, 6)
(5564564310, 6)
(1114, 2)
(5584616794, 5)
(1115, 6)
(5589629915, 1)
(1117, 4)
(5599656157, 3)
(1121, 5)
(5619708641, 2)
(1122, 5)
(5624721762, 5)
(1124, 6)
(5634748004, 6)
(1128, 1)
(5654800488, 6)
(1129, 5)
(5659813609, 2)
(1131, 1)
(5669839851, 6)
(1135, 3)
(5689892335, 4)
(1136, 3)
(5694905456, 4)
(1138, 6)
(5704931698, 1)
(1142, 5)
(5724984182, 5)
(1143, 2)
(5729997303, 2)
(1145, 5)
(5740023545, 5)
(1149, 4)
(5760076029, 4)
(1150, 4)
(5765089150, 3)
(1152, 6)
(5775115392, 6)
(1156, 1)
(5795167876, 1)
(1157, 6)
(5800180997, 1)
(1159, 1)
(5810207239, 1)
(1163, 0)
(5830259723, 0)
(1164, 4)
(5835272844, 3)
(1166, 1)
(5845299086, 1)
(1170, 4)
(5865351570, 4)
(1171, 0)
(5870364691, 0)
(1173, 4)
(5880390933, 3)
(1177, 0)
(5900443417, 0)
(1178, 5)
(5905456538, 5)
(1180, 6)
(5915482780, 6)
(1184, 1)
(5935535264, 6)
(1185, 5)
(5940548385, 2)
(1187, 2)
(5950574627, 5)
(1191, 5)
(5970627111, 5)
(1192, 6)
(5975640232, 6)
(1194, 6)
(5985666474, 6)
(1198, 2)
(6005718958, 5)
(1199, 5)
(6010732079, 2)
(1201, 0)
(6020758321, 0)
(1205, 6)
(6040810805, 1)
(1206, 2)
(6045823926, 2)
(1208, 4)
(6055850168, 3)
(1212, 6)
(6075902652, 1)
(1213, 0)
(6080915773, 0)
(1215, 6)
(6090942015, 1)
(1219, 3)
(6110994499, 4)
(1220, 3)
(6116007620, 4)
(1222, 3)
(6126033862, 3)
(1226, 4)
(6146086346, 4)
(1227, 1)
(6151099467, 1)
(1229, 1)
(6161125709, 6)
(1233, 3)
(6181178193, 4)
(1234, 1)
(6186191314, 1)
(1236, 4)
(6196217556, 4)
(1240, 2)
(6216270040, 5)
(1241, 0)
(6221283161, 0)
(1243, 4)
(6231309403, 3)
(1247, 6)
(6251361887, 6)
(1248, 2)
(6256375008, 5)
(1250, 4)
(6266401250, 4)
(1254, 6)
(6286453734, 6)
(1255, 4)
(6291466855, 4)
(1257, 6)
(6301493097, 6)
(1261, 6)
(6321545581, 6)
(1262, 0)
(6326558702, 0)
(1264, 5)
(6336584944, 5)
(1268, 2)
(6356637428, 5)
(1269, 4)
(6361650549, 3)
(1271, 4)
(6371676791, 3)
(1275, 5)
(6391729275, 5)
(1276, 1)
(6396742396, 1)
(1278, 1)
(6406768638, 6)
(1282, 3)
(6426821122, 3)
(1283, 1)
(6431834243, 1)
(1285, 2)
(6441860485, 5)
(1289, 0)
(6461912969, 0)
(1290, 2)
(6466926090, 5)
(1292, 2)
(6476952332, 2)
(1296, 5)
(6497004816, 5)
(1297, 6)
(6502017937, 1)
(1299, 1)
(6512044179, 6)
(1303, 1)
(6532096663, 6)
(1304, 0)
(6537109784, 0)
(1306, 5)
(6547136026, 5)
(1310, 1)
(6567188510, 6)
(1311, 6)
(6572201631, 1)
(1313, 5)
(6582227873, 5)
(1317, 6)
(6602280357, 6)
(1318, 2)
(6607293478, 5)
(1320, 4)
(6617319720, 3)
(1324, 6)
(6637372204, 1)
(1325, 0)
(6642385325, 0)
(1327, 2)
(6652411567, 5)
(1331, 6)
(6672464051, 6)
(1332, 1)
(6677477172, 6)
(1334, 5)
(6687503414, 2)
(1338, 1)
(6707555898, 1)
(1339, 2)
(6712569019, 5)
(1341, 2)
(6722595261, 2)
(1345, 0)
(6742647745, 0)
(1346, 1)
(6747660866, 1)
(1348, 3)
(6757687108, 4)
(1352, 4)
(6777739592, 4)
(1353, 2)
(6782752713, 5)
(1355, 5)
(6792778955, 5)
(1359, 2)
(6812831439, 5)
(1360, 0)
(6817844560, 0)
(1362, 2)
(6827870802, 2)
(1366, 5)
(6847923286, 2)
(1367, 0)
(6852936407, 0)
(1369, 0)
(6862962649, 0)
(1373, 5)
(6883015133, 2)
(1374, 3)
(6888028254, 4)
(1376, 2)
(6898054496, 2)
(1380, 1)
(6918106980, 1)
(1381, 2)
(6923120101, 2)
(1383, 6)
(6933146343, 6)
(1387, 2)
(6953198827, 5)
(1388, 5)
(6958211948, 2)
(1390, 1)
(6968238190, 1)
(1394, 3)
(6988290674, 4)
(1395, 3)
(6993303795, 4)
(1397, 4)
(7003330037, 4)
(1401, 1)
(7023382521, 1)
(1402, 0)
(7028395642, 0)
(1404, 5)
(7038421884, 2)
(1408, 0)
(7058474368, 0)
(1409, 5)
(7063487489, 5)
(1411, 4)
(7073513731, 4)
(1415, 3)
(7093566215, 3)
(1416, 3)
(7098579336, 4)
(1418, 4)
(7108605578, 4)
(1422, 2)
(7128658062, 2)
(1423, 5)
(7133671183, 2)
(1425, 2)
(7143697425, 2)
(1429, 0)
(7163749909, 0)
(1430, 0)
(7168763030, 0)
(1432, 3)
(7178789272, 3)
(1436, 4)
(7198841756, 3)
(1437, 4)
(7203854877, 4)
(1439, 5)
(7213881119, 2)
(1443, 4)
(7233933603, 4)
(1444, 6)
(7238946724, 6)
(1446, 5)
(7248972966, 5)
(1450, 1)
(7269025450, 1)
(1451, 5)
(7274038571, 5)
(1453, 4)
(7284064813, 3)
(1457, 2)
(7304117297, 5)
(1458, 4)
(7309130418, 4)
(1460, 6)
(7319156660, 6)
(1464, 5)
(7339209144, 5)
(1465, 0)
(7344222265, 0)
(1467, 5)
(7354248507, 5)
(1471, 1)
(7374300991, 1)
(1472, 3)
(7379314112, 4)
(1474, 6)
(7389340354, 6)
(1478, 4)
(7409392838, 4)
(1479, 6)
(7414405959, 6)
(1481, 5)
(7424432201, 5)
(1485, 1)
(7444484685, 6)
(1486, 4)
(7449497806, 4)
(1488, 0)
(7459524048, 0)
(1492, 1)
(7479576532, 1)
(1493, 4)
(7484589653, 3)
(1495, 1)
(7494615895, 6)
(1499, 3)
(7514668379, 3)
(1500, 3)
(7519681500, 4)
(1502, 3)
(7529707742, 4)
(1506, 2)
(7549760226, 5)
(1507, 1)
(7554773347, 6)
(1509, 5)
(7564799589, 2)
(1513, 5)
(7584852073, 5)
(1514, 6)
(7589865194, 1)
(1516, 5)
(7599891436, 2)
(1520, 2)
(7619943920, 5)
(1521, 1)
(7624957041, 1)
(1523, 0)
(7634983283, 0)
(1527, 6)
(7655035767, 6)
(1528, 2)
(7660048888, 5)
(1530, 1)
(7670075130, 6)
(1534, 4)
(7690127614, 4)
(1535, 0)
(7695140735, 0)
(1537, 6)
(7705166977, 6)
(1541, 3)
(7725219461, 4)
(1542, 4)
(7730232582, 4)
(1544, 0)
(7740258824, 0)
(1548, 3)
(7760311308, 3)
(1549, 6)
(7765324429, 1)
(1551, 2)
(7775350671, 5)
(1555, 2)
(7795403155, 2)
(1556, 2)
(7800416276, 2)
(1558, 5)
(7810442518, 2)
(1562, 2)
(7830495002, 5)
(1563, 5)
(7835508123, 2)
(1565, 1)
(7845534365, 1)
(1569, 1)
(7865586849, 6)
(1570, 2)
(7870599970, 5)
(1572, 5)
(7880626212, 5)
(1576, 5)
(7900678696, 2)
(1577, 4)
(7905691817, 4)
(1579, 2)
(7915718059, 2)
(1583, 0)
(7935770543, 0)
(1584, 0)
(7940783664, 0)
(1586, 4)
(7950809906, 3)
(1590, 0)
(7970862390, 0)
(1591, 1)
(7975875511, 6)
(1593, 1)
(7985901753, 6)
(1597, 3)
(8005954237, 4)
(1598, 0)
(8010967358, 0)
(1600, 5)
(8020993600, 5)
(1604, 0)
(8041046084, 0)
(1605, 2)
(8046059205, 2)
(1607, 5)
(8056085447, 2)
(1611, 4)
(8076137931, 4)
(1612, 2)
(8081151052, 5)
(1614, 3)
(8091177294, 4)
(1618, 3)
(8111229778, 4)
(1619, 2)
(8116242899, 2)
(1621, 3)
(8126269141, 4)
(1625, 4)
(8146321625, 4)
(1626, 4)
(8151334746, 3)
(1628, 5)
(8161360988, 2)
(1632, 0)
(8181413472, 0)
(1633, 5)
(8186426593, 5)
(1635, 1)
(8196452835, 1)
(1639, 3)
(8216505319, 3)
(1640, 5)
(8221518440, 5)
(1642, 4)
(8231544682, 3)
(1646, 2)
(8251597166, 2)
(1647, 4)
(8256610287, 4)
(1649, 1)
(8266636529, 6)
(1653, 3)
(8286689013, 3)
(1654, 5)
(8291702134, 2)
(1656, 6)
(8301728376, 1)
(1660, 6)
(8321780860, 1)
(1661, 2)
(8326793981, 5)
(1663, 1)
(8336820223, 6)
(1667, 3)
(8356872707, 4)
(1668, 3)
(8361885828, 4)
(1670, 6)
(8371912070, 6)
(1674, 3)
(8391964554, 3)
(1675, 0)
(8396977675, 0)
(1677, 1)
(8407003917, 6)
(1681, 1)
(8427056401, 1)
(1682, 3)
(8432069522, 3)
(1684, 4)
(8442095764, 3)
(1688, 5)
(8462148248, 5)
(1689, 0)
(8467161369, 0)
(1691, 4)
(8477187611, 4)
(1695, 4)
(8497240095, 4)
(1696, 4)
(8502253216, 4)
(1698, 0)
(8512279458, 0)
(1702, 1)
(8532331942, 1)
(1703, 4)
(8537345063, 3)
(1705, 1)
(8547371305, 6)
(1709, 1)
(8567423789, 6)
(1710, 2)
(8572436910, 5)
(1712, 0)
(8582463152, 0)
(1716, 3)
(8602515636, 4)
(1717, 2)
(8607528757, 5)
(1719, 6)
(8617554999, 1)
(1723, 6)
(8637607483, 6)
(1724, 0)
(8642620604, 0)
(1726, 2)
(8652646846, 5)
(1730, 0)
(8672699330, 0)
(1731, 2)
(8677712451, 5)
(1733, 4)
(8687738693, 4)
(1737, 3)
(8707791177, 4)
(1738, 2)
(8712804298, 2)
(1740, 2)
(8722830540, 5)
(1744, 4)
(8742883024, 3)
(1745, 1)
(8747896145, 1)
(1747, 5)
(8757922387, 5)
(1751, 2)
(8777974871, 2)
(1752, 4)
(8782987992, 3)
(1754, 5)
(8793014234, 2)
(1758, 4)
(8813066718, 4)
(1759, 1)
(8818079839, 1)
(1761, 6)
(8828106081, 6)
(1765, 0)
(8848158565, 0)
(1766, 3)
(8853171686, 4)
(1768, 2)
(8863197928, 5)
(1772, 3)
(8883250412, 3)
(1773, 6)
(8888263533, 1)
(1775, 5)
(8898289775, 2)
(1779, 5)
(8918342259, 5)
(1780, 4)
(8923355380, 3)
(1782, 4)
(8933381622, 4)
(1786, 2)
(8953434106, 5)
(1787, 0)
(8958447227, 0)
(1789, 4)
(8968473469, 3)
(1793, 3)
(8988525953, 3)
(1794, 3)
(8993539074, 3)
(1796, 6)
(9003565316, 1)
(1800, 5)
(9023617800, 5)
(1801, 1)
(9028630921, 1)
(1803, 1)
(9038657163, 1)
(1807, 1)
(9058709647, 1)
(1808, 2)
(9063722768, 5)
(1810, 3)
(9073749010, 3)
(1814, 1)
(9093801494, 1)
(1815, 5)
(9098814615, 2)
(1817, 5)
(9108840857, 2)
(1821, 3)
(9128893341, 3)
(1822, 5)
(9133906462, 5)
(1824, 1)
(9143932704, 1)
(1828, 5)
(9163985188, 2)
(1829, 3)
(9168998309, 4)
(1831, 3)
(9179024551, 4)
(1835, 5)
(9199077035, 2)
(1836, 1)
(9204090156, 1)
(1838, 5)
(9214116398, 5)
(1842, 0)
(9234168882, 0)
(1843, 5)
(9239182003, 2)
(1845, 3)
(9249208245, 3)
(1849, 2)
(9269260729, 2)
(1850, 6)
(9274273850, 1)
(1852, 2)
(9284300092, 5)
(1856, 3)
(9304352576, 3)
(1857, 2)
(9309365697, 2)
(1859, 1)
(9319391939, 1)
(1863, 2)
(9339444423, 5)
(1864, 1)
(9344457544, 1)
(1866, 5)
(9354483786, 2)
(1870, 3)
(9374536270, 4)
(1871, 4)
(9379549391, 4)
(1873, 2)
(9389575633, 5)
(1877, 1)
(9409628117, 6)
(1878, 2)
(9414641238, 5)
(1880, 6)
(9424667480, 6)
(1884, 2)
(9444719964, 2)
(1885, 5)
(9449733085, 5)
(1887, 1)
(9459759327, 6)
(1891, 5)
(9479811811, 5)
(1892, 1)
(9484824932, 1)
(1894, 3)
(9494851174, 4)
(1898, 2)
(9514903658, 2)
(1899, 2)
(9519916779, 2)
(1901, 0)
(9529943021, 0)
(1905, 2)
(9549995505, 5)
(1906, 0)
(9555008626, 0)
(1908, 6)
(9565034868, 6)
(1912, 2)
(9585087352, 5)
(1913, 3)
(9590100473, 4)
(1915, 6)
(9600126715, 1)
(1919, 2)
(9620179199, 5)
(1920, 5)
(9625192320, 2)
(1922, 2)
(9635218562, 2)
(1926, 4)
(9655271046, 3)
(1927, 3)
(9660284167, 3)
(1929, 0)
(9670310409, 0)
(1933, 5)
(9690362893, 5)
(1934, 0)
(9695376014, 0)
(1936, 3)
(9705402256, 3)
(1940, 3)
(9725454740, 3)
(1941, 1)
(9730467861, 6)
(1943, 2)
(9740494103, 2)
(1947, 4)
(9760546587, 3)
(1948, 6)
(9765559708, 6)
(1950, 5)
(9775585950, 2)
(1954, 1)
(9795638434, 6)
(1955, 3)
(9800651555, 3)
(1957, 3)
(9810677797, 3)
(1961, 0)
(9830730281, 0)
(1962, 2)
(9835743402, 5)
(1964, 1)
(9845769644, 6)
(1968, 0)
(9865822128, 0)
(1969, 0)
(9870835249, 0)
(1971, 2)
(9880861491, 5)
(1975, 0)
(9900913975, 0)
(1976, 4)
(9905927096, 3)
(1978, 3)
(9915953338, 4)
(1982, 2)
(9936005822, 2)
(1983, 2)
(9941018943, 5)
(1985, 4)
(9951045185, 3)
(1989, 3)
(9971097669, 4)
(1990, 2)
(9976110790, 5)
(1992, 3)
(9986137032, 3)
(1996, 6)
(10006189516, 6)
(1997, 0)
(10011202637, 0)
(1999, 5)
(10021228879, 5)
(2003, 1)
(10041281363, 6)
(2004, 1)
(10046294484, 6)
(2006, 6)
(10056320726, 1)
(2010, 6)
(10076373210, 1)
(2011, 0)
(10081386331, 0)
(2013, 1)
(10091412573, 1)
(2017, 1)
(10111465057, 6)
(2018, 3)
(10116478178, 3)
(2020, 1)
(10126504420, 1)
(2024, 5)
(10146556904, 2)
(2025, 1)
(10151570025, 1)
(2027, 4)
(10161596267, 3)
(2031, 0)
(10181648751, 0)
(2032, 5)
(10186661872, 5)
(2034, 3)
(10196688114, 4)
(2038, 6)
(10216740598, 6)
(2039, 4)
(10221753719, 3)
(2041, 3)
(10231779961, 4)
(2045, 4)
(10251832445, 3)
(2046, 0)
(10256845566, 0)
(2048, 5)
(10266871808, 5)
(2052, 3)
(10286924292, 3)
(2053, 6)
(10291937413, 1)
(2055, 1)
(10301963655, 1)
(2059, 4)
(10322016139, 3)
(2060, 6)
(10327029260, 1)
(2062, 6)
(10337055502, 6)
(2066, 5)
(10357107986, 2)
(2067, 2)
(10362121107, 5)
(2069, 1)
(10372147349, 1)
(2073, 2)
(10392199833, 2)
(2074, 1)
(10397212954, 1)
(2076, 3)
(10407239196, 4)
(2080, 4)
(10427291680, 4)
(2081, 6)
(10432304801, 1)
(2083, 0)
(10442331043, 0)
(2087, 6)
(10462383527, 6)
(2088, 6)
(10467396648, 6)
(2090, 6)
(10477422890, 1)
(2094, 6)
(10497475374, 1)
(2095, 6)
(10502488495, 1)
(2097, 6)
(10512514737, 6)
(2101, 6)
(10532567221, 1)
(2102, 0)
(10537580342, 0)
(2104, 5)
(10547606584, 5)
(2108, 2)
(10567659068, 2)
(2109, 6)
(10572672189, 1)
(2111, 2)
(10582698431, 5)
(2115, 5)
(10602750915, 5)
(2116, 1)
(10607764036, 1)
(2118, 2)
(10617790278, 5)
(2122, 6)
(10637842762, 1)
(2123, 0)
(10642855883, 0)
(2125, 4)
(10652882125, 3)
(2129, 3)
(10672934609, 4)
(2130, 0)
(10677947730, 0)
(2132, 4)
(10687973972, 4)
(2136, 4)
(10708026456, 4)
(2137, 2)
(10713039577, 5)
(2139, 1)
(10723065819, 6)
(2143, 4)
(10743118303, 4)
(2144, 4)
(10748131424, 4)
(2146, 4)
(10758157666, 3)
(2150, 5)
(10778210150, 5)
(2151, 4)
(10783223271, 3)
(2153, 1)
(10793249513, 6)
(2157, 3)
(10813301997, 4)
(2158, 6)
(10818315118, 1)
(2160, 5)
(10828341360, 2)
(2164, 2)
(10848393844, 2)
(2165, 6)
(10853406965, 6)
(2167, 5)
(10863433207, 2)
(2171, 0)
(10883485691, 0)
(2172, 5)
(10888498812, 2)
(2174, 5)
(10898525054, 2)
(2178, 4)
(10918577538, 4)
(2179, 0)
(10923590659, 0)
(2181, 6)
(10933616901, 1)
(2185, 2)
(10953669385, 2)
(2186, 5)
(10958682506, 2)
(2188, 5)
(10968708748, 2)
(2192, 1)
(10988761232, 6)
(2193, 1)
(10993774353, 1)
(2195, 2)
(11003800595, 5)
(2199, 2)
(11023853079, 5)
(2200, 3)
(11028866200, 3)
(2202, 2)
(11038892442, 2)
(2206, 0)
(11058944926, 0)
(2207, 3)
(11063958047, 4)
(2209, 3)
(11073984289, 3)
(2213, 0)
(11094036773, 0)
(2214, 5)
(11099049894, 2)
(2216, 0)
(11109076136, 0)
(2220, 1)
(11129128620, 1)
(2221, 2)
(11134141741, 5)
(2223, 5)
(11144167983, 2)
(2227, 3)
(11164220467, 3)
(2228, 5)
(11169233588, 2)
(2230, 2)
(11179259830, 5)
(2234, 2)
(11199312314, 5)
(2235, 3)
(11204325435, 4)
(2237, 5)
(11214351677, 2)
(2241, 3)
(11234404161, 3)
(2242, 4)
(11239417282, 3)
(2244, 6)
(11249443524, 6)
(2248, 1)
(11269496008, 1)
(2249, 1)
(11274509129, 1)
(2251, 0)
(11284535371, 0)
(2255, 2)
(11304587855, 2)
(2256, 4)
(11309600976, 3)
(2258, 4)
(11319627218, 3)
(2262, 4)
(11339679702, 3)
(2263, 5)
(11344692823, 2)
(2265, 0)
(11354719065, 0)
(2269, 0)
(11374771549, 0)
(2270, 6)
(11379784670, 1)
(2272, 1)
(11389810912, 6)
(2276, 2)
(11409863396, 5)
(2277, 0)
(11414876517, 0)
(2279, 4)
(11424902759, 4)
(2283, 3)
(11444955243, 3)
(2284, 5)
(11449968364, 5)
(2286, 1)
(11459994606, 1)
(2290, 3)
(11480047090, 3)
(2291, 1)
(11485060211, 1)
(2293, 6)
(11495086453, 1)
(2297, 2)
(11515138937, 2)
(2298, 0)
(11520152058, 0)
(2300, 0)
(11530178300, 0)
(2304, 5)
(11550230784, 5)
(2305, 6)
(11555243905, 1)
(2307, 1)
(11565270147, 6)
(2311, 3)
(11585322631, 3)
(2312, 6)
(11590335752, 6)
(2314, 4)
(11600361994, 3)
(2318, 0)
(11620414478, 0)
(2319, 3)
(11625427599, 3)
(2321, 5)
(11635453841, 5)
(2325, 5)
(11655506325, 5)
(2326, 5)
(11660519446, 2)
(2328, 4)
(11670545688, 3)
(2332, 6)
(11690598172, 6)
(2333, 4)
(11695611293, 4)
(2335, 3)
(11705637535, 4)
(2339, 6)
(11725690019, 6)
(2340, 0)
(11730703140, 0)
(2342, 1)
(11740729382, 6)
(2346, 5)
(11760781866, 2)
(2347, 3)
(11765794987, 4)
(2349, 2)
(11775821229, 2)
(2353, 0)
(11795873713, 0)
(2354, 6)
(11800886834, 1)
(2356, 6)
(11810913076, 6)
(2360, 0)
(11830965560, 0)
(2361, 3)
(11835978681, 4)
(2363, 3)
(11846004923, 4)
(2367, 3)
(11866057407, 3)
(2368, 5)
(11871070528, 2)
(2370, 3)
(11881096770, 4)
(2374, 2)
(11901149254, 5)
(2375, 1)
(11906162375, 6)
(2377, 6)
(11916188617, 6)
(2381, 4)
(11936241101, 3)
(2382, 3)
(11941254222, 3)
(2384, 3)
(11951280464, 3)
(2388, 2)
(11971332948, 2)
(2389, 4)
(11976346069, 3)
(2391, 6)
(11986372311, 1)
(2395, 4)
(12006424795, 3)
(2396, 5)
(12011437916, 2)
(2398, 0)
(12021464158, 0)
(2402, 5)
(12041516642, 5)
(2403, 2)
(12046529763, 2)
(2405, 3)
(12056556005, 4)
(2409, 6)
(12076608489, 1)
(2410, 5)
(12081621610, 2)
(2412, 6)
(12091647852, 6)
(2416, 2)
(12111700336, 5)
(2417, 5)
(12116713457, 2)
(2419, 1)
(12126739699, 1)
(2423, 4)
(12146792183, 3)
(2424, 6)
(12151805304, 1)
(2426, 4)
(12161831546, 3)
(2430, 4)
(12181884030, 3)
(2431, 6)
(12186897151, 1)
(2433, 4)
(12196923393, 4)
(2437, 5)
(12216975877, 5)
(2438, 1)
(12221988998, 6)
(2440, 3)
(12232015240, 4)
(2444, 6)
(12252067724, 6)
(2445, 0)
(12257080845, 0)
(2447, 2)
(12267107087, 2)
(2451, 4)
(12287159571, 4)
(2452, 1)
(12292172692, 1)
(2454, 0)
(12302198934, 0)
(2458, 5)
(12322251418, 2)
(2459, 3)
(12327264539, 3)
(2461, 6)
(12337290781, 6)
(2465, 0)
(12357343265, 0)
(2466, 1)
(12362356386, 6)
(2468, 5)
(12372382628, 5)
(2472, 2)
(12392435112, 2)
(2473, 5)
(12397448233, 5)
(2475, 1)
(12407474475, 1)
(2479, 1)
(12427526959, 6)
(2480, 0)
(12432540080, 0)
(2482, 1)
(12442566322, 6)
(2486, 5)
(12462618806, 2)
(2487, 4)
(12467631927, 3)
(2489, 3)
(12477658169, 3)
(2493, 6)
(12497710653, 6)
(2494, 0)
(12502723774, 0)
(2496, 4)
(12512750016, 3)
(2500, 6)
(12532802500, 6)
(2501, 5)
(12537815621, 2)
(2503, 0)
(12547841863, 0)
(2507, 0)
(12567894347, 0)
(2508, 4)
(12572907468, 4)
(2510, 1)
(12582933710, 1)
(2514, 5)
(12602986194, 5)
(2515, 5)
(12607999315, 5)
(2517, 4)
(12618025557, 4)
(2521, 4)
(12638078041, 3)
(2522, 2)
(12643091162, 2)
(2524, 1)
(12653117404, 1)
(2528, 4)
(12673169888, 4)
(2529, 3)
(12678183009, 3)
(2531, 3)
(12688209251, 3)
(2535, 6)
(12708261735, 1)
(2536, 3)
(12713274856, 4)
(2538, 5)
(12723301098, 2)
(2542, 5)
(12743353582, 2)
(2543, 3)
(12748366703, 4)
(2545, 3)
(12758392945, 4)
(2549, 4)
(12778445429, 3)
(2550, 1)
(12783458550, 1)
(2552, 6)
(12793484792, 6)
(2556, 4)
(12813537276, 3)
(2557, 6)
(12818550397, 1)
(2559, 5)
(12828576639, 5)
(2563, 3)
(12848629123, 3)
(2564, 4)
(12853642244, 4)
(2566, 5)
(12863668486, 5)
(2570, 6)
(12883720970, 1)
(2571, 0)
(12888734091, 0)
(2573, 2)
(12898760333, 2)
(2577, 3)
(12918812817, 3)
(2578, 3)
(12923825938, 3)
(2580, 6)
(12933852180, 1)
(2584, 2)
(12953904664, 2)
(2585, 3)
(12958917785, 3)
(2587, 1)
(12968944027, 6)
(2591, 5)
(12988996511, 5)
(2592, 2)
(12994009632, 2)
(2594, 4)
(13004035874, 3)
(2598, 5)
(13024088358, 2)
(2599, 1)
(13029101479, 1)
(2601, 5)
(13039127721, 5)
(2605, 3)
(13059180205, 3)
(2606, 1)
(13064193326, 6)
(2608, 0)
(13074219568, 0)
(2612, 2)
(13094272052, 2)
(2613, 5)
(13099285173, 2)
(2615, 0)
(13109311415, 0)
(2619, 1)
(13129363899, 6)
(2620, 5)
(13134377020, 2)
(2622, 5)
(13144403262, 2)
(2626, 1)
(13164455746, 1)
(2627, 3)
(13169468867, 3)
(2629, 4)
(13179495109, 3)
