(1, 2)
(22118209, 2)
(2, 4)
(44236418, 4)
(4, 0)
(88472836, 0)
(8, 2)
(176945672, 2)
(9, 0)
(199063881, 0)
(11, 1)
(243300299, 1)
(15, 2)
(331773135, 5)
(16, 4)
(353891344, 4)
(18, 0)
(398127762, 0)
(22, 2)
(486600598, 2)
(23, 4)
(508718807, 4)
(25, 0)
(552955225, 0)
(29, 4)
(641428061, 4)
(30, 4)
(663546270, 3)
(32, 0)
(707782688, 0)
(36, 4)
(796255524, 4)
(37, 4)
(818373733, 4)
(39, 0)
(862610151, 0)
(43, 4)
(951082987, 3)
(44, 1)
(973201196, 1)
(46, 1)
(1017437614, 1)
(50, 4)
(1105910450, 4)
(51, 4)
(1128028659, 3)
(53, 1)
(1172265077, 6)
(57, 6)
(1260737913, 6)
(58, 1)
(1282856122, 1)
(60, 0)
(1327092540, 0)
(64, 6)
(1415565376, 6)
(65, 1)
(1437683585, 6)
(67, 1)
(1481920003, 1)
(71, 1)
(1570392839, 1)
(72, 1)
(1592511048, 1)
(74, 1)
(1636747466, 1)
(78, 1)
(1725220302, 1)
(79, 5)
(1747338511, 2)
(81, 1)
(1791574929, 1)
(85, 3)
(1880047765, 3)
(86, 2)
(1902165974, 5)
(88, 1)
(1946402392, 1)
(92, 5)
(2034875228, 5)
(93, 5)
(2056993437, 5)
(95, 1)
(2101229855, 6)
(99, 5)
(2189702691, 5)
(100, 2)
(2211820900, 2)
(102, 1)
(2256057318, 6)
(106, 0)
(2344530154, 0)
(107, 6)
(2366648363, 1)
(109, 1)
(2410884781, 1)
(113, 2)
(2499357617, 5)
(114, 6)
(2521475826, 6)
(116, 2)
(2565712244, 2)
(120, 4)
(2654185080, 3)
(121, 3)
(2676303289, 3)
(123, 2)
(2720539707, 5)
(127, 6)
(2809012543, 1)
(128, 0)
(2831130752, 0)
(130, 2)
(2875367170, 5)
(134, 1)
(2963840006, 1)
(135, 0)
(2985958215, 0)
(137, 3)
(3030194633, 4)
(141, 5)
(3118667469, 2)
(142, 4)
(3140785678, 4)
(144, 2)
(3185022096, 2)
(148, 0)
(3273494932, 0)
(149, 1)
(3295613141, 6)
(151, 3)
(3339849559, 4)
(155, 2)
(3428322395, 5)
(156, 5)
(3450440604, 5)
(158, 3)
(3494677022, 4)
(162, 6)
(3583149858, 6)
(163, 2)
(3605268067, 2)
(165, 3)
(3649504485, 4)
(169, 3)
(3737977321, 3)
(170, 3)
(3760095530, 3)
(172, 4)
(3804331948, 3)
(176, 0)
(3892804784, 0)
(177, 3)
(3914922993, 3)
(179, 5)
(3959159411, 2)
(183, 4)
(4047632247, 3)
(184, 4)
(4069750456, 4)
(186, 5)
(4113986874, 5)
(190, 1)
(4202459710, 6)
(191, 5)
(4224577919, 5)
(193, 5)
(4268814337, 2)
(197, 0)
(4357287173, 0)
(198, 2)
(4379405382, 2)
(200, 6)
(4423641800, 6)
(204, 4)
(4512114636, 3)
(205, 3)
(4534232845, 3)
(207, 6)
(4578469263, 6)
(211, 5)
(4666942099, 5)
(212, 4)
(4689060308, 3)
(214, 0)
(4733296726, 0)
(218, 4)
(4821769562, 4)
(219, 1)
(4843887771, 6)
(221, 1)
(4888124189, 6)
(225, 3)
(4976597025, 3)
(226, 6)
(4998715234, 1)
(228, 1)
(5042951652, 1)
(232, 4)
(5131424488, 4)
(233, 4)
(5153542697, 3)
(235, 2)
(5197779115, 2)
(239, 5)
(5286251951, 2)
(240, 5)
(5308370160, 2)
(242, 3)
(5352606578, 3)
(246, 6)
(5441079414, 1)
(247, 3)
(5463197623, 3)
(249, 3)
(5507434041, 3)
(253, 2)
(5595906877, 2)
(254, 5)
(5618025086, 2)
(256, 5)
(5662261504, 5)
(260, 5)
(5750734340, 2)
(261, 6)
(5772852549, 6)
(263, 6)
(5817088967, 6)
(267, 1)
(5905561803, 6)
(268, 1)
(5927680012, 1)
(270, 6)
(5971916430, 1)
(274, 6)
(6060389266, 1)
(275, 3)
(6082507475, 3)
(277, 1)
(6126743893, 6)
(281, 6)
(6215216729, 1)
(282, 1)
(6237334938, 6)
(284, 2)
(6281571356, 2)
(288, 4)
(6370044192, 4)
(289, 0)
(6392162401, 0)
(291, 4)
(6436398819, 4)
(295, 4)
(6524871655, 3)
(296, 6)
(6546989864, 6)
(298, 5)
(6591226282, 2)
(302, 6)
(6679699118, 1)
(303, 1)
(6701817327, 6)
(305, 0)
(6746053745, 0)
(309, 1)
(6834526581, 6)
(310, 4)
(6856644790, 3)
(312, 1)
(6900881208, 1)
(316, 5)
(6989354044, 2)
(317, 0)
(7011472253, 0)
(319, 3)
(7055708671, 3)
(323, 2)
(7144181507, 5)
(324, 6)
(7166299716, 6)
(326, 6)
(7210536134, 6)
(330, 1)
(7299008970, 6)
(331, 6)
(7321127179, 1)
(333, 0)
(7365363597, 0)
(337, 2)
(7453836433, 5)
(338, 3)
(7475954642, 3)
(340, 2)
(7520191060, 2)
(344, 5)
(7608663896, 2)
(345, 6)
(7630782105, 1)
(347, 5)
(7675018523, 2)
(351, 1)
(7763491359, 1)
(352, 0)
(7785609568, 0)
(354, 0)
(7829845986, 0)
(358, 6)
(7918318822, 1)
(359, 1)
(7940437031, 6)
(361, 3)
(7984673449, 3)
(365, 6)
(8073146285, 6)
(366, 5)
(8095264494, 2)
(368, 6)
(8139500912, 6)
(372, 1)
(8227973748, 1)
(373, 3)
(8250091957, 4)
(375, 1)
(8294328375, 6)
(379, 5)
(8382801211, 5)
(380, 5)
(8404919420, 2)
(382, 5)
(8449155838, 5)
(386, 4)
(8537628674, 3)
(387, 3)
(8559746883, 4)
(389, 2)
(8603983301, 2)
(393, 5)
(8692456137, 5)
(394, 2)
(8714574346, 2)
(396, 5)
(8758810764, 5)
(400, 1)
(8847283600, 1)
(401, 5)
(8869401809, 5)
(403, 2)
(8913638227, 2)
(407, 1)
(9002111063, 1)
(408, 4)
(9024229272, 3)
(410, 6)
(9068465690, 6)
(414, 1)
(9156938526, 1)
(415, 1)
(9179056735, 6)
(417, 3)
(9223293153, 4)
(421, 0)
(9311765989, 0)
(422, 2)
(9333884198, 2)
(424, 1)
(9378120616, 6)
(428, 6)
(9466593452, 1)
(429, 2)
(9488711661, 2)
(431, 0)
(9532948079, 0)
(435, 2)
(9621420915, 5)
(436, 4)
(9643539124, 4)
(438, 4)
(9687775542, 3)
(442, 2)
(9776248378, 5)
(443, 3)
(9798366587, 3)
(445, 3)
(9842603005, 3)
(449, 6)
(9931075841, 6)
(450, 1)
(9953194050, 1)
(452, 3)
(9997430468, 4)
(456, 5)
(10085903304, 5)
(457, 1)
(10108021513, 1)
(459, 1)
(10152257931, 6)
(463, 1)
(10240730767, 6)
(464, 2)
(10262848976, 2)
(466, 2)
(10307085394, 5)
(470, 1)
(10395558230, 1)
(471, 2)
(10417676439, 5)
(473, 2)
(10461912857, 5)
(477, 5)
(10550385693, 2)
(478, 4)
(10572503902, 3)
(480, 1)
(10616740320, 6)
(484, 1)
(10705213156, 1)
(485, 3)
(10727331365, 4)
(487, 3)
(10771567783, 3)
(491, 1)
(10860040619, 6)
(492, 2)
(10882158828, 5)
(494, 5)
(10926395246, 5)
(498, 5)
(11014868082, 5)
(499, 6)
(11036986291, 6)
(501, 6)
(11081222709, 1)
(505, 1)
(11169695545, 1)
(506, 1)
(11191813754, 1)
(508, 2)
(11236050172, 5)
(512, 3)
(11324523008, 3)
(513, 2)
(11346641217, 2)
(515, 6)
(11390877635, 6)
(519, 2)
(11479350471, 5)
(520, 2)
(11501468680, 5)
(522, 1)
(11545705098, 1)
(526, 2)
(11634177934, 2)
(527, 3)
(11656296143, 4)
(529, 6)
(11700532561, 6)
(533, 1)
(11789005397, 6)
(534, 0)
(11811123606, 0)
(536, 5)
(11855360024, 5)
(540, 6)
(11943832860, 1)
(541, 0)
(11965951069, 0)
(543, 2)
(12010187487, 2)
(547, 5)
(12098660323, 2)
(548, 4)
(12120778532, 3)
(550, 2)
(12165014950, 2)
(554, 3)
(12253487786, 4)
(555, 1)
(12275605995, 6)
(557, 3)
(12319842413, 4)
(561, 4)
(12408315249, 3)
(562, 1)
(12430433458, 6)
(564, 2)
(12474669876, 5)
(568, 4)
(12563142712, 4)
(569, 2)
(12585260921, 2)
(571, 5)
(12629497339, 5)
(575, 0)
(12717970175, 0)
(576, 3)
(12740088384, 3)
(578, 1)
(12784324802, 1)
(582, 4)
(12872797638, 4)
(583, 0)
(12894915847, 0)
(585, 3)
(12939152265, 4)
(589, 4)
(13027625101, 4)
(590, 2)
(13049743310, 5)
(592, 1)
(13093979728, 1)
(596, 2)
(13182452564, 5)
(597, 4)
(13204570773, 3)
(599, 0)
(13248807191, 0)
(603, 6)
(13337280027, 6)
(604, 6)
(13359398236, 1)
(606, 6)
(13403634654, 1)
(610, 3)
(13492107490, 3)
(611, 6)
(13514225699, 1)
(613, 0)
(13558462117, 0)
(617, 5)
(13646934953, 2)
(618, 3)
(13669053162, 4)
(620, 2)
(13713289580, 5)
(624, 3)
(13801762416, 3)
(625, 0)
(13823880625, 0)
(627, 4)
(13868117043, 4)
(631, 3)
(13956589879, 4)
(632, 6)
(13978708088, 1)
(634, 2)
(14022944506, 5)
(638, 1)
(14111417342, 1)
(639, 2)
(14133535551, 2)
(641, 2)
(14177771969, 5)
(645, 4)
(14266244805, 4)
(646, 2)
(14288363014, 5)
(648, 0)
(14332599432, 0)
(652, 2)
(14421072268, 2)
(653, 1)
(14443190477, 6)
(655, 2)
(14487426895, 5)
(659, 2)
(14575899731, 2)
(660, 4)
(14598017940, 3)
(662, 6)
(14642254358, 1)
(666, 4)
(14730727194, 4)
(667, 1)
(14752845403, 1)
(669, 2)
(14797081821, 2)
(673, 1)
(14885554657, 1)
(674, 1)
(14907672866, 6)
(676, 3)
(14951909284, 3)
(680, 2)
(15040382120, 2)
(681, 5)
(15062500329, 5)
(683, 5)
(15106736747, 5)
(687, 0)
(15195209583, 0)
(688, 0)
(15217327792, 0)
(690, 6)
(15261564210, 1)
(694, 4)
(15350037046, 3)
(695, 2)
(15372155255, 2)
(697, 5)
(15416391673, 5)
(701, 2)
(15504864509, 5)
(702, 5)
(15526982718, 5)
(704, 6)
(15571219136, 6)
(708, 4)
(15659691972, 4)
(709, 3)
(15681810181, 4)
(711, 0)
(15726046599, 0)
(715, 2)
(15814519435, 5)
(716, 5)
(15836637644, 2)
(718, 5)
(15880874062, 2)
(722, 3)
(15969346898, 3)
(723, 1)
(15991465107, 6)
(725, 5)
(16035701525, 5)
(729, 5)
(16124174361, 5)
(730, 0)
(16146292570, 0)
(732, 6)
(16190528988, 1)
(736, 0)
(16279001824, 0)
(737, 3)
(16301120033, 3)
(739, 5)
(16345356451, 5)
(743, 0)
(16433829287, 0)
(744, 1)
(16455947496, 1)
(746, 0)
(16500183914, 0)
(750, 5)
(16588656750, 2)
(751, 6)
(16610774959, 1)
(753, 1)
(16655011377, 1)
(757, 0)
(16743484213, 0)
(758, 5)
(16765602422, 5)
(760, 1)
(16809838840, 6)
(764, 4)
(16898311676, 4)
(765, 3)
(16920429885, 3)
(767, 5)
(16964666303, 5)
(771, 3)
(17053139139, 4)
(772, 2)
(17075257348, 5)
(774, 1)
(17119493766, 6)
(778, 1)
(17207966602, 1)
(779, 6)
(17230084811, 1)
(781, 5)
(17274321229, 5)
(785, 0)
(17362794065, 0)
(786, 3)
(17384912274, 3)
(788, 4)
(17429148692, 4)
(792, 5)
(17517621528, 5)
(793, 1)
(17539739737, 6)
(795, 4)
(17583976155, 4)
(799, 1)
(17672448991, 1)
(800, 2)
(17694567200, 2)
(802, 4)
(17738803618, 4)
(806, 2)
(17827276454, 2)
(807, 3)
(17849394663, 4)
(809, 1)
(17893631081, 6)
(813, 1)
(17982103917, 1)
(814, 3)
(18004222126, 3)
(816, 0)
(18048458544, 0)
(820, 2)
(18136931380, 2)
(821, 3)
(18159049589, 3)
(823, 5)
(18203286007, 5)
(827, 0)
(18291758843, 0)
(828, 4)
(18313877052, 4)
(830, 1)
(18358113470, 6)
(834, 0)
(18446586306, 0)
(835, 5)
(18468704515, 5)
(837, 6)
(18512940933, 6)
(841, 5)
(18601413769, 5)
(842, 0)
(18623531978, 0)
(844, 5)
(18667768396, 5)
(848, 4)
(18756241232, 3)
(849, 4)
(18778359441, 3)
(851, 3)
(18822595859, 3)
(855, 4)
(18911068695, 3)
(856, 2)
(18933186904, 5)
(858, 1)
(18977423322, 1)
(862, 1)
(19065896158, 1)
(863, 2)
(19088014367, 2)
(865, 2)
(19132250785, 2)
(869, 0)
(19220723621, 0)
(870, 5)
(19242841830, 2)
(872, 3)
(19287078248, 3)
(876, 1)
(19375551084, 6)
(877, 0)
(19397669293, 0)
(879, 5)
(19441905711, 5)
(883, 5)
(19530378547, 5)
(884, 5)
(19552496756, 2)
(886, 5)
(19596733174, 5)
(890, 5)
(19685206010, 5)
(891, 4)
(19707324219, 4)
(893, 3)
(19751560637, 4)
(897, 3)
(19840033473, 3)
(898, 3)
(19862151682, 3)
(900, 4)
(19906388100, 4)
(904, 5)
(19994860936, 2)
(905, 3)
(20016979145, 4)
(907, 3)
(20061215563, 3)
(911, 6)
(20149688399, 6)
(912, 2)
(20171806608, 2)
(914, 2)
(20216043026, 2)
(918, 4)
(20304515862, 3)
(919, 6)
(20326634071, 6)
(921, 6)
(20370870489, 6)
(925, 2)
(20459343325, 2)
(926, 6)
(20481461534, 1)
(928, 0)
(20525697952, 0)
(932, 2)
(20614170788, 5)
(933, 2)
(20636288997, 2)
(935, 3)
(20680525415, 3)
(939, 4)
(20768998251, 4)
(940, 2)
(20791116460, 2)
(942, 4)
(20835352878, 3)
(946, 4)
(20923825714, 3)
(947, 3)
(20945943923, 4)
(949, 4)
(20990180341, 3)
(953, 0)
(21078653177, 0)
(954, 2)
(21100771386, 5)
(956, 1)
(21145007804, 6)
(960, 3)
(21233480640, 4)
(961, 3)
(21255598849, 3)
(963, 2)
(21299835267, 5)
(967, 2)
(21388308103, 5)
(968, 0)
(21410426312, 0)
(970, 5)
(21454662730, 2)
(974, 4)
(21543135566, 4)
(975, 4)
(21565253775, 4)
(977, 5)
(21609490193, 2)
(981, 6)
(21697963029, 6)
(982, 2)
(21720081238, 5)
(984, 4)
(21764317656, 3)
(988, 0)
(21852790492, 0)
(989, 5)
(21874908701, 2)
(991, 0)
(21919145119, 0)
(995, 4)
(22007617955, 4)
(996, 3)
(22029736164, 3)
(998, 0)
(22073972582, 0)
(1002, 3)
(22162445418, 4)
(1003, 1)
(22184563627, 6)
(1005, 1)
(22228800045, 6)
(1009, 3)
(22317272881, 4)
(1010, 3)
(22339391090, 3)
(1012, 0)
(22383627508, 0)
(1016, 3)
(22472100344, 4)
(1017, 6)
(22494218553, 1)
(1019, 6)
(22538454971, 1)
(1023, 1)
(22626927807, 1)
(1024, 1)
(22649046016, 1)
(1026, 0)
(22693282434, 0)
(1030, 6)
(22781755270, 6)
(1031, 3)
(22803873479, 3)
(1033, 0)
(22848109897, 0)
(1037, 6)
(22936582733, 6)
(1038, 5)
(22958700942, 2)
(1040, 1)
(23002937360, 6)
(1044, 3)
(23091410196, 3)
(1045, 2)
(23113528405, 5)
(1047, 1)
(23157764823, 6)
(1051, 6)
(23246237659, 1)
(1052, 2)
(23268355868, 2)
(1054, 1)
(23312592286, 6)
(1058, 6)
(23401065122, 6)
(1059, 5)
(23423183331, 2)
(1061, 6)
(23467419749, 6)
(1065, 4)
(23555892585, 3)
(1066, 0)
(23578010794, 0)
(1068, 1)
(23622247212, 6)
(1072, 0)
(23710720048, 0)
(1073, 1)
(23732838257, 1)
(1075, 0)
(23777074675, 0)
(1079, 3)
(23865547511, 3)
(1080, 5)
(23887665720, 2)
(1082, 6)
(23931902138, 6)
(1086, 5)
(24020374974, 5)
(1087, 1)
(24042493183, 1)
(1089, 5)
(24086729601, 5)
(1093, 6)
(24175202437, 6)
(1094, 0)
(24197320646, 0)
(1096, 4)
(24241557064, 3)
(1100, 3)
(24330029900, 3)
(1101, 2)
(24352148109, 5)
(1103, 3)
(24396384527, 4)
(1107, 4)
(24484857363, 3)
(1108, 4)
(24506975572, 3)
(1110, 6)
(24551211990, 1)
(1114, 2)
(24639684826, 5)
(1115, 6)
(24661803035, 1)
(1117, 4)
(24706039453, 3)
(1121, 5)
(24794512289, 5)
(1122, 5)
(24816630498, 2)
(1124, 6)
(24860866916, 1)
(1128, 1)
(24949339752, 6)
(1129, 5)
(24971457961, 5)
(1131, 1)
(25015694379, 1)
(1135, 3)
(25104167215, 4)
(1136, 3)
(25126285424, 3)
(1138, 6)
(25170521842, 6)
(1142, 5)
(25258994678, 5)
(1143, 2)
(25281112887, 5)
(1145, 5)
(25325349305, 5)
(1149, 4)
(25413822141, 4)
(1150, 4)
(25435940350, 4)
(1152, 6)
(25480176768, 6)
(1156, 1)
(25568649604, 1)
(1157, 6)
(25590767813, 1)
(1159, 1)
(25635004231, 6)
(1163, 0)
(25723477067, 0)
(1164, 4)
(25745595276, 4)
(1166, 1)
(25789831694, 6)
(1170, 4)
(25878304530, 3)
(1171, 0)
(25900422739, 0)
(1173, 4)
(25944659157, 3)
(1177, 0)
(26033131993, 0)
(1178, 5)
(26055250202, 5)
(1180, 6)
(26099486620, 1)
(1184, 1)
(26187959456, 1)
(1185, 5)
(26210077665, 5)
(1187, 2)
(26254314083, 5)
(1191, 5)
(26342786919, 2)
(1192, 6)
(26364905128, 1)
(1194, 6)
(26409141546, 1)
(1198, 2)
(26497614382, 5)
(1199, 5)
(26519732591, 5)
(1201, 0)
(26563969009, 0)
(1205, 6)
(26652441845, 6)
(1206, 2)
(26674560054, 2)
(1208, 4)
(26718796472, 3)
(1212, 6)
(26807269308, 1)
(1213, 0)
(26829387517, 0)
(1215, 6)
(26873623935, 1)
(1219, 3)
(26962096771, 4)
(1220, 3)
(26984214980, 3)
(1222, 3)
(27028451398, 4)
(1226, 4)
(27116924234, 4)
(1227, 1)
(27139042443, 1)
(1229, 1)
(27183278861, 1)
(1233, 3)
(27271751697, 4)
(1234, 1)
(27293869906, 6)
(1236, 4)
(27338106324, 3)
(1240, 2)
(27426579160, 5)
(1241, 0)
(27448697369, 0)
(1243, 4)
(27492933787, 3)
(1247, 6)
(27581406623, 1)
(1248, 2)
(27603524832, 2)
(1250, 4)
(27647761250, 4)
(1254, 6)
(27736234086, 6)
(1255, 4)
(27758352295, 3)
(1257, 6)
(27802588713, 6)
(1261, 6)
(27891061549, 6)
(1262, 0)
(27913179758, 0)
(1264, 5)
(27957416176, 2)
(1268, 2)
(28045889012, 5)
(1269, 4)
(28068007221, 3)
(1271, 4)
(28112243639, 3)
(1275, 5)
(28200716475, 2)
(1276, 1)
(28222834684, 1)
(1278, 1)
(28267071102, 1)
(1282, 3)
(28355543938, 4)
(1283, 1)
(28377662147, 1)
(1285, 2)
(28421898565, 2)
(1289, 0)
(28510371401, 0)
(1290, 2)
(28532489610, 2)
(1292, 2)
(28576726028, 5)
(1296, 5)
(28665198864, 5)
(1297, 6)
(28687317073, 1)
(1299, 1)
(28731553491, 6)
(1303, 1)
(28820026327, 1)
(1304, 0)
(28842144536, 0)
(1306, 5)
(28886380954, 2)
(1310, 1)
(28974853790, 6)
(1311, 6)
(28996971999, 6)
(1313, 5)
(29041208417, 2)
(1317, 6)
(29129681253, 6)
(1318, 2)
(29151799462, 2)
(1320, 4)
(29196035880, 3)
(1324, 6)
(29284508716, 1)
(1325, 0)
(29306626925, 0)
(1327, 2)
(29350863343, 5)
(1331, 6)
(29439336179, 6)
(1332, 1)
(29461454388, 1)
(1334, 5)
(29505690806, 5)
(1338, 1)
(29594163642, 1)
(1339, 2)
(29616281851, 5)
(1341, 2)
(29660518269, 5)
(1345, 0)
(29748991105, 0)
(1346, 1)
(29771109314, 1)
(1348, 3)
(29815345732, 4)
(1352, 4)
(29903818568, 4)
(1353, 2)
(29925936777, 5)
(1355, 5)
(29970173195, 2)
(1359, 2)
(30058646031, 5)
(1360, 0)
(30080764240, 0)
(1362, 2)
(30125000658, 2)
(1366, 5)
(30213473494, 5)
(1367, 0)
(30235591703, 0)
(1369, 0)
(30279828121, 0)
(1373, 5)
(30368300957, 5)
(1374, 3)
(30390419166, 4)
(1376, 2)
(30434655584, 5)
(1380, 1)
(30523128420, 6)
(1381, 2)
(30545246629, 2)
(1383, 6)
(30589483047, 6)
(1387, 2)
(30677955883, 5)
(1388, 5)
(30700074092, 2)
(1390, 1)
(30744310510, 1)
(1394, 3)
(30832783346, 3)
(1395, 3)
(30854901555, 4)
(1397, 4)
(30899137973, 3)
(1401, 1)
(30987610809, 1)
(1402, 0)
(31009729018, 0)
(1404, 5)
(31053965436, 5)
(1408, 0)
(31142438272, 0)
(1409, 5)
(31164556481, 5)
(1411, 4)
(31208792899, 3)
(1415, 3)
(31297265735, 3)
(1416, 3)
(31319383944, 3)
(1418, 4)
(31363620362, 3)
(1422, 2)
(31452093198, 5)
(1423, 5)
(31474211407, 2)
(1425, 2)
(31518447825, 2)
(1429, 0)
(31606920661, 0)
(1430, 0)
(31629038870, 0)
(1432, 3)
(31673275288, 4)
(1436, 4)
(31761748124, 3)
(1437, 4)
(31783866333, 3)
(1439, 5)
(31828102751, 5)
(1443, 4)
(31916575587, 4)
(1444, 6)
(31938693796, 6)
(1446, 5)
(31982930214, 2)
(1450, 1)
(32071403050, 1)
(1451, 5)
(32093521259, 2)
(1453, 4)
(32137757677, 4)
(1457, 2)
(32226230513, 5)
(1458, 4)
(32248348722, 4)
(1460, 6)
(32292585140, 6)
(1464, 5)
(32381057976, 2)
(1465, 0)
(32403176185, 0)
(1467, 5)
(32447412603, 5)
(1471, 1)
(32535885439, 1)
(1472, 3)
(32558003648, 3)
(1474, 6)
(32602240066, 6)
(1478, 4)
(32690712902, 4)
(1479, 6)
(32712831111, 1)
(1481, 5)
(32757067529, 5)
(1485, 1)
(32845540365, 6)
(1486, 4)
(32867658574, 4)
(1488, 0)
(32911894992, 0)
(1492, 1)
(33000367828, 6)
(1493, 4)
(33022486037, 3)
(1495, 1)
(33066722455, 6)
(1499, 3)
(33155195291, 3)
(1500, 3)
(33177313500, 4)
(1502, 3)
(33221549918, 4)
(1506, 2)
(33310022754, 2)
(1507, 1)
(33332140963, 6)
(1509, 5)
(33376377381, 2)
(1513, 5)
(33464850217, 5)
(1514, 6)
(33486968426, 1)
(1516, 5)
(33531204844, 5)
(1520, 2)
(33619677680, 5)
(1521, 1)
(33641795889, 1)
(1523, 0)
(33686032307, 0)
(1527, 6)
(33774505143, 6)
(1528, 2)
(33796623352, 2)
(1530, 1)
(33840859770, 1)
(1534, 4)
(33929332606, 4)
(1535, 0)
(33951450815, 0)
(1537, 6)
(33995687233, 1)
(1541, 3)
(34084160069, 3)
(1542, 4)
(34106278278, 3)
(1544, 0)
(34150514696, 0)
(1548, 3)
(34238987532, 4)
(1549, 6)
(34261105741, 1)
(1551, 2)
(34305342159, 5)
(1555, 2)
(34393814995, 5)
(1556, 2)
(34415933204, 2)
(1558, 5)
(34460169622, 2)
(1562, 2)
(34548642458, 2)
(1563, 5)
(34570760667, 2)
(1565, 1)
(34614997085, 6)
(1569, 1)
(34703469921, 1)
(1570, 2)
(34725588130, 2)
(1572, 5)
(34769824548, 5)
(1576, 5)
(34858297384, 5)
(1577, 4)
(34880415593, 4)
(1579, 2)
(34924652011, 5)
(1583, 0)
(35013124847, 0)
(1584, 0)
(35035243056, 0)
(1586, 4)
(35079479474, 3)
(1590, 0)
(35167952310, 0)
(1591, 1)
(35190070519, 6)
(1593, 1)
(35234306937, 1)
(1597, 3)
(35322779773, 3)
(1598, 0)
(35344897982, 0)
(1600, 5)
(35389134400, 5)
(1604, 0)
(35477607236, 0)
(1605, 2)
(35499725445, 2)
(1607, 5)
(35543961863, 5)
(1611, 4)
(35632434699, 3)
(1612, 2)
(35654552908, 2)
(1614, 3)
(35698789326, 4)
(1618, 3)
(35787262162, 4)
(1619, 2)
(35809380371, 2)
(1621, 3)
(35853616789, 4)
(1625, 4)
(35942089625, 3)
(1626, 4)
(35964207834, 4)
(1628, 5)
(36008444252, 5)
(1632, 0)
(36096917088, 0)
(1633, 5)
(36119035297, 5)
(1635, 1)
(36163271715, 6)
(1639, 3)
(36251744551, 4)
(1640, 5)
(36273862760, 5)
(1642, 4)
(36318099178, 4)
(1646, 2)
(36406572014, 2)
(1647, 4)
(36428690223, 3)
(1649, 1)
(36472926641, 6)
(1653, 3)
(36561399477, 3)
(1654, 5)
(36583517686, 5)
(1656, 6)
(36627754104, 6)
(1660, 6)
(36716226940, 1)
(1661, 2)
(36738345149, 5)
(1663, 1)
(36782581567, 1)
(1667, 3)
(36871054403, 4)
(1668, 3)
(36893172612, 4)
(1670, 6)
(36937409030, 6)
(1674, 3)
(37025881866, 3)
(1675, 0)
(37048000075, 0)
(1677, 1)
(37092236493, 6)
(1681, 1)
(37180709329, 1)
(1682, 3)
(37202827538, 3)
(1684, 4)
(37247063956, 3)
(1688, 5)
(37335536792, 5)
(1689, 0)
(37357655001, 0)
(1691, 4)
(37401891419, 3)
(1695, 4)
(37490364255, 4)
(1696, 4)
(37512482464, 3)
(1698, 0)
(37556718882, 0)
(1702, 1)
(37645191718, 1)
(1703, 4)
(37667309927, 4)
(1705, 1)
(37711546345, 6)
(1709, 1)
(37800019181, 6)
(1710, 2)
(37822137390, 5)
(1712, 0)
(37866373808, 0)
(1716, 3)
(37954846644, 3)
(1717, 2)
(37976964853, 2)
(1719, 6)
(38021201271, 6)
(1723, 6)
(38109674107, 1)
(1724, 0)
(38131792316, 0)
(1726, 2)
(38176028734, 2)
(1730, 0)
(38264501570, 0)
(1731, 2)
(38286619779, 5)
(1733, 4)
(38330856197, 4)
(1737, 3)
(38419329033, 4)
(1738, 2)
(38441447242, 5)
(1740, 2)
(38485683660, 5)
(1744, 4)
(38574156496, 4)
(1745, 1)
(38596274705, 1)
(1747, 5)
(38640511123, 2)
(1751, 2)
(38728983959, 2)
(1752, 4)
(38751102168, 3)
(1754, 5)
(38795338586, 2)
(1758, 4)
(38883811422, 4)
(1759, 1)
(38905929631, 6)
(1761, 6)
(38950166049, 1)
(1765, 0)
(39038638885, 0)
(1766, 3)
(39060757094, 3)
(1768, 2)
(39104993512, 5)
(1772, 3)
(39193466348, 3)
(1773, 6)
(39215584557, 6)
(1775, 5)
(39259820975, 5)
(1779, 5)
(39348293811, 2)
(1780, 4)
(39370412020, 4)
(1782, 4)
(39414648438, 4)
(1786, 2)
(39503121274, 5)
(1787, 0)
(39525239483, 0)
(1789, 4)
(39569475901, 4)
(1793, 3)
(39657948737, 3)
(1794, 3)
(39680066946, 3)
(1796, 6)
(39724303364, 6)
(1800, 5)
(39812776200, 5)
(1801, 1)
(39834894409, 1)
(1803, 1)
(39879130827, 6)
(1807, 1)
(39967603663, 6)
(1808, 2)
(39989721872, 5)
(1810, 3)
(40033958290, 4)
(1814, 1)
(40122431126, 1)
(1815, 5)
(40144549335, 2)
(1817, 5)
(40188785753, 2)
(1821, 3)
(40277258589, 4)
(1822, 5)
(40299376798, 5)
(1824, 1)
(40343613216, 1)
(1828, 5)
(40432086052, 5)
(1829, 3)
(40454204261, 3)
(1831, 3)
(40498440679, 3)
(1835, 5)
(40586913515, 5)
(1836, 1)
(40609031724, 6)
(1838, 5)
(40653268142, 5)
(1842, 0)
(40741740978, 0)
(1843, 5)
(40763859187, 5)
(1845, 3)
(40808095605, 3)
(1849, 2)
(40896568441, 2)
(1850, 6)
(40918686650, 6)
(1852, 2)
(40962923068, 5)
(1856, 3)
(41051395904, 3)
(1857, 2)
(41073514113, 2)
(1859, 1)
(41117750531, 1)
(1863, 2)
(41206223367, 2)
(1864, 1)
(41228341576, 6)
(1866, 5)
(41272577994, 5)
(1870, 3)
(41361050830, 3)
(1871, 4)
(41383169039, 3)
(1873, 2)
(41427405457, 5)
(1877, 1)
(41515878293, 1)
(1878, 2)
(41537996502, 2)
(1880, 6)
(41582232920, 6)
(1884, 2)
(41670705756, 5)
(1885, 5)
(41692823965, 2)
(1887, 1)
(41737060383, 6)
(1891, 5)
(41825533219, 2)
(1892, 1)
(41847651428, 6)
(1894, 3)
(41891887846, 4)
(1898, 2)
(41980360682, 5)
(1899, 2)
(42002478891, 2)
(1901, 0)
(42046715309, 0)
(1905, 2)
(42135188145, 2)
(1906, 0)
(42157306354, 0)
(1908, 6)
(42201542772, 1)
(1912, 2)
(42290015608, 5)
(1913, 3)
(42312133817, 3)
(1915, 6)
(42356370235, 1)
(1919, 2)
(42444843071, 5)
(1920, 5)
(42466961280, 2)
(1922, 2)
(42511197698, 2)
(1926, 4)
(42599670534, 3)
(1927, 3)
(42621788743, 3)
(1929, 0)
(42666025161, 0)
(1933, 5)
(42754497997, 2)
(1934, 0)
(42776616206, 0)
(1936, 3)
(42820852624, 3)
(1940, 3)
(42909325460, 4)
(1941, 1)
(42931443669, 6)
(1943, 2)
(42975680087, 2)
(1947, 4)
(43064152923, 4)
(1948, 6)
(43086271132, 6)
(1950, 5)
(43130507550, 5)
(1954, 1)
(43218980386, 6)
(1955, 3)
(43241098595, 3)
(1957, 3)
(43285335013, 4)
(1961, 0)
(43373807849, 0)
(1962, 2)
(43395926058, 2)
(1964, 1)
(43440162476, 6)
(1968, 0)
(43528635312, 0)
(1969, 0)
(43550753521, 0)
(1971, 2)
(43594989939, 5)
(1975, 0)
(43683462775, 0)
(1976, 4)
(43705580984, 4)
(1978, 3)
(43749817402, 4)
(1982, 2)
(43838290238, 5)
(1983, 2)
(43860408447, 5)
(1985, 4)
(43904644865, 4)
(1989, 3)
(43993117701, 4)
(1990, 2)
(44015235910, 2)
(1992, 3)
(44059472328, 3)
(1996, 6)
(44147945164, 6)
(1997, 0)
(44170063373, 0)
(1999, 5)
(44214299791, 2)
(2003, 1)
(44302772627, 6)
(2004, 1)
(44324890836, 6)
(2006, 6)
(44369127254, 1)
(2010, 6)
(44457600090, 1)
(2011, 0)
(44479718299, 0)
(2013, 1)
(44523954717, 6)
(2017, 1)
(44612427553, 6)
(2018, 3)
(44634545762, 4)
(2020, 1)
(44678782180, 1)
(2024, 5)
(44767255016, 5)
(2025, 1)
(44789373225, 1)
(2027, 4)
(44833609643, 3)
(2031, 0)
(44922082479, 0)
(2032, 5)
(44944200688, 2)
(2034, 3)
(44988437106, 4)
(2038, 6)
(45076909942, 1)
(2039, 4)
(45099028151, 3)
(2041, 3)
(45143264569, 4)
(2045, 4)
(45231737405, 3)
(2046, 0)
(45253855614, 0)
(2048, 5)
(45298092032, 5)
(2052, 3)
(45386564868, 3)
(2053, 6)
(45408683077, 6)
(2055, 1)
(45452919495, 1)
(2059, 4)
(45541392331, 4)
(2060, 6)
(45563510540, 6)
(2062, 6)
(45607746958, 6)
(2066, 5)
(45696219794, 2)
(2067, 2)
(45718338003, 5)
(2069, 1)
(45762574421, 6)
(2073, 2)
(45851047257, 2)
(2074, 1)
(45873165466, 1)
(2076, 3)
(45917401884, 4)
(2080, 4)
(46005874720, 3)
(2081, 6)
(46027992929, 1)
(2083, 0)
(46072229347, 0)
(2087, 6)
(46160702183, 1)
(2088, 6)
(46182820392, 6)
(2090, 6)
(46227056810, 1)
(2094, 6)
(46315529646, 1)
(2095, 6)
(46337647855, 1)
(2097, 6)
(46381884273, 1)
(2101, 6)
(46470357109, 6)
(2102, 0)
(46492475318, 0)
(2104, 5)
(46536711736, 5)
(2108, 2)
(46625184572, 5)
(2109, 6)
(46647302781, 6)
(2111, 2)
(46691539199, 5)
(2115, 5)
(46780012035, 5)
(2116, 1)
(46802130244, 1)
(2118, 2)
(46846366662, 5)
(2122, 6)
(46934839498, 6)
(2123, 0)
(46956957707, 0)
(2125, 4)
(47001194125, 4)
(2129, 3)
(47089666961, 4)
(2130, 0)
(47111785170, 0)
(2132, 4)
(47156021588, 3)
(2136, 4)
(47244494424, 3)
(2137, 2)
(47266612633, 5)
(2139, 1)
(47310849051, 1)
(2143, 4)
(47399321887, 4)
(2144, 4)
(47421440096, 4)
(2146, 4)
(47465676514, 4)
(2150, 5)
(47554149350, 2)
(2151, 4)
(47576267559, 3)
(2153, 1)
(47620503977, 1)
(2157, 3)
(47708976813, 4)
(2158, 6)
(47731095022, 6)
(2160, 5)
(47775331440, 2)
(2164, 2)
(47863804276, 2)
(2165, 6)
(47885922485, 6)
(2167, 5)
(47930158903, 5)
(2171, 0)
(48018631739, 0)
(2172, 5)
(48040749948, 5)
(2174, 5)
(48084986366, 5)
(2178, 4)
(48173459202, 4)
(2179, 0)
(48195577411, 0)
(2181, 6)
(48239813829, 1)
(2185, 2)
(48328286665, 5)
(2186, 5)
(48350404874, 5)
(2188, 5)
(48394641292, 2)
(2192, 1)
(48483114128, 6)
(2193, 1)
(48505232337, 1)
(2195, 2)
(48549468755, 5)
(2199, 2)
(48637941591, 5)
(2200, 3)
(48660059800, 3)
(2202, 2)
(48704296218, 5)
(2206, 0)
(48792769054, 0)
(2207, 3)
(48814887263, 4)
(2209, 3)
(48859123681, 3)
(2213, 0)
(48947596517, 0)
(2214, 5)
(48969714726, 2)
(2216, 0)
(49013951144, 0)
(2220, 1)
(49102423980, 6)
(2221, 2)
(49124542189, 5)
(2223, 5)
(49168778607, 5)
(2227, 3)
(49257251443, 4)
(2228, 5)
(49279369652, 2)
(2230, 2)
(49323606070, 5)
(2234, 2)
(49412078906, 5)
(2235, 3)
(49434197115, 3)
(2237, 5)
(49478433533, 5)
(2241, 3)
(49566906369, 3)
(2242, 4)
(49589024578, 4)
(2244, 6)
(49633260996, 1)
(2248, 1)
(49721733832, 6)
(2249, 1)
(49743852041, 6)
(2251, 0)
(49788088459, 0)
(2255, 2)
(49876561295, 2)
(2256, 4)
(49898679504, 3)
(2258, 4)
(49942915922, 4)
(2262, 4)
(50031388758, 4)
(2263, 5)
(50053506967, 2)
(2265, 0)
(50097743385, 0)
(2269, 0)
(50186216221, 0)
(2270, 6)
(50208334430, 1)
(2272, 1)
(50252570848, 1)
(2276, 2)
(50341043684, 2)
(2277, 0)
(50363161893, 0)
(2279, 4)
(50407398311, 4)
(2283, 3)
(50495871147, 3)
(2284, 5)
(50517989356, 5)
(2286, 1)
(50562225774, 6)
(2290, 3)
(50650698610, 3)
(2291, 1)
(50672816819, 6)
(2293, 6)
(50717053237, 1)
(2297, 2)
(50805526073, 5)
(2298, 0)
(50827644282, 0)
(2300, 0)
(50871880700, 0)
(2304, 5)
(50960353536, 5)
(2305, 6)
(50982471745, 1)
(2307, 1)
(51026708163, 1)
(2311, 3)
(51115180999, 4)
(2312, 6)
(51137299208, 6)
(2314, 4)
(51181535626, 3)
(2318, 0)
(51270008462, 0)
(2319, 3)
(51292126671, 3)
(2321, 5)
(51336363089, 5)
(2325, 5)
(51424835925, 5)
(2326, 5)
(51446954134, 5)
(2328, 4)
(51491190552, 4)
(2332, 6)
(51579663388, 1)
(2333, 4)
(51601781597, 3)
(2335, 3)
(51646018015, 4)
(2339, 6)
(51734490851, 1)
(2340, 0)
(51756609060, 0)
(2342, 1)
(51800845478, 6)
(2346, 5)
(51889318314, 2)
(2347, 3)
(51911436523, 4)
(2349, 2)
(51955672941, 2)
(2353, 0)
(52044145777, 0)
(2354, 6)
(52066263986, 1)
(2356, 6)
(52110500404, 6)
(2360, 0)
(52198973240, 0)
(2361, 3)
(52221091449, 3)
(2363, 3)
(52265327867, 3)
(2367, 3)
(52353800703, 3)
(2368, 5)
(52375918912, 5)
(2370, 3)
(52420155330, 3)
(2374, 2)
(52508628166, 5)
(2375, 1)
(52530746375, 6)
(2377, 6)
(52574982793, 1)
(2381, 4)
(52663455629, 4)
(2382, 3)
(52685573838, 4)
(2384, 3)
(52729810256, 4)
(2388, 2)
(52818283092, 5)
(2389, 4)
(52840401301, 4)
(2391, 6)
(52884637719, 1)
(2395, 4)
(52973110555, 4)
(2396, 5)
(52995228764, 2)
(2398, 0)
(53039465182, 0)
(2402, 5)
(53127938018, 2)
(2403, 2)
(53150056227, 5)
(2405, 3)
(53194292645, 4)
(2409, 6)
(53282765481, 1)
(2410, 5)
(53304883690, 5)
(2412, 6)
(53349120108, 6)
(2416, 2)
(53437592944, 5)
(2417, 5)
(53459711153, 5)
(2419, 1)
(53503947571, 6)
(2423, 4)
(53592420407, 4)
(2424, 6)
(53614538616, 1)
(2426, 4)
(53658775034, 3)
(2430, 4)
(53747247870, 3)
(2431, 6)
(53769366079, 1)
(2433, 4)
(53813602497, 4)
(2437, 5)
(53902075333, 5)
(2438, 1)
(53924193542, 6)
(2440, 3)
(53968429960, 3)
(2444, 6)
(54056902796, 1)
(2445, 0)
(54079021005, 0)
(2447, 2)
(54123257423, 2)
(2451, 4)
(54211730259, 3)
(2452, 1)
(54233848468, 1)
(2454, 0)
(54278084886, 0)
(2458, 5)
(54366557722, 5)
(2459, 3)
(54388675931, 3)
(2461, 6)
(54432912349, 1)
(2465, 0)
(54521385185, 0)
(2466, 1)
(54543503394, 6)
(2468, 5)
(54587739812, 2)
(2472, 2)
(54676212648, 5)
(2473, 5)
(54698330857, 5)
(2475, 1)
(54742567275, 1)
(2479, 1)
(54831040111, 1)
(2480, 0)
(54853158320, 0)
(2482, 1)
(54897394738, 1)
(2486, 5)
(54985867574, 2)
(2487, 4)
(55007985783, 4)
(2489, 3)
(55052222201, 3)
(2493, 6)
(55140695037, 1)
(2494, 0)
(55162813246, 0)
(2496, 4)
(55207049664, 4)
(2500, 6)
(55295522500, 6)
(2501, 5)
(55317640709, 5)
(2503, 0)
(55361877127, 0)
(2507, 0)
(55450349963, 0)
(2508, 4)
(55472468172, 4)
(2510, 1)
(55516704590, 6)
(2514, 5)
(55605177426, 5)
(2515, 5)
(55627295635, 5)
(2517, 4)
(55671532053, 3)
(2521, 4)
(55760004889, 3)
(2522, 2)
(55782123098, 2)
(2524, 1)
(55826359516, 6)
(2528, 4)
(55914832352, 3)
(2529, 3)
(55936950561, 4)
(2531, 3)
(55981186979, 4)
(2535, 6)
(56069659815, 1)
(2536, 3)
(56091778024, 4)
(2538, 5)
(56136014442, 2)
(2542, 5)
(56224487278, 2)
(2543, 3)
(56246605487, 3)
(2545, 3)
(56290841905, 4)
(2549, 4)
(56379314741, 4)
(2550, 1)
(56401432950, 6)
(2552, 6)
(56445669368, 6)
(2556, 4)
(56534142204, 4)
(2557, 6)
(56556260413, 1)
(2559, 5)
(56600496831, 2)
(2563, 3)
(56688969667, 4)
(2564, 4)
(56711087876, 3)
(2566, 5)
(56755324294, 5)
(2570, 6)
(56843797130, 6)
(2571, 0)
(56865915339, 0)
(2573, 2)
(56910151757, 2)
(2577, 3)
(56998624593, 4)
(2578, 3)
(57020742802, 4)
(2580, 6)
(57064979220, 6)
(2584, 2)
(57153452056, 5)
(2585, 3)
(57175570265, 3)
(2587, 1)
(57219806683, 6)
(2591, 5)
(57308279519, 2)
(2592, 2)
(57330397728, 2)
(2594, 4)
(57374634146, 3)
(2598, 5)
(57463106982, 2)
(2599, 1)
(57485225191, 6)
(2601, 5)
(57529461609, 5)
(2605, 3)
(57617934445, 3)
(2606, 1)
(57640052654, 1)
(2608, 0)
(57684289072, 0)
(2612, 2)
(57772761908, 5)
(2613, 5)
(57794880117, 5)
(2615, 0)
(57839116535, 0)
(2619, 1)
(57927589371, 1)
(2620, 5)
(57949707580, 2)
(2622, 5)
(57993943998, 5)
(2626, 1)
(58082416834, 6)
(2627, 3)
(58104535043, 3)
(2629, 4)
(58148771461, 3)
