(1, 2)
(25391521, 2)
(2, 4)
(50783042, 4)
(4, 0)
(101566084, 0)
(8, 2)
(203132168, 2)
(9, 0)
(228523689, 0)
(11, 1)
(279306731, 6)
(15, 2)
(380872815, 2)
(16, 4)
(406264336, 4)
(18, 0)
(457047378, 0)
(22, 2)
(558613462, 5)
(23, 4)
(584004983, 3)
(25, 0)
(634788025, 0)
(29, 4)
(736354109, 4)
(30, 4)
(761745630, 4)
(32, 0)
(812528672, 0)
(36, 4)
(914094756, 4)
(37, 4)
(939486277, 4)
(39, 0)
(990269319, 0)
(43, 4)
(1091835403, 4)
(44, 1)
(1117226924, 6)
(46, 1)
(1168009966, 6)
(50, 4)
(1269576050, 4)
(51, 4)
(1294967571, 3)
(53, 1)
(1345750613, 1)
(57, 6)
(1447316697, 1)
(58, 1)
(1472708218, 1)
(60, 0)
(1523491260, 0)
(64, 6)
(1625057344, 6)
(65, 1)
(1650448865, 6)
(67, 1)
(1701231907, 6)
(71, 1)
(1802797991, 1)
(72, 1)
(1828189512, 1)
(74, 1)
(1878972554, 1)
(78, 1)
(1980538638, 6)
(79, 5)
(2005930159, 2)
(81, 1)
(2056713201, 1)
(85, 3)
(2158279285, 4)
(86, 2)
(2183670806, 2)
(88, 1)
(2234453848, 6)
(92, 5)
(2336019932, 2)
(93, 5)
(2361411453, 5)
(95, 1)
(2412194495, 6)
(99, 5)
(2513760579, 2)
(100, 2)
(2539152100, 2)
(102, 1)
(2589935142, 6)
(106, 0)
(2691501226, 0)
(107, 6)
(2716892747, 1)
(109, 1)
(2767675789, 1)
(113, 2)
(2869241873, 5)
(114, 6)
(2894633394, 1)
(116, 2)
(2945416436, 2)
(120, 4)
(3046982520, 4)
(121, 3)
(3072374041, 3)
(123, 2)
(3123157083, 2)
(127, 6)
(3224723167, 6)
(128, 0)
(3250114688, 0)
(130, 2)
(3300897730, 5)
(134, 1)
(3402463814, 6)
(135, 0)
(3427855335, 0)
(137, 3)
(3478638377, 3)
(141, 5)
(3580204461, 5)
(142, 4)
(3605595982, 4)
(144, 2)
(3656379024, 2)
(148, 0)
(3757945108, 0)
(149, 1)
(3783336629, 6)
(151, 3)
(3834119671, 3)
(155, 2)
(3935685755, 2)
(156, 5)
(3961077276, 2)
(158, 3)
(4011860318, 4)
(162, 6)
(4113426402, 6)
(163, 2)
(4138817923, 2)
(165, 3)
(4189600965, 4)
(169, 3)
(4291167049, 3)
(170, 3)
(4316558570, 4)
(172, 4)
(4367341612, 4)
(176, 0)
(4468907696, 0)
(177, 3)
(4494299217, 3)
(179, 5)
(4545082259, 2)
(183, 4)
(4646648343, 3)
(184, 4)
(4672039864, 3)
(186, 5)
(4722822906, 5)
(190, 1)
(4824388990, 6)
(191, 5)
(4849780511, 5)
(193, 5)
(4900563553, 5)
(197, 0)
(5002129637, 0)
(198, 2)
(5027521158, 5)
(200, 6)
(5078304200, 6)
(204, 4)
(5179870284, 3)
(205, 3)
(5205261805, 3)
(207, 6)
(5256044847, 1)
(211, 5)
(5357610931, 5)
(212, 4)
(5383002452, 4)
(214, 0)
(5433785494, 0)
(218, 4)
(5535351578, 4)
(219, 1)
(5560743099, 1)
(221, 1)
(5611526141, 1)
(225, 3)
(5713092225, 3)
(226, 6)
(5738483746, 1)
(228, 1)
(5789266788, 6)
(232, 4)
(5890832872, 4)
(233, 4)
(5916224393, 3)
(235, 2)
(5967007435, 2)
(239, 5)
(6068573519, 2)
(240, 5)
(6093965040, 5)
(242, 3)
(6144748082, 3)
(246, 6)
(6246314166, 6)
(247, 3)
(6271705687, 3)
(249, 3)
(6322488729, 4)
(253, 2)
(6424054813, 2)
(254, 5)
(6449446334, 5)
(256, 5)
(6500229376, 5)
(260, 5)
(6601795460, 2)
(261, 6)
(6627186981, 6)
(263, 6)
(6677970023, 6)
(267, 1)
(6779536107, 1)
(268, 1)
(6804927628, 6)
(270, 6)
(6855710670, 6)
(274, 6)
(6957276754, 6)
(275, 3)
(6982668275, 4)
(277, 1)
(7033451317, 6)
(281, 6)
(7135017401, 1)
(282, 1)
(7160408922, 1)
(284, 2)
(7211191964, 2)
(288, 4)
(7312758048, 4)
(289, 0)
(7338149569, 0)
(291, 4)
(7388932611, 3)
(295, 4)
(7490498695, 4)
(296, 6)
(7515890216, 6)
(298, 5)
(7566673258, 2)
(302, 6)
(7668239342, 6)
(303, 1)
(7693630863, 6)
(305, 0)
(7744413905, 0)
(309, 1)
(7845979989, 1)
(310, 4)
(7871371510, 4)
(312, 1)
(7922154552, 6)
(316, 5)
(8023720636, 2)
(317, 0)
(8049112157, 0)
(319, 3)
(8099895199, 4)
(323, 2)
(8201461283, 2)
(324, 6)
(8226852804, 6)
(326, 6)
(8277635846, 6)
(330, 1)
(8379201930, 6)
(331, 6)
(8404593451, 1)
(333, 0)
(8455376493, 0)
(337, 2)
(8556942577, 2)
(338, 3)
(8582334098, 3)
(340, 2)
(8633117140, 5)
(344, 5)
(8734683224, 5)
(345, 6)
(8760074745, 1)
(347, 5)
(8810857787, 2)
(351, 1)
(8912423871, 6)
(352, 0)
(8937815392, 0)
(354, 0)
(8988598434, 0)
(358, 6)
(9090164518, 1)
(359, 1)
(9115556039, 1)
(361, 3)
(9166339081, 3)
(365, 6)
(9267905165, 6)
(366, 5)
(9293296686, 2)
(368, 6)
(9344079728, 1)
(372, 1)
(9445645812, 1)
(373, 3)
(9471037333, 4)
(375, 1)
(9521820375, 1)
(379, 5)
(9623386459, 5)
(380, 5)
(9648777980, 2)
(382, 5)
(9699561022, 5)
(386, 4)
(9801127106, 4)
(387, 3)
(9826518627, 3)
(389, 2)
(9877301669, 5)
(393, 5)
(9978867753, 2)
(394, 2)
(10004259274, 2)
(396, 5)
(10055042316, 2)
(400, 1)
(10156608400, 1)
(401, 5)
(10181999921, 2)
(403, 2)
(10232782963, 5)
(407, 1)
(10334349047, 6)
(408, 4)
(10359740568, 3)
(410, 6)
(10410523610, 6)
(414, 1)
(10512089694, 6)
(415, 1)
(10537481215, 6)
(417, 3)
(10588264257, 4)
(421, 0)
(10689830341, 0)
(422, 2)
(10715221862, 2)
(424, 1)
(10766004904, 1)
(428, 6)
(10867570988, 1)
(429, 2)
(10892962509, 2)
(431, 0)
(10943745551, 0)
(435, 2)
(11045311635, 2)
(436, 4)
(11070703156, 4)
(438, 4)
(11121486198, 4)
(442, 2)
(11223052282, 2)
(443, 3)
(11248443803, 4)
(445, 3)
(11299226845, 3)
(449, 6)
(11400792929, 6)
(450, 1)
(11426184450, 1)
(452, 3)
(11476967492, 4)
(456, 5)
(11578533576, 2)
(457, 1)
(11603925097, 1)
(459, 1)
(11654708139, 6)
(463, 1)
(11756274223, 6)
(464, 2)
(11781665744, 2)
(466, 2)
(11832448786, 5)
(470, 1)
(11934014870, 1)
(471, 2)
(11959406391, 5)
(473, 2)
(12010189433, 5)
(477, 5)
(12111755517, 5)
(478, 4)
(12137147038, 3)
(480, 1)
(12187930080, 1)
(484, 1)
(12289496164, 1)
(485, 3)
(12314887685, 4)
(487, 3)
(12365670727, 4)
(491, 1)
(12467236811, 6)
(492, 2)
(12492628332, 2)
(494, 5)
(12543411374, 5)
(498, 5)
(12644977458, 2)
(499, 6)
(12670368979, 1)
(501, 6)
(12721152021, 1)
(505, 1)
(12822718105, 6)
(506, 1)
(12848109626, 1)
(508, 2)
(12898892668, 2)
(512, 3)
(13000458752, 3)
(513, 2)
(13025850273, 5)
(515, 6)
(13076633315, 6)
(519, 2)
(13178199399, 2)
(520, 2)
(13203590920, 5)
(522, 1)
(13254373962, 1)
(526, 2)
(13355940046, 2)
(527, 3)
(13381331567, 4)
(529, 6)
(13432114609, 6)
(533, 1)
(13533680693, 6)
(534, 0)
(13559072214, 0)
(536, 5)
(13609855256, 2)
(540, 6)
(13711421340, 6)
(541, 0)
(13736812861, 0)
(543, 2)
(13787595903, 2)
(547, 5)
(13889161987, 2)
(548, 4)
(13914553508, 4)
(550, 2)
(13965336550, 5)
(554, 3)
(14066902634, 4)
(555, 1)
(14092294155, 1)
(557, 3)
(14143077197, 3)
(561, 4)
(14244643281, 4)
(562, 1)
(14270034802, 6)
(564, 2)
(14320817844, 2)
(568, 4)
(14422383928, 4)
(569, 2)
(14447775449, 2)
(571, 5)
(14498558491, 5)
(575, 0)
(14600124575, 0)
(576, 3)
(14625516096, 3)
(578, 1)
(14676299138, 1)
(582, 4)
(14777865222, 3)
(583, 0)
(14803256743, 0)
(585, 3)
(14854039785, 4)
(589, 4)
(14955605869, 3)
(590, 2)
(14980997390, 2)
(592, 1)
(15031780432, 1)
(596, 2)
(15133346516, 5)
(597, 4)
(15158738037, 3)
(599, 0)
(15209521079, 0)
(603, 6)
(15311087163, 1)
(604, 6)
(15336478684, 6)
(606, 6)
(15387261726, 1)
(610, 3)
(15488827810, 4)
(611, 6)
(15514219331, 1)
(613, 0)
(15565002373, 0)
(617, 5)
(15666568457, 2)
(618, 3)
(15691959978, 3)
(620, 2)
(15742743020, 2)
(624, 3)
(15844309104, 4)
(625, 0)
(15869700625, 0)
(627, 4)
(15920483667, 4)
(631, 3)
(16022049751, 3)
(632, 6)
(16047441272, 1)
(634, 2)
(16098224314, 5)
(638, 1)
(16199790398, 6)
(639, 2)
(16225181919, 2)
(641, 2)
(16275964961, 2)
(645, 4)
(16377531045, 4)
(646, 2)
(16402922566, 2)
(648, 0)
(16453705608, 0)
(652, 2)
(16555271692, 2)
(653, 1)
(16580663213, 1)
(655, 2)
(16631446255, 5)
(659, 2)
(16733012339, 5)
(660, 4)
(16758403860, 3)
(662, 6)
(16809186902, 1)
(666, 4)
(16910752986, 4)
(667, 1)
(16936144507, 6)
(669, 2)
(16986927549, 5)
(673, 1)
(17088493633, 6)
(674, 1)
(17113885154, 1)
(676, 3)
(17164668196, 3)
(680, 2)
(17266234280, 5)
(681, 5)
(17291625801, 5)
(683, 5)
(17342408843, 2)
(687, 0)
(17443974927, 0)
(688, 0)
(17469366448, 0)
(690, 6)
(17520149490, 1)
(694, 4)
(17621715574, 3)
(695, 2)
(17647107095, 5)
(697, 5)
(17697890137, 2)
(701, 2)
(17799456221, 2)
(702, 5)
(17824847742, 2)
(704, 6)
(17875630784, 1)
(708, 4)
(17977196868, 4)
(709, 3)
(18002588389, 3)
(711, 0)
(18053371431, 0)
(715, 2)
(18154937515, 2)
(716, 5)
(18180329036, 2)
(718, 5)
(18231112078, 5)
(722, 3)
(18332678162, 3)
(723, 1)
(18358069683, 6)
(725, 5)
(18408852725, 5)
(729, 5)
(18510418809, 5)
(730, 0)
(18535810330, 0)
(732, 6)
(18586593372, 1)
(736, 0)
(18688159456, 0)
(737, 3)
(18713550977, 3)
(739, 5)
(18764334019, 2)
(743, 0)
(18865900103, 0)
(744, 1)
(18891291624, 1)
(746, 0)
(18942074666, 0)
(750, 5)
(19043640750, 5)
(751, 6)
(19069032271, 6)
(753, 1)
(19119815313, 1)
(757, 0)
(19221381397, 0)
(758, 5)
(19246772918, 5)
(760, 1)
(19297555960, 6)
(764, 4)
(19399122044, 4)
(765, 3)
(19424513565, 4)
(767, 5)
(19475296607, 2)
(771, 3)
(19576862691, 4)
(772, 2)
(19602254212, 2)
(774, 1)
(19653037254, 1)
(778, 1)
(19754603338, 6)
(779, 6)
(19779994859, 1)
(781, 5)
(19830777901, 2)
(785, 0)
(19932343985, 0)
(786, 3)
(19957735506, 4)
(788, 4)
(20008518548, 4)
(792, 5)
(20110084632, 2)
(793, 1)
(20135476153, 1)
(795, 4)
(20186259195, 4)
(799, 1)
(20287825279, 6)
(800, 2)
(20313216800, 2)
(802, 4)
(20363999842, 3)
(806, 2)
(20465565926, 5)
(807, 3)
(20490957447, 4)
(809, 1)
(20541740489, 6)
(813, 1)
(20643306573, 1)
(814, 3)
(20668698094, 4)
(816, 0)
(20719481136, 0)
(820, 2)
(20821047220, 2)
(821, 3)
(20846438741, 3)
(823, 5)
(20897221783, 5)
(827, 0)
(20998787867, 0)
(828, 4)
(21024179388, 3)
(830, 1)
(21074962430, 6)
(834, 0)
(21176528514, 0)
(835, 5)
(21201920035, 2)
(837, 6)
(21252703077, 6)
(841, 5)
(21354269161, 5)
(842, 0)
(21379660682, 0)
(844, 5)
(21430443724, 5)
(848, 4)
(21532009808, 4)
(849, 4)
(21557401329, 3)
(851, 3)
(21608184371, 4)
(855, 4)
(21709750455, 3)
(856, 2)
(21735141976, 5)
(858, 1)
(21785925018, 1)
(862, 1)
(21887491102, 6)
(863, 2)
(21912882623, 5)
(865, 2)
(21963665665, 2)
(869, 0)
(22065231749, 0)
(870, 5)
(22090623270, 5)
(872, 3)
(22141406312, 3)
(876, 1)
(22242972396, 1)
(877, 0)
(22268363917, 0)
(879, 5)
(22319146959, 5)
(883, 5)
(22420713043, 5)
(884, 5)
(22446104564, 5)
(886, 5)
(22496887606, 2)
(890, 5)
(22598453690, 5)
(891, 4)
(22623845211, 3)
(893, 3)
(22674628253, 4)
(897, 3)
(22776194337, 3)
(898, 3)
(22801585858, 3)
(900, 4)
(22852368900, 4)
(904, 5)
(22953934984, 2)
(905, 3)
(22979326505, 3)
(907, 3)
(23030109547, 4)
(911, 6)
(23131675631, 1)
(912, 2)
(23157067152, 5)
(914, 2)
(23207850194, 2)
(918, 4)
(23309416278, 3)
(919, 6)
(23334807799, 1)
(921, 6)
(23385590841, 1)
(925, 2)
(23487156925, 2)
(926, 6)
(23512548446, 1)
(928, 0)
(23563331488, 0)
(932, 2)
(23664897572, 5)
(933, 2)
(23690289093, 5)
(935, 3)
(23741072135, 3)
(939, 4)
(23842638219, 3)
(940, 2)
(23868029740, 2)
(942, 4)
(23918812782, 3)
(946, 4)
(24020378866, 3)
(947, 3)
(24045770387, 3)
(949, 4)
(24096553429, 3)
(953, 0)
(24198119513, 0)
(954, 2)
(24223511034, 2)
(956, 1)
(24274294076, 6)
(960, 3)
(24375860160, 3)
(961, 3)
(24401251681, 3)
(963, 2)
(24452034723, 5)
(967, 2)
(24553600807, 2)
(968, 0)
(24578992328, 0)
(970, 5)
(24629775370, 2)
(974, 4)
(24731341454, 3)
(975, 4)
(24756732975, 3)
(977, 5)
(24807516017, 5)
(981, 6)
(24909082101, 6)
(982, 2)
(24934473622, 5)
(984, 4)
(24985256664, 4)
(988, 0)
(25086822748, 0)
(989, 5)
(25112214269, 2)
(991, 0)
(25162997311, 0)
(995, 4)
(25264563395, 3)
(996, 3)
(25289954916, 4)
(998, 0)
(25340737958, 0)
(1002, 3)
(25442304042, 4)
(1003, 1)
(25467695563, 6)
(1005, 1)
(25518478605, 6)
(1009, 3)
(25620044689, 3)
(1010, 3)
(25645436210, 4)
(1012, 0)
(25696219252, 0)
(1016, 3)
(25797785336, 3)
(1017, 6)
(25823176857, 1)
(1019, 6)
(25873959899, 6)
(1023, 1)
(25975525983, 6)
(1024, 1)
(26000917504, 1)
(1026, 0)
(26051700546, 0)
(1030, 6)
(26153266630, 6)
(1031, 3)
(26178658151, 3)
(1033, 0)
(26229441193, 0)
(1037, 6)
(26331007277, 6)
(1038, 5)
(26356398798, 5)
(1040, 1)
(26407181840, 6)
(1044, 3)
(26508747924, 3)
(1045, 2)
(26534139445, 2)
(1047, 1)
(26584922487, 1)
(1051, 6)
(26686488571, 6)
(1052, 2)
(26711880092, 2)
(1054, 1)
(26762663134, 6)
(1058, 6)
(26864229218, 6)
(1059, 5)
(26889620739, 5)
(1061, 6)
(26940403781, 1)
(1065, 4)
(27041969865, 4)
(1066, 0)
(27067361386, 0)
(1068, 1)
(27118144428, 1)
(1072, 0)
(27219710512, 0)
(1073, 1)
(27245102033, 1)
(1075, 0)
(27295885075, 0)
(1079, 3)
(27397451159, 3)
(1080, 5)
(27422842680, 5)
(1082, 6)
(27473625722, 6)
(1086, 5)
(27575191806, 5)
(1087, 1)
(27600583327, 6)
(1089, 5)
(27651366369, 5)
(1093, 6)
(27752932453, 6)
(1094, 0)
(27778323974, 0)
(1096, 4)
(27829107016, 4)
(1100, 3)
(27930673100, 4)
(1101, 2)
(27956064621, 5)
(1103, 3)
(28006847663, 4)
(1107, 4)
(28108413747, 4)
(1108, 4)
(28133805268, 3)
(1110, 6)
(28184588310, 6)
(1114, 2)
(28286154394, 2)
(1115, 6)
(28311545915, 1)
(1117, 4)
(28362328957, 3)
(1121, 5)
(28463895041, 2)
(1122, 5)
(28489286562, 5)
(1124, 6)
(28540069604, 1)
(1128, 1)
(28641635688, 1)
(1129, 5)
(28667027209, 2)
(1131, 1)
(28717810251, 6)
(1135, 3)
(28819376335, 3)
(1136, 3)
(28844767856, 3)
(1138, 6)
(28895550898, 6)
(1142, 5)
(28997116982, 5)
(1143, 2)
(29022508503, 2)
(1145, 5)
(29073291545, 5)
(1149, 4)
(29174857629, 4)
(1150, 4)
(29200249150, 3)
(1152, 6)
(29251032192, 6)
(1156, 1)
(29352598276, 1)
(1157, 6)
(29377989797, 1)
(1159, 1)
(29428772839, 1)
(1163, 0)
(29530338923, 0)
(1164, 4)
(29555730444, 3)
(1166, 1)
(29606513486, 6)
(1170, 4)
(29708079570, 3)
(1171, 0)
(29733471091, 0)
(1173, 4)
(29784254133, 4)
(1177, 0)
(29885820217, 0)
(1178, 5)
(29911211738, 2)
(1180, 6)
(29961994780, 6)
(1184, 1)
(30063560864, 1)
(1185, 5)
(30088952385, 2)
(1187, 2)
(30139735427, 2)
(1191, 5)
(30241301511, 5)
(1192, 6)
(30266693032, 1)
(1194, 6)
(30317476074, 1)
(1198, 2)
(30419042158, 5)
(1199, 5)
(30444433679, 2)
(1201, 0)
(30495216721, 0)
(1205, 6)
(30596782805, 1)
(1206, 2)
(30622174326, 5)
(1208, 4)
(30672957368, 4)
(1212, 6)
(30774523452, 1)
(1213, 0)
(30799914973, 0)
(1215, 6)
(30850698015, 6)
(1219, 3)
(30952264099, 4)
(1220, 3)
(30977655620, 4)
(1222, 3)
(31028438662, 4)
(1226, 4)
(31130004746, 3)
(1227, 1)
(31155396267, 1)
(1229, 1)
(31206179309, 6)
(1233, 3)
(31307745393, 3)
(1234, 1)
(31333136914, 6)
(1236, 4)
(31383919956, 4)
(1240, 2)
(31485486040, 2)
(1241, 0)
(31510877561, 0)
(1243, 4)
(31561660603, 4)
(1247, 6)
(31663226687, 6)
(1248, 2)
(31688618208, 5)
(1250, 4)
(31739401250, 4)
(1254, 6)
(31840967334, 6)
(1255, 4)
(31866358855, 4)
(1257, 6)
(31917141897, 6)
(1261, 6)
(32018707981, 6)
(1262, 0)
(32044099502, 0)
(1264, 5)
(32094882544, 2)
(1268, 2)
(32196448628, 5)
(1269, 4)
(32221840149, 4)
(1271, 4)
(32272623191, 4)
(1275, 5)
(32374189275, 2)
(1276, 1)
(32399580796, 6)
(1278, 1)
(32450363838, 1)
(1282, 3)
(32551929922, 3)
(1283, 1)
(32577321443, 1)
(1285, 2)
(32628104485, 5)
(1289, 0)
(32729670569, 0)
(1290, 2)
(32755062090, 2)
(1292, 2)
(32805845132, 2)
(1296, 5)
(32907411216, 5)
(1297, 6)
(32932802737, 1)
(1299, 1)
(32983585779, 6)
(1303, 1)
(33085151863, 1)
(1304, 0)
(33110543384, 0)
(1306, 5)
(33161326426, 5)
(1310, 1)
(33262892510, 6)
(1311, 6)
(33288284031, 6)
(1313, 5)
(33339067073, 5)
(1317, 6)
(33440633157, 6)
(1318, 2)
(33466024678, 5)
(1320, 4)
(33516807720, 3)
(1324, 6)
(33618373804, 1)
(1325, 0)
(33643765325, 0)
(1327, 2)
(33694548367, 5)
(1331, 6)
(33796114451, 1)
(1332, 1)
(33821505972, 1)
(1334, 5)
(33872289014, 2)
(1338, 1)
(33973855098, 6)
(1339, 2)
(33999246619, 5)
(1341, 2)
(34050029661, 5)
(1345, 0)
(34151595745, 0)
(1346, 1)
(34176987266, 6)
(1348, 3)
(34227770308, 3)
(1352, 4)
(34329336392, 4)
(1353, 2)
(34354727913, 5)
(1355, 5)
(34405510955, 5)
(1359, 2)
(34507077039, 2)
(1360, 0)
(34532468560, 0)
(1362, 2)
(34583251602, 2)
(1366, 5)
(34684817686, 2)
(1367, 0)
(34710209207, 0)
(1369, 0)
(34760992249, 0)
(1373, 5)
(34862558333, 5)
(1374, 3)
(34887949854, 3)
(1376, 2)
(34938732896, 2)
(1380, 1)
(35040298980, 6)
(1381, 2)
(35065690501, 5)
(1383, 6)
(35116473543, 1)
(1387, 2)
(35218039627, 5)
(1388, 5)
(35243431148, 2)
(1390, 1)
(35294214190, 6)
(1394, 3)
(35395780274, 4)
(1395, 3)
(35421171795, 3)
(1397, 4)
(35471954837, 3)
(1401, 1)
(35573520921, 6)
(1402, 0)
(35598912442, 0)
(1404, 5)
(35649695484, 2)
(1408, 0)
(35751261568, 0)
(1409, 5)
(35776653089, 2)
(1411, 4)
(35827436131, 4)
(1415, 3)
(35929002215, 4)
(1416, 3)
(35954393736, 3)
(1418, 4)
(36005176778, 4)
(1422, 2)
(36106742862, 5)
(1423, 5)
(36132134383, 5)
(1425, 2)
(36182917425, 5)
(1429, 0)
(36284483509, 0)
(1430, 0)
(36309875030, 0)
(1432, 3)
(36360658072, 4)
(1436, 4)
(36462224156, 4)
(1437, 4)
(36487615677, 4)
(1439, 5)
(36538398719, 2)
(1443, 4)
(36639964803, 3)
(1444, 6)
(36665356324, 6)
(1446, 5)
(36716139366, 2)
(1450, 1)
(36817705450, 1)
(1451, 5)
(36843096971, 2)
(1453, 4)
(36893880013, 4)
(1457, 2)
(36995446097, 2)
(1458, 4)
(37020837618, 4)
(1460, 6)
(37071620660, 6)
(1464, 5)
(37173186744, 2)
(1465, 0)
(37198578265, 0)
(1467, 5)
(37249361307, 5)
(1471, 1)
(37350927391, 1)
(1472, 3)
(37376318912, 4)
(1474, 6)
(37427101954, 6)
(1478, 4)
(37528668038, 3)
(1479, 6)
(37554059559, 1)
(1481, 5)
(37604842601, 5)
(1485, 1)
(37706408685, 6)
(1486, 4)
(37731800206, 4)
(1488, 0)
(37782583248, 0)
(1492, 1)
(37884149332, 6)
(1493, 4)
(37909540853, 3)
(1495, 1)
(37960323895, 1)
(1499, 3)
(38061889979, 4)
(1500, 3)
(38087281500, 3)
(1502, 3)
(38138064542, 3)
(1506, 2)
(38239630626, 2)
(1507, 1)
(38265022147, 6)
(1509, 5)
(38315805189, 2)
(1513, 5)
(38417371273, 2)
(1514, 6)
(38442762794, 1)
(1516, 5)
(38493545836, 5)
(1520, 2)
(38595111920, 5)
(1521, 1)
(38620503441, 1)
(1523, 0)
(38671286483, 0)
(1527, 6)
(38772852567, 1)
(1528, 2)
(38798244088, 2)
(1530, 1)
(38849027130, 6)
(1534, 4)
(38950593214, 3)
(1535, 0)
(38975984735, 0)
(1537, 6)
(39026767777, 6)
(1541, 3)
(39128333861, 3)
(1542, 4)
(39153725382, 3)
(1544, 0)
(39204508424, 0)
(1548, 3)
(39306074508, 3)
(1549, 6)
(39331466029, 1)
(1551, 2)
(39382249071, 5)
(1555, 2)
(39483815155, 5)
(1556, 2)
(39509206676, 5)
(1558, 5)
(39559989718, 2)
(1562, 2)
(39661555802, 5)
(1563, 5)
(39686947323, 2)
(1565, 1)
(39737730365, 6)
(1569, 1)
(39839296449, 1)
(1570, 2)
(39864687970, 5)
(1572, 5)
(39915471012, 2)
(1576, 5)
(40017037096, 5)
(1577, 4)
(40042428617, 4)
(1579, 2)
(40093211659, 5)
(1583, 0)
(40194777743, 0)
(1584, 0)
(40220169264, 0)
(1586, 4)
(40270952306, 4)
(1590, 0)
(40372518390, 0)
(1591, 1)
(40397909911, 1)
(1593, 1)
(40448692953, 1)
(1597, 3)
(40550259037, 4)
(1598, 0)
(40575650558, 0)
(1600, 5)
(40626433600, 5)
(1604, 0)
(40727999684, 0)
(1605, 2)
(40753391205, 5)
(1607, 5)
(40804174247, 2)
(1611, 4)
(40905740331, 3)
(1612, 2)
(40931131852, 5)
(1614, 3)
(40981914894, 4)
(1618, 3)
(41083480978, 4)
(1619, 2)
(41108872499, 2)
(1621, 3)
(41159655541, 3)
(1625, 4)
(41261221625, 3)
(1626, 4)
(41286613146, 4)
(1628, 5)
(41337396188, 2)
(1632, 0)
(41438962272, 0)
(1633, 5)
(41464353793, 2)
(1635, 1)
(41515136835, 1)
(1639, 3)
(41616702919, 3)
(1640, 5)
(41642094440, 5)
(1642, 4)
(41692877482, 4)
(1646, 2)
(41794443566, 2)
(1647, 4)
(41819835087, 3)
(1649, 1)
(41870618129, 1)
(1653, 3)
(41972184213, 4)
(1654, 5)
(41997575734, 5)
(1656, 6)
(42048358776, 1)
(1660, 6)
(42149924860, 1)
(1661, 2)
(42175316381, 5)
(1663, 1)
(42226099423, 6)
(1667, 3)
(42327665507, 3)
(1668, 3)
(42353057028, 4)
(1670, 6)
(42403840070, 1)
(1674, 3)
(42505406154, 3)
(1675, 0)
(42530797675, 0)
(1677, 1)
(42581580717, 6)
(1681, 1)
(42683146801, 1)
(1682, 3)
(42708538322, 3)
(1684, 4)
(42759321364, 3)
(1688, 5)
(42860887448, 5)
(1689, 0)
(42886278969, 0)
(1691, 4)
(42937062011, 3)
(1695, 4)
(43038628095, 3)
(1696, 4)
(43064019616, 4)
(1698, 0)
(43114802658, 0)
(1702, 1)
(43216368742, 6)
(1703, 4)
(43241760263, 4)
(1705, 1)
(43292543305, 6)
(1709, 1)
(43394109389, 6)
(1710, 2)
(43419500910, 5)
(1712, 0)
(43470283952, 0)
(1716, 3)
(43571850036, 3)
(1717, 2)
(43597241557, 2)
(1719, 6)
(43648024599, 6)
(1723, 6)
(43749590683, 1)
(1724, 0)
(43774982204, 0)
(1726, 2)
(43825765246, 5)
(1730, 0)
(43927331330, 0)
(1731, 2)
(43952722851, 5)
(1733, 4)
(44003505893, 4)
(1737, 3)
(44105071977, 3)
(1738, 2)
(44130463498, 2)
(1740, 2)
(44181246540, 2)
(1744, 4)
(44282812624, 4)
(1745, 1)
(44308204145, 1)
(1747, 5)
(44358987187, 2)
(1751, 2)
(44460553271, 5)
(1752, 4)
(44485944792, 4)
(1754, 5)
(44536727834, 2)
(1758, 4)
(44638293918, 4)
(1759, 1)
(44663685439, 6)
(1761, 6)
(44714468481, 1)
(1765, 0)
(44816034565, 0)
(1766, 3)
(44841426086, 3)
(1768, 2)
(44892209128, 2)
(1772, 3)
(44993775212, 4)
(1773, 6)
(45019166733, 6)
(1775, 5)
(45069949775, 5)
(1779, 5)
(45171515859, 2)
(1780, 4)
(45196907380, 4)
(1782, 4)
(45247690422, 3)
(1786, 2)
(45349256506, 5)
(1787, 0)
(45374648027, 0)
(1789, 4)
(45425431069, 4)
(1793, 3)
(45526997153, 4)
(1794, 3)
(45552388674, 3)
(1796, 6)
(45603171716, 6)
(1800, 5)
(45704737800, 5)
(1801, 1)
(45730129321, 6)
(1803, 1)
(45780912363, 1)
(1807, 1)
(45882478447, 1)
(1808, 2)
(45907869968, 5)
(1810, 3)
(45958653010, 3)
(1814, 1)
(46060219094, 6)
(1815, 5)
(46085610615, 5)
(1817, 5)
(46136393657, 5)
(1821, 3)
(46237959741, 3)
(1822, 5)
(46263351262, 2)
(1824, 1)
(46314134304, 6)
(1828, 5)
(46415700388, 5)
(1829, 3)
(46441091909, 3)
(1831, 3)
(46491874951, 3)
(1835, 5)
(46593441035, 2)
(1836, 1)
(46618832556, 6)
(1838, 5)
(46669615598, 2)
(1842, 0)
(46771181682, 0)
(1843, 5)
(46796573203, 5)
(1845, 3)
(46847356245, 3)
(1849, 2)
(46948922329, 2)
(1850, 6)
(46974313850, 6)
(1852, 2)
(47025096892, 5)
(1856, 3)
(47126662976, 3)
(1857, 2)
(47152054497, 5)
(1859, 1)
(47202837539, 6)
(1863, 2)
(47304403623, 5)
(1864, 1)
(47329795144, 6)
(1866, 5)
(47380578186, 2)
(1870, 3)
(47482144270, 3)
(1871, 4)
(47507535791, 4)
(1873, 2)
(47558318833, 2)
(1877, 1)
(47659884917, 1)
(1878, 2)
(47685276438, 5)
(1880, 6)
(47736059480, 6)
(1884, 2)
(47837625564, 5)
(1885, 5)
(47863017085, 2)
(1887, 1)
(47913800127, 6)
(1891, 5)
(48015366211, 2)
(1892, 1)
(48040757732, 6)
(1894, 3)
(48091540774, 3)
(1898, 2)
(48193106858, 5)
(1899, 2)
(48218498379, 2)
(1901, 0)
(48269281421, 0)
(1905, 2)
(48370847505, 2)
(1906, 0)
(48396239026, 0)
(1908, 6)
(48447022068, 6)
(1912, 2)
(48548588152, 5)
(1913, 3)
(48573979673, 3)
(1915, 6)
(48624762715, 6)
(1919, 2)
(48726328799, 2)
(1920, 5)
(48751720320, 5)
(1922, 2)
(48802503362, 2)
(1926, 4)
(48904069446, 3)
(1927, 3)
(48929460967, 3)
(1929, 0)
(48980244009, 0)
(1933, 5)
(49081810093, 2)
(1934, 0)
(49107201614, 0)
(1936, 3)
(49157984656, 3)
(1940, 3)
(49259550740, 4)
(1941, 1)
(49284942261, 1)
(1943, 2)
(49335725303, 5)
(1947, 4)
(49437291387, 3)
(1948, 6)
(49462682908, 1)
(1950, 5)
(49513465950, 2)
(1954, 1)
(49615032034, 1)
(1955, 3)
(49640423555, 3)
(1957, 3)
(49691206597, 4)
(1961, 0)
(49792772681, 0)
(1962, 2)
(49818164202, 2)
(1964, 1)
(49868947244, 6)
(1968, 0)
(49970513328, 0)
(1969, 0)
(49995904849, 0)
(1971, 2)
(50046687891, 2)
(1975, 0)
(50148253975, 0)
(1976, 4)
(50173645496, 4)
(1978, 3)
(50224428538, 4)
(1982, 2)
(50325994622, 5)
(1983, 2)
(50351386143, 5)
(1985, 4)
(50402169185, 4)
(1989, 3)
(50503735269, 3)
(1990, 2)
(50529126790, 5)
(1992, 3)
(50579909832, 4)
(1996, 6)
(50681475916, 1)
(1997, 0)
(50706867437, 0)
(1999, 5)
(50757650479, 5)
(2003, 1)
(50859216563, 6)
(2004, 1)
(50884608084, 6)
(2006, 6)
(50935391126, 1)
(2010, 6)
(51036957210, 1)
(2011, 0)
(51062348731, 0)
(2013, 1)
(51113131773, 1)
(2017, 1)
(51214697857, 1)
(2018, 3)
(51240089378, 3)
(2020, 1)
(51290872420, 6)
(2024, 5)
(51392438504, 5)
(2025, 1)
(51417830025, 1)
(2027, 4)
(51468613067, 3)
(2031, 0)
(51570179151, 0)
(2032, 5)
(51595570672, 5)
(2034, 3)
(51646353714, 4)
(2038, 6)
(51747919798, 6)
(2039, 4)
(51773311319, 3)
(2041, 3)
(51824094361, 3)
(2045, 4)
(51925660445, 4)
(2046, 0)
(51951051966, 0)
(2048, 5)
(52001835008, 5)
(2052, 3)
(52103401092, 4)
(2053, 6)
(52128792613, 6)
(2055, 1)
(52179575655, 1)
(2059, 4)
(52281141739, 4)
(2060, 6)
(52306533260, 6)
(2062, 6)
(52357316302, 6)
(2066, 5)
(52458882386, 5)
(2067, 2)
(52484273907, 5)
(2069, 1)
(52535056949, 1)
(2073, 2)
(52636623033, 2)
(2074, 1)
(52662014554, 1)
(2076, 3)
(52712797596, 3)
(2080, 4)
(52814363680, 3)
(2081, 6)
(52839755201, 6)
(2083, 0)
(52890538243, 0)
(2087, 6)
(52992104327, 1)
(2088, 6)
(53017495848, 6)
(2090, 6)
(53068278890, 6)
(2094, 6)
(53169844974, 6)
(2095, 6)
(53195236495, 6)
(2097, 6)
(53246019537, 1)
(2101, 6)
(53347585621, 1)
(2102, 0)
(53372977142, 0)
(2104, 5)
(53423760184, 5)
(2108, 2)
(53525326268, 5)
(2109, 6)
(53550717789, 1)
(2111, 2)
(53601500831, 2)
(2115, 5)
(53703066915, 5)
(2116, 1)
(53728458436, 1)
(2118, 2)
(53779241478, 2)
(2122, 6)
(53880807562, 1)
(2123, 0)
(53906199083, 0)
(2125, 4)
(53956982125, 3)
(2129, 3)
(54058548209, 3)
(2130, 0)
(54083939730, 0)
(2132, 4)
(54134722772, 3)
(2136, 4)
(54236288856, 4)
(2137, 2)
(54261680377, 2)
(2139, 1)
(54312463419, 6)
(2143, 4)
(54414029503, 3)
(2144, 4)
(54439421024, 3)
(2146, 4)
(54490204066, 4)
(2150, 5)
(54591770150, 5)
(2151, 4)
(54617161671, 3)
(2153, 1)
(54667944713, 1)
(2157, 3)
(54769510797, 4)
(2158, 6)
(54794902318, 6)
(2160, 5)
(54845685360, 5)
(2164, 2)
(54947251444, 2)
(2165, 6)
(54972642965, 1)
(2167, 5)
(55023426007, 2)
(2171, 0)
(55124992091, 0)
(2172, 5)
(55150383612, 5)
(2174, 5)
(55201166654, 2)
(2178, 4)
(55302732738, 4)
(2179, 0)
(55328124259, 0)
(2181, 6)
(55378907301, 6)
(2185, 2)
(55480473385, 2)
(2186, 5)
(55505864906, 5)
(2188, 5)
(55556647948, 2)
(2192, 1)
(55658214032, 1)
(2193, 1)
(55683605553, 6)
(2195, 2)
(55734388595, 2)
(2199, 2)
(55835954679, 5)
(2200, 3)
(55861346200, 4)
(2202, 2)
(55912129242, 5)
(2206, 0)
(56013695326, 0)
(2207, 3)
(56039086847, 4)
(2209, 3)
(56089869889, 3)
(2213, 0)
(56191435973, 0)
(2214, 5)
(56216827494, 5)
(2216, 0)
(56267610536, 0)
(2220, 1)
(56369176620, 1)
(2221, 2)
(56394568141, 2)
(2223, 5)
(56445351183, 5)
(2227, 3)
(56546917267, 3)
(2228, 5)
(56572308788, 5)
(2230, 2)
(56623091830, 5)
(2234, 2)
(56724657914, 5)
(2235, 3)
(56750049435, 4)
(2237, 5)
(56800832477, 5)
(2241, 3)
(56902398561, 4)
(2242, 4)
(56927790082, 3)
(2244, 6)
(56978573124, 6)
(2248, 1)
(57080139208, 6)
(2249, 1)
(57105530729, 6)
(2251, 0)
(57156313771, 0)
(2255, 2)
(57257879855, 5)
(2256, 4)
(57283271376, 4)
(2258, 4)
(57334054418, 3)
(2262, 4)
(57435620502, 3)
(2263, 5)
(57461012023, 5)
(2265, 0)
(57511795065, 0)
(2269, 0)
(57613361149, 0)
(2270, 6)
(57638752670, 6)
(2272, 1)
(57689535712, 1)
(2276, 2)
(57791101796, 2)
(2277, 0)
(57816493317, 0)
(2279, 4)
(57867276359, 4)
(2283, 3)
(57968842443, 3)
(2284, 5)
(57994233964, 5)
(2286, 1)
(58045017006, 1)
(2290, 3)
(58146583090, 3)
(2291, 1)
(58171974611, 6)
(2293, 6)
(58222757653, 1)
(2297, 2)
(58324323737, 5)
(2298, 0)
(58349715258, 0)
(2300, 0)
(58400498300, 0)
(2304, 5)
(58502064384, 5)
(2305, 6)
(58527455905, 1)
(2307, 1)
(58578238947, 1)
(2311, 3)
(58679805031, 3)
(2312, 6)
(58705196552, 6)
(2314, 4)
(58755979594, 3)
(2318, 0)
(58857545678, 0)
(2319, 3)
(58882937199, 3)
(2321, 5)
(58933720241, 2)
(2325, 5)
(59035286325, 5)
(2326, 5)
(59060677846, 2)
(2328, 4)
(59111460888, 3)
(2332, 6)
(59213026972, 1)
(2333, 4)
(59238418493, 4)
(2335, 3)
(59289201535, 4)
(2339, 6)
(59390767619, 1)
(2340, 0)
(59416159140, 0)
(2342, 1)
(59466942182, 6)
(2346, 5)
(59568508266, 5)
(2347, 3)
(59593899787, 3)
(2349, 2)
(59644682829, 2)
(2353, 0)
(59746248913, 0)
(2354, 6)
(59771640434, 6)
(2356, 6)
(59822423476, 1)
(2360, 0)
(59923989560, 0)
(2361, 3)
(59949381081, 3)
(2363, 3)
(60000164123, 3)
(2367, 3)
(60101730207, 3)
(2368, 5)
(60127121728, 5)
(2370, 3)
(60177904770, 4)
(2374, 2)
(60279470854, 2)
(2375, 1)
(60304862375, 6)
(2377, 6)
(60355645417, 6)
(2381, 4)
(60457211501, 4)
(2382, 3)
(60482603022, 3)
(2384, 3)
(60533386064, 4)
(2388, 2)
(60634952148, 5)
(2389, 4)
(60660343669, 3)
(2391, 6)
(60711126711, 6)
(2395, 4)
(60812692795, 4)
(2396, 5)
(60838084316, 2)
(2398, 0)
(60888867358, 0)
(2402, 5)
(60990433442, 2)
(2403, 2)
(61015824963, 2)
(2405, 3)
(61066608005, 4)
(2409, 6)
(61168174089, 1)
(2410, 5)
(61193565610, 2)
(2412, 6)
(61244348652, 1)
(2416, 2)
(61345914736, 2)
(2417, 5)
(61371306257, 2)
(2419, 1)
(61422089299, 1)
(2423, 4)
(61523655383, 3)
(2424, 6)
(61549046904, 1)
(2426, 4)
(61599829946, 3)
(2430, 4)
(61701396030, 4)
(2431, 6)
(61726787551, 1)
(2433, 4)
(61777570593, 3)
(2437, 5)
(61879136677, 5)
(2438, 1)
(61904528198, 6)
(2440, 3)
(61955311240, 4)
(2444, 6)
(62056877324, 1)
(2445, 0)
(62082268845, 0)
(2447, 2)
(62133051887, 5)
(2451, 4)
(62234617971, 3)
(2452, 1)
(62260009492, 6)
(2454, 0)
(62310792534, 0)
(2458, 5)
(62412358618, 2)
(2459, 3)
(62437750139, 4)
(2461, 6)
(62488533181, 6)
(2465, 0)
(62590099265, 0)
(2466, 1)
(62615490786, 1)
(2468, 5)
(62666273828, 2)
(2472, 2)
(62767839912, 2)
(2473, 5)
(62793231433, 2)
(2475, 1)
(62844014475, 6)
(2479, 1)
(62945580559, 6)
(2480, 0)
(62970972080, 0)
(2482, 1)
(63021755122, 6)
(2486, 5)
(63123321206, 5)
(2487, 4)
(63148712727, 4)
(2489, 3)
(63199495769, 3)
(2493, 6)
(63301061853, 1)
(2494, 0)
(63326453374, 0)
(2496, 4)
(63377236416, 3)
(2500, 6)
(63478802500, 6)
(2501, 5)
(63504194021, 2)
(2503, 0)
(63554977063, 0)
(2507, 0)
(63656543147, 0)
(2508, 4)
(63681934668, 4)
(2510, 1)
(63732717710, 1)
(2514, 5)
(63834283794, 5)
(2515, 5)
(63859675315, 2)
(2517, 4)
(63910458357, 3)
(2521, 4)
(64012024441, 4)
(2522, 2)
(64037415962, 2)
(2524, 1)
(64088199004, 1)
(2528, 4)
(64189765088, 3)
(2529, 3)
(64215156609, 4)
(2531, 3)
(64265939651, 4)
(2535, 6)
(64367505735, 6)
(2536, 3)
(64392897256, 4)
(2538, 5)
(64443680298, 5)
(2542, 5)
(64545246382, 5)
(2543, 3)
(64570637903, 3)
(2545, 3)
(64621420945, 4)
(2549, 4)
(64722987029, 4)
(2550, 1)
(64748378550, 6)
(2552, 6)
(64799161592, 1)
(2556, 4)
(64900727676, 4)
(2557, 6)
(64926119197, 6)
(2559, 5)
(64976902239, 2)
(2563, 3)
(65078468323, 3)
(2564, 4)
(65103859844, 4)
(2566, 5)
(65154642886, 5)
(2570, 6)
(65256208970, 1)
(2571, 0)
(65281600491, 0)
(2573, 2)
(65332383533, 5)
(2577, 3)
(65433949617, 4)
(2578, 3)
(65459341138, 4)
(2580, 6)
(65510124180, 6)
(2584, 2)
(65611690264, 2)
(2585, 3)
(65637081785, 4)
(2587, 1)
(65687864827, 1)
(2591, 5)
(65789430911, 5)
(2592, 2)
(65814822432, 2)
(2594, 4)
(65865605474, 3)
(2598, 5)
(65967171558, 2)
(2599, 1)
(65992563079, 1)
(2601, 5)
(66043346121, 5)
(2605, 3)
(66144912205, 4)
(2606, 1)
(66170303726, 1)
(2608, 0)
(66221086768, 0)
(2612, 2)
(66322652852, 2)
(2613, 5)
(66348044373, 5)
(2615, 0)
(66398827415, 0)
(2619, 1)
(66500393499, 6)
(2620, 5)
(66525785020, 2)
(2622, 5)
(66576568062, 5)
(2626, 1)
(66678134146, 1)
(2627, 3)
(66703525667, 3)
(2629, 4)
(66754308709, 4)
