(1, 2)
(94926049, 2)
(2, 4)
(189852098, 4)
(4, 0)
(379704196, 0)
(8, 2)
(759408392, 2)
(9, 0)
(854334441, 0)
(11, 1)
(1044186539, 1)
(15, 2)
(1423890735, 5)
(16, 4)
(1518816784, 4)
(18, 0)
(1708668882, 0)
(22, 2)
(2088373078, 2)
(23, 4)
(2183299127, 4)
(25, 0)
(2373151225, 0)
(29, 4)
(2752855421, 4)
(30, 4)
(2847781470, 3)
(32, 0)
(3037633568, 0)
(36, 4)
(3417337764, 4)
(37, 4)
(3512263813, 4)
(39, 0)
(3702115911, 0)
(43, 4)
(4081820107, 3)
(44, 1)
(4176746156, 1)
(46, 1)
(4366598254, 1)
(50, 4)
(4746302450, 4)
(51, 4)
(4841228499, 4)
(53, 1)
(5031080597, 1)
(57, 6)
(5410784793, 6)
(58, 1)
(5505710842, 1)
(60, 0)
(5695562940, 0)
(64, 6)
(6075267136, 6)
(65, 1)
(6170193185, 1)
(67, 1)
(6360045283, 1)
(71, 1)
(6739749479, 6)
(72, 1)
(6834675528, 1)
(74, 1)
(7024527626, 1)
(78, 1)
(7404231822, 6)
(79, 5)
(7499157871, 2)
(81, 1)
(7689009969, 1)
(85, 3)
(8068714165, 4)
(86, 2)
(8163640214, 5)
(88, 1)
(8353492312, 1)
(92, 5)
(8733196508, 5)
(93, 5)
(8828122557, 2)
(95, 1)
(9017974655, 6)
(99, 5)
(9397678851, 5)
(100, 2)
(9492604900, 2)
(102, 1)
(9682456998, 1)
(106, 0)
(10062161194, 0)
(107, 6)
(10157087243, 6)
(109, 1)
(10346939341, 6)
(113, 2)
(10726643537, 2)
(114, 6)
(10821569586, 6)
(116, 2)
(11011421684, 2)
(120, 4)
(11391125880, 3)
(121, 3)
(11486051929, 3)
(123, 2)
(11675904027, 5)
(127, 6)
(12055608223, 6)
(128, 0)
(12150534272, 0)
(130, 2)
(12340386370, 2)
(134, 1)
(12720090566, 1)
(135, 0)
(12815016615, 0)
(137, 3)
(13004868713, 3)
(141, 5)
(13384572909, 2)
(142, 4)
(13479498958, 3)
(144, 2)
(13669351056, 2)
(148, 0)
(14049055252, 0)
(149, 1)
(14143981301, 6)
(151, 3)
(14333833399, 3)
(155, 2)
(14713537595, 2)
(156, 5)
(14808463644, 2)
(158, 3)
(14998315742, 4)
(162, 6)
(15378019938, 6)
(163, 2)
(15472945987, 5)
(165, 3)
(15662798085, 4)
(169, 3)
(16042502281, 3)
(170, 3)
(16137428330, 4)
(172, 4)
(16327280428, 3)
(176, 0)
(16706984624, 0)
(177, 3)
(16801910673, 3)
(179, 5)
(16991762771, 2)
(183, 4)
(17371466967, 3)
(184, 4)
(17466393016, 4)
(186, 5)
(17656245114, 2)
(190, 1)
(18035949310, 6)
(191, 5)
(18130875359, 2)
(193, 5)
(18320727457, 5)
(197, 0)
(18700431653, 0)
(198, 2)
(18795357702, 2)
(200, 6)
(18985209800, 6)
(204, 4)
(19364913996, 4)
(205, 3)
(19459840045, 3)
(207, 6)
(19649692143, 6)
(211, 5)
(20029396339, 2)
(212, 4)
(20124322388, 4)
(214, 0)
(20314174486, 0)
(218, 4)
(20693878682, 3)
(219, 1)
(20788804731, 6)
(221, 1)
(20978656829, 6)
(225, 3)
(21358361025, 3)
(226, 6)
(21453287074, 6)
(228, 1)
(21643139172, 1)
(232, 4)
(22022843368, 4)
(233, 4)
(22117769417, 3)
(235, 2)
(22307621515, 2)
(239, 5)
(22687325711, 2)
(240, 5)
(22782251760, 2)
(242, 3)
(22972103858, 3)
(246, 6)
(23351808054, 1)
(247, 3)
(23446734103, 4)
(249, 3)
(23636586201, 3)
(253, 2)
(24016290397, 2)
(254, 5)
(24111216446, 5)
(256, 5)
(24301068544, 5)
(260, 5)
(24680772740, 5)
(261, 6)
(24775698789, 6)
(263, 6)
(24965550887, 1)
(267, 1)
(25345255083, 1)
(268, 1)
(25440181132, 1)
(270, 6)
(25630033230, 1)
(274, 6)
(26009737426, 6)
(275, 3)
(26104663475, 3)
(277, 1)
(26294515573, 1)
(281, 6)
(26674219769, 1)
(282, 1)
(26769145818, 6)
(284, 2)
(26958997916, 5)
(288, 4)
(27338702112, 4)
(289, 0)
(27433628161, 0)
(291, 4)
(27623480259, 4)
(295, 4)
(28003184455, 3)
(296, 6)
(28098110504, 6)
(298, 5)
(28287962602, 2)
(302, 6)
(28667666798, 6)
(303, 1)
(28762592847, 1)
(305, 0)
(28952444945, 0)
(309, 1)
(29332149141, 6)
(310, 4)
(29427075190, 4)
(312, 1)
(29616927288, 6)
(316, 5)
(29996631484, 2)
(317, 0)
(30091557533, 0)
(319, 3)
(30281409631, 3)
(323, 2)
(30661113827, 2)
(324, 6)
(30756039876, 6)
(326, 6)
(30945891974, 1)
(330, 1)
(31325596170, 6)
(331, 6)
(31420522219, 1)
(333, 0)
(31610374317, 0)
(337, 2)
(31990078513, 5)
(338, 3)
(32085004562, 3)
(340, 2)
(32274856660, 5)
(344, 5)
(32654560856, 2)
(345, 6)
(32749486905, 1)
(347, 5)
(32939339003, 2)
(351, 1)
(33319043199, 6)
(352, 0)
(33413969248, 0)
(354, 0)
(33603821346, 0)
(358, 6)
(33983525542, 1)
(359, 1)
(34078451591, 6)
(361, 3)
(34268303689, 3)
(365, 6)
(34648007885, 6)
(366, 5)
(34742933934, 2)
(368, 6)
(34932786032, 6)
(372, 1)
(35312490228, 6)
(373, 3)
(35407416277, 4)
(375, 1)
(35597268375, 6)
(379, 5)
(35976972571, 2)
(380, 5)
(36071898620, 2)
(382, 5)
(36261750718, 2)
(386, 4)
(36641454914, 4)
(387, 3)
(36736380963, 4)
(389, 2)
(36926233061, 5)
(393, 5)
(37305937257, 2)
(394, 2)
(37400863306, 2)
(396, 5)
(37590715404, 5)
(400, 1)
(37970419600, 1)
(401, 5)
(38065345649, 2)
(403, 2)
(38255197747, 2)
(407, 1)
(38634901943, 1)
(408, 4)
(38729827992, 4)
(410, 6)
(38919680090, 6)
(414, 1)
(39299384286, 1)
(415, 1)
(39394310335, 6)
(417, 3)
(39584162433, 4)
(421, 0)
(39963866629, 0)
(422, 2)
(40058792678, 5)
(424, 1)
(40248644776, 1)
(428, 6)
(40628348972, 6)
(429, 2)
(40723275021, 5)
(431, 0)
(40913127119, 0)
(435, 2)
(41292831315, 5)
(436, 4)
(41387757364, 3)
(438, 4)
(41577609462, 3)
(442, 2)
(41957313658, 5)
(443, 3)
(42052239707, 3)
(445, 3)
(42242091805, 4)
(449, 6)
(42621796001, 1)
(450, 1)
(42716722050, 1)
(452, 3)
(42906574148, 3)
(456, 5)
(43286278344, 5)
(457, 1)
(43381204393, 1)
(459, 1)
(43571056491, 1)
(463, 1)
(43950760687, 1)
(464, 2)
(44045686736, 2)
(466, 2)
(44235538834, 5)
(470, 1)
(44615243030, 1)
(471, 2)
(44710169079, 2)
(473, 2)
(44900021177, 5)
(477, 5)
(45279725373, 5)
(478, 4)
(45374651422, 3)
(480, 1)
(45564503520, 6)
(484, 1)
(45944207716, 1)
(485, 3)
(46039133765, 4)
(487, 3)
(46228985863, 3)
(491, 1)
(46608690059, 6)
(492, 2)
(46703616108, 5)
(494, 5)
(46893468206, 2)
(498, 5)
(47273172402, 5)
(499, 6)
(47368098451, 6)
(501, 6)
(47557950549, 1)
(505, 1)
(47937654745, 6)
(506, 1)
(48032580794, 1)
(508, 2)
(48222432892, 2)
(512, 3)
(48602137088, 3)
(513, 2)
(48697063137, 2)
(515, 6)
(48886915235, 6)
(519, 2)
(49266619431, 2)
(520, 2)
(49361545480, 2)
(522, 1)
(49551397578, 1)
(526, 2)
(49931101774, 5)
(527, 3)
(50026027823, 4)
(529, 6)
(50215879921, 6)
(533, 1)
(50595584117, 1)
(534, 0)
(50690510166, 0)
(536, 5)
(50880362264, 5)
(540, 6)
(51260066460, 1)
(541, 0)
(51354992509, 0)
(543, 2)
(51544844607, 5)
(547, 5)
(51924548803, 2)
(548, 4)
(52019474852, 4)
(550, 2)
(52209326950, 2)
(554, 3)
(52589031146, 3)
(555, 1)
(52683957195, 6)
(557, 3)
(52873809293, 4)
(561, 4)
(53253513489, 4)
(562, 1)
(53348439538, 6)
(564, 2)
(53538291636, 5)
(568, 4)
(53917995832, 3)
(569, 2)
(54012921881, 2)
(571, 5)
(54202773979, 2)
(575, 0)
(54582478175, 0)
(576, 3)
(54677404224, 3)
(578, 1)
(54867256322, 1)
(582, 4)
(55246960518, 4)
(583, 0)
(55341886567, 0)
(585, 3)
(55531738665, 3)
(589, 4)
(55911442861, 3)
(590, 2)
(56006368910, 5)
(592, 1)
(56196221008, 1)
(596, 2)
(56575925204, 5)
(597, 4)
(56670851253, 4)
(599, 0)
(56860703351, 0)
(603, 6)
(57240407547, 6)
(604, 6)
(57335333596, 6)
(606, 6)
(57525185694, 6)
(610, 3)
(57904889890, 3)
(611, 6)
(57999815939, 6)
(613, 0)
(58189668037, 0)
(617, 5)
(58569372233, 2)
(618, 3)
(58664298282, 4)
(620, 2)
(58854150380, 2)
(624, 3)
(59233854576, 4)
(625, 0)
(59328780625, 0)
(627, 4)
(59518632723, 4)
(631, 3)
(59898336919, 4)
(632, 6)
(59993262968, 1)
(634, 2)
(60183115066, 5)
(638, 1)
(60562819262, 1)
(639, 2)
(60657745311, 5)
(641, 2)
(60847597409, 2)
(645, 4)
(61227301605, 4)
(646, 2)
(61322227654, 2)
(648, 0)
(61512079752, 0)
(652, 2)
(61891783948, 5)
(653, 1)
(61986709997, 1)
(655, 2)
(62176562095, 2)
(659, 2)
(62556266291, 2)
(660, 4)
(62651192340, 3)
(662, 6)
(62841044438, 1)
(666, 4)
(63220748634, 4)
(667, 1)
(63315674683, 1)
(669, 2)
(63505526781, 2)
(673, 1)
(63885230977, 6)
(674, 1)
(63980157026, 6)
(676, 3)
(64170009124, 3)
(680, 2)
(64549713320, 5)
(681, 5)
(64644639369, 2)
(683, 5)
(64834491467, 5)
(687, 0)
(65214195663, 0)
(688, 0)
(65309121712, 0)
(690, 6)
(65498973810, 1)
(694, 4)
(65878678006, 3)
(695, 2)
(65973604055, 2)
(697, 5)
(66163456153, 2)
(701, 2)
(66543160349, 5)
(702, 5)
(66638086398, 2)
(704, 6)
(66827938496, 6)
(708, 4)
(67207642692, 4)
(709, 3)
(67302568741, 4)
(711, 0)
(67492420839, 0)
(715, 2)
(67872125035, 2)
(716, 5)
(67967051084, 2)
(718, 5)
(68156903182, 2)
(722, 3)
(68536607378, 3)
(723, 1)
(68631533427, 6)
(725, 5)
(68821385525, 5)
(729, 5)
(69201089721, 5)
(730, 0)
(69296015770, 0)
(732, 6)
(69485867868, 1)
(736, 0)
(69865572064, 0)
(737, 3)
(69960498113, 3)
(739, 5)
(70150350211, 5)
(743, 0)
(70530054407, 0)
(744, 1)
(70624980456, 6)
(746, 0)
(70814832554, 0)
(750, 5)
(71194536750, 2)
(751, 6)
(71289462799, 6)
(753, 1)
(71479314897, 6)
(757, 0)
(71859019093, 0)
(758, 5)
(71953945142, 2)
(760, 1)
(72143797240, 6)
(764, 4)
(72523501436, 3)
(765, 3)
(72618427485, 4)
(767, 5)
(72808279583, 2)
(771, 3)
(73187983779, 3)
(772, 2)
(73282909828, 2)
(774, 1)
(73472761926, 6)
(778, 1)
(73852466122, 6)
(779, 6)
(73947392171, 1)
(781, 5)
(74137244269, 2)
(785, 0)
(74516948465, 0)
(786, 3)
(74611874514, 4)
(788, 4)
(74801726612, 4)
(792, 5)
(75181430808, 5)
(793, 1)
(75276356857, 1)
(795, 4)
(75466208955, 3)
(799, 1)
(75845913151, 6)
(800, 2)
(75940839200, 2)
(802, 4)
(76130691298, 3)
(806, 2)
(76510395494, 2)
(807, 3)
(76605321543, 4)
(809, 1)
(76795173641, 1)
(813, 1)
(77174877837, 6)
(814, 3)
(77269803886, 3)
(816, 0)
(77459655984, 0)
(820, 2)
(77839360180, 2)
(821, 3)
(77934286229, 4)
(823, 5)
(78124138327, 5)
(827, 0)
(78503842523, 0)
(828, 4)
(78598768572, 4)
(830, 1)
(78788620670, 6)
(834, 0)
(79168324866, 0)
(835, 5)
(79263250915, 5)
(837, 6)
(79453103013, 1)
(841, 5)
(79832807209, 5)
(842, 0)
(79927733258, 0)
(844, 5)
(80117585356, 2)
(848, 4)
(80497289552, 4)
(849, 4)
(80592215601, 3)
(851, 3)
(80782067699, 3)
(855, 4)
(81161771895, 3)
(856, 2)
(81256697944, 2)
(858, 1)
(81446550042, 6)
(862, 1)
(81826254238, 6)
(863, 2)
(81921180287, 2)
(865, 2)
(82111032385, 5)
(869, 0)
(82490736581, 0)
(870, 5)
(82585662630, 2)
(872, 3)
(82775514728, 4)
(876, 1)
(83155218924, 6)
(877, 0)
(83250144973, 0)
(879, 5)
(83439997071, 2)
(883, 5)
(83819701267, 5)
(884, 5)
(83914627316, 2)
(886, 5)
(84104479414, 5)
(890, 5)
(84484183610, 2)
(891, 4)
(84579109659, 4)
(893, 3)
(84768961757, 4)
(897, 3)
(85148665953, 4)
(898, 3)
(85243592002, 4)
(900, 4)
(85433444100, 4)
(904, 5)
(85813148296, 5)
(905, 3)
(85908074345, 3)
(907, 3)
(86097926443, 4)
(911, 6)
(86477630639, 1)
(912, 2)
(86572556688, 2)
(914, 2)
(86762408786, 2)
(918, 4)
(87142112982, 4)
(919, 6)
(87237039031, 1)
(921, 6)
(87426891129, 6)
(925, 2)
(87806595325, 2)
(926, 6)
(87901521374, 6)
(928, 0)
(88091373472, 0)
(932, 2)
(88471077668, 5)
(933, 2)
(88566003717, 2)
(935, 3)
(88755855815, 4)
(939, 4)
(89135560011, 3)
(940, 2)
(89230486060, 2)
(942, 4)
(89420338158, 4)
(946, 4)
(89800042354, 3)
(947, 3)
(89894968403, 4)
(949, 4)
(90084820501, 4)
(953, 0)
(90464524697, 0)
(954, 2)
(90559450746, 2)
(956, 1)
(90749302844, 6)
(960, 3)
(91129007040, 4)
(961, 3)
(91223933089, 3)
(963, 2)
(91413785187, 2)
(967, 2)
(91793489383, 5)
(968, 0)
(91888415432, 0)
(970, 5)
(92078267530, 2)
(974, 4)
(92457971726, 4)
(975, 4)
(92552897775, 3)
(977, 5)
(92742749873, 2)
(981, 6)
(93122454069, 1)
(982, 2)
(93217380118, 5)
(984, 4)
(93407232216, 3)
(988, 0)
(93786936412, 0)
(989, 5)
(93881862461, 2)
(991, 0)
(94071714559, 0)
(995, 4)
(94451418755, 3)
(996, 3)
(94546344804, 3)
(998, 0)
(94736196902, 0)
(1002, 3)
(95115901098, 4)
(1003, 1)
(95210827147, 1)
(1005, 1)
(95400679245, 6)
(1009, 3)
(95780383441, 3)
(1010, 3)
(95875309490, 4)
(1012, 0)
(96065161588, 0)
(1016, 3)
(96444865784, 3)
(1017, 6)
(96539791833, 6)
(1019, 6)
(96729643931, 6)
(1023, 1)
(97109348127, 6)
(1024, 1)
(97204274176, 1)
(1026, 0)
(97394126274, 0)
(1030, 6)
(97773830470, 6)
(1031, 3)
(97868756519, 4)
(1033, 0)
(98058608617, 0)
(1037, 6)
(98438312813, 1)
(1038, 5)
(98533238862, 5)
(1040, 1)
(98723090960, 1)
(1044, 3)
(99102795156, 3)
(1045, 2)
(99197721205, 5)
(1047, 1)
(99387573303, 1)
(1051, 6)
(99767277499, 6)
(1052, 2)
(99862203548, 5)
(1054, 1)
(100052055646, 6)
(1058, 6)
(100431759842, 6)
(1059, 5)
(100526685891, 2)
(1061, 6)
(100716537989, 1)
(1065, 4)
(101096242185, 4)
(1066, 0)
(101191168234, 0)
(1068, 1)
(101381020332, 1)
(1072, 0)
(101760724528, 0)
(1073, 1)
(101855650577, 1)
(1075, 0)
(102045502675, 0)
(1079, 3)
(102425206871, 4)
(1080, 5)
(102520132920, 2)
(1082, 6)
(102709985018, 6)
(1086, 5)
(103089689214, 2)
(1087, 1)
(103184615263, 6)
(1089, 5)
(103374467361, 5)
(1093, 6)
(103754171557, 1)
(1094, 0)
(103849097606, 0)
(1096, 4)
(104038949704, 4)
(1100, 3)
(104418653900, 3)
(1101, 2)
(104513579949, 2)
(1103, 3)
(104703432047, 3)
(1107, 4)
(105083136243, 3)
(1108, 4)
(105178062292, 4)
(1110, 6)
(105367914390, 1)
(1114, 2)
(105747618586, 5)
(1115, 6)
(105842544635, 1)
(1117, 4)
(106032396733, 4)
(1121, 5)
(106412100929, 5)
(1122, 5)
(106507026978, 5)
(1124, 6)
(106696879076, 1)
(1128, 1)
(107076583272, 6)
(1129, 5)
(107171509321, 5)
(1131, 1)
(107361361419, 6)
(1135, 3)
(107741065615, 3)
(1136, 3)
(107835991664, 4)
(1138, 6)
(108025843762, 6)
(1142, 5)
(108405547958, 2)
(1143, 2)
(108500474007, 2)
(1145, 5)
(108690326105, 2)
(1149, 4)
(109070030301, 3)
(1150, 4)
(109164956350, 4)
(1152, 6)
(109354808448, 6)
(1156, 1)
(109734512644, 1)
(1157, 6)
(109829438693, 1)
(1159, 1)
(110019290791, 6)
(1163, 0)
(110398994987, 0)
(1164, 4)
(110493921036, 4)
(1166, 1)
(110683773134, 1)
(1170, 4)
(111063477330, 4)
(1171, 0)
(111158403379, 0)
(1173, 4)
(111348255477, 4)
(1177, 0)
(111727959673, 0)
(1178, 5)
(111822885722, 2)
(1180, 6)
(112012737820, 1)
(1184, 1)
(112392442016, 1)
(1185, 5)
(112487368065, 5)
(1187, 2)
(112677220163, 2)
(1191, 5)
(113056924359, 2)
(1192, 6)
(113151850408, 1)
(1194, 6)
(113341702506, 6)
(1198, 2)
(113721406702, 5)
(1199, 5)
(113816332751, 2)
(1201, 0)
(114006184849, 0)
(1205, 6)
(114385889045, 6)
(1206, 2)
(114480815094, 2)
(1208, 4)
(114670667192, 4)
(1212, 6)
(115050371388, 6)
(1213, 0)
(115145297437, 0)
(1215, 6)
(115335149535, 1)
(1219, 3)
(115714853731, 3)
(1220, 3)
(115809779780, 3)
(1222, 3)
(115999631878, 3)
(1226, 4)
(116379336074, 4)
(1227, 1)
(116474262123, 6)
(1229, 1)
(116664114221, 1)
(1233, 3)
(117043818417, 3)
(1234, 1)
(117138744466, 6)
(1236, 4)
(117328596564, 3)
(1240, 2)
(117708300760, 2)
(1241, 0)
(117803226809, 0)
(1243, 4)
(117993078907, 4)
(1247, 6)
(118372783103, 1)
(1248, 2)
(118467709152, 5)
(1250, 4)
(118657561250, 4)
(1254, 6)
(119037265446, 6)
(1255, 4)
(119132191495, 4)
(1257, 6)
(119322043593, 1)
(1261, 6)
(119701747789, 1)
(1262, 0)
(119796673838, 0)
(1264, 5)
(119986525936, 2)
(1268, 2)
(120366230132, 5)
(1269, 4)
(120461156181, 3)
(1271, 4)
(120651008279, 4)
(1275, 5)
(121030712475, 5)
(1276, 1)
(121125638524, 1)
(1278, 1)
(121315490622, 6)
(1282, 3)
(121695194818, 3)
(1283, 1)
(121790120867, 6)
(1285, 2)
(121979972965, 5)
(1289, 0)
(122359677161, 0)
(1290, 2)
(122454603210, 2)
(1292, 2)
(122644455308, 2)
(1296, 5)
(123024159504, 5)
(1297, 6)
(123119085553, 1)
(1299, 1)
(123308937651, 1)
(1303, 1)
(123688641847, 6)
(1304, 0)
(123783567896, 0)
(1306, 5)
(123973419994, 5)
(1310, 1)
(124353124190, 1)
(1311, 6)
(124448050239, 6)
(1313, 5)
(124637902337, 2)
(1317, 6)
(125017606533, 6)
(1318, 2)
(125112532582, 2)
(1320, 4)
(125302384680, 3)
(1324, 6)
(125682088876, 1)
(1325, 0)
(125777014925, 0)
(1327, 2)
(125966867023, 2)
(1331, 6)
(126346571219, 6)
(1332, 1)
(126441497268, 1)
(1334, 5)
(126631349366, 5)
(1338, 1)
(127011053562, 1)
(1339, 2)
(127105979611, 2)
(1341, 2)
(127295831709, 5)
(1345, 0)
(127675535905, 0)
(1346, 1)
(127770461954, 6)
(1348, 3)
(127960314052, 4)
(1352, 4)
(128340018248, 4)
(1353, 2)
(128434944297, 5)
(1355, 5)
(128624796395, 5)
(1359, 2)
(129004500591, 2)
(1360, 0)
(129099426640, 0)
(1362, 2)
(129289278738, 5)
(1366, 5)
(129668982934, 5)
(1367, 0)
(129763908983, 0)
(1369, 0)
(129953761081, 0)
(1373, 5)
(130333465277, 2)
(1374, 3)
(130428391326, 3)
(1376, 2)
(130618243424, 5)
(1380, 1)
(130997947620, 6)
(1381, 2)
(131092873669, 5)
(1383, 6)
(131282725767, 6)
(1387, 2)
(131662429963, 5)
(1388, 5)
(131757356012, 2)
(1390, 1)
(131947208110, 1)
(1394, 3)
(132326912306, 4)
(1395, 3)
(132421838355, 3)
(1397, 4)
(132611690453, 4)
(1401, 1)
(132991394649, 1)
(1402, 0)
(133086320698, 0)
(1404, 5)
(133276172796, 2)
(1408, 0)
(133655876992, 0)
(1409, 5)
(133750803041, 2)
(1411, 4)
(133940655139, 4)
(1415, 3)
(134320359335, 3)
(1416, 3)
(134415285384, 3)
(1418, 4)
(134605137482, 3)
(1422, 2)
(134984841678, 5)
(1423, 5)
(135079767727, 2)
(1425, 2)
(135269619825, 2)
(1429, 0)
(135649324021, 0)
(1430, 0)
(135744250070, 0)
(1432, 3)
(135934102168, 4)
(1436, 4)
(136313806364, 3)
(1437, 4)
(136408732413, 3)
(1439, 5)
(136598584511, 2)
(1443, 4)
(136978288707, 3)
(1444, 6)
(137073214756, 6)
(1446, 5)
(137263066854, 2)
(1450, 1)
(137642771050, 1)
(1451, 5)
(137737697099, 5)
(1453, 4)
(137927549197, 4)
(1457, 2)
(138307253393, 2)
(1458, 4)
(138402179442, 4)
(1460, 6)
(138592031540, 6)
(1464, 5)
(138971735736, 2)
(1465, 0)
(139066661785, 0)
(1467, 5)
(139256513883, 2)
(1471, 1)
(139636218079, 1)
(1472, 3)
(139731144128, 3)
(1474, 6)
(139920996226, 6)
(1478, 4)
(140300700422, 4)
(1479, 6)
(140395626471, 6)
(1481, 5)
(140585478569, 2)
(1485, 1)
(140965182765, 6)
(1486, 4)
(141060108814, 4)
(1488, 0)
(141249960912, 0)
(1492, 1)
(141629665108, 6)
(1493, 4)
(141724591157, 4)
(1495, 1)
(141914443255, 1)
(1499, 3)
(142294147451, 4)
(1500, 3)
(142389073500, 4)
(1502, 3)
(142578925598, 3)
(1506, 2)
(142958629794, 5)
(1507, 1)
(143053555843, 1)
(1509, 5)
(143243407941, 5)
(1513, 5)
(143623112137, 5)
(1514, 6)
(143718038186, 1)
(1516, 5)
(143907890284, 2)
(1520, 2)
(144287594480, 5)
(1521, 1)
(144382520529, 1)
(1523, 0)
(144572372627, 0)
(1527, 6)
(144952076823, 1)
(1528, 2)
(145047002872, 5)
(1530, 1)
(145236854970, 6)
(1534, 4)
(145616559166, 3)
(1535, 0)
(145711485215, 0)
(1537, 6)
(145901337313, 6)
(1541, 3)
(146281041509, 3)
(1542, 4)
(146375967558, 4)
(1544, 0)
(146565819656, 0)
(1548, 3)
(146945523852, 4)
(1549, 6)
(147040449901, 6)
(1551, 2)
(147230301999, 5)
(1555, 2)
(147610006195, 5)
(1556, 2)
(147704932244, 5)
(1558, 5)
(147894784342, 2)
(1562, 2)
(148274488538, 5)
(1563, 5)
(148369414587, 2)
(1565, 1)
(148559266685, 1)
(1569, 1)
(148938970881, 1)
(1570, 2)
(149033896930, 5)
(1572, 5)
(149223749028, 2)
(1576, 5)
(149603453224, 5)
(1577, 4)
(149698379273, 4)
(1579, 2)
(149888231371, 2)
(1583, 0)
(150267935567, 0)
(1584, 0)
(150362861616, 0)
(1586, 4)
(150552713714, 4)
(1590, 0)
(150932417910, 0)
(1591, 1)
(151027343959, 6)
(1593, 1)
(151217196057, 1)
(1597, 3)
(151596900253, 4)
(1598, 0)
(151691826302, 0)
(1600, 5)
(151881678400, 5)
(1604, 0)
(152261382596, 0)
(1605, 2)
(152356308645, 5)
(1607, 5)
(152546160743, 2)
(1611, 4)
(152925864939, 3)
(1612, 2)
(153020790988, 2)
(1614, 3)
(153210643086, 4)
(1618, 3)
(153590347282, 3)
(1619, 2)
(153685273331, 5)
(1621, 3)
(153875125429, 4)
(1625, 4)
(154254829625, 4)
(1626, 4)
(154349755674, 3)
(1628, 5)
(154539607772, 5)
(1632, 0)
(154919311968, 0)
(1633, 5)
(155014238017, 2)
(1635, 1)
(155204090115, 1)
(1639, 3)
(155583794311, 4)
(1640, 5)
(155678720360, 5)
(1642, 4)
(155868572458, 3)
(1646, 2)
(156248276654, 2)
(1647, 4)
(156343202703, 3)
(1649, 1)
(156533054801, 1)
(1653, 3)
(156912758997, 3)
(1654, 5)
(157007685046, 2)
(1656, 6)
(157197537144, 6)
(1660, 6)
(157577241340, 1)
(1661, 2)
(157672167389, 2)
(1663, 1)
(157862019487, 1)
(1667, 3)
(158241723683, 3)
(1668, 3)
(158336649732, 4)
(1670, 6)
(158526501830, 6)
(1674, 3)
(158906206026, 4)
(1675, 0)
(159001132075, 0)
(1677, 1)
(159190984173, 1)
(1681, 1)
(159570688369, 1)
(1682, 3)
(159665614418, 3)
(1684, 4)
(159855466516, 4)
(1688, 5)
(160235170712, 2)
(1689, 0)
(160330096761, 0)
(1691, 4)
(160519948859, 4)
(1695, 4)
(160899653055, 3)
(1696, 4)
(160994579104, 4)
(1698, 0)
(161184431202, 0)
(1702, 1)
(161564135398, 1)
(1703, 4)
(161659061447, 4)
(1705, 1)
(161848913545, 1)
(1709, 1)
(162228617741, 6)
(1710, 2)
(162323543790, 5)
(1712, 0)
(162513395888, 0)
(1716, 3)
(162893100084, 4)
(1717, 2)
(162988026133, 2)
(1719, 6)
(163177878231, 1)
(1723, 6)
(163557582427, 1)
(1724, 0)
(163652508476, 0)
(1726, 2)
(163842360574, 2)
(1730, 0)
(164222064770, 0)
(1731, 2)
(164316990819, 2)
(1733, 4)
(164506842917, 4)
(1737, 3)
(164886547113, 3)
(1738, 2)
(164981473162, 5)
(1740, 2)
(165171325260, 5)
(1744, 4)
(165551029456, 3)
(1745, 1)
(165645955505, 6)
(1747, 5)
(165835807603, 5)
(1751, 2)
(166215511799, 5)
(1752, 4)
(166310437848, 3)
(1754, 5)
(166500289946, 2)
(1758, 4)
(166879994142, 3)
(1759, 1)
(166974920191, 6)
(1761, 6)
(167164772289, 6)
(1765, 0)
(167544476485, 0)
(1766, 3)
(167639402534, 3)
(1768, 2)
(167829254632, 5)
(1772, 3)
(168208958828, 3)
(1773, 6)
(168303884877, 6)
(1775, 5)
(168493736975, 2)
(1779, 5)
(168873441171, 5)
(1780, 4)
(168968367220, 3)
(1782, 4)
(169158219318, 4)
(1786, 2)
(169537923514, 5)
(1787, 0)
(169632849563, 0)
(1789, 4)
(169822701661, 4)
(1793, 3)
(170202405857, 4)
(1794, 3)
(170297331906, 4)
(1796, 6)
(170487184004, 1)
(1800, 5)
(170866888200, 5)
(1801, 1)
(170961814249, 6)
(1803, 1)
(171151666347, 6)
(1807, 1)
(171531370543, 1)
(1808, 2)
(171626296592, 2)
(1810, 3)
(171816148690, 3)
(1814, 1)
(172195852886, 6)
(1815, 5)
(172290778935, 2)
(1817, 5)
(172480631033, 2)
(1821, 3)
(172860335229, 3)
(1822, 5)
(172955261278, 2)
(1824, 1)
(173145113376, 1)
(1828, 5)
(173524817572, 5)
(1829, 3)
(173619743621, 4)
(1831, 3)
(173809595719, 3)
(1835, 5)
(174189299915, 2)
(1836, 1)
(174284225964, 1)
(1838, 5)
(174474078062, 2)
(1842, 0)
(174853782258, 0)
(1843, 5)
(174948708307, 5)
(1845, 3)
(175138560405, 3)
(1849, 2)
(175518264601, 2)
(1850, 6)
(175613190650, 6)
(1852, 2)
(175803042748, 2)
(1856, 3)
(176182746944, 3)
(1857, 2)
(176277672993, 2)
(1859, 1)
(176467525091, 1)
(1863, 2)
(176847229287, 2)
(1864, 1)
(176942155336, 6)
(1866, 5)
(177132007434, 5)
(1870, 3)
(177511711630, 4)
(1871, 4)
(177606637679, 4)
(1873, 2)
(177796489777, 2)
(1877, 1)
(178176193973, 6)
(1878, 2)
(178271120022, 5)
(1880, 6)
(178460972120, 6)
(1884, 2)
(178840676316, 2)
(1885, 5)
(178935602365, 5)
(1887, 1)
(179125454463, 1)
(1891, 5)
(179505158659, 5)
(1892, 1)
(179600084708, 6)
(1894, 3)
(179789936806, 4)
(1898, 2)
(180169641002, 2)
(1899, 2)
(180264567051, 5)
(1901, 0)
(180454419149, 0)
(1905, 2)
(180834123345, 5)
(1906, 0)
(180929049394, 0)
(1908, 6)
(181118901492, 6)
(1912, 2)
(181498605688, 5)
(1913, 3)
(181593531737, 3)
(1915, 6)
(181783383835, 6)
(1919, 2)
(182163088031, 2)
(1920, 5)
(182258014080, 2)
(1922, 2)
(182447866178, 2)
(1926, 4)
(182827570374, 4)
(1927, 3)
(182922496423, 3)
(1929, 0)
(183112348521, 0)
(1933, 5)
(183492052717, 2)
(1934, 0)
(183586978766, 0)
(1936, 3)
(183776830864, 3)
(1940, 3)
(184156535060, 4)
(1941, 1)
(184251461109, 1)
(1943, 2)
(184441313207, 2)
(1947, 4)
(184821017403, 4)
(1948, 6)
(184915943452, 6)
(1950, 5)
(185105795550, 2)
(1954, 1)
(185485499746, 6)
(1955, 3)
(185580425795, 4)
(1957, 3)
(185770277893, 4)
(1961, 0)
(186149982089, 0)
(1962, 2)
(186244908138, 5)
(1964, 1)
(186434760236, 6)
(1968, 0)
(186814464432, 0)
(1969, 0)
(186909390481, 0)
(1971, 2)
(187099242579, 5)
(1975, 0)
(187478946775, 0)
(1976, 4)
(187573872824, 3)
(1978, 3)
(187763724922, 4)
(1982, 2)
(188143429118, 2)
(1983, 2)
(188238355167, 2)
(1985, 4)
(188428207265, 4)
(1989, 3)
(188807911461, 4)
(1990, 2)
(188902837510, 5)
(1992, 3)
(189092689608, 3)
(1996, 6)
(189472393804, 6)
(1997, 0)
(189567319853, 0)
(1999, 5)
(189757171951, 2)
(2003, 1)
(190136876147, 6)
(2004, 1)
(190231802196, 6)
(2006, 6)
(190421654294, 6)
(2010, 6)
(190801358490, 1)
(2011, 0)
(190896284539, 0)
(2013, 1)
(191086136637, 6)
(2017, 1)
(191465840833, 6)
(2018, 3)
(191560766882, 3)
(2020, 1)
(191750618980, 6)
(2024, 5)
(192130323176, 5)
(2025, 1)
(192225249225, 1)
(2027, 4)
(192415101323, 3)
(2031, 0)
(192794805519, 0)
(2032, 5)
(192889731568, 5)
(2034, 3)
(193079583666, 3)
(2038, 6)
(193459287862, 6)
(2039, 4)
(193554213911, 3)
(2041, 3)
(193744066009, 4)
(2045, 4)
(194123770205, 4)
(2046, 0)
(194218696254, 0)
(2048, 5)
(194408548352, 5)
(2052, 3)
(194788252548, 3)
(2053, 6)
(194883178597, 1)
(2055, 1)
(195073030695, 6)
(2059, 4)
(195452734891, 3)
(2060, 6)
(195547660940, 6)
(2062, 6)
(195737513038, 1)
(2066, 5)
(196117217234, 2)
(2067, 2)
(196212143283, 5)
(2069, 1)
(196401995381, 1)
(2073, 2)
(196781699577, 5)
(2074, 1)
(196876625626, 6)
(2076, 3)
(197066477724, 3)
(2080, 4)
(197446181920, 4)
(2081, 6)
(197541107969, 6)
(2083, 0)
(197730960067, 0)
(2087, 6)
(198110664263, 1)
(2088, 6)
(198205590312, 6)
(2090, 6)
(198395442410, 1)
(2094, 6)
(198775146606, 6)
(2095, 6)
(198870072655, 6)
(2097, 6)
(199059924753, 1)
(2101, 6)
(199439628949, 1)
(2102, 0)
(199534554998, 0)
(2104, 5)
(199724407096, 2)
(2108, 2)
(200104111292, 5)
(2109, 6)
(200199037341, 6)
(2111, 2)
(200388889439, 5)
(2115, 5)
(200768593635, 5)
(2116, 1)
(200863519684, 1)
(2118, 2)
(201053371782, 5)
(2122, 6)
(201433075978, 1)
(2123, 0)
(201528002027, 0)
(2125, 4)
(201717854125, 3)
(2129, 3)
(202097558321, 3)
(2130, 0)
(202192484370, 0)
(2132, 4)
(202382336468, 4)
(2136, 4)
(202762040664, 4)
(2137, 2)
(202856966713, 5)
(2139, 1)
(203046818811, 6)
(2143, 4)
(203426523007, 3)
(2144, 4)
(203521449056, 4)
(2146, 4)
(203711301154, 4)
(2150, 5)
(204091005350, 2)
(2151, 4)
(204185931399, 3)
(2153, 1)
(204375783497, 1)
(2157, 3)
(204755487693, 3)
(2158, 6)
(204850413742, 1)
(2160, 5)
(205040265840, 2)
(2164, 2)
(205419970036, 2)
(2165, 6)
(205514896085, 1)
(2167, 5)
(205704748183, 5)
(2171, 0)
(206084452379, 0)
(2172, 5)
(206179378428, 2)
(2174, 5)
(206369230526, 2)
(2178, 4)
(206748934722, 4)
(2179, 0)
(206843860771, 0)
(2181, 6)
(207033712869, 1)
(2185, 2)
(207413417065, 5)
(2186, 5)
(207508343114, 2)
(2188, 5)
(207698195212, 2)
(2192, 1)
(208077899408, 1)
(2193, 1)
(208172825457, 6)
(2195, 2)
(208362677555, 5)
(2199, 2)
(208742381751, 2)
(2200, 3)
(208837307800, 3)
(2202, 2)
(209027159898, 2)
(2206, 0)
(209406864094, 0)
(2207, 3)
(209501790143, 4)
(2209, 3)
(209691642241, 3)
(2213, 0)
(210071346437, 0)
(2214, 5)
(210166272486, 2)
(2216, 0)
(210356124584, 0)
(2220, 1)
(210735828780, 6)
(2221, 2)
(210830754829, 2)
(2223, 5)
(211020606927, 2)
(2227, 3)
(211400311123, 4)
(2228, 5)
(211495237172, 2)
(2230, 2)
(211685089270, 5)
(2234, 2)
(212064793466, 2)
(2235, 3)
(212159719515, 3)
(2237, 5)
(212349571613, 5)
(2241, 3)
(212729275809, 3)
(2242, 4)
(212824201858, 4)
(2244, 6)
(213014053956, 6)
(2248, 1)
(213393758152, 6)
(2249, 1)
(213488684201, 6)
(2251, 0)
(213678536299, 0)
(2255, 2)
(214058240495, 2)
(2256, 4)
(214153166544, 3)
(2258, 4)
(214343018642, 4)
(2262, 4)
(214722722838, 3)
(2263, 5)
(214817648887, 5)
(2265, 0)
(215007500985, 0)
(2269, 0)
(215387205181, 0)
(2270, 6)
(215482131230, 6)
(2272, 1)
(215671983328, 6)
(2276, 2)
(216051687524, 2)
(2277, 0)
(216146613573, 0)
(2279, 4)
(216336465671, 3)
(2283, 3)
(216716169867, 4)
(2284, 5)
(216811095916, 2)
(2286, 1)
(217000948014, 1)
(2290, 3)
(217380652210, 4)
(2291, 1)
(217475578259, 6)
(2293, 6)
(217665430357, 6)
(2297, 2)
(218045134553, 2)
(2298, 0)
(218140060602, 0)
(2300, 0)
(218329912700, 0)
(2304, 5)
(218709616896, 5)
(2305, 6)
(218804542945, 1)
(2307, 1)
(218994395043, 6)
(2311, 3)
(219374099239, 4)
(2312, 6)
(219469025288, 6)
(2314, 4)
(219658877386, 3)
(2318, 0)
(220038581582, 0)
(2319, 3)
(220133507631, 4)
(2321, 5)
(220323359729, 2)
(2325, 5)
(220703063925, 2)
(2326, 5)
(220797989974, 2)
(2328, 4)
(220987842072, 4)
(2332, 6)
(221367546268, 6)
(2333, 4)
(221462472317, 3)
(2335, 3)
(221652324415, 4)
(2339, 6)
(222032028611, 6)
(2340, 0)
(222126954660, 0)
(2342, 1)
(222316806758, 1)
(2346, 5)
(222696510954, 5)
(2347, 3)
(222791437003, 4)
(2349, 2)
(222981289101, 2)
(2353, 0)
(223360993297, 0)
(2354, 6)
(223455919346, 6)
(2356, 6)
(223645771444, 1)
(2360, 0)
(224025475640, 0)
(2361, 3)
(224120401689, 3)
(2363, 3)
(224310253787, 4)
(2367, 3)
(224689957983, 4)
(2368, 5)
(224784884032, 5)
(2370, 3)
(224974736130, 3)
(2374, 2)
(225354440326, 2)
(2375, 1)
(225449366375, 6)
(2377, 6)
(225639218473, 1)
(2381, 4)
(226018922669, 4)
(2382, 3)
(226113848718, 4)
(2384, 3)
(226303700816, 4)
(2388, 2)
(226683405012, 2)
(2389, 4)
(226778331061, 3)
(2391, 6)
(226968183159, 6)
(2395, 4)
(227347887355, 4)
(2396, 5)
(227442813404, 2)
(2398, 0)
(227632665502, 0)
(2402, 5)
(228012369698, 5)
(2403, 2)
(228107295747, 2)
(2405, 3)
(228297147845, 3)
(2409, 6)
(228676852041, 1)
(2410, 5)
(228771778090, 5)
(2412, 6)
(228961630188, 6)
(2416, 2)
(229341334384, 2)
(2417, 5)
(229436260433, 2)
(2419, 1)
(229626112531, 6)
(2423, 4)
(230005816727, 3)
(2424, 6)
(230100742776, 6)
(2426, 4)
(230290594874, 4)
(2430, 4)
(230670299070, 3)
(2431, 6)
(230765225119, 1)
(2433, 4)
(230955077217, 3)
(2437, 5)
(231334781413, 2)
(2438, 1)
(231429707462, 1)
(2440, 3)
(231619559560, 3)
(2444, 6)
(231999263756, 6)
(2445, 0)
(232094189805, 0)
(2447, 2)
(232284041903, 5)
(2451, 4)
(232663746099, 3)
(2452, 1)
(232758672148, 1)
(2454, 0)
(232948524246, 0)
(2458, 5)
(233328228442, 5)
(2459, 3)
(233423154491, 4)
(2461, 6)
(233613006589, 6)
(2465, 0)
(233992710785, 0)
(2466, 1)
(234087636834, 1)
(2468, 5)
(234277488932, 2)
(2472, 2)
(234657193128, 5)
(2473, 5)
(234752119177, 2)
(2475, 1)
(234941971275, 1)
(2479, 1)
(235321675471, 1)
(2480, 0)
(235416601520, 0)
(2482, 1)
(235606453618, 6)
(2486, 5)
(235986157814, 5)
(2487, 4)
(236081083863, 4)
(2489, 3)
(236270935961, 4)
(2493, 6)
(236650640157, 6)
(2494, 0)
(236745566206, 0)
(2496, 4)
(236935418304, 3)
(2500, 6)
(237315122500, 6)
(2501, 5)
(237410048549, 5)
(2503, 0)
(237599900647, 0)
(2507, 0)
(237979604843, 0)
(2508, 4)
(238074530892, 4)
(2510, 1)
(238264382990, 1)
(2514, 5)
(238644087186, 2)
(2515, 5)
(238739013235, 2)
(2517, 4)
(238928865333, 3)
(2521, 4)
(239308569529, 3)
(2522, 2)
(239403495578, 5)
(2524, 1)
(239593347676, 6)
(2528, 4)
(239973051872, 3)
(2529, 3)
(240067977921, 4)
(2531, 3)
(240257830019, 3)
(2535, 6)
(240637534215, 1)
(2536, 3)
(240732460264, 4)
(2538, 5)
(240922312362, 2)
(2542, 5)
(241302016558, 5)
(2543, 3)
(241396942607, 4)
(2545, 3)
(241586794705, 3)
(2549, 4)
(241966498901, 4)
(2550, 1)
(242061424950, 1)
(2552, 6)
(242251277048, 6)
(2556, 4)
(242630981244, 3)
(2557, 6)
(242725907293, 1)
(2559, 5)
(242915759391, 5)
(2563, 3)
(243295463587, 4)
(2564, 4)
(243390389636, 4)
(2566, 5)
(243580241734, 2)
(2570, 6)
(243959945930, 1)
(2571, 0)
(244054871979, 0)
(2573, 2)
(244244724077, 5)
(2577, 3)
(244624428273, 4)
(2578, 3)
(244719354322, 3)
(2580, 6)
(244909206420, 6)
(2584, 2)
(245288910616, 2)
(2585, 3)
(245383836665, 3)
(2587, 1)
(245573688763, 6)
(2591, 5)
(245953392959, 5)
(2592, 2)
(246048319008, 2)
(2594, 4)
(246238171106, 3)
(2598, 5)
(246617875302, 5)
(2599, 1)
(246712801351, 1)
(2601, 5)
(246902653449, 5)
(2605, 3)
(247282357645, 3)
(2606, 1)
(247377283694, 6)
(2608, 0)
(247567135792, 0)
(2612, 2)
(247946839988, 2)
(2613, 5)
(248041766037, 2)
(2615, 0)
(248231618135, 0)
(2619, 1)
(248611322331, 1)
(2620, 5)
(248706248380, 5)
(2622, 5)
(248896100478, 5)
(2626, 1)
(249275804674, 6)
(2627, 3)
(249370730723, 4)
(2629, 4)
(249560582821, 3)
