(1, 2)
(36566209, 2)
(4, 5)
(146264836, 5)
(7, 1)
(255963463, 1)
(10, 7)
(365662090, 2)
(13, 8)
(475360717, 1)
(16, 1)
(585059344, 1)
(19, 0)
(694757971, 0)
(22, 4)
(804456598, 4)
(25, 7)
(914155225, 7)
(28, 7)
(1023853852, 7)
(31, 6)
(1133552479, 3)
(34, 5)
(1243251106, 4)
(37, 5)
(1352949733, 5)
(40, 5)
(1462648360, 4)
(43, 0)
(1572346987, 0)
(46, 8)
(1682045614, 8)
(49, 0)
(1791744241, 0)
(52, 2)
(1901442868, 7)
(55, 7)
(2011141495, 2)
(58, 7)
(2120840122, 2)
(61, 0)
(2230538749, 0)
(64, 2)
(2340237376, 2)
(67, 0)
(2449936003, 0)
(70, 5)
(2559634630, 4)
(73, 7)
(2669333257, 7)
(76, 0)
(2779031884, 0)
(79, 2)
(2888730511, 2)
(82, 5)
(2998429138, 5)
(85, 1)
(3108127765, 1)
(88, 8)
(3217826392, 8)
(91, 0)
(3327525019, 0)
(94, 1)
(3437223646, 1)
(97, 1)
(3546922273, 1)
(100, 4)
(3656620900, 4)
(103, 8)
(3766319527, 8)
(106, 6)
(3876018154, 3)
(109, 3)
(3985716781, 6)
(112, 5)
(4095415408, 5)
(115, 0)
(4205114035, 0)
(118, 0)
(4314812662, 0)
(121, 8)
(4424511289, 8)
(124, 6)
(4534209916, 3)
(127, 2)
(4643908543, 2)
(130, 2)
(4753607170, 2)
(133, 7)
(4863305797, 2)
(136, 1)
(4973004424, 8)
(139, 0)
(5082703051, 0)
(142, 2)
(5192401678, 7)
(145, 5)
(5302100305, 5)
(148, 8)
(5411798932, 8)
(151, 4)
(5521497559, 4)
(154, 4)
(5631196186, 4)
(157, 0)
(5740894813, 0)
(160, 1)
(5850593440, 8)
(163, 0)
(5960292067, 0)
(166, 5)
(6069990694, 5)
(169, 5)
(6179689321, 5)
(172, 0)
(6289387948, 0)
(175, 7)
(6399086575, 7)
(178, 7)
(6508785202, 7)
(181, 1)
(6618483829, 8)
(184, 7)
(6728182456, 7)
(187, 0)
(6837881083, 0)
(190, 8)
(6947579710, 8)
(193, 4)
(7057278337, 4)
(196, 0)
(7166976964, 0)
(199, 6)
(7276675591, 6)
(202, 6)
(7386374218, 6)
(205, 2)
(7496072845, 7)
(208, 4)
(7605771472, 5)
(211, 0)
(7715470099, 0)
(214, 3)
(7825168726, 3)
(217, 2)
(7934867353, 7)
(220, 4)
(8044565980, 5)
(223, 7)
(8154264607, 7)
(226, 4)
(8263963234, 5)
(229, 4)
(8373661861, 5)
(232, 5)
(8483360488, 4)
(235, 0)
(8593059115, 0)
(238, 1)
(8702757742, 8)
(241, 0)
(8812456369, 0)
(244, 0)
(8922154996, 0)
(247, 0)
(9031853623, 0)
(250, 3)
(9141552250, 6)
(253, 4)
(9251250877, 4)
(256, 4)
(9360949504, 4)
(259, 0)
(9470648131, 0)
(262, 6)
(9580346758, 3)
(265, 8)
(9690045385, 8)
(268, 0)
(9799744012, 0)
(271, 8)
(9909442639, 1)
(274, 6)
(10019141266, 6)
(277, 0)
(10128839893, 0)
(280, 1)
(10238538520, 8)
(283, 0)
(10348237147, 0)
(286, 6)
(10457935774, 3)
(289, 7)
(10567634401, 7)
(292, 4)
(10677333028, 4)
(295, 2)
(10787031655, 2)
(298, 6)
(10896730282, 3)
(301, 5)
(11006428909, 5)
(304, 0)
(11116127536, 0)
(307, 0)
(11225826163, 0)
(310, 4)
(11335524790, 4)
(313, 8)
(11445223417, 8)
(316, 5)
(11554922044, 5)
(319, 7)
(11664620671, 2)
(322, 7)
(11774319298, 7)
(325, 2)
(11884017925, 7)
(328, 1)
(11993716552, 1)
(331, 0)
(12103415179, 0)
(334, 6)
(12213113806, 6)
(337, 2)
(12322812433, 7)
(340, 7)
(12432511060, 7)
(343, 2)
(12542209687, 2)
(346, 5)
(12651908314, 4)
(349, 2)
(12761606941, 7)
(352, 7)
(12871305568, 7)
(355, 0)
(12981004195, 0)
(358, 6)
(13090702822, 6)
(361, 6)
(13200401449, 6)
(364, 0)
(13310100076, 0)
(367, 6)
(13419798703, 3)
(370, 6)
(13529497330, 3)
(373, 1)
(13639195957, 8)
(376, 2)
(13748894584, 2)
(379, 0)
(13858593211, 0)
(382, 1)
(13968291838, 1)
(385, 2)
(14077990465, 7)
(388, 7)
(14187689092, 7)
(391, 2)
(14297387719, 7)
(394, 2)
(14407086346, 2)
(397, 3)
(14516784973, 3)
(400, 8)
(14626483600, 8)
(403, 0)
(14736182227, 0)
(406, 8)
(14845880854, 1)
(409, 1)
(14955579481, 8)
(412, 2)
(15065278108, 2)
(415, 1)
(15174976735, 8)
(418, 1)
(15284675362, 8)
(421, 4)
(15394373989, 4)
(424, 3)
(15504072616, 6)
(427, 0)
(15613771243, 0)
(430, 3)
(15723469870, 6)
(433, 6)
(15833168497, 3)
(436, 3)
(15942867124, 6)
(439, 3)
(16052565751, 3)
(442, 4)
(16162264378, 4)
(445, 5)
(16271963005, 4)
(448, 1)
(16381661632, 1)
(451, 0)
(16491360259, 0)
(454, 1)
(16601058886, 1)
(457, 8)
(16710757513, 1)
(460, 0)
(16820456140, 0)
(463, 7)
(16930154767, 7)
(466, 1)
(17039853394, 8)
(469, 1)
(17149552021, 8)
(472, 0)
(17259250648, 0)
(475, 0)
(17368949275, 0)
(478, 1)
(17478647902, 8)
(481, 7)
(17588346529, 2)
(484, 2)
(17698045156, 2)
(487, 1)
(17807743783, 1)
(490, 1)
(17917442410, 8)
(493, 0)
(18027141037, 0)
(496, 3)
(18136839664, 6)
(499, 0)
(18246538291, 0)
(502, 7)
(18356236918, 2)
(505, 2)
(18465935545, 7)
(508, 5)
(18575634172, 5)
(511, 5)
(18685332799, 5)
(514, 8)
(18795031426, 8)
(517, 0)
(18904730053, 0)
(520, 4)
(19014428680, 4)
(523, 0)
(19124127307, 0)
(526, 3)
(19233825934, 3)
(529, 5)
(19343524561, 5)
(532, 4)
(19453223188, 5)
(535, 5)
(19562921815, 4)
(538, 2)
(19672620442, 7)
(541, 7)
(19782319069, 2)
(544, 2)
(19892017696, 7)
(547, 0)
(20001716323, 0)
(550, 1)
(20111414950, 1)
(553, 2)
(20221113577, 2)
(556, 0)
(20330812204, 0)
(559, 4)
(20440510831, 5)
(562, 7)
(20550209458, 2)
(565, 3)
(20659908085, 3)
(568, 4)
(20769606712, 5)
(571, 0)
(20879305339, 0)
(574, 5)
(20989003966, 5)
(577, 5)
(21098702593, 5)
(580, 8)
(21208401220, 8)
(583, 5)
(21318099847, 4)
(586, 3)
(21427798474, 6)
(589, 1)
(21537497101, 1)
(592, 7)
(21647195728, 7)
(595, 0)
(21756894355, 0)
(598, 1)
(21866592982, 8)
(601, 2)
(21976291609, 2)
(604, 1)
(22085990236, 1)
(607, 1)
(22195688863, 8)
(610, 0)
(22305387490, 0)
(613, 1)
(22415086117, 8)
(616, 8)
(22524784744, 8)
(619, 0)
(22634483371, 0)
(622, 0)
(22744181998, 0)
(625, 5)
(22853880625, 5)
(628, 0)
(22963579252, 0)
(631, 4)
(23073277879, 5)
(634, 4)
(23182976506, 4)
(637, 5)
(23292675133, 4)
(640, 2)
(23402373760, 7)
(643, 0)
(23512072387, 0)
(646, 8)
(23621771014, 8)
(649, 2)
(23731469641, 7)
(652, 0)
(23841168268, 0)
(655, 6)
(23950866895, 6)
(658, 4)
(24060565522, 4)
(661, 3)
(24170264149, 6)
(664, 1)
(24279962776, 1)
(667, 0)
(24389661403, 0)
(670, 6)
(24499360030, 6)
(673, 3)
(24609058657, 6)
(676, 8)
(24718757284, 8)
(679, 6)
(24828455911, 6)
(682, 3)
(24938154538, 6)
(685, 0)
(25047853165, 0)
(688, 0)
(25157551792, 0)
(691, 0)
(25267250419, 0)
(694, 2)
(25376949046, 2)
(697, 5)
(25486647673, 4)
(700, 4)
(25596346300, 4)
(703, 5)
(25706044927, 4)
(706, 6)
(25815743554, 6)
(709, 1)
(25925442181, 1)
(712, 5)
(26035140808, 5)
(715, 0)
(26144839435, 0)
(718, 6)
(26254538062, 3)
(721, 4)
(26364236689, 4)
(724, 7)
(26473935316, 2)
(727, 1)
(26583633943, 8)
(730, 6)
(26693332570, 3)
(733, 8)
(26803031197, 8)
(736, 5)
(26912729824, 5)
(739, 0)
(27022428451, 0)
(742, 4)
(27132127078, 5)
(745, 7)
(27241825705, 7)
(748, 0)
(27351524332, 0)
(751, 6)
(27461222959, 6)
(754, 4)
(27570921586, 4)
(757, 1)
(27680620213, 1)
(760, 7)
(27790318840, 7)
(763, 0)
(27900017467, 0)
(766, 6)
(28009716094, 6)
(769, 2)
(28119414721, 7)
(772, 1)
(28229113348, 1)
(775, 3)
(28338811975, 6)
(778, 7)
(28448510602, 2)
(781, 2)
(28558209229, 7)
(784, 0)
(28667907856, 0)
(787, 0)
(28777606483, 0)
(790, 8)
(28887305110, 1)
(793, 5)
(28997003737, 5)
(796, 6)
(29106702364, 6)
(799, 7)
(29216400991, 2)
(802, 0)
(29326099618, 0)
(805, 1)
(29435798245, 8)
(808, 3)
(29545496872, 3)
(811, 0)
(29655195499, 0)
(814, 6)
(29764894126, 6)
(817, 6)
(29874592753, 3)
(820, 5)
(29984291380, 4)
(823, 3)
(30093990007, 3)
(826, 0)
(30203688634, 0)
(829, 7)
(30313387261, 7)
(832, 8)
(30423085888, 1)
(835, 0)
(30532784515, 0)
(838, 1)
(30642483142, 1)
(841, 7)
(30752181769, 7)
(844, 0)
(30861880396, 0)
(847, 8)
(30971579023, 8)
(850, 4)
(31081277650, 5)
