(1, 2)
(5987809, 2)
(4, 5)
(23951236, 5)
(7, 1)
(41914663, 8)
(10, 7)
(59878090, 2)
(13, 8)
(77841517, 8)
(16, 1)
(95804944, 1)
(19, 0)
(113768371, 0)
(22, 4)
(131731798, 5)
(25, 7)
(149695225, 7)
(28, 7)
(167658652, 2)
(31, 6)
(185622079, 6)
(34, 5)
(203585506, 5)
(37, 5)
(221548933, 4)
(40, 5)
(239512360, 4)
(43, 0)
(257475787, 0)
(46, 8)
(275439214, 1)
(49, 0)
(293402641, 0)
(52, 2)
(311366068, 2)
(55, 7)
(329329495, 7)
(58, 7)
(347292922, 2)
(61, 0)
(365256349, 0)
(64, 2)
(383219776, 2)
(67, 0)
(401183203, 0)
(70, 5)
(419146630, 5)
(73, 7)
(437110057, 7)
(76, 0)
(455073484, 0)
(79, 2)
(473036911, 2)
(82, 5)
(491000338, 4)
(85, 1)
(508963765, 8)
(88, 8)
(526927192, 1)
(91, 0)
(544890619, 0)
(94, 1)
(562854046, 8)
(97, 1)
(580817473, 1)
(100, 4)
(598780900, 4)
(103, 8)
(616744327, 8)
(106, 6)
(634707754, 6)
(109, 3)
(652671181, 3)
(112, 5)
(670634608, 4)
(115, 0)
(688598035, 0)
(118, 0)
(706561462, 0)
(121, 8)
(724524889, 8)
(124, 6)
(742488316, 6)
(127, 2)
(760451743, 7)
(130, 2)
(778415170, 7)
(133, 7)
(796378597, 2)
(136, 1)
(814342024, 1)
(139, 0)
(832305451, 0)
(142, 2)
(850268878, 2)
(145, 5)
(868232305, 5)
(148, 8)
(886195732, 1)
(151, 4)
(904159159, 5)
(154, 4)
(922122586, 4)
(157, 0)
(940086013, 0)
(160, 1)
(958049440, 8)
(163, 0)
(976012867, 0)
(166, 5)
(993976294, 4)
(169, 5)
(1011939721, 5)
(172, 0)
(1029903148, 0)
(175, 7)
(1047866575, 2)
(178, 7)
(1065830002, 7)
(181, 1)
(1083793429, 1)
(184, 7)
(1101756856, 2)
(187, 0)
(1119720283, 0)
(190, 8)
(1137683710, 1)
(193, 4)
(1155647137, 4)
(196, 0)
(1173610564, 0)
(199, 6)
(1191573991, 6)
(202, 6)
(1209537418, 6)
(205, 2)
(1227500845, 2)
(208, 4)
(1245464272, 4)
(211, 0)
(1263427699, 0)
(214, 3)
(1281391126, 3)
(217, 2)
(1299354553, 7)
(220, 4)
(1317317980, 4)
(223, 7)
(1335281407, 2)
(226, 4)
(1353244834, 5)
(229, 4)
(1371208261, 5)
(232, 5)
(1389171688, 4)
(235, 0)
(1407135115, 0)
(238, 1)
(1425098542, 8)
(241, 0)
(1443061969, 0)
(244, 0)
(1461025396, 0)
(247, 0)
(1478988823, 0)
(250, 3)
(1496952250, 6)
(253, 4)
(1514915677, 4)
(256, 4)
(1532879104, 4)
(259, 0)
(1550842531, 0)
(262, 6)
(1568805958, 3)
(265, 8)
(1586769385, 1)
(268, 0)
(1604732812, 0)
(271, 8)
(1622696239, 1)
(274, 6)
(1640659666, 6)
(277, 0)
(1658623093, 0)
(280, 1)
(1676586520, 1)
(283, 0)
(1694549947, 0)
(286, 6)
(1712513374, 3)
(289, 7)
(1730476801, 7)
(292, 4)
(1748440228, 4)
(295, 2)
(1766403655, 2)
(298, 6)
(1784367082, 6)
(301, 5)
(1802330509, 4)
(304, 0)
(1820293936, 0)
(307, 0)
(1838257363, 0)
(310, 4)
(1856220790, 5)
(313, 8)
(1874184217, 8)
(316, 5)
(1892147644, 5)
(319, 7)
(1910111071, 7)
(322, 7)
(1928074498, 7)
(325, 2)
(1946037925, 2)
(328, 1)
(1964001352, 8)
(331, 0)
(1981964779, 0)
(334, 6)
(1999928206, 6)
(337, 2)
(2017891633, 7)
(340, 7)
(2035855060, 2)
(343, 2)
(2053818487, 7)
(346, 5)
(2071781914, 5)
(349, 2)
(2089745341, 2)
(352, 7)
(2107708768, 2)
(355, 0)
(2125672195, 0)
(358, 6)
(2143635622, 6)
(361, 6)
(2161599049, 6)
(364, 0)
(2179562476, 0)
(367, 6)
(2197525903, 6)
(370, 6)
(2215489330, 6)
(373, 1)
(2233452757, 1)
(376, 2)
(2251416184, 7)
(379, 0)
(2269379611, 0)
(382, 1)
(2287343038, 1)
(385, 2)
(2305306465, 7)
(388, 7)
(2323269892, 7)
(391, 2)
(2341233319, 7)
(394, 2)
(2359196746, 2)
(397, 3)
(2377160173, 3)
(400, 8)
(2395123600, 8)
(403, 0)
(2413087027, 0)
(406, 8)
(2431050454, 8)
(409, 1)
(2449013881, 8)
(412, 2)
(2466977308, 2)
(415, 1)
(2484940735, 1)
(418, 1)
(2502904162, 8)
(421, 4)
(2520867589, 4)
(424, 3)
(2538831016, 3)
(427, 0)
(2556794443, 0)
(430, 3)
(2574757870, 6)
(433, 6)
(2592721297, 3)
(436, 3)
(2610684724, 3)
(439, 3)
(2628648151, 6)
(442, 4)
(2646611578, 4)
(445, 5)
(2664575005, 4)
(448, 1)
(2682538432, 8)
(451, 0)
(2700501859, 0)
(454, 1)
(2718465286, 8)
(457, 8)
(2736428713, 8)
(460, 0)
(2754392140, 0)
(463, 7)
(2772355567, 2)
(466, 1)
(2790318994, 1)
(469, 1)
(2808282421, 1)
(472, 0)
(2826245848, 0)
(475, 0)
(2844209275, 0)
(478, 1)
(2862172702, 1)
(481, 7)
(2880136129, 2)
(484, 2)
(2898099556, 2)
(487, 1)
(2916062983, 1)
(490, 1)
(2934026410, 8)
(493, 0)
(2951989837, 0)
(496, 3)
(2969953264, 3)
(499, 0)
(2987916691, 0)
(502, 7)
(3005880118, 7)
(505, 2)
(3023843545, 7)
(508, 5)
(3041806972, 4)
(511, 5)
(3059770399, 4)
(514, 8)
(3077733826, 8)
(517, 0)
(3095697253, 0)
(520, 4)
(3113660680, 5)
(523, 0)
(3131624107, 0)
(526, 3)
(3149587534, 3)
(529, 5)
(3167550961, 5)
(532, 4)
(3185514388, 5)
(535, 5)
(3203477815, 4)
(538, 2)
(3221441242, 7)
(541, 7)
(3239404669, 2)
(544, 2)
(3257368096, 2)
(547, 0)
(3275331523, 0)
(550, 1)
(3293294950, 8)
(553, 2)
(3311258377, 7)
(556, 0)
(3329221804, 0)
(559, 4)
(3347185231, 4)
(562, 7)
(3365148658, 2)
(565, 3)
(3383112085, 3)
(568, 4)
(3401075512, 4)
(571, 0)
(3419038939, 0)
(574, 5)
(3437002366, 5)
(577, 5)
(3454965793, 4)
(580, 8)
(3472929220, 8)
(583, 5)
(3490892647, 4)
(586, 3)
(3508856074, 6)
(589, 1)
(3526819501, 1)
(592, 7)
(3544782928, 2)
(595, 0)
(3562746355, 0)
(598, 1)
(3580709782, 8)
(601, 2)
(3598673209, 7)
(604, 1)
(3616636636, 8)
(607, 1)
(3634600063, 8)
(610, 0)
(3652563490, 0)
(613, 1)
(3670526917, 8)
(616, 8)
(3688490344, 8)
(619, 0)
(3706453771, 0)
(622, 0)
(3724417198, 0)
(625, 5)
(3742380625, 5)
(628, 0)
(3760344052, 0)
(631, 4)
(3778307479, 4)
(634, 4)
(3796270906, 4)
(637, 5)
(3814234333, 5)
(640, 2)
(3832197760, 7)
(643, 0)
(3850161187, 0)
(646, 8)
(3868124614, 8)
(649, 2)
(3886088041, 2)
(652, 0)
(3904051468, 0)
(655, 6)
(3922014895, 6)
(658, 4)
(3939978322, 4)
(661, 3)
(3957941749, 3)
(664, 1)
(3975905176, 8)
(667, 0)
(3993868603, 0)
(670, 6)
(4011832030, 6)
(673, 3)
(4029795457, 6)
(676, 8)
(4047758884, 8)
(679, 6)
(4065722311, 3)
(682, 3)
(4083685738, 6)
(685, 0)
(4101649165, 0)
(688, 0)
(4119612592, 0)
(691, 0)
(4137576019, 0)
(694, 2)
(4155539446, 2)
(697, 5)
(4173502873, 4)
(700, 4)
(4191466300, 5)
(703, 5)
(4209429727, 4)
(706, 6)
(4227393154, 3)
(709, 1)
(4245356581, 1)
(712, 5)
(4263320008, 5)
(715, 0)
(4281283435, 0)
(718, 6)
(4299246862, 6)
(721, 4)
(4317210289, 5)
(724, 7)
(4335173716, 7)
(727, 1)
(4353137143, 1)
(730, 6)
(4371100570, 3)
(733, 8)
(4389063997, 1)
(736, 5)
(4407027424, 4)
(739, 0)
(4424990851, 0)
(742, 4)
(4442954278, 5)
(745, 7)
(4460917705, 2)
(748, 0)
(4478881132, 0)
(751, 6)
(4496844559, 3)
(754, 4)
(4514807986, 5)
(757, 1)
(4532771413, 1)
(760, 7)
(4550734840, 2)
(763, 0)
(4568698267, 0)
(766, 6)
(4586661694, 3)
(769, 2)
(4604625121, 7)
(772, 1)
(4622588548, 1)
(775, 3)
(4640551975, 3)
(778, 7)
(4658515402, 7)
(781, 2)
(4676478829, 7)
(784, 0)
(4694442256, 0)
(787, 0)
(4712405683, 0)
(790, 8)
(4730369110, 1)
(793, 5)
(4748332537, 4)
(796, 6)
(4766295964, 6)
(799, 7)
(4784259391, 2)
(802, 0)
(4802222818, 0)
(805, 1)
(4820186245, 8)
(808, 3)
(4838149672, 3)
(811, 0)
(4856113099, 0)
(814, 6)
(4874076526, 6)
(817, 6)
(4892039953, 6)
(820, 5)
(4910003380, 5)
(823, 3)
(4927966807, 6)
(826, 0)
(4945930234, 0)
(829, 7)
(4963893661, 2)
(832, 8)
(4981857088, 8)
(835, 0)
(4999820515, 0)
(838, 1)
(5017783942, 8)
(841, 7)
(5035747369, 7)
(844, 0)
(5053710796, 0)
(847, 8)
(5071674223, 1)
(850, 4)
(5089637650, 4)
