(1, 2)
(744769, 2)
(4, 5)
(2979076, 5)
(7, 1)
(5213383, 8)
(10, 7)
(7447690, 2)
(13, 8)
(9681997, 1)
(16, 1)
(11916304, 1)
(19, 0)
(14150611, 0)
(22, 4)
(16384918, 5)
(25, 7)
(18619225, 7)
(28, 7)
(20853532, 2)
(31, 6)
(23087839, 6)
(34, 5)
(25322146, 5)
(37, 5)
(27556453, 5)
(40, 5)
(29790760, 4)
(43, 0)
(32025067, 0)
(46, 8)
(34259374, 1)
(49, 0)
(36493681, 0)
(52, 2)
(38727988, 7)
(55, 7)
(40962295, 7)
(58, 7)
(43196602, 7)
(61, 0)
(45430909, 0)
(64, 2)
(47665216, 2)
(67, 0)
(49899523, 0)
(70, 5)
(52133830, 5)
(73, 7)
(54368137, 2)
(76, 0)
(56602444, 0)
(79, 2)
(58836751, 7)
(82, 5)
(61071058, 5)
(85, 1)
(63305365, 8)
(88, 8)
(65539672, 1)
(91, 0)
(67773979, 0)
(94, 1)
(70008286, 8)
(97, 1)
(72242593, 8)
(100, 4)
(74476900, 4)
(103, 8)
(76711207, 8)
(106, 6)
(78945514, 6)
(109, 3)
(81179821, 3)
(112, 5)
(83414128, 4)
(115, 0)
(85648435, 0)
(118, 0)
(87882742, 0)
(121, 8)
(90117049, 8)
(124, 6)
(92351356, 6)
(127, 2)
(94585663, 2)
(130, 2)
(96819970, 2)
(133, 7)
(99054277, 2)
(136, 1)
(101288584, 1)
(139, 0)
(103522891, 0)
(142, 2)
(105757198, 2)
(145, 5)
(107991505, 4)
(148, 8)
(110225812, 8)
(151, 4)
(112460119, 4)
(154, 4)
(114694426, 4)
(157, 0)
(116928733, 0)
(160, 1)
(119163040, 8)
(163, 0)
(121397347, 0)
(166, 5)
(123631654, 4)
(169, 5)
(125865961, 5)
(172, 0)
(128100268, 0)
(175, 7)
(130334575, 2)
(178, 7)
(132568882, 2)
(181, 1)
(134803189, 1)
(184, 7)
(137037496, 2)
(187, 0)
(139271803, 0)
(190, 8)
(141506110, 1)
(193, 4)
(143740417, 5)
(196, 0)
(145974724, 0)
(199, 6)
(148209031, 6)
(202, 6)
(150443338, 3)
(205, 2)
(152677645, 7)
(208, 4)
(154911952, 5)
(211, 0)
(157146259, 0)
(214, 3)
(159380566, 3)
(217, 2)
(161614873, 7)
(220, 4)
(163849180, 4)
(223, 7)
(166083487, 7)
(226, 4)
(168317794, 4)
(229, 4)
(170552101, 4)
(232, 5)
(172786408, 5)
(235, 0)
(175020715, 0)
(238, 1)
(177255022, 8)
(241, 0)
(179489329, 0)
(244, 0)
(181723636, 0)
(247, 0)
(183957943, 0)
(250, 3)
(186192250, 6)
(253, 4)
(188426557, 4)
(256, 4)
(190660864, 4)
(259, 0)
(192895171, 0)
(262, 6)
(195129478, 3)
(265, 8)
(197363785, 1)
(268, 0)
(199598092, 0)
(271, 8)
(201832399, 1)
(274, 6)
(204066706, 3)
(277, 0)
(206301013, 0)
(280, 1)
(208535320, 1)
(283, 0)
(210769627, 0)
(286, 6)
(213003934, 6)
(289, 7)
(215238241, 7)
(292, 4)
(217472548, 5)
(295, 2)
(219706855, 7)
(298, 6)
(221941162, 6)
(301, 5)
(224175469, 4)
(304, 0)
(226409776, 0)
(307, 0)
(228644083, 0)
(310, 4)
(230878390, 5)
(313, 8)
(233112697, 8)
(316, 5)
(235347004, 4)
(319, 7)
(237581311, 2)
(322, 7)
(239815618, 7)
(325, 2)
(242049925, 7)
(328, 1)
(244284232, 1)
(331, 0)
(246518539, 0)
(334, 6)
(248752846, 3)
(337, 2)
(250987153, 2)
(340, 7)
(253221460, 2)
(343, 2)
(255455767, 7)
(346, 5)
(257690074, 4)
(349, 2)
(259924381, 7)
(352, 7)
(262158688, 2)
(355, 0)
(264392995, 0)
(358, 6)
(266627302, 3)
(361, 6)
(268861609, 6)
(364, 0)
(271095916, 0)
(367, 6)
(273330223, 3)
(370, 6)
(275564530, 3)
(373, 1)
(277798837, 1)
(376, 2)
(280033144, 7)
(379, 0)
(282267451, 0)
(382, 1)
(284501758, 1)
(385, 2)
(286736065, 7)
(388, 7)
(288970372, 2)
(391, 2)
(291204679, 7)
(394, 2)
(293438986, 7)
(397, 3)
(295673293, 3)
(400, 8)
(297907600, 8)
(403, 0)
(300141907, 0)
(406, 8)
(302376214, 1)
(409, 1)
(304610521, 1)
(412, 2)
(306844828, 2)
(415, 1)
(309079135, 1)
(418, 1)
(311313442, 8)
(421, 4)
(313547749, 4)
(424, 3)
(315782056, 3)
(427, 0)
(318016363, 0)
(430, 3)
(320250670, 6)
(433, 6)
(322484977, 6)
(436, 3)
(324719284, 3)
(439, 3)
(326953591, 6)
(442, 4)
(329187898, 5)
(445, 5)
(331422205, 5)
(448, 1)
(333656512, 8)
(451, 0)
(335890819, 0)
(454, 1)
(338125126, 8)
(457, 8)
(340359433, 8)
(460, 0)
(342593740, 0)
(463, 7)
(344828047, 2)
(466, 1)
(347062354, 8)
(469, 1)
(349296661, 1)
(472, 0)
(351530968, 0)
(475, 0)
(353765275, 0)
(478, 1)
(355999582, 1)
(481, 7)
(358233889, 2)
(484, 2)
(360468196, 2)
(487, 1)
(362702503, 1)
(490, 1)
(364936810, 8)
(493, 0)
(367171117, 0)
(496, 3)
(369405424, 3)
(499, 0)
(371639731, 0)
(502, 7)
(373874038, 2)
(505, 2)
(376108345, 2)
(508, 5)
(378342652, 5)
(511, 5)
(380576959, 5)
(514, 8)
(382811266, 8)
(517, 0)
(385045573, 0)
(520, 4)
(387279880, 4)
(523, 0)
(389514187, 0)
(526, 3)
(391748494, 6)
(529, 5)
(393982801, 5)
(532, 4)
(396217108, 5)
(535, 5)
(398451415, 4)
(538, 2)
(400685722, 2)
(541, 7)
(402920029, 2)
(544, 2)
(405154336, 2)
(547, 0)
(407388643, 0)
(550, 1)
(409622950, 8)
(553, 2)
(411857257, 2)
(556, 0)
(414091564, 0)
(559, 4)
(416325871, 5)
(562, 7)
(418560178, 7)
(565, 3)
(420794485, 6)
(568, 4)
(423028792, 4)
(571, 0)
(425263099, 0)
(574, 5)
(427497406, 4)
(577, 5)
(429731713, 4)
(580, 8)
(431966020, 1)
(583, 5)
(434200327, 4)
(586, 3)
(436434634, 3)
(589, 1)
(438668941, 1)
(592, 7)
(440903248, 7)
(595, 0)
(443137555, 0)
(598, 1)
(445371862, 1)
(601, 2)
(447606169, 2)
(604, 1)
(449840476, 1)
(607, 1)
(452074783, 8)
(610, 0)
(454309090, 0)
(613, 1)
(456543397, 1)
(616, 8)
(458777704, 8)
(619, 0)
(461012011, 0)
(622, 0)
(463246318, 0)
(625, 5)
(465480625, 5)
(628, 0)
(467714932, 0)
(631, 4)
(469949239, 5)
(634, 4)
(472183546, 5)
(637, 5)
(474417853, 4)
(640, 2)
(476652160, 7)
(643, 0)
(478886467, 0)
(646, 8)
(481120774, 8)
(649, 2)
(483355081, 7)
(652, 0)
(485589388, 0)
(655, 6)
(487823695, 6)
(658, 4)
(490058002, 4)
(661, 3)
(492292309, 3)
(664, 1)
(494526616, 8)
(667, 0)
(496760923, 0)
(670, 6)
(498995230, 6)
(673, 3)
(501229537, 3)
(676, 8)
(503463844, 8)
(679, 6)
(505698151, 6)
(682, 3)
(507932458, 6)
(685, 0)
(510166765, 0)
(688, 0)
(512401072, 0)
(691, 0)
(514635379, 0)
(694, 2)
(516869686, 7)
(697, 5)
(519103993, 5)
(700, 4)
(521338300, 5)
(703, 5)
(523572607, 5)
(706, 6)
(525806914, 6)
(709, 1)
(528041221, 8)
(712, 5)
(530275528, 4)
(715, 0)
(532509835, 0)
(718, 6)
(534744142, 6)
(721, 4)
(536978449, 5)
(724, 7)
(539212756, 7)
(727, 1)
(541447063, 8)
(730, 6)
(543681370, 6)
(733, 8)
(545915677, 1)
(736, 5)
(548149984, 4)
(739, 0)
(550384291, 0)
(742, 4)
(552618598, 5)
(745, 7)
(554852905, 2)
(748, 0)
(557087212, 0)
(751, 6)
(559321519, 6)
(754, 4)
(561555826, 5)
(757, 1)
(563790133, 8)
(760, 7)
(566024440, 2)
(763, 0)
(568258747, 0)
(766, 6)
(570493054, 6)
(769, 2)
(572727361, 2)
(772, 1)
(574961668, 8)
(775, 3)
(577195975, 3)
(778, 7)
(579430282, 7)
(781, 2)
(581664589, 7)
(784, 0)
(583898896, 0)
(787, 0)
(586133203, 0)
(790, 8)
(588367510, 8)
(793, 5)
(590601817, 4)
(796, 6)
(592836124, 6)
(799, 7)
(595070431, 2)
(802, 0)
(597304738, 0)
(805, 1)
(599539045, 8)
(808, 3)
(601773352, 6)
(811, 0)
(604007659, 0)
(814, 6)
(606241966, 3)
(817, 6)
(608476273, 6)
(820, 5)
(610710580, 4)
(823, 3)
(612944887, 3)
(826, 0)
(615179194, 0)
(829, 7)
(617413501, 2)
(832, 8)
(619647808, 1)
(835, 0)
(621882115, 0)
(838, 1)
(624116422, 8)
(841, 7)
(626350729, 7)
(844, 0)
(628585036, 0)
(847, 8)
(630819343, 1)
(850, 4)
(633053650, 4)
