(1, 2)
(9138529, 2)
(4, 5)
(36554116, 5)
(7, 1)
(63969703, 1)
(10, 7)
(91385290, 2)
(13, 8)
(118800877, 1)
(16, 1)
(146216464, 1)
(19, 0)
(173632051, 0)
(22, 4)
(201047638, 5)
(25, 7)
(228463225, 7)
(28, 7)
(255878812, 7)
(31, 6)
(283294399, 3)
(34, 5)
(310709986, 4)
(37, 5)
(338125573, 5)
(40, 5)
(365541160, 4)
(43, 0)
(392956747, 0)
(46, 8)
(420372334, 8)
(49, 0)
(447787921, 0)
(52, 2)
(475203508, 7)
(55, 7)
(502619095, 7)
(58, 7)
(530034682, 7)
(61, 0)
(557450269, 0)
(64, 2)
(584865856, 2)
(67, 0)
(612281443, 0)
(70, 5)
(639697030, 4)
(73, 7)
(667112617, 2)
(76, 0)
(694528204, 0)
(79, 2)
(721943791, 7)
(82, 5)
(749359378, 4)
(85, 1)
(776774965, 1)
(88, 8)
(804190552, 1)
(91, 0)
(831606139, 0)
(94, 1)
(859021726, 1)
(97, 1)
(886437313, 1)
(100, 4)
(913852900, 4)
(103, 8)
(941268487, 1)
(106, 6)
(968684074, 3)
(109, 3)
(996099661, 3)
(112, 5)
(1023515248, 5)
(115, 0)
(1050930835, 0)
(118, 0)
(1078346422, 0)
(121, 8)
(1105762009, 8)
(124, 6)
(1133177596, 3)
(127, 2)
(1160593183, 2)
(130, 2)
(1188008770, 2)
(133, 7)
(1215424357, 7)
(136, 1)
(1242839944, 8)
(139, 0)
(1270255531, 0)
(142, 2)
(1297671118, 2)
(145, 5)
(1325086705, 4)
(148, 8)
(1352502292, 8)
(151, 4)
(1379917879, 4)
(154, 4)
(1407333466, 5)
(157, 0)
(1434749053, 0)
(160, 1)
(1462164640, 8)
(163, 0)
(1489580227, 0)
(166, 5)
(1516995814, 5)
(169, 5)
(1544411401, 5)
(172, 0)
(1571826988, 0)
(175, 7)
(1599242575, 7)
(178, 7)
(1626658162, 2)
(181, 1)
(1654073749, 8)
(184, 7)
(1681489336, 7)
(187, 0)
(1708904923, 0)
(190, 8)
(1736320510, 1)
(193, 4)
(1763736097, 4)
(196, 0)
(1791151684, 0)
(199, 6)
(1818567271, 6)
(202, 6)
(1845982858, 3)
(205, 2)
(1873398445, 2)
(208, 4)
(1900814032, 5)
(211, 0)
(1928229619, 0)
(214, 3)
(1955645206, 6)
(217, 2)
(1983060793, 7)
(220, 4)
(2010476380, 4)
(223, 7)
(2037891967, 2)
(226, 4)
(2065307554, 4)
(229, 4)
(2092723141, 4)
(232, 5)
(2120138728, 5)
(235, 0)
(2147554315, 0)
(238, 1)
(2174969902, 8)
(241, 0)
(2202385489, 0)
(244, 0)
(2229801076, 0)
(247, 0)
(2257216663, 0)
(250, 3)
(2284632250, 6)
(253, 4)
(2312047837, 5)
(256, 4)
(2339463424, 4)
(259, 0)
(2366879011, 0)
(262, 6)
(2394294598, 6)
(265, 8)
(2421710185, 8)
(268, 0)
(2449125772, 0)
(271, 8)
(2476541359, 8)
(274, 6)
(2503956946, 6)
(277, 0)
(2531372533, 0)
(280, 1)
(2558788120, 8)
(283, 0)
(2586203707, 0)
(286, 6)
(2613619294, 6)
(289, 7)
(2641034881, 7)
(292, 4)
(2668450468, 5)
(295, 2)
(2695866055, 7)
(298, 6)
(2723281642, 3)
(301, 5)
(2750697229, 4)
(304, 0)
(2778112816, 0)
(307, 0)
(2805528403, 0)
(310, 4)
(2832943990, 4)
(313, 8)
(2860359577, 8)
(316, 5)
(2887775164, 4)
(319, 7)
(2915190751, 2)
(322, 7)
(2942606338, 7)
(325, 2)
(2970021925, 7)
(328, 1)
(2997437512, 8)
(331, 0)
(3024853099, 0)
(334, 6)
(3052268686, 6)
(337, 2)
(3079684273, 7)
(340, 7)
(3107099860, 7)
(343, 2)
(3134515447, 2)
(346, 5)
(3161931034, 4)
(349, 2)
(3189346621, 2)
(352, 7)
(3216762208, 2)
(355, 0)
(3244177795, 0)
(358, 6)
(3271593382, 6)
(361, 6)
(3299008969, 6)
(364, 0)
(3326424556, 0)
(367, 6)
(3353840143, 3)
(370, 6)
(3381255730, 3)
(373, 1)
(3408671317, 1)
(376, 2)
(3436086904, 2)
(379, 0)
(3463502491, 0)
(382, 1)
(3490918078, 8)
(385, 2)
(3518333665, 2)
(388, 7)
(3545749252, 7)
(391, 2)
(3573164839, 7)
(394, 2)
(3600580426, 7)
(397, 3)
(3627996013, 6)
(400, 8)
(3655411600, 8)
(403, 0)
(3682827187, 0)
(406, 8)
(3710242774, 8)
(409, 1)
(3737658361, 1)
(412, 2)
(3765073948, 7)
(415, 1)
(3792489535, 8)
(418, 1)
(3819905122, 8)
(421, 4)
(3847320709, 5)
(424, 3)
(3874736296, 6)
(427, 0)
(3902151883, 0)
(430, 3)
(3929567470, 3)
(433, 6)
(3956983057, 6)
(436, 3)
(3984398644, 3)
(439, 3)
(4011814231, 3)
(442, 4)
(4039229818, 4)
(445, 5)
(4066645405, 5)
(448, 1)
(4094060992, 1)
(451, 0)
(4121476579, 0)
(454, 1)
(4148892166, 1)
(457, 8)
(4176307753, 1)
(460, 0)
(4203723340, 0)
(463, 7)
(4231138927, 7)
(466, 1)
(4258554514, 8)
(469, 1)
(4285970101, 1)
(472, 0)
(4313385688, 0)
(475, 0)
(4340801275, 0)
(478, 1)
(4368216862, 8)
(481, 7)
(4395632449, 2)
(484, 2)
(4423048036, 2)
(487, 1)
(4450463623, 1)
(490, 1)
(4477879210, 8)
(493, 0)
(4505294797, 0)
(496, 3)
(4532710384, 6)
(499, 0)
(4560125971, 0)
(502, 7)
(4587541558, 7)
(505, 2)
(4614957145, 2)
(508, 5)
(4642372732, 5)
(511, 5)
(4669788319, 4)
(514, 8)
(4697203906, 8)
(517, 0)
(4724619493, 0)
(520, 4)
(4752035080, 4)
(523, 0)
(4779450667, 0)
(526, 3)
(4806866254, 3)
(529, 5)
(4834281841, 5)
(532, 4)
(4861697428, 4)
(535, 5)
(4889113015, 5)
(538, 2)
(4916528602, 2)
(541, 7)
(4943944189, 2)
(544, 2)
(4971359776, 7)
(547, 0)
(4998775363, 0)
(550, 1)
(5026190950, 8)
(553, 2)
(5053606537, 7)
(556, 0)
(5081022124, 0)
(559, 4)
(5108437711, 4)
(562, 7)
(5135853298, 7)
(565, 3)
(5163268885, 6)
(568, 4)
(5190684472, 4)
(571, 0)
(5218100059, 0)
(574, 5)
(5245515646, 4)
(577, 5)
(5272931233, 5)
(580, 8)
(5300346820, 1)
(583, 5)
(5327762407, 5)
(586, 3)
(5355177994, 6)
(589, 1)
(5382593581, 8)
(592, 7)
(5410009168, 7)
(595, 0)
(5437424755, 0)
(598, 1)
(5464840342, 8)
(601, 2)
(5492255929, 2)
(604, 1)
(5519671516, 1)
(607, 1)
(5547087103, 8)
(610, 0)
(5574502690, 0)
(613, 1)
(5601918277, 8)
(616, 8)
(5629333864, 1)
(619, 0)
(5656749451, 0)
(622, 0)
(5684165038, 0)
(625, 5)
(5711580625, 5)
(628, 0)
(5738996212, 0)
(631, 4)
(5766411799, 4)
(634, 4)
(5793827386, 5)
(637, 5)
(5821242973, 4)
(640, 2)
(5848658560, 7)
(643, 0)
(5876074147, 0)
(646, 8)
(5903489734, 1)
(649, 2)
(5930905321, 7)
(652, 0)
(5958320908, 0)
(655, 6)
(5985736495, 3)
(658, 4)
(6013152082, 4)
(661, 3)
(6040567669, 6)
(664, 1)
(6067983256, 1)
(667, 0)
(6095398843, 0)
(670, 6)
(6122814430, 3)
(673, 3)
(6150230017, 6)
(676, 8)
(6177645604, 8)
(679, 6)
(6205061191, 6)
(682, 3)
(6232476778, 3)
(685, 0)
(6259892365, 0)
(688, 0)
(6287307952, 0)
(691, 0)
(6314723539, 0)
(694, 2)
(6342139126, 2)
(697, 5)
(6369554713, 5)
(700, 4)
(6396970300, 4)
(703, 5)
(6424385887, 5)
(706, 6)
(6451801474, 3)
(709, 1)
(6479217061, 8)
(712, 5)
(6506632648, 4)
(715, 0)
(6534048235, 0)
(718, 6)
(6561463822, 3)
(721, 4)
(6588879409, 5)
(724, 7)
(6616294996, 2)
(727, 1)
(6643710583, 1)
(730, 6)
(6671126170, 6)
(733, 8)
(6698541757, 8)
(736, 5)
(6725957344, 5)
(739, 0)
(6753372931, 0)
(742, 4)
(6780788518, 5)
(745, 7)
(6808204105, 7)
(748, 0)
(6835619692, 0)
(751, 6)
(6863035279, 3)
(754, 4)
(6890450866, 5)
(757, 1)
(6917866453, 8)
(760, 7)
(6945282040, 2)
(763, 0)
(6972697627, 0)
(766, 6)
(7000113214, 3)
(769, 2)
(7027528801, 7)
(772, 1)
(7054944388, 1)
(775, 3)
(7082359975, 6)
(778, 7)
(7109775562, 2)
(781, 2)
(7137191149, 7)
(784, 0)
(7164606736, 0)
(787, 0)
(7192022323, 0)
(790, 8)
(7219437910, 8)
(793, 5)
(7246853497, 4)
(796, 6)
(7274269084, 6)
(799, 7)
(7301684671, 2)
(802, 0)
(7329100258, 0)
(805, 1)
(7356515845, 8)
(808, 3)
(7383931432, 6)
(811, 0)
(7411347019, 0)
(814, 6)
(7438762606, 3)
(817, 6)
(7466178193, 3)
(820, 5)
(7493593780, 5)
(823, 3)
(7521009367, 3)
(826, 0)
(7548424954, 0)
(829, 7)
(7575840541, 2)
(832, 8)
(7603256128, 1)
(835, 0)
(7630671715, 0)
(838, 1)
(7658087302, 1)
(841, 7)
(7685502889, 7)
(844, 0)
(7712918476, 0)
(847, 8)
(7740334063, 8)
(850, 4)
(7767749650, 5)
