(1, 2)
(2070721, 2)
(4, 5)
(8282884, 5)
(7, 1)
(14495047, 8)
(10, 7)
(20707210, 7)
(13, 8)
(26919373, 8)
(16, 1)
(33131536, 1)
(19, 0)
(39343699, 0)
(22, 4)
(45555862, 5)
(25, 7)
(51768025, 7)
(28, 7)
(57980188, 2)
(31, 6)
(64192351, 6)
(34, 5)
(70404514, 4)
(37, 5)
(76616677, 5)
(40, 5)
(82828840, 5)
(43, 0)
(89041003, 0)
(46, 8)
(95253166, 1)
(49, 0)
(101465329, 0)
(52, 2)
(107677492, 2)
(55, 7)
(113889655, 2)
(58, 7)
(120101818, 2)
(61, 0)
(126313981, 0)
(64, 2)
(132526144, 2)
(67, 0)
(138738307, 0)
(70, 5)
(144950470, 4)
(73, 7)
(151162633, 2)
(76, 0)
(157374796, 0)
(79, 2)
(163586959, 2)
(82, 5)
(169799122, 5)
(85, 1)
(176011285, 8)
(88, 8)
(182223448, 1)
(91, 0)
(188435611, 0)
(94, 1)
(194647774, 1)
(97, 1)
(200859937, 1)
(100, 4)
(207072100, 4)
(103, 8)
(213284263, 1)
(106, 6)
(219496426, 3)
(109, 3)
(225708589, 3)
(112, 5)
(231920752, 4)
(115, 0)
(238132915, 0)
(118, 0)
(244345078, 0)
(121, 8)
(250557241, 8)
(124, 6)
(256769404, 6)
(127, 2)
(262981567, 7)
(130, 2)
(269193730, 2)
(133, 7)
(275405893, 2)
(136, 1)
(281618056, 8)
(139, 0)
(287830219, 0)
(142, 2)
(294042382, 7)
(145, 5)
(300254545, 4)
(148, 8)
(306466708, 8)
(151, 4)
(312678871, 5)
(154, 4)
(318891034, 4)
(157, 0)
(325103197, 0)
(160, 1)
(331315360, 1)
(163, 0)
(337527523, 0)
(166, 5)
(343739686, 4)
(169, 5)
(349951849, 5)
(172, 0)
(356164012, 0)
(175, 7)
(362376175, 2)
(178, 7)
(368588338, 2)
(181, 1)
(374800501, 1)
(184, 7)
(381012664, 2)
(187, 0)
(387224827, 0)
(190, 8)
(393436990, 8)
(193, 4)
(399649153, 5)
(196, 0)
(405861316, 0)
(199, 6)
(412073479, 3)
(202, 6)
(418285642, 6)
(205, 2)
(424497805, 2)
(208, 4)
(430709968, 4)
(211, 0)
(436922131, 0)
(214, 3)
(443134294, 6)
(217, 2)
(449346457, 7)
(220, 4)
(455558620, 5)
(223, 7)
(461770783, 2)
(226, 4)
(467982946, 4)
(229, 4)
(474195109, 5)
(232, 5)
(480407272, 4)
(235, 0)
(486619435, 0)
(238, 1)
(492831598, 1)
(241, 0)
(499043761, 0)
(244, 0)
(505255924, 0)
(247, 0)
(511468087, 0)
(250, 3)
(517680250, 3)
(253, 4)
(523892413, 4)
(256, 4)
(530104576, 4)
(259, 0)
(536316739, 0)
(262, 6)
(542528902, 3)
(265, 8)
(548741065, 1)
(268, 0)
(554953228, 0)
(271, 8)
(561165391, 8)
(274, 6)
(567377554, 6)
(277, 0)
(573589717, 0)
(280, 1)
(579801880, 8)
(283, 0)
(586014043, 0)
(286, 6)
(592226206, 3)
(289, 7)
(598438369, 7)
(292, 4)
(604650532, 5)
(295, 2)
(610862695, 2)
(298, 6)
(617074858, 3)
(301, 5)
(623287021, 4)
(304, 0)
(629499184, 0)
(307, 0)
(635711347, 0)
(310, 4)
(641923510, 4)
(313, 8)
(648135673, 1)
(316, 5)
(654347836, 5)
(319, 7)
(660559999, 7)
(322, 7)
(666772162, 7)
(325, 2)
(672984325, 2)
(328, 1)
(679196488, 1)
(331, 0)
(685408651, 0)
(334, 6)
(691620814, 6)
(337, 2)
(697832977, 2)
(340, 7)
(704045140, 2)
(343, 2)
(710257303, 7)
(346, 5)
(716469466, 5)
(349, 2)
(722681629, 7)
(352, 7)
(728893792, 2)
(355, 0)
(735105955, 0)
(358, 6)
(741318118, 6)
(361, 6)
(747530281, 6)
(364, 0)
(753742444, 0)
(367, 6)
(759954607, 3)
(370, 6)
(766166770, 6)
(373, 1)
(772378933, 8)
(376, 2)
(778591096, 2)
(379, 0)
(784803259, 0)
(382, 1)
(791015422, 8)
(385, 2)
(797227585, 2)
(388, 7)
(803439748, 7)
(391, 2)
(809651911, 2)
(394, 2)
(815864074, 2)
(397, 3)
(822076237, 6)
(400, 8)
(828288400, 8)
(403, 0)
(834500563, 0)
(406, 8)
(840712726, 8)
(409, 1)
(846924889, 1)
(412, 2)
(853137052, 7)
(415, 1)
(859349215, 8)
(418, 1)
(865561378, 8)
(421, 4)
(871773541, 4)
(424, 3)
(877985704, 6)
(427, 0)
(884197867, 0)
(430, 3)
(890410030, 3)
(433, 6)
(896622193, 6)
(436, 3)
(902834356, 3)
(439, 3)
(909046519, 6)
(442, 4)
(915258682, 5)
(445, 5)
(921470845, 4)
(448, 1)
(927683008, 8)
(451, 0)
(933895171, 0)
(454, 1)
(940107334, 8)
(457, 8)
(946319497, 8)
(460, 0)
(952531660, 0)
(463, 7)
(958743823, 2)
(466, 1)
(964955986, 8)
(469, 1)
(971168149, 8)
(472, 0)
(977380312, 0)
(475, 0)
(983592475, 0)
(478, 1)
(989804638, 8)
(481, 7)
(996016801, 7)
(484, 2)
(1002228964, 2)
(487, 1)
(1008441127, 8)
(490, 1)
(1014653290, 1)
(493, 0)
(1020865453, 0)
(496, 3)
(1027077616, 3)
(499, 0)
(1033289779, 0)
(502, 7)
(1039501942, 7)
(505, 2)
(1045714105, 2)
(508, 5)
(1051926268, 4)
(511, 5)
(1058138431, 5)
(514, 8)
(1064350594, 1)
(517, 0)
(1070562757, 0)
(520, 4)
(1076774920, 4)
(523, 0)
(1082987083, 0)
(526, 3)
(1089199246, 6)
(529, 5)
(1095411409, 5)
(532, 4)
(1101623572, 5)
(535, 5)
(1107835735, 4)
(538, 2)
(1114047898, 7)
(541, 7)
(1120260061, 2)
(544, 2)
(1126472224, 7)
(547, 0)
(1132684387, 0)
(550, 1)
(1138896550, 8)
(553, 2)
(1145108713, 7)
(556, 0)
(1151320876, 0)
(559, 4)
(1157533039, 4)
(562, 7)
(1163745202, 7)
(565, 3)
(1169957365, 3)
(568, 4)
(1176169528, 5)
(571, 0)
(1182381691, 0)
(574, 5)
(1188593854, 4)
(577, 5)
(1194806017, 4)
(580, 8)
(1201018180, 1)
(583, 5)
(1207230343, 5)
(586, 3)
(1213442506, 3)
(589, 1)
(1219654669, 1)
(592, 7)
(1225866832, 7)
(595, 0)
(1232078995, 0)
(598, 1)
(1238291158, 8)
(601, 2)
(1244503321, 7)
(604, 1)
(1250715484, 8)
(607, 1)
(1256927647, 8)
(610, 0)
(1263139810, 0)
(613, 1)
(1269351973, 1)
(616, 8)
(1275564136, 8)
(619, 0)
(1281776299, 0)
(622, 0)
(1287988462, 0)
(625, 5)
(1294200625, 5)
(628, 0)
(1300412788, 0)
(631, 4)
(1306624951, 5)
(634, 4)
(1312837114, 5)
(637, 5)
(1319049277, 5)
(640, 2)
(1325261440, 2)
(643, 0)
(1331473603, 0)
(646, 8)
(1337685766, 1)
(649, 2)
(1343897929, 7)
(652, 0)
(1350110092, 0)
(655, 6)
(1356322255, 3)
(658, 4)
(1362534418, 5)
(661, 3)
(1368746581, 6)
(664, 1)
(1374958744, 8)
(667, 0)
(1381170907, 0)
(670, 6)
(1387383070, 6)
(673, 3)
(1393595233, 6)
(676, 8)
(1399807396, 8)
(679, 6)
(1406019559, 3)
(682, 3)
(1412231722, 6)
(685, 0)
(1418443885, 0)
(688, 0)
(1424656048, 0)
(691, 0)
(1430868211, 0)
(694, 2)
(1437080374, 2)
(697, 5)
(1443292537, 4)
(700, 4)
(1449504700, 5)
(703, 5)
(1455716863, 5)
(706, 6)
(1461929026, 3)
(709, 1)
(1468141189, 1)
(712, 5)
(1474353352, 4)
(715, 0)
(1480565515, 0)
(718, 6)
(1486777678, 3)
(721, 4)
(1492989841, 4)
(724, 7)
(1499202004, 7)
(727, 1)
(1505414167, 1)
(730, 6)
(1511626330, 3)
(733, 8)
(1517838493, 8)
(736, 5)
(1524050656, 4)
(739, 0)
(1530262819, 0)
(742, 4)
(1536474982, 4)
(745, 7)
(1542687145, 2)
(748, 0)
(1548899308, 0)
(751, 6)
(1555111471, 3)
(754, 4)
(1561323634, 5)
(757, 1)
(1567535797, 1)
(760, 7)
(1573747960, 7)
(763, 0)
(1579960123, 0)
(766, 6)
(1586172286, 6)
(769, 2)
(1592384449, 7)
(772, 1)
(1598596612, 8)
(775, 3)
(1604808775, 3)
(778, 7)
(1611020938, 7)
(781, 2)
(1617233101, 2)
(784, 0)
(1623445264, 0)
(787, 0)
(1629657427, 0)
(790, 8)
(1635869590, 8)
(793, 5)
(1642081753, 5)
(796, 6)
(1648293916, 3)
(799, 7)
(1654506079, 2)
(802, 0)
(1660718242, 0)
(805, 1)
(1666930405, 1)
(808, 3)
(1673142568, 3)
(811, 0)
(1679354731, 0)
(814, 6)
(1685566894, 3)
(817, 6)
(1691779057, 6)
(820, 5)
(1697991220, 5)
(823, 3)
(1704203383, 6)
(826, 0)
(1710415546, 0)
(829, 7)
(1716627709, 2)
(832, 8)
(1722839872, 8)
(835, 0)
(1729052035, 0)
(838, 1)
(1735264198, 1)
(841, 7)
(1741476361, 7)
(844, 0)
(1747688524, 0)
(847, 8)
(1753900687, 1)
(850, 4)
(1760112850, 5)
