(1, 2)
(10029889, 2)
(4, 5)
(40119556, 5)
(7, 1)
(70209223, 1)
(10, 7)
(100298890, 2)
(13, 8)
(130388557, 1)
(16, 1)
(160478224, 1)
(19, 0)
(190567891, 0)
(22, 4)
(220657558, 4)
(25, 7)
(250747225, 7)
(28, 7)
(280836892, 7)
(31, 6)
(310926559, 3)
(34, 5)
(341016226, 4)
(37, 5)
(371105893, 4)
(40, 5)
(401195560, 4)
(43, 0)
(431285227, 0)
(46, 8)
(461374894, 1)
(49, 0)
(491464561, 0)
(52, 2)
(521554228, 7)
(55, 7)
(551643895, 2)
(58, 7)
(581733562, 7)
(61, 0)
(611823229, 0)
(64, 2)
(641912896, 2)
(67, 0)
(672002563, 0)
(70, 5)
(702092230, 4)
(73, 7)
(732181897, 2)
(76, 0)
(762271564, 0)
(79, 2)
(792361231, 2)
(82, 5)
(822450898, 5)
(85, 1)
(852540565, 1)
(88, 8)
(882630232, 8)
(91, 0)
(912719899, 0)
(94, 1)
(942809566, 8)
(97, 1)
(972899233, 8)
(100, 4)
(1002988900, 4)
(103, 8)
(1033078567, 8)
(106, 6)
(1063168234, 6)
(109, 3)
(1093257901, 6)
(112, 5)
(1123347568, 5)
(115, 0)
(1153437235, 0)
(118, 0)
(1183526902, 0)
(121, 8)
(1213616569, 8)
(124, 6)
(1243706236, 3)
(127, 2)
(1273795903, 2)
(130, 2)
(1303885570, 2)
(133, 7)
(1333975237, 7)
(136, 1)
(1364064904, 8)
(139, 0)
(1394154571, 0)
(142, 2)
(1424244238, 7)
(145, 5)
(1454333905, 4)
(148, 8)
(1484423572, 1)
(151, 4)
(1514513239, 4)
(154, 4)
(1544602906, 4)
(157, 0)
(1574692573, 0)
(160, 1)
(1604782240, 8)
(163, 0)
(1634871907, 0)
(166, 5)
(1664961574, 5)
(169, 5)
(1695051241, 5)
(172, 0)
(1725140908, 0)
(175, 7)
(1755230575, 7)
(178, 7)
(1785320242, 2)
(181, 1)
(1815409909, 8)
(184, 7)
(1845499576, 2)
(187, 0)
(1875589243, 0)
(190, 8)
(1905678910, 1)
(193, 4)
(1935768577, 5)
(196, 0)
(1965858244, 0)
(199, 6)
(1995947911, 3)
(202, 6)
(2026037578, 6)
(205, 2)
(2056127245, 7)
(208, 4)
(2086216912, 5)
(211, 0)
(2116306579, 0)
(214, 3)
(2146396246, 6)
(217, 2)
(2176485913, 7)
(220, 4)
(2206575580, 5)
(223, 7)
(2236665247, 7)
(226, 4)
(2266754914, 5)
(229, 4)
(2296844581, 5)
(232, 5)
(2326934248, 5)
(235, 0)
(2357023915, 0)
(238, 1)
(2387113582, 8)
(241, 0)
(2417203249, 0)
(244, 0)
(2447292916, 0)
(247, 0)
(2477382583, 0)
(250, 3)
(2507472250, 6)
(253, 4)
(2537561917, 5)
(256, 4)
(2567651584, 4)
(259, 0)
(2597741251, 0)
(262, 6)
(2627830918, 6)
(265, 8)
(2657920585, 1)
(268, 0)
(2688010252, 0)
(271, 8)
(2718099919, 8)
(274, 6)
(2748189586, 6)
(277, 0)
(2778279253, 0)
(280, 1)
(2808368920, 8)
(283, 0)
(2838458587, 0)
(286, 6)
(2868548254, 3)
(289, 7)
(2898637921, 7)
(292, 4)
(2928727588, 5)
(295, 2)
(2958817255, 7)
(298, 6)
(2988906922, 3)
(301, 5)
(3018996589, 5)
(304, 0)
(3049086256, 0)
(307, 0)
(3079175923, 0)
(310, 4)
(3109265590, 4)
(313, 8)
(3139355257, 1)
(316, 5)
(3169444924, 5)
(319, 7)
(3199534591, 7)
(322, 7)
(3229624258, 2)
(325, 2)
(3259713925, 7)
(328, 1)
(3289803592, 1)
(331, 0)
(3319893259, 0)
(334, 6)
(3349982926, 6)
(337, 2)
(3380072593, 7)
(340, 7)
(3410162260, 7)
(343, 2)
(3440251927, 2)
(346, 5)
(3470341594, 4)
(349, 2)
(3500431261, 2)
(352, 7)
(3530520928, 7)
(355, 0)
(3560610595, 0)
(358, 6)
(3590700262, 3)
(361, 6)
(3620789929, 6)
(364, 0)
(3650879596, 0)
(367, 6)
(3680969263, 3)
(370, 6)
(3711058930, 6)
(373, 1)
(3741148597, 8)
(376, 2)
(3771238264, 7)
(379, 0)
(3801327931, 0)
(382, 1)
(3831417598, 1)
(385, 2)
(3861507265, 7)
(388, 7)
(3891596932, 2)
(391, 2)
(3921686599, 2)
(394, 2)
(3951776266, 2)
(397, 3)
(3981865933, 3)
(400, 8)
(4011955600, 8)
(403, 0)
(4042045267, 0)
(406, 8)
(4072134934, 8)
(409, 1)
(4102224601, 8)
(412, 2)
(4132314268, 2)
(415, 1)
(4162403935, 8)
(418, 1)
(4192493602, 1)
(421, 4)
(4222583269, 4)
(424, 3)
(4252672936, 3)
(427, 0)
(4282762603, 0)
(430, 3)
(4312852270, 6)
(433, 6)
(4342941937, 6)
(436, 3)
(4373031604, 6)
(439, 3)
(4403121271, 3)
(442, 4)
(4433210938, 4)
(445, 5)
(4463300605, 5)
(448, 1)
(4493390272, 1)
(451, 0)
(4523479939, 0)
(454, 1)
(4553569606, 1)
(457, 8)
(4583659273, 8)
(460, 0)
(4613748940, 0)
(463, 7)
(4643838607, 2)
(466, 1)
(4673928274, 8)
(469, 1)
(4704017941, 1)
(472, 0)
(4734107608, 0)
(475, 0)
(4764197275, 0)
(478, 1)
(4794286942, 8)
(481, 7)
(4824376609, 7)
(484, 2)
(4854466276, 2)
(487, 1)
(4884555943, 1)
(490, 1)
(4914645610, 8)
(493, 0)
(4944735277, 0)
(496, 3)
(4974824944, 6)
(499, 0)
(5004914611, 0)
(502, 7)
(5035004278, 2)
(505, 2)
(5065093945, 7)
(508, 5)
(5095183612, 5)
(511, 5)
(5125273279, 4)
(514, 8)
(5155362946, 1)
(517, 0)
(5185452613, 0)
(520, 4)
(5215542280, 4)
(523, 0)
(5245631947, 0)
(526, 3)
(5275721614, 6)
(529, 5)
(5305811281, 5)
(532, 4)
(5335900948, 4)
(535, 5)
(5365990615, 5)
(538, 2)
(5396080282, 2)
(541, 7)
(5426169949, 7)
(544, 2)
(5456259616, 7)
(547, 0)
(5486349283, 0)
(550, 1)
(5516438950, 1)
(553, 2)
(5546528617, 2)
(556, 0)
(5576618284, 0)
(559, 4)
(5606707951, 5)
(562, 7)
(5636797618, 2)
(565, 3)
(5666887285, 3)
(568, 4)
(5696976952, 5)
(571, 0)
(5727066619, 0)
(574, 5)
(5757156286, 5)
(577, 5)
(5787245953, 4)
(580, 8)
(5817335620, 1)
(583, 5)
(5847425287, 5)
(586, 3)
(5877514954, 3)
(589, 1)
(5907604621, 8)
(592, 7)
(5937694288, 2)
(595, 0)
(5967783955, 0)
(598, 1)
(5997873622, 1)
(601, 2)
(6027963289, 2)
(604, 1)
(6058052956, 1)
(607, 1)
(6088142623, 1)
(610, 0)
(6118232290, 0)
(613, 1)
(6148321957, 8)
(616, 8)
(6178411624, 8)
(619, 0)
(6208501291, 0)
(622, 0)
(6238590958, 0)
(625, 5)
(6268680625, 5)
(628, 0)
(6298770292, 0)
(631, 4)
(6328859959, 4)
(634, 4)
(6358949626, 5)
(637, 5)
(6389039293, 4)
(640, 2)
(6419128960, 7)
(643, 0)
(6449218627, 0)
(646, 8)
(6479308294, 1)
(649, 2)
(6509397961, 2)
(652, 0)
(6539487628, 0)
(655, 6)
(6569577295, 3)
(658, 4)
(6599666962, 5)
(661, 3)
(6629756629, 3)
(664, 1)
(6659846296, 1)
(667, 0)
(6689935963, 0)
(670, 6)
(6720025630, 3)
(673, 3)
(6750115297, 6)
(676, 8)
(6780204964, 8)
(679, 6)
(6810294631, 3)
(682, 3)
(6840384298, 6)
(685, 0)
(6870473965, 0)
(688, 0)
(6900563632, 0)
(691, 0)
(6930653299, 0)
(694, 2)
(6960742966, 7)
(697, 5)
(6990832633, 4)
(700, 4)
(7020922300, 4)
(703, 5)
(7051011967, 4)
(706, 6)
(7081101634, 3)
(709, 1)
(7111191301, 8)
(712, 5)
(7141280968, 4)
(715, 0)
(7171370635, 0)
(718, 6)
(7201460302, 6)
(721, 4)
(7231549969, 4)
(724, 7)
(7261639636, 2)
(727, 1)
(7291729303, 1)
(730, 6)
(7321818970, 6)
(733, 8)
(7351908637, 1)
(736, 5)
(7381998304, 4)
(739, 0)
(7412087971, 0)
(742, 4)
(7442177638, 4)
(745, 7)
(7472267305, 7)
(748, 0)
(7502356972, 0)
(751, 6)
(7532446639, 3)
(754, 4)
(7562536306, 5)
(757, 1)
(7592625973, 8)
(760, 7)
(7622715640, 2)
(763, 0)
(7652805307, 0)
(766, 6)
(7682894974, 3)
(769, 2)
(7712984641, 2)
(772, 1)
(7743074308, 8)
(775, 3)
(7773163975, 6)
(778, 7)
(7803253642, 7)
(781, 2)
(7833343309, 7)
(784, 0)
(7863432976, 0)
(787, 0)
(7893522643, 0)
(790, 8)
(7923612310, 1)
(793, 5)
(7953701977, 4)
(796, 6)
(7983791644, 3)
(799, 7)
(8013881311, 7)
(802, 0)
(8043970978, 0)
(805, 1)
(8074060645, 1)
(808, 3)
(8104150312, 3)
(811, 0)
(8134239979, 0)
(814, 6)
(8164329646, 3)
(817, 6)
(8194419313, 6)
(820, 5)
(8224508980, 4)
(823, 3)
(8254598647, 6)
(826, 0)
(8284688314, 0)
(829, 7)
(8314777981, 2)
(832, 8)
(8344867648, 1)
(835, 0)
(8374957315, 0)
(838, 1)
(8405046982, 1)
(841, 7)
(8435136649, 7)
(844, 0)
(8465226316, 0)
(847, 8)
(8495315983, 8)
(850, 4)
(8525405650, 5)
