(1, 2)
(29931841, 2)
(4, 5)
(119727364, 5)
(7, 1)
(209522887, 8)
(10, 7)
(299318410, 7)
(13, 8)
(389113933, 1)
(16, 1)
(478909456, 1)
(19, 0)
(568704979, 0)
(22, 4)
(658500502, 5)
(25, 7)
(748296025, 7)
(28, 7)
(838091548, 2)
(31, 6)
(927887071, 6)
(34, 5)
(1017682594, 4)
(37, 5)
(1107478117, 4)
(40, 5)
(1197273640, 5)
(43, 0)
(1287069163, 0)
(46, 8)
(1376864686, 8)
(49, 0)
(1466660209, 0)
(52, 2)
(1556455732, 7)
(55, 7)
(1646251255, 2)
(58, 7)
(1736046778, 2)
(61, 0)
(1825842301, 0)
(64, 2)
(1915637824, 2)
(67, 0)
(2005433347, 0)
(70, 5)
(2095228870, 4)
(73, 7)
(2185024393, 7)
(76, 0)
(2274819916, 0)
(79, 2)
(2364615439, 7)
(82, 5)
(2454410962, 5)
(85, 1)
(2544206485, 8)
(88, 8)
(2634002008, 1)
(91, 0)
(2723797531, 0)
(94, 1)
(2813593054, 1)
(97, 1)
(2903388577, 8)
(100, 4)
(2993184100, 4)
(103, 8)
(3082979623, 8)
(106, 6)
(3172775146, 3)
(109, 3)
(3262570669, 3)
(112, 5)
(3352366192, 4)
(115, 0)
(3442161715, 0)
(118, 0)
(3531957238, 0)
(121, 8)
(3621752761, 8)
(124, 6)
(3711548284, 6)
(127, 2)
(3801343807, 2)
(130, 2)
(3891139330, 7)
(133, 7)
(3980934853, 2)
(136, 1)
(4070730376, 8)
(139, 0)
(4160525899, 0)
(142, 2)
(4250321422, 7)
(145, 5)
(4340116945, 4)
(148, 8)
(4429912468, 1)
(151, 4)
(4519707991, 4)
(154, 4)
(4609503514, 4)
(157, 0)
(4699299037, 0)
(160, 1)
(4789094560, 1)
(163, 0)
(4878890083, 0)
(166, 5)
(4968685606, 5)
(169, 5)
(5058481129, 5)
(172, 0)
(5148276652, 0)
(175, 7)
(5238072175, 2)
(178, 7)
(5327867698, 7)
(181, 1)
(5417663221, 8)
(184, 7)
(5507458744, 7)
(187, 0)
(5597254267, 0)
(190, 8)
(5687049790, 8)
(193, 4)
(5776845313, 4)
(196, 0)
(5866640836, 0)
(199, 6)
(5956436359, 3)
(202, 6)
(6046231882, 6)
(205, 2)
(6136027405, 2)
(208, 4)
(6225822928, 5)
(211, 0)
(6315618451, 0)
(214, 3)
(6405413974, 6)
(217, 2)
(6495209497, 7)
(220, 4)
(6585005020, 5)
(223, 7)
(6674800543, 2)
(226, 4)
(6764596066, 5)
(229, 4)
(6854391589, 4)
(232, 5)
(6944187112, 4)
(235, 0)
(7033982635, 0)
(238, 1)
(7123778158, 1)
(241, 0)
(7213573681, 0)
(244, 0)
(7303369204, 0)
(247, 0)
(7393164727, 0)
(250, 3)
(7482960250, 3)
(253, 4)
(7572755773, 5)
(256, 4)
(7662551296, 4)
(259, 0)
(7752346819, 0)
(262, 6)
(7842142342, 3)
(265, 8)
(7931937865, 1)
(268, 0)
(8021733388, 0)
(271, 8)
(8111528911, 8)
(274, 6)
(8201324434, 6)
(277, 0)
(8291119957, 0)
(280, 1)
(8380915480, 8)
(283, 0)
(8470711003, 0)
(286, 6)
(8560506526, 6)
(289, 7)
(8650302049, 7)
(292, 4)
(8740097572, 4)
(295, 2)
(8829893095, 2)
(298, 6)
(8919688618, 6)
(301, 5)
(9009484141, 5)
(304, 0)
(9099279664, 0)
(307, 0)
(9189075187, 0)
(310, 4)
(9278870710, 4)
(313, 8)
(9368666233, 8)
(316, 5)
(9458461756, 4)
(319, 7)
(9548257279, 7)
(322, 7)
(9638052802, 2)
(325, 2)
(9727848325, 7)
(328, 1)
(9817643848, 1)
(331, 0)
(9907439371, 0)
(334, 6)
(9997234894, 3)
(337, 2)
(10087030417, 2)
(340, 7)
(10176825940, 2)
(343, 2)
(10266621463, 7)
(346, 5)
(10356416986, 4)
(349, 2)
(10446212509, 7)
(352, 7)
(10536008032, 2)
(355, 0)
(10625803555, 0)
(358, 6)
(10715599078, 3)
(361, 6)
(10805394601, 6)
(364, 0)
(10895190124, 0)
(367, 6)
(10984985647, 3)
(370, 6)
(11074781170, 3)
(373, 1)
(11164576693, 1)
(376, 2)
(11254372216, 2)
(379, 0)
(11344167739, 0)
(382, 1)
(11433963262, 1)
(385, 2)
(11523758785, 2)
(388, 7)
(11613554308, 2)
(391, 2)
(11703349831, 7)
(394, 2)
(11793145354, 7)
(397, 3)
(11882940877, 3)
(400, 8)
(11972736400, 8)
(403, 0)
(12062531923, 0)
(406, 8)
(12152327446, 8)
(409, 1)
(12242122969, 1)
(412, 2)
(12331918492, 2)
(415, 1)
(12421714015, 1)
(418, 1)
(12511509538, 8)
(421, 4)
(12601305061, 5)
(424, 3)
(12691100584, 6)
(427, 0)
(12780896107, 0)
(430, 3)
(12870691630, 6)
(433, 6)
(12960487153, 6)
(436, 3)
(13050282676, 3)
(439, 3)
(13140078199, 6)
(442, 4)
(13229873722, 4)
(445, 5)
(13319669245, 5)
(448, 1)
(13409464768, 8)
(451, 0)
(13499260291, 0)
(454, 1)
(13589055814, 8)
(457, 8)
(13678851337, 1)
(460, 0)
(13768646860, 0)
(463, 7)
(13858442383, 2)
(466, 1)
(13948237906, 1)
(469, 1)
(14038033429, 8)
(472, 0)
(14127828952, 0)
(475, 0)
(14217624475, 0)
(478, 1)
(14307419998, 8)
(481, 7)
(14397215521, 7)
(484, 2)
(14487011044, 2)
(487, 1)
(14576806567, 1)
(490, 1)
(14666602090, 1)
(493, 0)
(14756397613, 0)
(496, 3)
(14846193136, 3)
(499, 0)
(14935988659, 0)
(502, 7)
(15025784182, 7)
(505, 2)
(15115579705, 2)
(508, 5)
(15205375228, 5)
(511, 5)
(15295170751, 4)
(514, 8)
(15384966274, 1)
(517, 0)
(15474761797, 0)
(520, 4)
(15564557320, 5)
(523, 0)
(15654352843, 0)
(526, 3)
(15744148366, 3)
(529, 5)
(15833943889, 5)
(532, 4)
(15923739412, 5)
(535, 5)
(16013534935, 4)
(538, 2)
(16103330458, 7)
(541, 7)
(16193125981, 2)
(544, 2)
(16282921504, 7)
(547, 0)
(16372717027, 0)
(550, 1)
(16462512550, 8)
(553, 2)
(16552308073, 2)
(556, 0)
(16642103596, 0)
(559, 4)
(16731899119, 4)
(562, 7)
(16821694642, 7)
(565, 3)
(16911490165, 6)
(568, 4)
(17001285688, 5)
(571, 0)
(17091081211, 0)
(574, 5)
(17180876734, 4)
(577, 5)
(17270672257, 4)
(580, 8)
(17360467780, 1)
(583, 5)
(17450263303, 5)
(586, 3)
(17540058826, 3)
(589, 1)
(17629854349, 1)
(592, 7)
(17719649872, 2)
(595, 0)
(17809445395, 0)
(598, 1)
(17899240918, 8)
(601, 2)
(17989036441, 7)
(604, 1)
(18078831964, 1)
(607, 1)
(18168627487, 8)
(610, 0)
(18258423010, 0)
(613, 1)
(18348218533, 1)
(616, 8)
(18438014056, 8)
(619, 0)
(18527809579, 0)
(622, 0)
(18617605102, 0)
(625, 5)
(18707400625, 5)
(628, 0)
(18797196148, 0)
(631, 4)
(18886991671, 5)
(634, 4)
(18976787194, 4)
(637, 5)
(19066582717, 4)
(640, 2)
(19156378240, 2)
(643, 0)
(19246173763, 0)
(646, 8)
(19335969286, 1)
(649, 2)
(19425764809, 7)
(652, 0)
(19515560332, 0)
(655, 6)
(19605355855, 3)
(658, 4)
(19695151378, 5)
(661, 3)
(19784946901, 6)
(664, 1)
(19874742424, 1)
(667, 0)
(19964537947, 0)
(670, 6)
(20054333470, 6)
(673, 3)
(20144128993, 3)
(676, 8)
(20233924516, 8)
(679, 6)
(20323720039, 6)
(682, 3)
(20413515562, 6)
(685, 0)
(20503311085, 0)
(688, 0)
(20593106608, 0)
(691, 0)
(20682902131, 0)
(694, 2)
(20772697654, 2)
(697, 5)
(20862493177, 4)
(700, 4)
(20952288700, 5)
(703, 5)
(21042084223, 4)
(706, 6)
(21131879746, 6)
(709, 1)
(21221675269, 1)
(712, 5)
(21311470792, 5)
(715, 0)
(21401266315, 0)
(718, 6)
(21491061838, 6)
(721, 4)
(21580857361, 5)
(724, 7)
(21670652884, 2)
(727, 1)
(21760448407, 1)
(730, 6)
(21850243930, 6)
(733, 8)
(21940039453, 1)
(736, 5)
(22029834976, 5)
(739, 0)
(22119630499, 0)
(742, 4)
(22209426022, 4)
(745, 7)
(22299221545, 7)
(748, 0)
(22389017068, 0)
(751, 6)
(22478812591, 3)
(754, 4)
(22568608114, 4)
(757, 1)
(22658403637, 8)
(760, 7)
(22748199160, 7)
(763, 0)
(22837994683, 0)
(766, 6)
(22927790206, 6)
(769, 2)
(23017585729, 7)
(772, 1)
(23107381252, 1)
(775, 3)
(23197176775, 3)
(778, 7)
(23286972298, 7)
(781, 2)
(23376767821, 2)
(784, 0)
(23466563344, 0)
(787, 0)
(23556358867, 0)
(790, 8)
(23646154390, 1)
(793, 5)
(23735949913, 4)
(796, 6)
(23825745436, 3)
(799, 7)
(23915540959, 2)
(802, 0)
(24005336482, 0)
(805, 1)
(24095132005, 8)
(808, 3)
(24184927528, 3)
(811, 0)
(24274723051, 0)
(814, 6)
(24364518574, 6)
(817, 6)
(24454314097, 3)
(820, 5)
(24544109620, 5)
(823, 3)
(24633905143, 3)
(826, 0)
(24723700666, 0)
(829, 7)
(24813496189, 2)
(832, 8)
(24903291712, 1)
(835, 0)
(24993087235, 0)
(838, 1)
(25082882758, 1)
(841, 7)
(25172678281, 7)
(844, 0)
(25262473804, 0)
(847, 8)
(25352269327, 1)
(850, 4)
(25442064850, 5)
