(1, 2)
(185761, 2)
(4, 5)
(743044, 5)
(7, 1)
(1300327, 8)
(10, 7)
(1857610, 7)
(13, 8)
(2414893, 1)
(16, 1)
(2972176, 1)
(19, 0)
(3529459, 0)
(22, 4)
(4086742, 4)
(25, 7)
(4644025, 7)
(28, 7)
(5201308, 2)
(31, 6)
(5758591, 3)
(34, 5)
(6315874, 4)
(37, 5)
(6873157, 4)
(40, 5)
(7430440, 5)
(43, 0)
(7987723, 0)
(46, 8)
(8545006, 8)
(49, 0)
(9102289, 0)
(52, 2)
(9659572, 7)
(55, 7)
(10216855, 7)
(58, 7)
(10774138, 7)
(61, 0)
(11331421, 0)
(64, 2)
(11888704, 2)
(67, 0)
(12445987, 0)
(70, 5)
(13003270, 4)
(73, 7)
(13560553, 2)
(76, 0)
(14117836, 0)
(79, 2)
(14675119, 7)
(82, 5)
(15232402, 5)
(85, 1)
(15789685, 8)
(88, 8)
(16346968, 8)
(91, 0)
(16904251, 0)
(94, 1)
(17461534, 8)
(97, 1)
(18018817, 1)
(100, 4)
(18576100, 4)
(103, 8)
(19133383, 1)
(106, 6)
(19690666, 6)
(109, 3)
(20247949, 3)
(112, 5)
(20805232, 4)
(115, 0)
(21362515, 0)
(118, 0)
(21919798, 0)
(121, 8)
(22477081, 8)
(124, 6)
(23034364, 3)
(127, 2)
(23591647, 7)
(130, 2)
(24148930, 7)
(133, 7)
(24706213, 2)
(136, 1)
(25263496, 8)
(139, 0)
(25820779, 0)
(142, 2)
(26378062, 7)
(145, 5)
(26935345, 5)
(148, 8)
(27492628, 1)
(151, 4)
(28049911, 4)
(154, 4)
(28607194, 5)
(157, 0)
(29164477, 0)
(160, 1)
(29721760, 1)
(163, 0)
(30279043, 0)
(166, 5)
(30836326, 4)
(169, 5)
(31393609, 5)
(172, 0)
(31950892, 0)
(175, 7)
(32508175, 2)
(178, 7)
(33065458, 2)
(181, 1)
(33622741, 8)
(184, 7)
(34180024, 7)
(187, 0)
(34737307, 0)
(190, 8)
(35294590, 8)
(193, 4)
(35851873, 5)
(196, 0)
(36409156, 0)
(199, 6)
(36966439, 3)
(202, 6)
(37523722, 3)
(205, 2)
(38081005, 2)
(208, 4)
(38638288, 5)
(211, 0)
(39195571, 0)
(214, 3)
(39752854, 6)
(217, 2)
(40310137, 2)
(220, 4)
(40867420, 4)
(223, 7)
(41424703, 7)
(226, 4)
(41981986, 5)
(229, 4)
(42539269, 4)
(232, 5)
(43096552, 5)
(235, 0)
(43653835, 0)
(238, 1)
(44211118, 1)
(241, 0)
(44768401, 0)
(244, 0)
(45325684, 0)
(247, 0)
(45882967, 0)
(250, 3)
(46440250, 3)
(253, 4)
(46997533, 4)
(256, 4)
(47554816, 4)
(259, 0)
(48112099, 0)
(262, 6)
(48669382, 3)
(265, 8)
(49226665, 8)
(268, 0)
(49783948, 0)
(271, 8)
(50341231, 1)
(274, 6)
(50898514, 3)
(277, 0)
(51455797, 0)
(280, 1)
(52013080, 8)
(283, 0)
(52570363, 0)
(286, 6)
(53127646, 3)
(289, 7)
(53684929, 7)
(292, 4)
(54242212, 5)
(295, 2)
(54799495, 2)
(298, 6)
(55356778, 6)
(301, 5)
(55914061, 5)
(304, 0)
(56471344, 0)
(307, 0)
(57028627, 0)
(310, 4)
(57585910, 5)
(313, 8)
(58143193, 1)
(316, 5)
(58700476, 4)
(319, 7)
(59257759, 7)
(322, 7)
(59815042, 2)
(325, 2)
(60372325, 7)
(328, 1)
(60929608, 1)
(331, 0)
(61486891, 0)
(334, 6)
(62044174, 3)
(337, 2)
(62601457, 2)
(340, 7)
(63158740, 2)
(343, 2)
(63716023, 7)
(346, 5)
(64273306, 5)
(349, 2)
(64830589, 7)
(352, 7)
(65387872, 7)
(355, 0)
(65945155, 0)
(358, 6)
(66502438, 6)
(361, 6)
(67059721, 6)
(364, 0)
(67617004, 0)
(367, 6)
(68174287, 3)
(370, 6)
(68731570, 3)
(373, 1)
(69288853, 8)
(376, 2)
(69846136, 7)
(379, 0)
(70403419, 0)
(382, 1)
(70960702, 8)
(385, 2)
(71517985, 7)
(388, 7)
(72075268, 7)
(391, 2)
(72632551, 7)
(394, 2)
(73189834, 2)
(397, 3)
(73747117, 3)
(400, 8)
(74304400, 8)
(403, 0)
(74861683, 0)
(406, 8)
(75418966, 1)
(409, 1)
(75976249, 8)
(412, 2)
(76533532, 7)
(415, 1)
(77090815, 8)
(418, 1)
(77648098, 1)
(421, 4)
(78205381, 5)
(424, 3)
(78762664, 3)
(427, 0)
(79319947, 0)
(430, 3)
(79877230, 6)
(433, 6)
(80434513, 6)
(436, 3)
(80991796, 3)
(439, 3)
(81549079, 3)
(442, 4)
(82106362, 4)
(445, 5)
(82663645, 4)
(448, 1)
(83220928, 8)
(451, 0)
(83778211, 0)
(454, 1)
(84335494, 1)
(457, 8)
(84892777, 1)
(460, 0)
(85450060, 0)
(463, 7)
(86007343, 7)
(466, 1)
(86564626, 8)
(469, 1)
(87121909, 1)
(472, 0)
(87679192, 0)
(475, 0)
(88236475, 0)
(478, 1)
(88793758, 8)
(481, 7)
(89351041, 7)
(484, 2)
(89908324, 2)
(487, 1)
(90465607, 8)
(490, 1)
(91022890, 1)
(493, 0)
(91580173, 0)
(496, 3)
(92137456, 6)
(499, 0)
(92694739, 0)
(502, 7)
(93252022, 2)
(505, 2)
(93809305, 7)
(508, 5)
(94366588, 4)
(511, 5)
(94923871, 5)
(514, 8)
(95481154, 1)
(517, 0)
(96038437, 0)
(520, 4)
(96595720, 5)
(523, 0)
(97153003, 0)
(526, 3)
(97710286, 3)
(529, 5)
(98267569, 5)
(532, 4)
(98824852, 5)
(535, 5)
(99382135, 4)
(538, 2)
(99939418, 7)
(541, 7)
(100496701, 7)
(544, 2)
(101053984, 7)
(547, 0)
(101611267, 0)
(550, 1)
(102168550, 1)
(553, 2)
(102725833, 2)
(556, 0)
(103283116, 0)
(559, 4)
(103840399, 4)
(562, 7)
(104397682, 2)
(565, 3)
(104954965, 6)
(568, 4)
(105512248, 5)
(571, 0)
(106069531, 0)
(574, 5)
(106626814, 4)
(577, 5)
(107184097, 4)
(580, 8)
(107741380, 8)
(583, 5)
(108298663, 5)
(586, 3)
(108855946, 6)
(589, 1)
(109413229, 8)
(592, 7)
(109970512, 2)
(595, 0)
(110527795, 0)
(598, 1)
(111085078, 8)
(601, 2)
(111642361, 7)
(604, 1)
(112199644, 1)
(607, 1)
(112756927, 1)
(610, 0)
(113314210, 0)
(613, 1)
(113871493, 1)
(616, 8)
(114428776, 1)
(619, 0)
(114986059, 0)
(622, 0)
(115543342, 0)
(625, 5)
(116100625, 5)
(628, 0)
(116657908, 0)
(631, 4)
(117215191, 4)
(634, 4)
(117772474, 5)
(637, 5)
(118329757, 4)
(640, 2)
(118887040, 2)
(643, 0)
(119444323, 0)
(646, 8)
(120001606, 1)
(649, 2)
(120558889, 2)
(652, 0)
(121116172, 0)
(655, 6)
(121673455, 3)
(658, 4)
(122230738, 4)
(661, 3)
(122788021, 3)
(664, 1)
(123345304, 8)
(667, 0)
(123902587, 0)
(670, 6)
(124459870, 3)
(673, 3)
(125017153, 3)
(676, 8)
(125574436, 8)
(679, 6)
(126131719, 3)
(682, 3)
(126689002, 6)
(685, 0)
(127246285, 0)
(688, 0)
(127803568, 0)
(691, 0)
(128360851, 0)
(694, 2)
(128918134, 2)
(697, 5)
(129475417, 4)
(700, 4)
(130032700, 5)
(703, 5)
(130589983, 4)
(706, 6)
(131147266, 6)
(709, 1)
(131704549, 1)
(712, 5)
(132261832, 4)
(715, 0)
(132819115, 0)
(718, 6)
(133376398, 3)
(721, 4)
(133933681, 4)
(724, 7)
(134490964, 2)
(727, 1)
(135048247, 8)
(730, 6)
(135605530, 3)
(733, 8)
(136162813, 8)
(736, 5)
(136720096, 5)
(739, 0)
(137277379, 0)
(742, 4)
(137834662, 5)
(745, 7)
(138391945, 7)
(748, 0)
(138949228, 0)
(751, 6)
(139506511, 6)
(754, 4)
(140063794, 5)
(757, 1)
(140621077, 1)
(760, 7)
(141178360, 7)
(763, 0)
(141735643, 0)
(766, 6)
(142292926, 3)
(769, 2)
(142850209, 2)
(772, 1)
(143407492, 8)
(775, 3)
(143964775, 6)
(778, 7)
(144522058, 7)
(781, 2)
(145079341, 7)
(784, 0)
(145636624, 0)
(787, 0)
(146193907, 0)
(790, 8)
(146751190, 1)
(793, 5)
(147308473, 4)
(796, 6)
(147865756, 3)
(799, 7)
(148423039, 7)
(802, 0)
(148980322, 0)
(805, 1)
(149537605, 8)
(808, 3)
(150094888, 6)
(811, 0)
(150652171, 0)
(814, 6)
(151209454, 3)
(817, 6)
(151766737, 3)
(820, 5)
(152324020, 5)
(823, 3)
(152881303, 3)
(826, 0)
(153438586, 0)
(829, 7)
(153995869, 2)
(832, 8)
(154553152, 1)
(835, 0)
(155110435, 0)
(838, 1)
(155667718, 8)
(841, 7)
(156225001, 7)
(844, 0)
(156782284, 0)
(847, 8)
(157339567, 1)
(850, 4)
(157896850, 5)
