(1, 2)
(3500641, 2)
(4, 5)
(14002564, 5)
(7, 1)
(24504487, 8)
(10, 7)
(35006410, 7)
(13, 8)
(45508333, 8)
(16, 1)
(56010256, 1)
(19, 0)
(66512179, 0)
(22, 4)
(77014102, 5)
(25, 7)
(87516025, 7)
(28, 7)
(98017948, 2)
(31, 6)
(108519871, 6)
(34, 5)
(119021794, 5)
(37, 5)
(129523717, 5)
(40, 5)
(140025640, 5)
(43, 0)
(150527563, 0)
(46, 8)
(161029486, 1)
(49, 0)
(171531409, 0)
(52, 2)
(182033332, 2)
(55, 7)
(192535255, 2)
(58, 7)
(203037178, 2)
(61, 0)
(213539101, 0)
(64, 2)
(224041024, 2)
(67, 0)
(234542947, 0)
(70, 5)
(245044870, 4)
(73, 7)
(255546793, 7)
(76, 0)
(266048716, 0)
(79, 2)
(276550639, 2)
(82, 5)
(287052562, 4)
(85, 1)
(297554485, 1)
(88, 8)
(308056408, 1)
(91, 0)
(318558331, 0)
(94, 1)
(329060254, 1)
(97, 1)
(339562177, 8)
(100, 4)
(350064100, 4)
(103, 8)
(360566023, 1)
(106, 6)
(371067946, 6)
(109, 3)
(381569869, 6)
(112, 5)
(392071792, 4)
(115, 0)
(402573715, 0)
(118, 0)
(413075638, 0)
(121, 8)
(423577561, 8)
(124, 6)
(434079484, 6)
(127, 2)
(444581407, 2)
(130, 2)
(455083330, 2)
(133, 7)
(465585253, 7)
(136, 1)
(476087176, 1)
(139, 0)
(486589099, 0)
(142, 2)
(497091022, 7)
(145, 5)
(507592945, 4)
(148, 8)
(518094868, 8)
(151, 4)
(528596791, 5)
(154, 4)
(539098714, 4)
(157, 0)
(549600637, 0)
(160, 1)
(560102560, 1)
(163, 0)
(570604483, 0)
(166, 5)
(581106406, 5)
(169, 5)
(591608329, 5)
(172, 0)
(602110252, 0)
(175, 7)
(612612175, 2)
(178, 7)
(623114098, 7)
(181, 1)
(633616021, 8)
(184, 7)
(644117944, 2)
(187, 0)
(654619867, 0)
(190, 8)
(665121790, 1)
(193, 4)
(675623713, 4)
(196, 0)
(686125636, 0)
(199, 6)
(696627559, 3)
(202, 6)
(707129482, 3)
(205, 2)
(717631405, 7)
(208, 4)
(728133328, 4)
(211, 0)
(738635251, 0)
(214, 3)
(749137174, 6)
(217, 2)
(759639097, 7)
(220, 4)
(770141020, 5)
(223, 7)
(780642943, 7)
(226, 4)
(791144866, 4)
(229, 4)
(801646789, 5)
(232, 5)
(812148712, 4)
(235, 0)
(822650635, 0)
(238, 1)
(833152558, 8)
(241, 0)
(843654481, 0)
(244, 0)
(854156404, 0)
(247, 0)
(864658327, 0)
(250, 3)
(875160250, 3)
(253, 4)
(885662173, 4)
(256, 4)
(896164096, 4)
(259, 0)
(906666019, 0)
(262, 6)
(917167942, 6)
(265, 8)
(927669865, 8)
(268, 0)
(938171788, 0)
(271, 8)
(948673711, 1)
(274, 6)
(959175634, 3)
(277, 0)
(969677557, 0)
(280, 1)
(980179480, 8)
(283, 0)
(990681403, 0)
(286, 6)
(1001183326, 3)
(289, 7)
(1011685249, 7)
(292, 4)
(1022187172, 4)
(295, 2)
(1032689095, 2)
(298, 6)
(1043191018, 3)
(301, 5)
(1053692941, 4)
(304, 0)
(1064194864, 0)
(307, 0)
(1074696787, 0)
(310, 4)
(1085198710, 4)
(313, 8)
(1095700633, 1)
(316, 5)
(1106202556, 5)
(319, 7)
(1116704479, 7)
(322, 7)
(1127206402, 7)
(325, 2)
(1137708325, 2)
(328, 1)
(1148210248, 8)
(331, 0)
(1158712171, 0)
(334, 6)
(1169214094, 6)
(337, 2)
(1179716017, 7)
(340, 7)
(1190217940, 7)
(343, 2)
(1200719863, 7)
(346, 5)
(1211221786, 4)
(349, 2)
(1221723709, 2)
(352, 7)
(1232225632, 2)
(355, 0)
(1242727555, 0)
(358, 6)
(1253229478, 3)
(361, 6)
(1263731401, 6)
(364, 0)
(1274233324, 0)
(367, 6)
(1284735247, 3)
(370, 6)
(1295237170, 6)
(373, 1)
(1305739093, 8)
(376, 2)
(1316241016, 2)
(379, 0)
(1326742939, 0)
(382, 1)
(1337244862, 1)
(385, 2)
(1347746785, 2)
(388, 7)
(1358248708, 2)
(391, 2)
(1368750631, 7)
(394, 2)
(1379252554, 7)
(397, 3)
(1389754477, 6)
(400, 8)
(1400256400, 8)
(403, 0)
(1410758323, 0)
(406, 8)
(1421260246, 8)
(409, 1)
(1431762169, 8)
(412, 2)
(1442264092, 7)
(415, 1)
(1452766015, 1)
(418, 1)
(1463267938, 1)
(421, 4)
(1473769861, 4)
(424, 3)
(1484271784, 3)
(427, 0)
(1494773707, 0)
(430, 3)
(1505275630, 3)
(433, 6)
(1515777553, 6)
(436, 3)
(1526279476, 6)
(439, 3)
(1536781399, 3)
(442, 4)
(1547283322, 4)
(445, 5)
(1557785245, 5)
(448, 1)
(1568287168, 8)
(451, 0)
(1578789091, 0)
(454, 1)
(1589291014, 1)
(457, 8)
(1599792937, 1)
(460, 0)
(1610294860, 0)
(463, 7)
(1620796783, 7)
(466, 1)
(1631298706, 1)
(469, 1)
(1641800629, 1)
(472, 0)
(1652302552, 0)
(475, 0)
(1662804475, 0)
(478, 1)
(1673306398, 8)
(481, 7)
(1683808321, 7)
(484, 2)
(1694310244, 2)
(487, 1)
(1704812167, 1)
(490, 1)
(1715314090, 1)
(493, 0)
(1725816013, 0)
(496, 3)
(1736317936, 3)
(499, 0)
(1746819859, 0)
(502, 7)
(1757321782, 2)
(505, 2)
(1767823705, 7)
(508, 5)
(1778325628, 5)
(511, 5)
(1788827551, 4)
(514, 8)
(1799329474, 8)
(517, 0)
(1809831397, 0)
(520, 4)
(1820333320, 4)
(523, 0)
(1830835243, 0)
(526, 3)
(1841337166, 3)
(529, 5)
(1851839089, 5)
(532, 4)
(1862341012, 4)
(535, 5)
(1872842935, 4)
(538, 2)
(1883344858, 7)
(541, 7)
(1893846781, 2)
(544, 2)
(1904348704, 2)
(547, 0)
(1914850627, 0)
(550, 1)
(1925352550, 8)
(553, 2)
(1935854473, 7)
(556, 0)
(1946356396, 0)
(559, 4)
(1956858319, 4)
(562, 7)
(1967360242, 2)
(565, 3)
(1977862165, 3)
(568, 4)
(1988364088, 5)
(571, 0)
(1998866011, 0)
(574, 5)
(2009367934, 5)
(577, 5)
(2019869857, 5)
(580, 8)
(2030371780, 1)
(583, 5)
(2040873703, 4)
(586, 3)
(2051375626, 6)
(589, 1)
(2061877549, 8)
(592, 7)
(2072379472, 7)
(595, 0)
(2082881395, 0)
(598, 1)
(2093383318, 8)
(601, 2)
(2103885241, 7)
(604, 1)
(2114387164, 8)
(607, 1)
(2124889087, 8)
(610, 0)
(2135391010, 0)
(613, 1)
(2145892933, 8)
(616, 8)
(2156394856, 8)
(619, 0)
(2166896779, 0)
(622, 0)
(2177398702, 0)
(625, 5)
(2187900625, 5)
(628, 0)
(2198402548, 0)
(631, 4)
(2208904471, 5)
(634, 4)
(2219406394, 4)
(637, 5)
(2229908317, 5)
(640, 2)
(2240410240, 2)
(643, 0)
(2250912163, 0)
(646, 8)
(2261414086, 1)
(649, 2)
(2271916009, 7)
(652, 0)
(2282417932, 0)
(655, 6)
(2292919855, 6)
(658, 4)
(2303421778, 5)
(661, 3)
(2313923701, 6)
(664, 1)
(2324425624, 1)
(667, 0)
(2334927547, 0)
(670, 6)
(2345429470, 3)
(673, 3)
(2355931393, 3)
(676, 8)
(2366433316, 8)
(679, 6)
(2376935239, 6)
(682, 3)
(2387437162, 6)
(685, 0)
(2397939085, 0)
(688, 0)
(2408441008, 0)
(691, 0)
(2418942931, 0)
(694, 2)
(2429444854, 7)
(697, 5)
(2439946777, 4)
(700, 4)
(2450448700, 5)
(703, 5)
(2460950623, 4)
(706, 6)
(2471452546, 3)
(709, 1)
(2481954469, 1)
(712, 5)
(2492456392, 5)
(715, 0)
(2502958315, 0)
(718, 6)
(2513460238, 6)
(721, 4)
(2523962161, 4)
(724, 7)
(2534464084, 2)
(727, 1)
(2544966007, 1)
(730, 6)
(2555467930, 6)
(733, 8)
(2565969853, 1)
(736, 5)
(2576471776, 4)
(739, 0)
(2586973699, 0)
(742, 4)
(2597475622, 5)
(745, 7)
(2607977545, 2)
(748, 0)
(2618479468, 0)
(751, 6)
(2628981391, 6)
(754, 4)
(2639483314, 5)
(757, 1)
(2649985237, 1)
(760, 7)
(2660487160, 2)
(763, 0)
(2670989083, 0)
(766, 6)
(2681491006, 3)
(769, 2)
(2691992929, 7)
(772, 1)
(2702494852, 1)
(775, 3)
(2712996775, 3)
(778, 7)
(2723498698, 7)
(781, 2)
(2734000621, 2)
(784, 0)
(2744502544, 0)
(787, 0)
(2755004467, 0)
(790, 8)
(2765506390, 8)
(793, 5)
(2776008313, 5)
(796, 6)
(2786510236, 3)
(799, 7)
(2797012159, 7)
(802, 0)
(2807514082, 0)
(805, 1)
(2818016005, 1)
(808, 3)
(2828517928, 6)
(811, 0)
(2839019851, 0)
(814, 6)
(2849521774, 3)
(817, 6)
(2860023697, 3)
(820, 5)
(2870525620, 4)
(823, 3)
(2881027543, 6)
(826, 0)
(2891529466, 0)
(829, 7)
(2902031389, 7)
(832, 8)
(2912533312, 8)
(835, 0)
(2923035235, 0)
(838, 1)
(2933537158, 8)
(841, 7)
(2944039081, 7)
(844, 0)
(2954541004, 0)
(847, 8)
(2965042927, 1)
(850, 4)
(2975544850, 4)
