(1, 2)
(56055169, 2)
(4, 5)
(224220676, 5)
(7, 1)
(392386183, 8)
(10, 7)
(560551690, 2)
(13, 8)
(728717197, 8)
(16, 1)
(896882704, 1)
(19, 0)
(1065048211, 0)
(22, 4)
(1233213718, 4)
(25, 7)
(1401379225, 7)
(28, 7)
(1569544732, 2)
(31, 6)
(1737710239, 3)
(34, 5)
(1905875746, 4)
(37, 5)
(2074041253, 4)
(40, 5)
(2242206760, 4)
(43, 0)
(2410372267, 0)
(46, 8)
(2578537774, 1)
(49, 0)
(2746703281, 0)
(52, 2)
(2914868788, 2)
(55, 7)
(3083034295, 2)
(58, 7)
(3251199802, 7)
(61, 0)
(3419365309, 0)
(64, 2)
(3587530816, 2)
(67, 0)
(3755696323, 0)
(70, 5)
(3923861830, 5)
(73, 7)
(4092027337, 7)
(76, 0)
(4260192844, 0)
(79, 2)
(4428358351, 2)
(82, 5)
(4596523858, 5)
(85, 1)
(4764689365, 1)
(88, 8)
(4932854872, 8)
(91, 0)
(5101020379, 0)
(94, 1)
(5269185886, 8)
(97, 1)
(5437351393, 1)
(100, 4)
(5605516900, 4)
(103, 8)
(5773682407, 8)
(106, 6)
(5941847914, 3)
(109, 3)
(6110013421, 3)
(112, 5)
(6278178928, 4)
(115, 0)
(6446344435, 0)
(118, 0)
(6614509942, 0)
(121, 8)
(6782675449, 8)
(124, 6)
(6950840956, 3)
(127, 2)
(7119006463, 7)
(130, 2)
(7287171970, 7)
(133, 7)
(7455337477, 7)
(136, 1)
(7623502984, 8)
(139, 0)
(7791668491, 0)
(142, 2)
(7959833998, 7)
(145, 5)
(8127999505, 4)
(148, 8)
(8296165012, 1)
(151, 4)
(8464330519, 5)
(154, 4)
(8632496026, 5)
(157, 0)
(8800661533, 0)
(160, 1)
(8968827040, 8)
(163, 0)
(9136992547, 0)
(166, 5)
(9305158054, 4)
(169, 5)
(9473323561, 5)
(172, 0)
(9641489068, 0)
(175, 7)
(9809654575, 2)
(178, 7)
(9977820082, 7)
(181, 1)
(10145985589, 8)
(184, 7)
(10314151096, 2)
(187, 0)
(10482316603, 0)
(190, 8)
(10650482110, 8)
(193, 4)
(10818647617, 5)
(196, 0)
(10986813124, 0)
(199, 6)
(11154978631, 3)
(202, 6)
(11323144138, 6)
(205, 2)
(11491309645, 7)
(208, 4)
(11659475152, 4)
(211, 0)
(11827640659, 0)
(214, 3)
(11995806166, 3)
(217, 2)
(12163971673, 2)
(220, 4)
(12332137180, 5)
(223, 7)
(12500302687, 2)
(226, 4)
(12668468194, 5)
(229, 4)
(12836633701, 4)
(232, 5)
(13004799208, 5)
(235, 0)
(13172964715, 0)
(238, 1)
(13341130222, 1)
(241, 0)
(13509295729, 0)
(244, 0)
(13677461236, 0)
(247, 0)
(13845626743, 0)
(250, 3)
(14013792250, 6)
(253, 4)
(14181957757, 5)
(256, 4)
(14350123264, 4)
(259, 0)
(14518288771, 0)
(262, 6)
(14686454278, 3)
(265, 8)
(14854619785, 8)
(268, 0)
(15022785292, 0)
(271, 8)
(15190950799, 1)
(274, 6)
(15359116306, 3)
(277, 0)
(15527281813, 0)
(280, 1)
(15695447320, 1)
(283, 0)
(15863612827, 0)
(286, 6)
(16031778334, 6)
(289, 7)
(16199943841, 7)
(292, 4)
(16368109348, 4)
(295, 2)
(16536274855, 2)
(298, 6)
(16704440362, 6)
(301, 5)
(16872605869, 4)
(304, 0)
(17040771376, 0)
(307, 0)
(17208936883, 0)
(310, 4)
(17377102390, 4)
(313, 8)
(17545267897, 8)
(316, 5)
(17713433404, 5)
(319, 7)
(17881598911, 7)
(322, 7)
(18049764418, 7)
(325, 2)
(18217929925, 2)
(328, 1)
(18386095432, 1)
(331, 0)
(18554260939, 0)
(334, 6)
(18722426446, 6)
(337, 2)
(18890591953, 7)
(340, 7)
(19058757460, 7)
(343, 2)
(19226922967, 7)
(346, 5)
(19395088474, 4)
(349, 2)
(19563253981, 2)
(352, 7)
(19731419488, 7)
(355, 0)
(19899584995, 0)
(358, 6)
(20067750502, 6)
(361, 6)
(20235916009, 6)
(364, 0)
(20404081516, 0)
(367, 6)
(20572247023, 6)
(370, 6)
(20740412530, 6)
(373, 1)
(20908578037, 1)
(376, 2)
(21076743544, 7)
(379, 0)
(21244909051, 0)
(382, 1)
(21413074558, 1)
(385, 2)
(21581240065, 2)
(388, 7)
(21749405572, 7)
(391, 2)
(21917571079, 2)
(394, 2)
(22085736586, 2)
(397, 3)
(22253902093, 3)
(400, 8)
(22422067600, 8)
(403, 0)
(22590233107, 0)
(406, 8)
(22758398614, 1)
(409, 1)
(22926564121, 1)
(412, 2)
(23094729628, 2)
(415, 1)
(23262895135, 1)
(418, 1)
(23431060642, 8)
(421, 4)
(23599226149, 5)
(424, 3)
(23767391656, 6)
(427, 0)
(23935557163, 0)
(430, 3)
(24103722670, 6)
(433, 6)
(24271888177, 3)
(436, 3)
(24440053684, 3)
(439, 3)
(24608219191, 3)
(442, 4)
(24776384698, 5)
(445, 5)
(24944550205, 4)
(448, 1)
(25112715712, 8)
(451, 0)
(25280881219, 0)
(454, 1)
(25449046726, 1)
(457, 8)
(25617212233, 8)
(460, 0)
(25785377740, 0)
(463, 7)
(25953543247, 2)
(466, 1)
(26121708754, 1)
(469, 1)
(26289874261, 8)
(472, 0)
(26458039768, 0)
(475, 0)
(26626205275, 0)
(478, 1)
(26794370782, 1)
(481, 7)
(26962536289, 2)
(484, 2)
(27130701796, 2)
(487, 1)
(27298867303, 8)
(490, 1)
(27467032810, 8)
(493, 0)
(27635198317, 0)
(496, 3)
(27803363824, 6)
(499, 0)
(27971529331, 0)
(502, 7)
(28139694838, 2)
(505, 2)
(28307860345, 7)
(508, 5)
(28476025852, 4)
(511, 5)
(28644191359, 4)
(514, 8)
(28812356866, 8)
(517, 0)
(28980522373, 0)
(520, 4)
(29148687880, 5)
(523, 0)
(29316853387, 0)
(526, 3)
(29485018894, 3)
(529, 5)
(29653184401, 5)
(532, 4)
(29821349908, 4)
(535, 5)
(29989515415, 4)
(538, 2)
(30157680922, 2)
(541, 7)
(30325846429, 2)
(544, 2)
(30494011936, 7)
(547, 0)
(30662177443, 0)
(550, 1)
(30830342950, 1)
(553, 2)
(30998508457, 7)
(556, 0)
(31166673964, 0)
(559, 4)
(31334839471, 4)
(562, 7)
(31503004978, 7)
(565, 3)
(31671170485, 3)
(568, 4)
(31839335992, 5)
(571, 0)
(32007501499, 0)
(574, 5)
(32175667006, 4)
(577, 5)
(32343832513, 4)
(580, 8)
(32511998020, 1)
(583, 5)
(32680163527, 4)
(586, 3)
(32848329034, 6)
(589, 1)
(33016494541, 1)
(592, 7)
(33184660048, 2)
(595, 0)
(33352825555, 0)
(598, 1)
(33520991062, 8)
(601, 2)
(33689156569, 7)
(604, 1)
(33857322076, 8)
(607, 1)
(34025487583, 1)
(610, 0)
(34193653090, 0)
(613, 1)
(34361818597, 1)
(616, 8)
(34529984104, 1)
(619, 0)
(34698149611, 0)
(622, 0)
(34866315118, 0)
(625, 5)
(35034480625, 5)
(628, 0)
(35202646132, 0)
(631, 4)
(35370811639, 4)
(634, 4)
(35538977146, 4)
(637, 5)
(35707142653, 5)
(640, 2)
(35875308160, 7)
(643, 0)
(36043473667, 0)
(646, 8)
(36211639174, 8)
(649, 2)
(36379804681, 7)
(652, 0)
(36547970188, 0)
(655, 6)
(36716135695, 6)
(658, 4)
(36884301202, 4)
(661, 3)
(37052466709, 6)
(664, 1)
(37220632216, 8)
(667, 0)
(37388797723, 0)
(670, 6)
(37556963230, 3)
(673, 3)
(37725128737, 3)
(676, 8)
(37893294244, 8)
(679, 6)
(38061459751, 3)
(682, 3)
(38229625258, 6)
(685, 0)
(38397790765, 0)
(688, 0)
(38565956272, 0)
(691, 0)
(38734121779, 0)
(694, 2)
(38902287286, 2)
(697, 5)
(39070452793, 4)
(700, 4)
(39238618300, 5)
(703, 5)
(39406783807, 5)
(706, 6)
(39574949314, 3)
(709, 1)
(39743114821, 1)
(712, 5)
(39911280328, 5)
(715, 0)
(40079445835, 0)
(718, 6)
(40247611342, 3)
(721, 4)
(40415776849, 5)
(724, 7)
(40583942356, 2)
(727, 1)
(40752107863, 1)
(730, 6)
(40920273370, 3)
(733, 8)
(41088438877, 8)
(736, 5)
(41256604384, 4)
(739, 0)
(41424769891, 0)
(742, 4)
(41592935398, 4)
(745, 7)
(41761100905, 2)
(748, 0)
(41929266412, 0)
(751, 6)
(42097431919, 6)
(754, 4)
(42265597426, 4)
(757, 1)
(42433762933, 1)
(760, 7)
(42601928440, 7)
(763, 0)
(42770093947, 0)
(766, 6)
(42938259454, 6)
(769, 2)
(43106424961, 2)
(772, 1)
(43274590468, 8)
(775, 3)
(43442755975, 6)
(778, 7)
(43610921482, 7)
(781, 2)
(43779086989, 7)
(784, 0)
(43947252496, 0)
(787, 0)
(44115418003, 0)
(790, 8)
(44283583510, 1)
(793, 5)
(44451749017, 5)
(796, 6)
(44619914524, 3)
(799, 7)
(44788080031, 7)
(802, 0)
(44956245538, 0)
(805, 1)
(45124411045, 8)
(808, 3)
(45292576552, 3)
(811, 0)
(45460742059, 0)
(814, 6)
(45628907566, 3)
(817, 6)
(45797073073, 3)
(820, 5)
(45965238580, 4)
(823, 3)
(46133404087, 3)
(826, 0)
(46301569594, 0)
(829, 7)
(46469735101, 2)
(832, 8)
(46637900608, 8)
(835, 0)
(46806066115, 0)
(838, 1)
(46974231622, 8)
(841, 7)
(47142397129, 7)
(844, 0)
(47310562636, 0)
(847, 8)
(47478728143, 1)
(850, 4)
(47646893650, 5)
