(1, 2)
(62710561, 2)
(4, 5)
(250842244, 5)
(7, 1)
(438973927, 8)
(10, 7)
(627105610, 7)
(13, 8)
(815237293, 1)
(16, 1)
(1003368976, 1)
(19, 0)
(1191500659, 0)
(22, 4)
(1379632342, 4)
(25, 7)
(1567764025, 7)
(28, 7)
(1755895708, 2)
(31, 6)
(1944027391, 3)
(34, 5)
(2132159074, 4)
(37, 5)
(2320290757, 5)
(40, 5)
(2508422440, 5)
(43, 0)
(2696554123, 0)
(46, 8)
(2884685806, 8)
(49, 0)
(3072817489, 0)
(52, 2)
(3260949172, 7)
(55, 7)
(3449080855, 7)
(58, 7)
(3637212538, 2)
(61, 0)
(3825344221, 0)
(64, 2)
(4013475904, 2)
(67, 0)
(4201607587, 0)
(70, 5)
(4389739270, 4)
(73, 7)
(4577870953, 7)
(76, 0)
(4766002636, 0)
(79, 2)
(4954134319, 7)
(82, 5)
(5142266002, 4)
(85, 1)
(5330397685, 8)
(88, 8)
(5518529368, 8)
(91, 0)
(5706661051, 0)
(94, 1)
(5894792734, 1)
(97, 1)
(6082924417, 1)
(100, 4)
(6271056100, 4)
(103, 8)
(6459187783, 1)
(106, 6)
(6647319466, 3)
(109, 3)
(6835451149, 3)
(112, 5)
(7023582832, 4)
(115, 0)
(7211714515, 0)
(118, 0)
(7399846198, 0)
(121, 8)
(7587977881, 8)
(124, 6)
(7776109564, 3)
(127, 2)
(7964241247, 2)
(130, 2)
(8152372930, 7)
(133, 7)
(8340504613, 2)
(136, 1)
(8528636296, 8)
(139, 0)
(8716767979, 0)
(142, 2)
(8904899662, 7)
(145, 5)
(9093031345, 4)
(148, 8)
(9281163028, 8)
(151, 4)
(9469294711, 4)
(154, 4)
(9657426394, 5)
(157, 0)
(9845558077, 0)
(160, 1)
(10033689760, 1)
(163, 0)
(10221821443, 0)
(166, 5)
(10409953126, 5)
(169, 5)
(10598084809, 5)
(172, 0)
(10786216492, 0)
(175, 7)
(10974348175, 2)
(178, 7)
(11162479858, 7)
(181, 1)
(11350611541, 1)
(184, 7)
(11538743224, 7)
(187, 0)
(11726874907, 0)
(190, 8)
(11915006590, 8)
(193, 4)
(12103138273, 4)
(196, 0)
(12291269956, 0)
(199, 6)
(12479401639, 3)
(202, 6)
(12667533322, 3)
(205, 2)
(12855665005, 7)
(208, 4)
(13043796688, 5)
(211, 0)
(13231928371, 0)
(214, 3)
(13420060054, 6)
(217, 2)
(13608191737, 2)
(220, 4)
(13796323420, 4)
(223, 7)
(13984455103, 7)
(226, 4)
(14172586786, 4)
(229, 4)
(14360718469, 5)
(232, 5)
(14548850152, 4)
(235, 0)
(14736981835, 0)
(238, 1)
(14925113518, 1)
(241, 0)
(15113245201, 0)
(244, 0)
(15301376884, 0)
(247, 0)
(15489508567, 0)
(250, 3)
(15677640250, 3)
(253, 4)
(15865771933, 4)
(256, 4)
(16053903616, 4)
(259, 0)
(16242035299, 0)
(262, 6)
(16430166982, 3)
(265, 8)
(16618298665, 1)
(268, 0)
(16806430348, 0)
(271, 8)
(16994562031, 8)
(274, 6)
(17182693714, 3)
(277, 0)
(17370825397, 0)
(280, 1)
(17558957080, 8)
(283, 0)
(17747088763, 0)
(286, 6)
(17935220446, 3)
(289, 7)
(18123352129, 7)
(292, 4)
(18311483812, 4)
(295, 2)
(18499615495, 2)
(298, 6)
(18687747178, 6)
(301, 5)
(18875878861, 4)
(304, 0)
(19064010544, 0)
(307, 0)
(19252142227, 0)
(310, 4)
(19440273910, 5)
(313, 8)
(19628405593, 1)
(316, 5)
(19816537276, 4)
(319, 7)
(20004668959, 2)
(322, 7)
(20192800642, 2)
(325, 2)
(20380932325, 7)
(328, 1)
(20569064008, 8)
(331, 0)
(20757195691, 0)
(334, 6)
(20945327374, 6)
(337, 2)
(21133459057, 2)
(340, 7)
(21321590740, 2)
(343, 2)
(21509722423, 7)
(346, 5)
(21697854106, 4)
(349, 2)
(21885985789, 2)
(352, 7)
(22074117472, 7)
(355, 0)
(22262249155, 0)
(358, 6)
(22450380838, 3)
(361, 6)
(22638512521, 6)
(364, 0)
(22826644204, 0)
(367, 6)
(23014775887, 3)
(370, 6)
(23202907570, 6)
(373, 1)
(23391039253, 1)
(376, 2)
(23579170936, 2)
(379, 0)
(23767302619, 0)
(382, 1)
(23955434302, 1)
(385, 2)
(24143565985, 7)
(388, 7)
(24331697668, 7)
(391, 2)
(24519829351, 7)
(394, 2)
(24707961034, 2)
(397, 3)
(24896092717, 6)
(400, 8)
(25084224400, 8)
(403, 0)
(25272356083, 0)
(406, 8)
(25460487766, 8)
(409, 1)
(25648619449, 8)
(412, 2)
(25836751132, 7)
(415, 1)
(26024882815, 1)
(418, 1)
(26213014498, 1)
(421, 4)
(26401146181, 4)
(424, 3)
(26589277864, 6)
(427, 0)
(26777409547, 0)
(430, 3)
(26965541230, 3)
(433, 6)
(27153672913, 3)
(436, 3)
(27341804596, 3)
(439, 3)
(27529936279, 3)
(442, 4)
(27718067962, 4)
(445, 5)
(27906199645, 5)
(448, 1)
(28094331328, 8)
(451, 0)
(28282463011, 0)
(454, 1)
(28470594694, 1)
(457, 8)
(28658726377, 8)
(460, 0)
(28846858060, 0)
(463, 7)
(29034989743, 7)
(466, 1)
(29223121426, 8)
(469, 1)
(29411253109, 8)
(472, 0)
(29599384792, 0)
(475, 0)
(29787516475, 0)
(478, 1)
(29975648158, 8)
(481, 7)
(30163779841, 2)
(484, 2)
(30351911524, 2)
(487, 1)
(30540043207, 8)
(490, 1)
(30728174890, 1)
(493, 0)
(30916306573, 0)
(496, 3)
(31104438256, 6)
(499, 0)
(31292569939, 0)
(502, 7)
(31480701622, 7)
(505, 2)
(31668833305, 7)
(508, 5)
(31856964988, 5)
(511, 5)
(32045096671, 4)
(514, 8)
(32233228354, 1)
(517, 0)
(32421360037, 0)
(520, 4)
(32609491720, 5)
(523, 0)
(32797623403, 0)
(526, 3)
(32985755086, 3)
(529, 5)
(33173886769, 5)
(532, 4)
(33362018452, 5)
(535, 5)
(33550150135, 4)
(538, 2)
(33738281818, 2)
(541, 7)
(33926413501, 7)
(544, 2)
(34114545184, 7)
(547, 0)
(34302676867, 0)
(550, 1)
(34490808550, 1)
(553, 2)
(34678940233, 2)
(556, 0)
(34867071916, 0)
(559, 4)
(35055203599, 5)
(562, 7)
(35243335282, 2)
(565, 3)
(35431466965, 3)
(568, 4)
(35619598648, 5)
(571, 0)
(35807730331, 0)
(574, 5)
(35995862014, 5)
(577, 5)
(36183993697, 5)
(580, 8)
(36372125380, 1)
(583, 5)
(36560257063, 4)
(586, 3)
(36748388746, 6)
(589, 1)
(36936520429, 8)
(592, 7)
(37124652112, 7)
(595, 0)
(37312783795, 0)
(598, 1)
(37500915478, 8)
(601, 2)
(37689047161, 7)
(604, 1)
(37877178844, 1)
(607, 1)
(38065310527, 8)
(610, 0)
(38253442210, 0)
(613, 1)
(38441573893, 8)
(616, 8)
(38629705576, 1)
(619, 0)
(38817837259, 0)
(622, 0)
(39005968942, 0)
(625, 5)
(39194100625, 5)
(628, 0)
(39382232308, 0)
(631, 4)
(39570363991, 4)
(634, 4)
(39758495674, 4)
(637, 5)
(39946627357, 4)
(640, 2)
(40134759040, 2)
(643, 0)
(40322890723, 0)
(646, 8)
(40511022406, 1)
(649, 2)
(40699154089, 2)
(652, 0)
(40887285772, 0)
(655, 6)
(41075417455, 3)
(658, 4)
(41263549138, 5)
(661, 3)
(41451680821, 6)
(664, 1)
(41639812504, 1)
(667, 0)
(41827944187, 0)
(670, 6)
(42016075870, 6)
(673, 3)
(42204207553, 6)
(676, 8)
(42392339236, 8)
(679, 6)
(42580470919, 3)
(682, 3)
(42768602602, 6)
(685, 0)
(42956734285, 0)
(688, 0)
(43144865968, 0)
(691, 0)
(43332997651, 0)
(694, 2)
(43521129334, 7)
(697, 5)
(43709261017, 5)
(700, 4)
(43897392700, 5)
(703, 5)
(44085524383, 5)
(706, 6)
(44273656066, 6)
(709, 1)
(44461787749, 8)
(712, 5)
(44649919432, 5)
(715, 0)
(44838051115, 0)
(718, 6)
(45026182798, 6)
(721, 4)
(45214314481, 4)
(724, 7)
(45402446164, 7)
(727, 1)
(45590577847, 8)
(730, 6)
(45778709530, 6)
(733, 8)
(45966841213, 8)
(736, 5)
(46154972896, 5)
(739, 0)
(46343104579, 0)
(742, 4)
(46531236262, 4)
(745, 7)
(46719367945, 7)
(748, 0)
(46907499628, 0)
(751, 6)
(47095631311, 6)
(754, 4)
(47283762994, 4)
(757, 1)
(47471894677, 8)
(760, 7)
(47660026360, 7)
(763, 0)
(47848158043, 0)
(766, 6)
(48036289726, 6)
(769, 2)
(48224421409, 2)
(772, 1)
(48412553092, 1)
(775, 3)
(48600684775, 6)
(778, 7)
(48788816458, 2)
(781, 2)
(48976948141, 7)
(784, 0)
(49165079824, 0)
(787, 0)
(49353211507, 0)
(790, 8)
(49541343190, 1)
(793, 5)
(49729474873, 5)
(796, 6)
(49917606556, 3)
(799, 7)
(50105738239, 2)
(802, 0)
(50293869922, 0)
(805, 1)
(50482001605, 8)
(808, 3)
(50670133288, 6)
(811, 0)
(50858264971, 0)
(814, 6)
(51046396654, 6)
(817, 6)
(51234528337, 6)
(820, 5)
(51422660020, 4)
(823, 3)
(51610791703, 6)
(826, 0)
(51798923386, 0)
(829, 7)
(51987055069, 7)
(832, 8)
(52175186752, 1)
(835, 0)
(52363318435, 0)
(838, 1)
(52551450118, 8)
(841, 7)
(52739581801, 7)
(844, 0)
(52927713484, 0)
(847, 8)
(53115845167, 1)
(850, 4)
(53303976850, 5)
