(1, 2)
(25391521, 2)
(4, 5)
(101566084, 5)
(7, 1)
(177740647, 1)
(10, 7)
(253915210, 7)
(13, 8)
(330089773, 1)
(16, 1)
(406264336, 1)
(19, 0)
(482438899, 0)
(22, 4)
(558613462, 5)
(25, 7)
(634788025, 7)
(28, 7)
(710962588, 7)
(31, 6)
(787137151, 6)
(34, 5)
(863311714, 4)
(37, 5)
(939486277, 5)
(40, 5)
(1015660840, 5)
(43, 0)
(1091835403, 0)
(46, 8)
(1168009966, 1)
(49, 0)
(1244184529, 0)
(52, 2)
(1320359092, 7)
(55, 7)
(1396533655, 2)
(58, 7)
(1472708218, 7)
(61, 0)
(1548882781, 0)
(64, 2)
(1625057344, 2)
(67, 0)
(1701231907, 0)
(70, 5)
(1777406470, 5)
(73, 7)
(1853581033, 7)
(76, 0)
(1929755596, 0)
(79, 2)
(2005930159, 7)
(82, 5)
(2082104722, 5)
(85, 1)
(2158279285, 8)
(88, 8)
(2234453848, 1)
(91, 0)
(2310628411, 0)
(94, 1)
(2386802974, 1)
(97, 1)
(2462977537, 8)
(100, 4)
(2539152100, 4)
(103, 8)
(2615326663, 8)
(106, 6)
(2691501226, 6)
(109, 3)
(2767675789, 3)
(112, 5)
(2843850352, 5)
(115, 0)
(2920024915, 0)
(118, 0)
(2996199478, 0)
(121, 8)
(3072374041, 8)
(124, 6)
(3148548604, 6)
(127, 2)
(3224723167, 2)
(130, 2)
(3300897730, 7)
(133, 7)
(3377072293, 2)
(136, 1)
(3453246856, 8)
(139, 0)
(3529421419, 0)
(142, 2)
(3605595982, 2)
(145, 5)
(3681770545, 5)
(148, 8)
(3757945108, 8)
(151, 4)
(3834119671, 4)
(154, 4)
(3910294234, 5)
(157, 0)
(3986468797, 0)
(160, 1)
(4062643360, 1)
(163, 0)
(4138817923, 0)
(166, 5)
(4214992486, 4)
(169, 5)
(4291167049, 5)
(172, 0)
(4367341612, 0)
(175, 7)
(4443516175, 7)
(178, 7)
(4519690738, 7)
(181, 1)
(4595865301, 1)
(184, 7)
(4672039864, 2)
(187, 0)
(4748214427, 0)
(190, 8)
(4824388990, 1)
(193, 4)
(4900563553, 4)
(196, 0)
(4976738116, 0)
(199, 6)
(5052912679, 3)
(202, 6)
(5129087242, 3)
(205, 2)
(5205261805, 2)
(208, 4)
(5281436368, 5)
(211, 0)
(5357610931, 0)
(214, 3)
(5433785494, 6)
(217, 2)
(5509960057, 2)
(220, 4)
(5586134620, 5)
(223, 7)
(5662309183, 2)
(226, 4)
(5738483746, 5)
(229, 4)
(5814658309, 4)
(232, 5)
(5890832872, 5)
(235, 0)
(5967007435, 0)
(238, 1)
(6043181998, 8)
(241, 0)
(6119356561, 0)
(244, 0)
(6195531124, 0)
(247, 0)
(6271705687, 0)
(250, 3)
(6347880250, 3)
(253, 4)
(6424054813, 4)
(256, 4)
(6500229376, 4)
(259, 0)
(6576403939, 0)
(262, 6)
(6652578502, 3)
(265, 8)
(6728753065, 8)
(268, 0)
(6804927628, 0)
(271, 8)
(6881102191, 8)
(274, 6)
(6957276754, 6)
(277, 0)
(7033451317, 0)
(280, 1)
(7109625880, 1)
(283, 0)
(7185800443, 0)
(286, 6)
(7261975006, 6)
(289, 7)
(7338149569, 7)
(292, 4)
(7414324132, 4)
(295, 2)
(7490498695, 2)
(298, 6)
(7566673258, 3)
(301, 5)
(7642847821, 5)
(304, 0)
(7719022384, 0)
(307, 0)
(7795196947, 0)
(310, 4)
(7871371510, 4)
(313, 8)
(7947546073, 1)
(316, 5)
(8023720636, 4)
(319, 7)
(8099895199, 2)
(322, 7)
(8176069762, 2)
(325, 2)
(8252244325, 7)
(328, 1)
(8328418888, 1)
(331, 0)
(8404593451, 0)
(334, 6)
(8480768014, 3)
(337, 2)
(8556942577, 2)
(340, 7)
(8633117140, 2)
(343, 2)
(8709291703, 2)
(346, 5)
(8785466266, 5)
(349, 2)
(8861640829, 2)
(352, 7)
(8937815392, 2)
(355, 0)
(9013989955, 0)
(358, 6)
(9090164518, 3)
(361, 6)
(9166339081, 6)
(364, 0)
(9242513644, 0)
(367, 6)
(9318688207, 3)
(370, 6)
(9394862770, 6)
(373, 1)
(9471037333, 8)
(376, 2)
(9547211896, 2)
(379, 0)
(9623386459, 0)
(382, 1)
(9699561022, 1)
(385, 2)
(9775735585, 7)
(388, 7)
(9851910148, 2)
(391, 2)
(9928084711, 2)
(394, 2)
(10004259274, 2)
(397, 3)
(10080433837, 3)
(400, 8)
(10156608400, 8)
(403, 0)
(10232782963, 0)
(406, 8)
(10308957526, 8)
(409, 1)
(10385132089, 1)
(412, 2)
(10461306652, 2)
(415, 1)
(10537481215, 8)
(418, 1)
(10613655778, 1)
(421, 4)
(10689830341, 5)
(424, 3)
(10766004904, 3)
(427, 0)
(10842179467, 0)
(430, 3)
(10918354030, 3)
(433, 6)
(10994528593, 3)
(436, 3)
(11070703156, 3)
(439, 3)
(11146877719, 3)
(442, 4)
(11223052282, 4)
(445, 5)
(11299226845, 5)
(448, 1)
(11375401408, 1)
(451, 0)
(11451575971, 0)
(454, 1)
(11527750534, 1)
(457, 8)
(11603925097, 8)
(460, 0)
(11680099660, 0)
(463, 7)
(11756274223, 2)
(466, 1)
(11832448786, 8)
(469, 1)
(11908623349, 8)
(472, 0)
(11984797912, 0)
(475, 0)
(12060972475, 0)
(478, 1)
(12137147038, 8)
(481, 7)
(12213321601, 2)
(484, 2)
(12289496164, 2)
(487, 1)
(12365670727, 8)
(490, 1)
(12441845290, 1)
(493, 0)
(12518019853, 0)
(496, 3)
(12594194416, 3)
(499, 0)
(12670368979, 0)
(502, 7)
(12746543542, 7)
(505, 2)
(12822718105, 7)
(508, 5)
(12898892668, 5)
(511, 5)
(12975067231, 5)
(514, 8)
(13051241794, 1)
(517, 0)
(13127416357, 0)
(520, 4)
(13203590920, 5)
(523, 0)
(13279765483, 0)
(526, 3)
(13355940046, 3)
(529, 5)
(13432114609, 5)
(532, 4)
(13508289172, 5)
(535, 5)
(13584463735, 4)
(538, 2)
(13660638298, 7)
(541, 7)
(13736812861, 7)
(544, 2)
(13812987424, 7)
(547, 0)
(13889161987, 0)
(550, 1)
(13965336550, 8)
(553, 2)
(14041511113, 7)
(556, 0)
(14117685676, 0)
(559, 4)
(14193860239, 5)
(562, 7)
(14270034802, 2)
(565, 3)
(14346209365, 6)
(568, 4)
(14422383928, 4)
(571, 0)
(14498558491, 0)
(574, 5)
(14574733054, 5)
(577, 5)
(14650907617, 4)
(580, 8)
(14727082180, 8)
(583, 5)
(14803256743, 4)
(586, 3)
(14879431306, 3)
(589, 1)
(14955605869, 8)
(592, 7)
(15031780432, 7)
(595, 0)
(15107954995, 0)
(598, 1)
(15184129558, 1)
(601, 2)
(15260304121, 2)
(604, 1)
(15336478684, 1)
(607, 1)
(15412653247, 1)
(610, 0)
(15488827810, 0)
(613, 1)
(15565002373, 8)
(616, 8)
(15641176936, 1)
(619, 0)
(15717351499, 0)
(622, 0)
(15793526062, 0)
(625, 5)
(15869700625, 5)
(628, 0)
(15945875188, 0)
(631, 4)
(16022049751, 4)
(634, 4)
(16098224314, 5)
(637, 5)
(16174398877, 4)
(640, 2)
(16250573440, 2)
(643, 0)
(16326748003, 0)
(646, 8)
(16402922566, 8)
(649, 2)
(16479097129, 7)
(652, 0)
(16555271692, 0)
(655, 6)
(16631446255, 3)
(658, 4)
(16707620818, 4)
(661, 3)
(16783795381, 6)
(664, 1)
(16859969944, 8)
(667, 0)
(16936144507, 0)
(670, 6)
(17012319070, 3)
(673, 3)
(17088493633, 6)
(676, 8)
(17164668196, 8)
(679, 6)
(17240842759, 3)
(682, 3)
(17317017322, 6)
(685, 0)
(17393191885, 0)
(688, 0)
(17469366448, 0)
(691, 0)
(17545541011, 0)
(694, 2)
(17621715574, 7)
(697, 5)
(17697890137, 4)
(700, 4)
(17774064700, 4)
(703, 5)
(17850239263, 4)
(706, 6)
(17926413826, 6)
(709, 1)
(18002588389, 1)
(712, 5)
(18078762952, 5)
(715, 0)
(18154937515, 0)
(718, 6)
(18231112078, 6)
(721, 4)
(18307286641, 4)
(724, 7)
(18383461204, 7)
(727, 1)
(18459635767, 1)
(730, 6)
(18535810330, 6)
(733, 8)
(18611984893, 1)
(736, 5)
(18688159456, 4)
(739, 0)
(18764334019, 0)
(742, 4)
(18840508582, 4)
(745, 7)
(18916683145, 2)
(748, 0)
(18992857708, 0)
(751, 6)
(19069032271, 6)
(754, 4)
(19145206834, 5)
(757, 1)
(19221381397, 8)
(760, 7)
(19297555960, 2)
(763, 0)
(19373730523, 0)
(766, 6)
(19449905086, 6)
(769, 2)
(19526079649, 2)
(772, 1)
(19602254212, 1)
(775, 3)
(19678428775, 3)
(778, 7)
(19754603338, 2)
(781, 2)
(19830777901, 7)
(784, 0)
(19906952464, 0)
(787, 0)
(19983127027, 0)
(790, 8)
(20059301590, 1)
(793, 5)
(20135476153, 5)
(796, 6)
(20211650716, 3)
(799, 7)
(20287825279, 2)
(802, 0)
(20363999842, 0)
(805, 1)
(20440174405, 8)
(808, 3)
(20516348968, 6)
(811, 0)
(20592523531, 0)
(814, 6)
(20668698094, 3)
(817, 6)
(20744872657, 3)
(820, 5)
(20821047220, 5)
(823, 3)
(20897221783, 3)
(826, 0)
(20973396346, 0)
(829, 7)
(21049570909, 7)
(832, 8)
(21125745472, 1)
(835, 0)
(21201920035, 0)
(838, 1)
(21278094598, 1)
(841, 7)
(21354269161, 7)
(844, 0)
(21430443724, 0)
(847, 8)
(21506618287, 8)
(850, 4)
(21582792850, 5)
