(1, 2)
(95863681, 2)
(4, 5)
(383454724, 5)
(7, 1)
(671045767, 1)
(10, 7)
(958636810, 7)
(13, 8)
(1246227853, 1)
(16, 1)
(1533818896, 1)
(19, 0)
(1821409939, 0)
(22, 4)
(2109000982, 5)
(25, 7)
(2396592025, 7)
(28, 7)
(2684183068, 7)
(31, 6)
(2971774111, 6)
(34, 5)
(3259365154, 5)
(37, 5)
(3546956197, 4)
(40, 5)
(3834547240, 5)
(43, 0)
(4122138283, 0)
(46, 8)
(4409729326, 1)
(49, 0)
(4697320369, 0)
(52, 2)
(4984911412, 7)
(55, 7)
(5272502455, 2)
(58, 7)
(5560093498, 2)
(61, 0)
(5847684541, 0)
(64, 2)
(6135275584, 2)
(67, 0)
(6422866627, 0)
(70, 5)
(6710457670, 5)
(73, 7)
(6998048713, 7)
(76, 0)
(7285639756, 0)
(79, 2)
(7573230799, 2)
(82, 5)
(7860821842, 5)
(85, 1)
(8148412885, 1)
(88, 8)
(8436003928, 1)
(91, 0)
(8723594971, 0)
(94, 1)
(9011186014, 1)
(97, 1)
(9298777057, 1)
(100, 4)
(9586368100, 4)
(103, 8)
(9873959143, 8)
(106, 6)
(10161550186, 3)
(109, 3)
(10449141229, 6)
(112, 5)
(10736732272, 5)
(115, 0)
(11024323315, 0)
(118, 0)
(11311914358, 0)
(121, 8)
(11599505401, 8)
(124, 6)
(11887096444, 6)
(127, 2)
(12174687487, 2)
(130, 2)
(12462278530, 7)
(133, 7)
(12749869573, 2)
(136, 1)
(13037460616, 1)
(139, 0)
(13325051659, 0)
(142, 2)
(13612642702, 7)
(145, 5)
(13900233745, 4)
(148, 8)
(14187824788, 1)
(151, 4)
(14475415831, 5)
(154, 4)
(14763006874, 5)
(157, 0)
(15050597917, 0)
(160, 1)
(15338188960, 1)
(163, 0)
(15625780003, 0)
(166, 5)
(15913371046, 5)
(169, 5)
(16200962089, 5)
(172, 0)
(16488553132, 0)
(175, 7)
(16776144175, 7)
(178, 7)
(17063735218, 7)
(181, 1)
(17351326261, 8)
(184, 7)
(17638917304, 2)
(187, 0)
(17926508347, 0)
(190, 8)
(18214099390, 1)
(193, 4)
(18501690433, 5)
(196, 0)
(18789281476, 0)
(199, 6)
(19076872519, 3)
(202, 6)
(19364463562, 6)
(205, 2)
(19652054605, 2)
(208, 4)
(19939645648, 5)
(211, 0)
(20227236691, 0)
(214, 3)
(20514827734, 3)
(217, 2)
(20802418777, 2)
(220, 4)
(21090009820, 5)
(223, 7)
(21377600863, 2)
(226, 4)
(21665191906, 5)
(229, 4)
(21952782949, 4)
(232, 5)
(22240373992, 4)
(235, 0)
(22527965035, 0)
(238, 1)
(22815556078, 1)
(241, 0)
(23103147121, 0)
(244, 0)
(23390738164, 0)
(247, 0)
(23678329207, 0)
(250, 3)
(23965920250, 3)
(253, 4)
(24253511293, 4)
(256, 4)
(24541102336, 4)
(259, 0)
(24828693379, 0)
(262, 6)
(25116284422, 6)
(265, 8)
(25403875465, 1)
(268, 0)
(25691466508, 0)
(271, 8)
(25979057551, 1)
(274, 6)
(26266648594, 6)
(277, 0)
(26554239637, 0)
(280, 1)
(26841830680, 1)
(283, 0)
(27129421723, 0)
(286, 6)
(27417012766, 6)
(289, 7)
(27704603809, 7)
(292, 4)
(27992194852, 4)
(295, 2)
(28279785895, 2)
(298, 6)
(28567376938, 3)
(301, 5)
(28854967981, 5)
(304, 0)
(29142559024, 0)
(307, 0)
(29430150067, 0)
(310, 4)
(29717741110, 4)
(313, 8)
(30005332153, 8)
(316, 5)
(30292923196, 5)
(319, 7)
(30580514239, 7)
(322, 7)
(30868105282, 2)
(325, 2)
(31155696325, 7)
(328, 1)
(31443287368, 1)
(331, 0)
(31730878411, 0)
(334, 6)
(32018469454, 6)
(337, 2)
(32306060497, 2)
(340, 7)
(32593651540, 7)
(343, 2)
(32881242583, 2)
(346, 5)
(33168833626, 4)
(349, 2)
(33456424669, 2)
(352, 7)
(33744015712, 2)
(355, 0)
(34031606755, 0)
(358, 6)
(34319197798, 3)
(361, 6)
(34606788841, 6)
(364, 0)
(34894379884, 0)
(367, 6)
(35181970927, 6)
(370, 6)
(35469561970, 3)
(373, 1)
(35757153013, 1)
(376, 2)
(36044744056, 2)
(379, 0)
(36332335099, 0)
(382, 1)
(36619926142, 8)
(385, 2)
(36907517185, 7)
(388, 7)
(37195108228, 7)
(391, 2)
(37482699271, 7)
(394, 2)
(37770290314, 2)
(397, 3)
(38057881357, 6)
(400, 8)
(38345472400, 8)
(403, 0)
(38633063443, 0)
(406, 8)
(38920654486, 1)
(409, 1)
(39208245529, 1)
(412, 2)
(39495836572, 2)
(415, 1)
(39783427615, 1)
(418, 1)
(40071018658, 1)
(421, 4)
(40358609701, 4)
(424, 3)
(40646200744, 6)
(427, 0)
(40933791787, 0)
(430, 3)
(41221382830, 3)
(433, 6)
(41508973873, 3)
(436, 3)
(41796564916, 6)
(439, 3)
(42084155959, 6)
(442, 4)
(42371747002, 5)
(445, 5)
(42659338045, 5)
(448, 1)
(42946929088, 1)
(451, 0)
(43234520131, 0)
(454, 1)
(43522111174, 8)
(457, 8)
(43809702217, 1)
(460, 0)
(44097293260, 0)
(463, 7)
(44384884303, 2)
(466, 1)
(44672475346, 8)
(469, 1)
(44960066389, 8)
(472, 0)
(45247657432, 0)
(475, 0)
(45535248475, 0)
(478, 1)
(45822839518, 1)
(481, 7)
(46110430561, 7)
(484, 2)
(46398021604, 2)
(487, 1)
(46685612647, 8)
(490, 1)
(46973203690, 1)
(493, 0)
(47260794733, 0)
(496, 3)
(47548385776, 3)
(499, 0)
(47835976819, 0)
(502, 7)
(48123567862, 7)
(505, 2)
(48411158905, 2)
(508, 5)
(48698749948, 5)
(511, 5)
(48986340991, 5)
(514, 8)
(49273932034, 8)
(517, 0)
(49561523077, 0)
(520, 4)
(49849114120, 5)
(523, 0)
(50136705163, 0)
(526, 3)
(50424296206, 3)
(529, 5)
(50711887249, 5)
(532, 4)
(50999478292, 5)
(535, 5)
(51287069335, 5)
(538, 2)
(51574660378, 7)
(541, 7)
(51862251421, 7)
(544, 2)
(52149842464, 2)
(547, 0)
(52437433507, 0)
(550, 1)
(52725024550, 8)
(553, 2)
(53012615593, 2)
(556, 0)
(53300206636, 0)
(559, 4)
(53587797679, 5)
(562, 7)
(53875388722, 2)
(565, 3)
(54162979765, 6)
(568, 4)
(54450570808, 5)
(571, 0)
(54738161851, 0)
(574, 5)
(55025752894, 5)
(577, 5)
(55313343937, 5)
(580, 8)
(55600934980, 1)
(583, 5)
(55888526023, 5)
(586, 3)
(56176117066, 6)
(589, 1)
(56463708109, 8)
(592, 7)
(56751299152, 2)
(595, 0)
(57038890195, 0)
(598, 1)
(57326481238, 1)
(601, 2)
(57614072281, 7)
(604, 1)
(57901663324, 8)
(607, 1)
(58189254367, 8)
(610, 0)
(58476845410, 0)
(613, 1)
(58764436453, 1)
(616, 8)
(59052027496, 1)
(619, 0)
(59339618539, 0)
(622, 0)
(59627209582, 0)
(625, 5)
(59914800625, 5)
(628, 0)
(60202391668, 0)
(631, 4)
(60489982711, 5)
(634, 4)
(60777573754, 4)
(637, 5)
(61065164797, 4)
(640, 2)
(61352755840, 2)
(643, 0)
(61640346883, 0)
(646, 8)
(61927937926, 1)
(649, 2)
(62215528969, 7)
(652, 0)
(62503120012, 0)
(655, 6)
(62790711055, 6)
(658, 4)
(63078302098, 4)
(661, 3)
(63365893141, 3)
(664, 1)
(63653484184, 1)
(667, 0)
(63941075227, 0)
(670, 6)
(64228666270, 3)
(673, 3)
(64516257313, 6)
(676, 8)
(64803848356, 8)
(679, 6)
(65091439399, 6)
(682, 3)
(65379030442, 6)
(685, 0)
(65666621485, 0)
(688, 0)
(65954212528, 0)
(691, 0)
(66241803571, 0)
(694, 2)
(66529394614, 7)
(697, 5)
(66816985657, 5)
(700, 4)
(67104576700, 4)
(703, 5)
(67392167743, 5)
(706, 6)
(67679758786, 6)
(709, 1)
(67967349829, 1)
(712, 5)
(68254940872, 5)
(715, 0)
(68542531915, 0)
(718, 6)
(68830122958, 3)
(721, 4)
(69117714001, 4)
(724, 7)
(69405305044, 2)
(727, 1)
(69692896087, 1)
(730, 6)
(69980487130, 6)
(733, 8)
(70268078173, 8)
(736, 5)
(70555669216, 4)
(739, 0)
(70843260259, 0)
(742, 4)
(71130851302, 5)
(745, 7)
(71418442345, 2)
(748, 0)
(71706033388, 0)
(751, 6)
(71993624431, 6)
(754, 4)
(72281215474, 4)
(757, 1)
(72568806517, 8)
(760, 7)
(72856397560, 2)
(763, 0)
(73143988603, 0)
(766, 6)
(73431579646, 3)
(769, 2)
(73719170689, 7)
(772, 1)
(74006761732, 8)
(775, 3)
(74294352775, 3)
(778, 7)
(74581943818, 7)
(781, 2)
(74869534861, 2)
(784, 0)
(75157125904, 0)
(787, 0)
(75444716947, 0)
(790, 8)
(75732307990, 8)
(793, 5)
(76019899033, 5)
(796, 6)
(76307490076, 3)
(799, 7)
(76595081119, 7)
(802, 0)
(76882672162, 0)
(805, 1)
(77170263205, 8)
(808, 3)
(77457854248, 3)
(811, 0)
(77745445291, 0)
(814, 6)
(78033036334, 6)
(817, 6)
(78320627377, 3)
(820, 5)
(78608218420, 5)
(823, 3)
(78895809463, 3)
(826, 0)
(79183400506, 0)
(829, 7)
(79470991549, 7)
(832, 8)
(79758582592, 1)
(835, 0)
(80046173635, 0)
(838, 1)
(80333764678, 8)
(841, 7)
(80621355721, 7)
(844, 0)
(80908946764, 0)
(847, 8)
(81196537807, 8)
(850, 4)
(81484128850, 4)
