(1, 2)
(8288641, 2)
(4, 5)
(33154564, 5)
(7, 1)
(58020487, 8)
(10, 7)
(82886410, 7)
(13, 8)
(107752333, 1)
(16, 1)
(132618256, 1)
(19, 0)
(157484179, 0)
(22, 4)
(182350102, 4)
(25, 7)
(207216025, 7)
(28, 7)
(232081948, 2)
(31, 6)
(256947871, 6)
(34, 5)
(281813794, 4)
(37, 5)
(306679717, 5)
(40, 5)
(331545640, 5)
(43, 0)
(356411563, 0)
(46, 8)
(381277486, 1)
(49, 0)
(406143409, 0)
(52, 2)
(431009332, 7)
(55, 7)
(455875255, 7)
(58, 7)
(480741178, 2)
(61, 0)
(505607101, 0)
(64, 2)
(530473024, 2)
(67, 0)
(555338947, 0)
(70, 5)
(580204870, 4)
(73, 7)
(605070793, 7)
(76, 0)
(629936716, 0)
(79, 2)
(654802639, 2)
(82, 5)
(679668562, 5)
(85, 1)
(704534485, 8)
(88, 8)
(729400408, 8)
(91, 0)
(754266331, 0)
(94, 1)
(779132254, 8)
(97, 1)
(803998177, 1)
(100, 4)
(828864100, 4)
(103, 8)
(853730023, 1)
(106, 6)
(878595946, 6)
(109, 3)
(903461869, 3)
(112, 5)
(928327792, 4)
(115, 0)
(953193715, 0)
(118, 0)
(978059638, 0)
(121, 8)
(1002925561, 8)
(124, 6)
(1027791484, 6)
(127, 2)
(1052657407, 2)
(130, 2)
(1077523330, 7)
(133, 7)
(1102389253, 2)
(136, 1)
(1127255176, 8)
(139, 0)
(1152121099, 0)
(142, 2)
(1176987022, 2)
(145, 5)
(1201852945, 4)
(148, 8)
(1226718868, 8)
(151, 4)
(1251584791, 5)
(154, 4)
(1276450714, 5)
(157, 0)
(1301316637, 0)
(160, 1)
(1326182560, 1)
(163, 0)
(1351048483, 0)
(166, 5)
(1375914406, 5)
(169, 5)
(1400780329, 5)
(172, 0)
(1425646252, 0)
(175, 7)
(1450512175, 2)
(178, 7)
(1475378098, 2)
(181, 1)
(1500244021, 8)
(184, 7)
(1525109944, 2)
(187, 0)
(1549975867, 0)
(190, 8)
(1574841790, 8)
(193, 4)
(1599707713, 4)
(196, 0)
(1624573636, 0)
(199, 6)
(1649439559, 6)
(202, 6)
(1674305482, 3)
(205, 2)
(1699171405, 2)
(208, 4)
(1724037328, 5)
(211, 0)
(1748903251, 0)
(214, 3)
(1773769174, 3)
(217, 2)
(1798635097, 7)
(220, 4)
(1823501020, 4)
(223, 7)
(1848366943, 2)
(226, 4)
(1873232866, 5)
(229, 4)
(1898098789, 5)
(232, 5)
(1922964712, 4)
(235, 0)
(1947830635, 0)
(238, 1)
(1972696558, 1)
(241, 0)
(1997562481, 0)
(244, 0)
(2022428404, 0)
(247, 0)
(2047294327, 0)
(250, 3)
(2072160250, 3)
(253, 4)
(2097026173, 5)
(256, 4)
(2121892096, 4)
(259, 0)
(2146758019, 0)
(262, 6)
(2171623942, 6)
(265, 8)
(2196489865, 8)
(268, 0)
(2221355788, 0)
(271, 8)
(2246221711, 1)
(274, 6)
(2271087634, 6)
(277, 0)
(2295953557, 0)
(280, 1)
(2320819480, 8)
(283, 0)
(2345685403, 0)
(286, 6)
(2370551326, 3)
(289, 7)
(2395417249, 7)
(292, 4)
(2420283172, 4)
(295, 2)
(2445149095, 2)
(298, 6)
(2470015018, 3)
(301, 5)
(2494880941, 5)
(304, 0)
(2519746864, 0)
(307, 0)
(2544612787, 0)
(310, 4)
(2569478710, 4)
(313, 8)
(2594344633, 1)
(316, 5)
(2619210556, 5)
(319, 7)
(2644076479, 2)
(322, 7)
(2668942402, 7)
(325, 2)
(2693808325, 7)
(328, 1)
(2718674248, 1)
(331, 0)
(2743540171, 0)
(334, 6)
(2768406094, 6)
(337, 2)
(2793272017, 7)
(340, 7)
(2818137940, 2)
(343, 2)
(2843003863, 7)
(346, 5)
(2867869786, 4)
(349, 2)
(2892735709, 2)
(352, 7)
(2917601632, 7)
(355, 0)
(2942467555, 0)
(358, 6)
(2967333478, 3)
(361, 6)
(2992199401, 6)
(364, 0)
(3017065324, 0)
(367, 6)
(3041931247, 6)
(370, 6)
(3066797170, 6)
(373, 1)
(3091663093, 8)
(376, 2)
(3116529016, 7)
(379, 0)
(3141394939, 0)
(382, 1)
(3166260862, 1)
(385, 2)
(3191126785, 7)
(388, 7)
(3215992708, 7)
(391, 2)
(3240858631, 2)
(394, 2)
(3265724554, 2)
(397, 3)
(3290590477, 3)
(400, 8)
(3315456400, 8)
(403, 0)
(3340322323, 0)
(406, 8)
(3365188246, 8)
(409, 1)
(3390054169, 1)
(412, 2)
(3414920092, 7)
(415, 1)
(3439786015, 1)
(418, 1)
(3464651938, 1)
(421, 4)
(3489517861, 4)
(424, 3)
(3514383784, 3)
(427, 0)
(3539249707, 0)
(430, 3)
(3564115630, 6)
(433, 6)
(3588981553, 3)
(436, 3)
(3613847476, 3)
(439, 3)
(3638713399, 6)
(442, 4)
(3663579322, 4)
(445, 5)
(3688445245, 4)
(448, 1)
(3713311168, 8)
(451, 0)
(3738177091, 0)
(454, 1)
(3763043014, 8)
(457, 8)
(3787908937, 1)
(460, 0)
(3812774860, 0)
(463, 7)
(3837640783, 7)
(466, 1)
(3862506706, 8)
(469, 1)
(3887372629, 1)
(472, 0)
(3912238552, 0)
(475, 0)
(3937104475, 0)
(478, 1)
(3961970398, 8)
(481, 7)
(3986836321, 2)
(484, 2)
(4011702244, 2)
(487, 1)
(4036568167, 8)
(490, 1)
(4061434090, 1)
(493, 0)
(4086300013, 0)
(496, 3)
(4111165936, 3)
(499, 0)
(4136031859, 0)
(502, 7)
(4160897782, 2)
(505, 2)
(4185763705, 7)
(508, 5)
(4210629628, 5)
(511, 5)
(4235495551, 4)
(514, 8)
(4260361474, 8)
(517, 0)
(4285227397, 0)
(520, 4)
(4310093320, 5)
(523, 0)
(4334959243, 0)
(526, 3)
(4359825166, 6)
(529, 5)
(4384691089, 5)
(532, 4)
(4409557012, 5)
(535, 5)
(4434422935, 5)
(538, 2)
(4459288858, 2)
(541, 7)
(4484154781, 7)
(544, 2)
(4509020704, 7)
(547, 0)
(4533886627, 0)
(550, 1)
(4558752550, 1)
(553, 2)
(4583618473, 7)
(556, 0)
(4608484396, 0)
(559, 4)
(4633350319, 4)
(562, 7)
(4658216242, 7)
(565, 3)
(4683082165, 6)
(568, 4)
(4707948088, 4)
(571, 0)
(4732814011, 0)
(574, 5)
(4757679934, 4)
(577, 5)
(4782545857, 5)
(580, 8)
(4807411780, 1)
(583, 5)
(4832277703, 5)
(586, 3)
(4857143626, 6)
(589, 1)
(4882009549, 1)
(592, 7)
(4906875472, 7)
(595, 0)
(4931741395, 0)
(598, 1)
(4956607318, 1)
(601, 2)
(4981473241, 7)
(604, 1)
(5006339164, 8)
(607, 1)
(5031205087, 8)
(610, 0)
(5056071010, 0)
(613, 1)
(5080936933, 1)
(616, 8)
(5105802856, 1)
(619, 0)
(5130668779, 0)
(622, 0)
(5155534702, 0)
(625, 5)
(5180400625, 5)
(628, 0)
(5205266548, 0)
(631, 4)
(5230132471, 5)
(634, 4)
(5254998394, 4)
(637, 5)
(5279864317, 4)
(640, 2)
(5304730240, 2)
(643, 0)
(5329596163, 0)
(646, 8)
(5354462086, 1)
(649, 2)
(5379328009, 2)
(652, 0)
(5404193932, 0)
(655, 6)
(5429059855, 6)
(658, 4)
(5453925778, 4)
(661, 3)
(5478791701, 3)
(664, 1)
(5503657624, 1)
(667, 0)
(5528523547, 0)
(670, 6)
(5553389470, 3)
(673, 3)
(5578255393, 3)
(676, 8)
(5603121316, 8)
(679, 6)
(5627987239, 3)
(682, 3)
(5652853162, 3)
(685, 0)
(5677719085, 0)
(688, 0)
(5702585008, 0)
(691, 0)
(5727450931, 0)
(694, 2)
(5752316854, 2)
(697, 5)
(5777182777, 4)
(700, 4)
(5802048700, 5)
(703, 5)
(5826914623, 5)
(706, 6)
(5851780546, 3)
(709, 1)
(5876646469, 1)
(712, 5)
(5901512392, 4)
(715, 0)
(5926378315, 0)
(718, 6)
(5951244238, 6)
(721, 4)
(5976110161, 4)
(724, 7)
(6000976084, 2)
(727, 1)
(6025842007, 8)
(730, 6)
(6050707930, 6)
(733, 8)
(6075573853, 8)
(736, 5)
(6100439776, 4)
(739, 0)
(6125305699, 0)
(742, 4)
(6150171622, 5)
(745, 7)
(6175037545, 2)
(748, 0)
(6199903468, 0)
(751, 6)
(6224769391, 6)
(754, 4)
(6249635314, 4)
(757, 1)
(6274501237, 8)
(760, 7)
(6299367160, 7)
(763, 0)
(6324233083, 0)
(766, 6)
(6349099006, 6)
(769, 2)
(6373964929, 2)
(772, 1)
(6398830852, 1)
(775, 3)
(6423696775, 3)
(778, 7)
(6448562698, 2)
(781, 2)
(6473428621, 2)
(784, 0)
(6498294544, 0)
(787, 0)
(6523160467, 0)
(790, 8)
(6548026390, 8)
(793, 5)
(6572892313, 4)
(796, 6)
(6597758236, 6)
(799, 7)
(6622624159, 7)
(802, 0)
(6647490082, 0)
(805, 1)
(6672356005, 1)
(808, 3)
(6697221928, 6)
(811, 0)
(6722087851, 0)
(814, 6)
(6746953774, 6)
(817, 6)
(6771819697, 3)
(820, 5)
(6796685620, 5)
(823, 3)
(6821551543, 6)
(826, 0)
(6846417466, 0)
(829, 7)
(6871283389, 2)
(832, 8)
(6896149312, 1)
(835, 0)
(6921015235, 0)
(838, 1)
(6945881158, 8)
(841, 7)
(6970747081, 7)
(844, 0)
(6995613004, 0)
(847, 8)
(7020478927, 1)
(850, 4)
(7045344850, 5)
