(1, 2)
(516961, 2)
(4, 5)
(2067844, 5)
(7, 1)
(3618727, 1)
(10, 7)
(5169610, 7)
(13, 8)
(6720493, 8)
(16, 1)
(8271376, 1)
(19, 0)
(9822259, 0)
(22, 4)
(11373142, 5)
(25, 7)
(12924025, 7)
(28, 7)
(14474908, 7)
(31, 6)
(16025791, 6)
(34, 5)
(17576674, 4)
(37, 5)
(19127557, 5)
(40, 5)
(20678440, 5)
(43, 0)
(22229323, 0)
(46, 8)
(23780206, 1)
(49, 0)
(25331089, 0)
(52, 2)
(26881972, 2)
(55, 7)
(28432855, 2)
(58, 7)
(29983738, 7)
(61, 0)
(31534621, 0)
(64, 2)
(33085504, 2)
(67, 0)
(34636387, 0)
(70, 5)
(36187270, 5)
(73, 7)
(37738153, 2)
(76, 0)
(39289036, 0)
(79, 2)
(40839919, 7)
(82, 5)
(42390802, 4)
(85, 1)
(43941685, 8)
(88, 8)
(45492568, 1)
(91, 0)
(47043451, 0)
(94, 1)
(48594334, 8)
(97, 1)
(50145217, 8)
(100, 4)
(51696100, 4)
(103, 8)
(53246983, 8)
(106, 6)
(54797866, 3)
(109, 3)
(56348749, 6)
(112, 5)
(57899632, 5)
(115, 0)
(59450515, 0)
(118, 0)
(61001398, 0)
(121, 8)
(62552281, 8)
(124, 6)
(64103164, 6)
(127, 2)
(65654047, 7)
(130, 2)
(67204930, 2)
(133, 7)
(68755813, 2)
(136, 1)
(70306696, 8)
(139, 0)
(71857579, 0)
(142, 2)
(73408462, 7)
(145, 5)
(74959345, 5)
(148, 8)
(76510228, 8)
(151, 4)
(78061111, 4)
(154, 4)
(79611994, 5)
(157, 0)
(81162877, 0)
(160, 1)
(82713760, 1)
(163, 0)
(84264643, 0)
(166, 5)
(85815526, 5)
(169, 5)
(87366409, 5)
(172, 0)
(88917292, 0)
(175, 7)
(90468175, 7)
(178, 7)
(92019058, 2)
(181, 1)
(93569941, 1)
(184, 7)
(95120824, 2)
(187, 0)
(96671707, 0)
(190, 8)
(98222590, 1)
(193, 4)
(99773473, 5)
(196, 0)
(101324356, 0)
(199, 6)
(102875239, 3)
(202, 6)
(104426122, 3)
(205, 2)
(105977005, 7)
(208, 4)
(107527888, 4)
(211, 0)
(109078771, 0)
(214, 3)
(110629654, 3)
(217, 2)
(112180537, 2)
(220, 4)
(113731420, 5)
(223, 7)
(115282303, 2)
(226, 4)
(116833186, 4)
(229, 4)
(118384069, 5)
(232, 5)
(119934952, 5)
(235, 0)
(121485835, 0)
(238, 1)
(123036718, 8)
(241, 0)
(124587601, 0)
(244, 0)
(126138484, 0)
(247, 0)
(127689367, 0)
(250, 3)
(129240250, 3)
(253, 4)
(130791133, 4)
(256, 4)
(132342016, 4)
(259, 0)
(133892899, 0)
(262, 6)
(135443782, 3)
(265, 8)
(136994665, 1)
(268, 0)
(138545548, 0)
(271, 8)
(140096431, 1)
(274, 6)
(141647314, 6)
(277, 0)
(143198197, 0)
(280, 1)
(144749080, 1)
(283, 0)
(146299963, 0)
(286, 6)
(147850846, 3)
(289, 7)
(149401729, 7)
(292, 4)
(150952612, 5)
(295, 2)
(152503495, 2)
(298, 6)
(154054378, 6)
(301, 5)
(155605261, 4)
(304, 0)
(157156144, 0)
(307, 0)
(158707027, 0)
(310, 4)
(160257910, 4)
(313, 8)
(161808793, 1)
(316, 5)
(163359676, 4)
(319, 7)
(164910559, 2)
(322, 7)
(166461442, 2)
(325, 2)
(168012325, 2)
(328, 1)
(169563208, 8)
(331, 0)
(171114091, 0)
(334, 6)
(172664974, 6)
(337, 2)
(174215857, 7)
(340, 7)
(175766740, 2)
(343, 2)
(177317623, 2)
(346, 5)
(178868506, 4)
(349, 2)
(180419389, 7)
(352, 7)
(181970272, 2)
(355, 0)
(183521155, 0)
(358, 6)
(185072038, 3)
(361, 6)
(186622921, 6)
(364, 0)
(188173804, 0)
(367, 6)
(189724687, 6)
(370, 6)
(191275570, 6)
(373, 1)
(192826453, 1)
(376, 2)
(194377336, 7)
(379, 0)
(195928219, 0)
(382, 1)
(197479102, 1)
(385, 2)
(199029985, 7)
(388, 7)
(200580868, 2)
(391, 2)
(202131751, 2)
(394, 2)
(203682634, 7)
(397, 3)
(205233517, 3)
(400, 8)
(206784400, 8)
(403, 0)
(208335283, 0)
(406, 8)
(209886166, 8)
(409, 1)
(211437049, 8)
(412, 2)
(212987932, 2)
(415, 1)
(214538815, 1)
(418, 1)
(216089698, 1)
(421, 4)
(217640581, 5)
(424, 3)
(219191464, 6)
(427, 0)
(220742347, 0)
(430, 3)
(222293230, 6)
(433, 6)
(223844113, 6)
(436, 3)
(225394996, 6)
(439, 3)
(226945879, 6)
(442, 4)
(228496762, 5)
(445, 5)
(230047645, 4)
(448, 1)
(231598528, 1)
(451, 0)
(233149411, 0)
(454, 1)
(234700294, 1)
(457, 8)
(236251177, 8)
(460, 0)
(237802060, 0)
(463, 7)
(239352943, 2)
(466, 1)
(240903826, 8)
(469, 1)
(242454709, 8)
(472, 0)
(244005592, 0)
(475, 0)
(245556475, 0)
(478, 1)
(247107358, 8)
(481, 7)
(248658241, 7)
(484, 2)
(250209124, 2)
(487, 1)
(251760007, 8)
(490, 1)
(253310890, 1)
(493, 0)
(254861773, 0)
(496, 3)
(256412656, 3)
(499, 0)
(257963539, 0)
(502, 7)
(259514422, 2)
(505, 2)
(261065305, 7)
(508, 5)
(262616188, 4)
(511, 5)
(264167071, 4)
(514, 8)
(265717954, 8)
(517, 0)
(267268837, 0)
(520, 4)
(268819720, 4)
(523, 0)
(270370603, 0)
(526, 3)
(271921486, 3)
(529, 5)
(273472369, 5)
(532, 4)
(275023252, 5)
(535, 5)
(276574135, 5)
(538, 2)
(278125018, 7)
(541, 7)
(279675901, 7)
(544, 2)
(281226784, 7)
(547, 0)
(282777667, 0)
(550, 1)
(284328550, 8)
(553, 2)
(285879433, 7)
(556, 0)
(287430316, 0)
(559, 4)
(288981199, 5)
(562, 7)
(290532082, 7)
(565, 3)
(292082965, 3)
(568, 4)
(293633848, 5)
(571, 0)
(295184731, 0)
(574, 5)
(296735614, 4)
(577, 5)
(298286497, 5)
(580, 8)
(299837380, 8)
(583, 5)
(301388263, 5)
(586, 3)
(302939146, 3)
(589, 1)
(304490029, 8)
(592, 7)
(306040912, 7)
(595, 0)
(307591795, 0)
(598, 1)
(309142678, 8)
(601, 2)
(310693561, 7)
(604, 1)
(312244444, 1)
(607, 1)
(313795327, 8)
(610, 0)
(315346210, 0)
(613, 1)
(316897093, 1)
(616, 8)
(318447976, 1)
(619, 0)
(319998859, 0)
(622, 0)
(321549742, 0)
(625, 5)
(323100625, 5)
(628, 0)
(324651508, 0)
(631, 4)
(326202391, 4)
(634, 4)
(327753274, 4)
(637, 5)
(329304157, 5)
(640, 2)
(330855040, 2)
(643, 0)
(332405923, 0)
(646, 8)
(333956806, 8)
(649, 2)
(335507689, 7)
(652, 0)
(337058572, 0)
(655, 6)
(338609455, 3)
(658, 4)
(340160338, 5)
(661, 3)
(341711221, 6)
(664, 1)
(343262104, 1)
(667, 0)
(344812987, 0)
(670, 6)
(346363870, 3)
(673, 3)
(347914753, 3)
(676, 8)
(349465636, 8)
(679, 6)
(351016519, 3)
(682, 3)
(352567402, 6)
(685, 0)
(354118285, 0)
(688, 0)
(355669168, 0)
(691, 0)
(357220051, 0)
(694, 2)
(358770934, 7)
(697, 5)
(360321817, 5)
(700, 4)
(361872700, 4)
(703, 5)
(363423583, 4)
(706, 6)
(364974466, 3)
(709, 1)
(366525349, 8)
(712, 5)
(368076232, 4)
(715, 0)
(369627115, 0)
(718, 6)
(371177998, 3)
(721, 4)
(372728881, 4)
(724, 7)
(374279764, 7)
(727, 1)
(375830647, 1)
(730, 6)
(377381530, 3)
(733, 8)
(378932413, 8)
(736, 5)
(380483296, 4)
(739, 0)
(382034179, 0)
(742, 4)
(383585062, 5)
(745, 7)
(385135945, 7)
(748, 0)
(386686828, 0)
(751, 6)
(388237711, 6)
(754, 4)
(389788594, 4)
(757, 1)
(391339477, 8)
(760, 7)
(392890360, 2)
(763, 0)
(394441243, 0)
(766, 6)
(395992126, 3)
(769, 2)
(397543009, 2)
(772, 1)
(399093892, 8)
(775, 3)
(400644775, 3)
(778, 7)
(402195658, 7)
(781, 2)
(403746541, 2)
(784, 0)
(405297424, 0)
(787, 0)
(406848307, 0)
(790, 8)
(408399190, 1)
(793, 5)
(409950073, 5)
(796, 6)
(411500956, 3)
(799, 7)
(413051839, 7)
(802, 0)
(414602722, 0)
(805, 1)
(416153605, 8)
(808, 3)
(417704488, 6)
(811, 0)
(419255371, 0)
(814, 6)
(420806254, 3)
(817, 6)
(422357137, 6)
(820, 5)
(423908020, 4)
(823, 3)
(425458903, 3)
(826, 0)
(427009786, 0)
(829, 7)
(428560669, 2)
(832, 8)
(430111552, 8)
(835, 0)
(431662435, 0)
(838, 1)
(433213318, 8)
(841, 7)
(434764201, 7)
(844, 0)
(436315084, 0)
(847, 8)
(437865967, 8)
(850, 4)
(439416850, 5)
