(1, 2)
(19918369, 2)
(4, 5)
(79673476, 5)
(7, 1)
(139428583, 8)
(10, 7)
(199183690, 2)
(13, 8)
(258938797, 8)
(16, 1)
(318693904, 1)
(19, 0)
(378449011, 0)
(22, 4)
(438204118, 4)
(25, 7)
(497959225, 7)
(28, 7)
(557714332, 2)
(31, 6)
(617469439, 6)
(34, 5)
(677224546, 5)
(37, 5)
(736979653, 4)
(40, 5)
(796734760, 4)
(43, 0)
(856489867, 0)
(46, 8)
(916244974, 1)
(49, 0)
(976000081, 0)
(52, 2)
(1035755188, 2)
(55, 7)
(1095510295, 2)
(58, 7)
(1155265402, 2)
(61, 0)
(1215020509, 0)
(64, 2)
(1274775616, 2)
(67, 0)
(1334530723, 0)
(70, 5)
(1394285830, 5)
(73, 7)
(1454040937, 2)
(76, 0)
(1513796044, 0)
(79, 2)
(1573551151, 2)
(82, 5)
(1633306258, 4)
(85, 1)
(1693061365, 8)
(88, 8)
(1752816472, 8)
(91, 0)
(1812571579, 0)
(94, 1)
(1872326686, 1)
(97, 1)
(1932081793, 1)
(100, 4)
(1991836900, 4)
(103, 8)
(2051592007, 1)
(106, 6)
(2111347114, 6)
(109, 3)
(2171102221, 6)
(112, 5)
(2230857328, 4)
(115, 0)
(2290612435, 0)
(118, 0)
(2350367542, 0)
(121, 8)
(2410122649, 8)
(124, 6)
(2469877756, 6)
(127, 2)
(2529632863, 7)
(130, 2)
(2589387970, 7)
(133, 7)
(2649143077, 7)
(136, 1)
(2708898184, 1)
(139, 0)
(2768653291, 0)
(142, 2)
(2828408398, 2)
(145, 5)
(2888163505, 5)
(148, 8)
(2947918612, 1)
(151, 4)
(3007673719, 5)
(154, 4)
(3067428826, 5)
(157, 0)
(3127183933, 0)
(160, 1)
(3186939040, 8)
(163, 0)
(3246694147, 0)
(166, 5)
(3306449254, 4)
(169, 5)
(3366204361, 5)
(172, 0)
(3425959468, 0)
(175, 7)
(3485714575, 2)
(178, 7)
(3545469682, 2)
(181, 1)
(3605224789, 1)
(184, 7)
(3664979896, 2)
(187, 0)
(3724735003, 0)
(190, 8)
(3784490110, 8)
(193, 4)
(3844245217, 4)
(196, 0)
(3904000324, 0)
(199, 6)
(3963755431, 6)
(202, 6)
(4023510538, 6)
(205, 2)
(4083265645, 2)
(208, 4)
(4143020752, 4)
(211, 0)
(4202775859, 0)
(214, 3)
(4262530966, 6)
(217, 2)
(4322286073, 7)
(220, 4)
(4382041180, 5)
(223, 7)
(4441796287, 7)
(226, 4)
(4501551394, 4)
(229, 4)
(4561306501, 5)
(232, 5)
(4621061608, 4)
(235, 0)
(4680816715, 0)
(238, 1)
(4740571822, 8)
(241, 0)
(4800326929, 0)
(244, 0)
(4860082036, 0)
(247, 0)
(4919837143, 0)
(250, 3)
(4979592250, 6)
(253, 4)
(5039347357, 5)
(256, 4)
(5099102464, 4)
(259, 0)
(5158857571, 0)
(262, 6)
(5218612678, 3)
(265, 8)
(5278367785, 1)
(268, 0)
(5338122892, 0)
(271, 8)
(5397877999, 8)
(274, 6)
(5457633106, 3)
(277, 0)
(5517388213, 0)
(280, 1)
(5577143320, 1)
(283, 0)
(5636898427, 0)
(286, 6)
(5696653534, 6)
(289, 7)
(5756408641, 7)
(292, 4)
(5816163748, 5)
(295, 2)
(5875918855, 7)
(298, 6)
(5935673962, 6)
(301, 5)
(5995429069, 4)
(304, 0)
(6055184176, 0)
(307, 0)
(6114939283, 0)
(310, 4)
(6174694390, 5)
(313, 8)
(6234449497, 8)
(316, 5)
(6294204604, 5)
(319, 7)
(6353959711, 2)
(322, 7)
(6413714818, 7)
(325, 2)
(6473469925, 2)
(328, 1)
(6533225032, 8)
(331, 0)
(6592980139, 0)
(334, 6)
(6652735246, 3)
(337, 2)
(6712490353, 2)
(340, 7)
(6772245460, 2)
(343, 2)
(6832000567, 7)
(346, 5)
(6891755674, 5)
(349, 2)
(6951510781, 7)
(352, 7)
(7011265888, 7)
(355, 0)
(7071020995, 0)
(358, 6)
(7130776102, 6)
(361, 6)
(7190531209, 6)
(364, 0)
(7250286316, 0)
(367, 6)
(7310041423, 3)
(370, 6)
(7369796530, 6)
(373, 1)
(7429551637, 1)
(376, 2)
(7489306744, 2)
(379, 0)
(7549061851, 0)
(382, 1)
(7608816958, 1)
(385, 2)
(7668572065, 2)
(388, 7)
(7728327172, 7)
(391, 2)
(7788082279, 7)
(394, 2)
(7847837386, 7)
(397, 3)
(7907592493, 6)
(400, 8)
(7967347600, 8)
(403, 0)
(8027102707, 0)
(406, 8)
(8086857814, 8)
(409, 1)
(8146612921, 1)
(412, 2)
(8206368028, 7)
(415, 1)
(8266123135, 1)
(418, 1)
(8325878242, 8)
(421, 4)
(8385633349, 5)
(424, 3)
(8445388456, 3)
(427, 0)
(8505143563, 0)
(430, 3)
(8564898670, 6)
(433, 6)
(8624653777, 6)
(436, 3)
(8684408884, 6)
(439, 3)
(8744163991, 6)
(442, 4)
(8803919098, 4)
(445, 5)
(8863674205, 5)
(448, 1)
(8923429312, 8)
(451, 0)
(8983184419, 0)
(454, 1)
(9042939526, 1)
(457, 8)
(9102694633, 8)
(460, 0)
(9162449740, 0)
(463, 7)
(9222204847, 7)
(466, 1)
(9281959954, 1)
(469, 1)
(9341715061, 8)
(472, 0)
(9401470168, 0)
(475, 0)
(9461225275, 0)
(478, 1)
(9520980382, 8)
(481, 7)
(9580735489, 2)
(484, 2)
(9640490596, 2)
(487, 1)
(9700245703, 1)
(490, 1)
(9760000810, 8)
(493, 0)
(9819755917, 0)
(496, 3)
(9879511024, 3)
(499, 0)
(9939266131, 0)
(502, 7)
(9999021238, 2)
(505, 2)
(10058776345, 7)
(508, 5)
(10118531452, 4)
(511, 5)
(10178286559, 5)
(514, 8)
(10238041666, 1)
(517, 0)
(10297796773, 0)
(520, 4)
(10357551880, 5)
(523, 0)
(10417306987, 0)
(526, 3)
(10477062094, 3)
(529, 5)
(10536817201, 5)
(532, 4)
(10596572308, 4)
(535, 5)
(10656327415, 5)
(538, 2)
(10716082522, 7)
(541, 7)
(10775837629, 7)
(544, 2)
(10835592736, 2)
(547, 0)
(10895347843, 0)
(550, 1)
(10955102950, 1)
(553, 2)
(11014858057, 7)
(556, 0)
(11074613164, 0)
(559, 4)
(11134368271, 4)
(562, 7)
(11194123378, 7)
(565, 3)
(11253878485, 6)
(568, 4)
(11313633592, 4)
(571, 0)
(11373388699, 0)
(574, 5)
(11433143806, 5)
(577, 5)
(11492898913, 5)
(580, 8)
(11552654020, 8)
(583, 5)
(11612409127, 5)
(586, 3)
(11672164234, 3)
(589, 1)
(11731919341, 8)
(592, 7)
(11791674448, 2)
(595, 0)
(11851429555, 0)
(598, 1)
(11911184662, 8)
(601, 2)
(11970939769, 2)
(604, 1)
(12030694876, 8)
(607, 1)
(12090449983, 8)
(610, 0)
(12150205090, 0)
(613, 1)
(12209960197, 1)
(616, 8)
(12269715304, 1)
(619, 0)
(12329470411, 0)
(622, 0)
(12389225518, 0)
(625, 5)
(12448980625, 5)
(628, 0)
(12508735732, 0)
(631, 4)
(12568490839, 5)
(634, 4)
(12628245946, 4)
(637, 5)
(12688001053, 5)
(640, 2)
(12747756160, 7)
(643, 0)
(12807511267, 0)
(646, 8)
(12867266374, 1)
(649, 2)
(12927021481, 2)
(652, 0)
(12986776588, 0)
(655, 6)
(13046531695, 6)
(658, 4)
(13106286802, 5)
(661, 3)
(13166041909, 3)
(664, 1)
(13225797016, 8)
(667, 0)
(13285552123, 0)
(670, 6)
(13345307230, 3)
(673, 3)
(13405062337, 6)
(676, 8)
(13464817444, 8)
(679, 6)
(13524572551, 3)
(682, 3)
(13584327658, 3)
(685, 0)
(13644082765, 0)
(688, 0)
(13703837872, 0)
(691, 0)
(13763592979, 0)
(694, 2)
(13823348086, 2)
(697, 5)
(13883103193, 4)
(700, 4)
(13942858300, 5)
(703, 5)
(14002613407, 5)
(706, 6)
(14062368514, 3)
(709, 1)
(14122123621, 1)
(712, 5)
(14181878728, 4)
(715, 0)
(14241633835, 0)
(718, 6)
(14301388942, 6)
(721, 4)
(14361144049, 4)
(724, 7)
(14420899156, 7)
(727, 1)
(14480654263, 8)
(730, 6)
(14540409370, 6)
(733, 8)
(14600164477, 8)
(736, 5)
(14659919584, 4)
(739, 0)
(14719674691, 0)
(742, 4)
(14779429798, 5)
(745, 7)
(14839184905, 2)
(748, 0)
(14898940012, 0)
(751, 6)
(14958695119, 6)
(754, 4)
(15018450226, 5)
(757, 1)
(15078205333, 1)
(760, 7)
(15137960440, 7)
(763, 0)
(15197715547, 0)
(766, 6)
(15257470654, 6)
(769, 2)
(15317225761, 7)
(772, 1)
(15376980868, 1)
(775, 3)
(15436735975, 3)
(778, 7)
(15496491082, 7)
(781, 2)
(15556246189, 2)
(784, 0)
(15616001296, 0)
(787, 0)
(15675756403, 0)
(790, 8)
(15735511510, 1)
(793, 5)
(15795266617, 4)
(796, 6)
(15855021724, 6)
(799, 7)
(15914776831, 7)
(802, 0)
(15974531938, 0)
(805, 1)
(16034287045, 8)
(808, 3)
(16094042152, 3)
(811, 0)
(16153797259, 0)
(814, 6)
(16213552366, 3)
(817, 6)
(16273307473, 3)
(820, 5)
(16333062580, 5)
(823, 3)
(16392817687, 6)
(826, 0)
(16452572794, 0)
(829, 7)
(16512327901, 7)
(832, 8)
(16572083008, 8)
(835, 0)
(16631838115, 0)
(838, 1)
(16691593222, 8)
(841, 7)
(16751348329, 7)
(844, 0)
(16811103436, 0)
(847, 8)
(16870858543, 1)
(850, 4)
(16930613650, 4)
