(1, 2)
(6713281, 2)
(4, 5)
(26853124, 5)
(7, 1)
(46992967, 8)
(10, 7)
(67132810, 7)
(13, 8)
(87272653, 8)
(16, 1)
(107412496, 1)
(19, 0)
(127552339, 0)
(22, 4)
(147692182, 4)
(25, 7)
(167832025, 7)
(28, 7)
(187971868, 2)
(31, 6)
(208111711, 3)
(34, 5)
(228251554, 4)
(37, 5)
(248391397, 5)
(40, 5)
(268531240, 5)
(43, 0)
(288671083, 0)
(46, 8)
(308810926, 8)
(49, 0)
(328950769, 0)
(52, 2)
(349090612, 2)
(55, 7)
(369230455, 7)
(58, 7)
(389370298, 2)
(61, 0)
(409510141, 0)
(64, 2)
(429649984, 2)
(67, 0)
(449789827, 0)
(70, 5)
(469929670, 4)
(73, 7)
(490069513, 7)
(76, 0)
(510209356, 0)
(79, 2)
(530349199, 2)
(82, 5)
(550489042, 5)
(85, 1)
(570628885, 8)
(88, 8)
(590768728, 8)
(91, 0)
(610908571, 0)
(94, 1)
(631048414, 8)
(97, 1)
(651188257, 8)
(100, 4)
(671328100, 4)
(103, 8)
(691467943, 1)
(106, 6)
(711607786, 6)
(109, 3)
(731747629, 3)
(112, 5)
(751887472, 4)
(115, 0)
(772027315, 0)
(118, 0)
(792167158, 0)
(121, 8)
(812307001, 8)
(124, 6)
(832446844, 3)
(127, 2)
(852586687, 2)
(130, 2)
(872726530, 2)
(133, 7)
(892866373, 7)
(136, 1)
(913006216, 8)
(139, 0)
(933146059, 0)
(142, 2)
(953285902, 2)
(145, 5)
(973425745, 4)
(148, 8)
(993565588, 8)
(151, 4)
(1013705431, 4)
(154, 4)
(1033845274, 5)
(157, 0)
(1053985117, 0)
(160, 1)
(1074124960, 1)
(163, 0)
(1094264803, 0)
(166, 5)
(1114404646, 5)
(169, 5)
(1134544489, 5)
(172, 0)
(1154684332, 0)
(175, 7)
(1174824175, 2)
(178, 7)
(1194964018, 7)
(181, 1)
(1215103861, 8)
(184, 7)
(1235243704, 7)
(187, 0)
(1255383547, 0)
(190, 8)
(1275523390, 1)
(193, 4)
(1295663233, 5)
(196, 0)
(1315803076, 0)
(199, 6)
(1335942919, 3)
(202, 6)
(1356082762, 3)
(205, 2)
(1376222605, 2)
(208, 4)
(1396362448, 4)
(211, 0)
(1416502291, 0)
(214, 3)
(1436642134, 6)
(217, 2)
(1456781977, 2)
(220, 4)
(1476921820, 4)
(223, 7)
(1497061663, 2)
(226, 4)
(1517201506, 4)
(229, 4)
(1537341349, 5)
(232, 5)
(1557481192, 4)
(235, 0)
(1577621035, 0)
(238, 1)
(1597760878, 1)
(241, 0)
(1617900721, 0)
(244, 0)
(1638040564, 0)
(247, 0)
(1658180407, 0)
(250, 3)
(1678320250, 3)
(253, 4)
(1698460093, 4)
(256, 4)
(1718599936, 4)
(259, 0)
(1738739779, 0)
(262, 6)
(1758879622, 3)
(265, 8)
(1779019465, 8)
(268, 0)
(1799159308, 0)
(271, 8)
(1819299151, 8)
(274, 6)
(1839438994, 3)
(277, 0)
(1859578837, 0)
(280, 1)
(1879718680, 8)
(283, 0)
(1899858523, 0)
(286, 6)
(1919998366, 6)
(289, 7)
(1940138209, 7)
(292, 4)
(1960278052, 4)
(295, 2)
(1980417895, 2)
(298, 6)
(2000557738, 3)
(301, 5)
(2020697581, 5)
(304, 0)
(2040837424, 0)
(307, 0)
(2060977267, 0)
(310, 4)
(2081117110, 5)
(313, 8)
(2101256953, 8)
(316, 5)
(2121396796, 5)
(319, 7)
(2141536639, 2)
(322, 7)
(2161676482, 2)
(325, 2)
(2181816325, 2)
(328, 1)
(2201956168, 1)
(331, 0)
(2222096011, 0)
(334, 6)
(2242235854, 6)
(337, 2)
(2262375697, 7)
(340, 7)
(2282515540, 2)
(343, 2)
(2302655383, 7)
(346, 5)
(2322795226, 5)
(349, 2)
(2342935069, 2)
(352, 7)
(2363074912, 7)
(355, 0)
(2383214755, 0)
(358, 6)
(2403354598, 3)
(361, 6)
(2423494441, 6)
(364, 0)
(2443634284, 0)
(367, 6)
(2463774127, 6)
(370, 6)
(2483913970, 6)
(373, 1)
(2504053813, 8)
(376, 2)
(2524193656, 7)
(379, 0)
(2544333499, 0)
(382, 1)
(2564473342, 8)
(385, 2)
(2584613185, 7)
(388, 7)
(2604753028, 2)
(391, 2)
(2624892871, 7)
(394, 2)
(2645032714, 7)
(397, 3)
(2665172557, 3)
(400, 8)
(2685312400, 8)
(403, 0)
(2705452243, 0)
(406, 8)
(2725592086, 8)
(409, 1)
(2745731929, 1)
(412, 2)
(2765871772, 7)
(415, 1)
(2786011615, 1)
(418, 1)
(2806151458, 8)
(421, 4)
(2826291301, 5)
(424, 3)
(2846431144, 3)
(427, 0)
(2866570987, 0)
(430, 3)
(2886710830, 6)
(433, 6)
(2906850673, 3)
(436, 3)
(2926990516, 3)
(439, 3)
(2947130359, 6)
(442, 4)
(2967270202, 5)
(445, 5)
(2987410045, 5)
(448, 1)
(3007549888, 8)
(451, 0)
(3027689731, 0)
(454, 1)
(3047829574, 1)
(457, 8)
(3067969417, 8)
(460, 0)
(3088109260, 0)
(463, 7)
(3108249103, 2)
(466, 1)
(3128388946, 1)
(469, 1)
(3148528789, 8)
(472, 0)
(3168668632, 0)
(475, 0)
(3188808475, 0)
(478, 1)
(3208948318, 8)
(481, 7)
(3229088161, 7)
(484, 2)
(3249228004, 2)
(487, 1)
(3269367847, 8)
(490, 1)
(3289507690, 1)
(493, 0)
(3309647533, 0)
(496, 3)
(3329787376, 6)
(499, 0)
(3349927219, 0)
(502, 7)
(3370067062, 2)
(505, 2)
(3390206905, 7)
(508, 5)
(3410346748, 5)
(511, 5)
(3430486591, 4)
(514, 8)
(3450626434, 8)
(517, 0)
(3470766277, 0)
(520, 4)
(3490906120, 4)
(523, 0)
(3511045963, 0)
(526, 3)
(3531185806, 3)
(529, 5)
(3551325649, 5)
(532, 4)
(3571465492, 4)
(535, 5)
(3591605335, 4)
(538, 2)
(3611745178, 2)
(541, 7)
(3631885021, 2)
(544, 2)
(3652024864, 7)
(547, 0)
(3672164707, 0)
(550, 1)
(3692304550, 1)
(553, 2)
(3712444393, 7)
(556, 0)
(3732584236, 0)
(559, 4)
(3752724079, 5)
(562, 7)
(3772863922, 7)
(565, 3)
(3793003765, 3)
(568, 4)
(3813143608, 4)
(571, 0)
(3833283451, 0)
(574, 5)
(3853423294, 4)
(577, 5)
(3873563137, 5)
(580, 8)
(3893702980, 1)
(583, 5)
(3913842823, 5)
(586, 3)
(3933982666, 3)
(589, 1)
(3954122509, 1)
(592, 7)
(3974262352, 7)
(595, 0)
(3994402195, 0)
(598, 1)
(4014542038, 1)
(601, 2)
(4034681881, 2)
(604, 1)
(4054821724, 1)
(607, 1)
(4074961567, 1)
(610, 0)
(4095101410, 0)
(613, 1)
(4115241253, 1)
(616, 8)
(4135381096, 1)
(619, 0)
(4155520939, 0)
(622, 0)
(4175660782, 0)
(625, 5)
(4195800625, 5)
(628, 0)
(4215940468, 0)
(631, 4)
(4236080311, 5)
(634, 4)
(4256220154, 5)
(637, 5)
(4276359997, 5)
(640, 2)
(4296499840, 2)
(643, 0)
(4316639683, 0)
(646, 8)
(4336779526, 8)
(649, 2)
(4356919369, 2)
(652, 0)
(4377059212, 0)
(655, 6)
(4397199055, 3)
(658, 4)
(4417338898, 4)
(661, 3)
(4437478741, 3)
(664, 1)
(4457618584, 1)
(667, 0)
(4477758427, 0)
(670, 6)
(4497898270, 6)
(673, 3)
(4518038113, 6)
(676, 8)
(4538177956, 8)
(679, 6)
(4558317799, 6)
(682, 3)
(4578457642, 6)
(685, 0)
(4598597485, 0)
(688, 0)
(4618737328, 0)
(691, 0)
(4638877171, 0)
(694, 2)
(4659017014, 2)
(697, 5)
(4679156857, 4)
(700, 4)
(4699296700, 5)
(703, 5)
(4719436543, 4)
(706, 6)
(4739576386, 6)
(709, 1)
(4759716229, 1)
(712, 5)
(4779856072, 5)
(715, 0)
(4799995915, 0)
(718, 6)
(4820135758, 6)
(721, 4)
(4840275601, 4)
(724, 7)
(4860415444, 2)
(727, 1)
(4880555287, 8)
(730, 6)
(4900695130, 6)
(733, 8)
(4920834973, 1)
(736, 5)
(4940974816, 5)
(739, 0)
(4961114659, 0)
(742, 4)
(4981254502, 5)
(745, 7)
(5001394345, 2)
(748, 0)
(5021534188, 0)
(751, 6)
(5041674031, 3)
(754, 4)
(5061813874, 5)
(757, 1)
(5081953717, 8)
(760, 7)
(5102093560, 2)
(763, 0)
(5122233403, 0)
(766, 6)
(5142373246, 3)
(769, 2)
(5162513089, 7)
(772, 1)
(5182652932, 8)
(775, 3)
(5202792775, 6)
(778, 7)
(5222932618, 2)
(781, 2)
(5243072461, 2)
(784, 0)
(5263212304, 0)
(787, 0)
(5283352147, 0)
(790, 8)
(5303491990, 8)
(793, 5)
(5323631833, 4)
(796, 6)
(5343771676, 3)
(799, 7)
(5363911519, 7)
(802, 0)
(5384051362, 0)
(805, 1)
(5404191205, 8)
(808, 3)
(5424331048, 6)
(811, 0)
(5444470891, 0)
(814, 6)
(5464610734, 6)
(817, 6)
(5484750577, 6)
(820, 5)
(5504890420, 5)
(823, 3)
(5525030263, 3)
(826, 0)
(5545170106, 0)
(829, 7)
(5565309949, 2)
(832, 8)
(5585449792, 8)
(835, 0)
(5605589635, 0)
(838, 1)
(5625729478, 1)
(841, 7)
(5645869321, 7)
(844, 0)
(5666009164, 0)
(847, 8)
(5686149007, 1)
(850, 4)
(5706288850, 5)
