(1, 2)
(34845409, 2)
(4, 5)
(139381636, 5)
(7, 1)
(243917863, 8)
(10, 7)
(348454090, 2)
(13, 8)
(452990317, 8)
(16, 1)
(557526544, 1)
(19, 0)
(662062771, 0)
(22, 4)
(766598998, 4)
(25, 7)
(871135225, 7)
(28, 7)
(975671452, 2)
(31, 6)
(1080207679, 6)
(34, 5)
(1184743906, 5)
(37, 5)
(1289280133, 4)
(40, 5)
(1393816360, 4)
(43, 0)
(1498352587, 0)
(46, 8)
(1602888814, 8)
(49, 0)
(1707425041, 0)
(52, 2)
(1811961268, 2)
(55, 7)
(1916497495, 2)
(58, 7)
(2021033722, 7)
(61, 0)
(2125569949, 0)
(64, 2)
(2230106176, 2)
(67, 0)
(2334642403, 0)
(70, 5)
(2439178630, 5)
(73, 7)
(2543714857, 2)
(76, 0)
(2648251084, 0)
(79, 2)
(2752787311, 2)
(82, 5)
(2857323538, 5)
(85, 1)
(2961859765, 8)
(88, 8)
(3066395992, 8)
(91, 0)
(3170932219, 0)
(94, 1)
(3275468446, 8)
(97, 1)
(3380004673, 8)
(100, 4)
(3484540900, 4)
(103, 8)
(3589077127, 1)
(106, 6)
(3693613354, 3)
(109, 3)
(3798149581, 6)
(112, 5)
(3902685808, 4)
(115, 0)
(4007222035, 0)
(118, 0)
(4111758262, 0)
(121, 8)
(4216294489, 8)
(124, 6)
(4320830716, 6)
(127, 2)
(4425366943, 7)
(130, 2)
(4529903170, 7)
(133, 7)
(4634439397, 2)
(136, 1)
(4738975624, 1)
(139, 0)
(4843511851, 0)
(142, 2)
(4948048078, 7)
(145, 5)
(5052584305, 4)
(148, 8)
(5157120532, 1)
(151, 4)
(5261656759, 4)
(154, 4)
(5366192986, 5)
(157, 0)
(5470729213, 0)
(160, 1)
(5575265440, 8)
(163, 0)
(5679801667, 0)
(166, 5)
(5784337894, 4)
(169, 5)
(5888874121, 5)
(172, 0)
(5993410348, 0)
(175, 7)
(6097946575, 2)
(178, 7)
(6202482802, 2)
(181, 1)
(6307019029, 1)
(184, 7)
(6411555256, 7)
(187, 0)
(6516091483, 0)
(190, 8)
(6620627710, 1)
(193, 4)
(6725163937, 5)
(196, 0)
(6829700164, 0)
(199, 6)
(6934236391, 3)
(202, 6)
(7038772618, 6)
(205, 2)
(7143308845, 7)
(208, 4)
(7247845072, 4)
(211, 0)
(7352381299, 0)
(214, 3)
(7456917526, 3)
(217, 2)
(7561453753, 7)
(220, 4)
(7665989980, 5)
(223, 7)
(7770526207, 2)
(226, 4)
(7875062434, 5)
(229, 4)
(7979598661, 4)
(232, 5)
(8084134888, 5)
(235, 0)
(8188671115, 0)
(238, 1)
(8293207342, 8)
(241, 0)
(8397743569, 0)
(244, 0)
(8502279796, 0)
(247, 0)
(8606816023, 0)
(250, 3)
(8711352250, 6)
(253, 4)
(8815888477, 4)
(256, 4)
(8920424704, 4)
(259, 0)
(9024960931, 0)
(262, 6)
(9129497158, 6)
(265, 8)
(9234033385, 8)
(268, 0)
(9338569612, 0)
(271, 8)
(9443105839, 1)
(274, 6)
(9547642066, 3)
(277, 0)
(9652178293, 0)
(280, 1)
(9756714520, 1)
(283, 0)
(9861250747, 0)
(286, 6)
(9965786974, 6)
(289, 7)
(10070323201, 7)
(292, 4)
(10174859428, 5)
(295, 2)
(10279395655, 2)
(298, 6)
(10383931882, 3)
(301, 5)
(10488468109, 4)
(304, 0)
(10593004336, 0)
(307, 0)
(10697540563, 0)
(310, 4)
(10802076790, 5)
(313, 8)
(10906613017, 8)
(316, 5)
(11011149244, 5)
(319, 7)
(11115685471, 7)
(322, 7)
(11220221698, 2)
(325, 2)
(11324757925, 2)
(328, 1)
(11429294152, 1)
(331, 0)
(11533830379, 0)
(334, 6)
(11638366606, 3)
(337, 2)
(11742902833, 7)
(340, 7)
(11847439060, 2)
(343, 2)
(11951975287, 7)
(346, 5)
(12056511514, 5)
(349, 2)
(12161047741, 7)
(352, 7)
(12265583968, 7)
(355, 0)
(12370120195, 0)
(358, 6)
(12474656422, 6)
(361, 6)
(12579192649, 6)
(364, 0)
(12683728876, 0)
(367, 6)
(12788265103, 3)
(370, 6)
(12892801330, 6)
(373, 1)
(12997337557, 8)
(376, 2)
(13101873784, 7)
(379, 0)
(13206410011, 0)
(382, 1)
(13310946238, 1)
(385, 2)
(13415482465, 2)
(388, 7)
(13520018692, 2)
(391, 2)
(13624554919, 2)
(394, 2)
(13729091146, 2)
(397, 3)
(13833627373, 6)
(400, 8)
(13938163600, 8)
(403, 0)
(14042699827, 0)
(406, 8)
(14147236054, 1)
(409, 1)
(14251772281, 8)
(412, 2)
(14356308508, 7)
(415, 1)
(14460844735, 1)
(418, 1)
(14565380962, 1)
(421, 4)
(14669917189, 4)
(424, 3)
(14774453416, 6)
(427, 0)
(14878989643, 0)
(430, 3)
(14983525870, 6)
(433, 6)
(15088062097, 6)
(436, 3)
(15192598324, 6)
(439, 3)
(15297134551, 6)
(442, 4)
(15401670778, 4)
(445, 5)
(15506207005, 5)
(448, 1)
(15610743232, 8)
(451, 0)
(15715279459, 0)
(454, 1)
(15819815686, 8)
(457, 8)
(15924351913, 8)
(460, 0)
(16028888140, 0)
(463, 7)
(16133424367, 7)
(466, 1)
(16237960594, 8)
(469, 1)
(16342496821, 8)
(472, 0)
(16447033048, 0)
(475, 0)
(16551569275, 0)
(478, 1)
(16656105502, 1)
(481, 7)
(16760641729, 2)
(484, 2)
(16865177956, 2)
(487, 1)
(16969714183, 1)
(490, 1)
(17074250410, 8)
(493, 0)
(17178786637, 0)
(496, 3)
(17283322864, 3)
(499, 0)
(17387859091, 0)
(502, 7)
(17492395318, 7)
(505, 2)
(17596931545, 7)
(508, 5)
(17701467772, 4)
(511, 5)
(17806003999, 5)
(514, 8)
(17910540226, 8)
(517, 0)
(18015076453, 0)
(520, 4)
(18119612680, 5)
(523, 0)
(18224148907, 0)
(526, 3)
(18328685134, 6)
(529, 5)
(18433221361, 5)
(532, 4)
(18537757588, 5)
(535, 5)
(18642293815, 4)
(538, 2)
(18746830042, 7)
(541, 7)
(18851366269, 7)
(544, 2)
(18955902496, 2)
(547, 0)
(19060438723, 0)
(550, 1)
(19164974950, 1)
(553, 2)
(19269511177, 7)
(556, 0)
(19374047404, 0)
(559, 4)
(19478583631, 4)
(562, 7)
(19583119858, 7)
(565, 3)
(19687656085, 3)
(568, 4)
(19792192312, 5)
(571, 0)
(19896728539, 0)
(574, 5)
(20001264766, 4)
(577, 5)
(20105800993, 4)
(580, 8)
(20210337220, 1)
(583, 5)
(20314873447, 4)
(586, 3)
(20419409674, 3)
(589, 1)
(20523945901, 1)
(592, 7)
(20628482128, 2)
(595, 0)
(20733018355, 0)
(598, 1)
(20837554582, 1)
(601, 2)
(20942090809, 7)
(604, 1)
(21046627036, 1)
(607, 1)
(21151163263, 1)
(610, 0)
(21255699490, 0)
(613, 1)
(21360235717, 1)
(616, 8)
(21464771944, 1)
(619, 0)
(21569308171, 0)
(622, 0)
(21673844398, 0)
(625, 5)
(21778380625, 5)
(628, 0)
(21882916852, 0)
(631, 4)
(21987453079, 4)
(634, 4)
(22091989306, 5)
(637, 5)
(22196525533, 5)
(640, 2)
(22301061760, 7)
(643, 0)
(22405597987, 0)
(646, 8)
(22510134214, 8)
(649, 2)
(22614670441, 7)
(652, 0)
(22719206668, 0)
(655, 6)
(22823742895, 3)
(658, 4)
(22928279122, 4)
(661, 3)
(23032815349, 3)
(664, 1)
(23137351576, 8)
(667, 0)
(23241887803, 0)
(670, 6)
(23346424030, 3)
(673, 3)
(23450960257, 6)
(676, 8)
(23555496484, 8)
(679, 6)
(23660032711, 6)
(682, 3)
(23764568938, 3)
(685, 0)
(23869105165, 0)
(688, 0)
(23973641392, 0)
(691, 0)
(24078177619, 0)
(694, 2)
(24182713846, 7)
(697, 5)
(24287250073, 5)
(700, 4)
(24391786300, 5)
(703, 5)
(24496322527, 4)
(706, 6)
(24600858754, 6)
(709, 1)
(24705394981, 1)
(712, 5)
(24809931208, 4)
(715, 0)
(24914467435, 0)
(718, 6)
(25019003662, 6)
(721, 4)
(25123539889, 4)
(724, 7)
(25228076116, 7)
(727, 1)
(25332612343, 8)
(730, 6)
(25437148570, 6)
(733, 8)
(25541684797, 1)
(736, 5)
(25646221024, 5)
(739, 0)
(25750757251, 0)
(742, 4)
(25855293478, 4)
(745, 7)
(25959829705, 7)
(748, 0)
(26064365932, 0)
(751, 6)
(26168902159, 6)
(754, 4)
(26273438386, 4)
(757, 1)
(26377974613, 1)
(760, 7)
(26482510840, 2)
(763, 0)
(26587047067, 0)
(766, 6)
(26691583294, 6)
(769, 2)
(26796119521, 7)
(772, 1)
(26900655748, 8)
(775, 3)
(27005191975, 3)
(778, 7)
(27109728202, 7)
(781, 2)
(27214264429, 7)
(784, 0)
(27318800656, 0)
(787, 0)
(27423336883, 0)
(790, 8)
(27527873110, 1)
(793, 5)
(27632409337, 5)
(796, 6)
(27736945564, 3)
(799, 7)
(27841481791, 2)
(802, 0)
(27946018018, 0)
(805, 1)
(28050554245, 1)
(808, 3)
(28155090472, 3)
(811, 0)
(28259626699, 0)
(814, 6)
(28364162926, 3)
(817, 6)
(28468699153, 6)
(820, 5)
(28573235380, 4)
(823, 3)
(28677771607, 6)
(826, 0)
(28782307834, 0)
(829, 7)
(28886844061, 7)
(832, 8)
(28991380288, 8)
(835, 0)
(29095916515, 0)
(838, 1)
(29200452742, 8)
(841, 7)
(29304988969, 7)
(844, 0)
(29409525196, 0)
(847, 8)
(29514061423, 1)
(850, 4)
(29618597650, 4)
