(1, 2)
(47761921, 2)
(4, 5)
(191047684, 5)
(7, 1)
(334333447, 8)
(10, 7)
(477619210, 7)
(13, 8)
(620904973, 1)
(16, 1)
(764190736, 1)
(19, 0)
(907476499, 0)
(22, 4)
(1050762262, 5)
(25, 7)
(1194048025, 7)
(28, 7)
(1337333788, 2)
(31, 6)
(1480619551, 6)
(34, 5)
(1623905314, 5)
(37, 5)
(1767191077, 4)
(40, 5)
(1910476840, 5)
(43, 0)
(2053762603, 0)
(46, 8)
(2197048366, 8)
(49, 0)
(2340334129, 0)
(52, 2)
(2483619892, 7)
(55, 7)
(2626905655, 2)
(58, 7)
(2770191418, 7)
(61, 0)
(2913477181, 0)
(64, 2)
(3056762944, 2)
(67, 0)
(3200048707, 0)
(70, 5)
(3343334470, 4)
(73, 7)
(3486620233, 7)
(76, 0)
(3629905996, 0)
(79, 2)
(3773191759, 7)
(82, 5)
(3916477522, 5)
(85, 1)
(4059763285, 1)
(88, 8)
(4203049048, 1)
(91, 0)
(4346334811, 0)
(94, 1)
(4489620574, 8)
(97, 1)
(4632906337, 1)
(100, 4)
(4776192100, 4)
(103, 8)
(4919477863, 8)
(106, 6)
(5062763626, 3)
(109, 3)
(5206049389, 6)
(112, 5)
(5349335152, 4)
(115, 0)
(5492620915, 0)
(118, 0)
(5635906678, 0)
(121, 8)
(5779192441, 8)
(124, 6)
(5922478204, 6)
(127, 2)
(6065763967, 2)
(130, 2)
(6209049730, 7)
(133, 7)
(6352335493, 2)
(136, 1)
(6495621256, 1)
(139, 0)
(6638907019, 0)
(142, 2)
(6782192782, 7)
(145, 5)
(6925478545, 5)
(148, 8)
(7068764308, 1)
(151, 4)
(7212050071, 5)
(154, 4)
(7355335834, 4)
(157, 0)
(7498621597, 0)
(160, 1)
(7641907360, 1)
(163, 0)
(7785193123, 0)
(166, 5)
(7928478886, 5)
(169, 5)
(8071764649, 5)
(172, 0)
(8215050412, 0)
(175, 7)
(8358336175, 2)
(178, 7)
(8501621938, 2)
(181, 1)
(8644907701, 1)
(184, 7)
(8788193464, 7)
(187, 0)
(8931479227, 0)
(190, 8)
(9074764990, 8)
(193, 4)
(9218050753, 5)
(196, 0)
(9361336516, 0)
(199, 6)
(9504622279, 3)
(202, 6)
(9647908042, 6)
(205, 2)
(9791193805, 2)
(208, 4)
(9934479568, 5)
(211, 0)
(10077765331, 0)
(214, 3)
(10221051094, 3)
(217, 2)
(10364336857, 7)
(220, 4)
(10507622620, 5)
(223, 7)
(10650908383, 7)
(226, 4)
(10794194146, 4)
(229, 4)
(10937479909, 5)
(232, 5)
(11080765672, 5)
(235, 0)
(11224051435, 0)
(238, 1)
(11367337198, 8)
(241, 0)
(11510622961, 0)
(244, 0)
(11653908724, 0)
(247, 0)
(11797194487, 0)
(250, 3)
(11940480250, 3)
(253, 4)
(12083766013, 5)
(256, 4)
(12227051776, 4)
(259, 0)
(12370337539, 0)
(262, 6)
(12513623302, 3)
(265, 8)
(12656909065, 1)
(268, 0)
(12800194828, 0)
(271, 8)
(12943480591, 1)
(274, 6)
(13086766354, 6)
(277, 0)
(13230052117, 0)
(280, 1)
(13373337880, 8)
(283, 0)
(13516623643, 0)
(286, 6)
(13659909406, 6)
(289, 7)
(13803195169, 7)
(292, 4)
(13946480932, 4)
(295, 2)
(14089766695, 2)
(298, 6)
(14233052458, 3)
(301, 5)
(14376338221, 5)
(304, 0)
(14519623984, 0)
(307, 0)
(14662909747, 0)
(310, 4)
(14806195510, 4)
(313, 8)
(14949481273, 8)
(316, 5)
(15092767036, 4)
(319, 7)
(15236052799, 2)
(322, 7)
(15379338562, 2)
(325, 2)
(15522624325, 7)
(328, 1)
(15665910088, 1)
(331, 0)
(15809195851, 0)
(334, 6)
(15952481614, 3)
(337, 2)
(16095767377, 7)
(340, 7)
(16239053140, 7)
(343, 2)
(16382338903, 7)
(346, 5)
(16525624666, 5)
(349, 2)
(16668910429, 2)
(352, 7)
(16812196192, 2)
(355, 0)
(16955481955, 0)
(358, 6)
(17098767718, 6)
(361, 6)
(17242053481, 6)
(364, 0)
(17385339244, 0)
(367, 6)
(17528625007, 6)
(370, 6)
(17671910770, 3)
(373, 1)
(17815196533, 8)
(376, 2)
(17958482296, 7)
(379, 0)
(18101768059, 0)
(382, 1)
(18245053822, 1)
(385, 2)
(18388339585, 2)
(388, 7)
(18531625348, 7)
(391, 2)
(18674911111, 2)
(394, 2)
(18818196874, 2)
(397, 3)
(18961482637, 6)
(400, 8)
(19104768400, 8)
(403, 0)
(19248054163, 0)
(406, 8)
(19391339926, 1)
(409, 1)
(19534625689, 8)
(412, 2)
(19677911452, 2)
(415, 1)
(19821197215, 1)
(418, 1)
(19964482978, 8)
(421, 4)
(20107768741, 4)
(424, 3)
(20251054504, 6)
(427, 0)
(20394340267, 0)
(430, 3)
(20537626030, 6)
(433, 6)
(20680911793, 6)
(436, 3)
(20824197556, 6)
(439, 3)
(20967483319, 3)
(442, 4)
(21110769082, 5)
(445, 5)
(21254054845, 4)
(448, 1)
(21397340608, 8)
(451, 0)
(21540626371, 0)
(454, 1)
(21683912134, 8)
(457, 8)
(21827197897, 8)
(460, 0)
(21970483660, 0)
(463, 7)
(22113769423, 7)
(466, 1)
(22257055186, 8)
(469, 1)
(22400340949, 1)
(472, 0)
(22543626712, 0)
(475, 0)
(22686912475, 0)
(478, 1)
(22830198238, 1)
(481, 7)
(22973484001, 7)
(484, 2)
(23116769764, 2)
(487, 1)
(23260055527, 1)
(490, 1)
(23403341290, 1)
(493, 0)
(23546627053, 0)
(496, 3)
(23689912816, 3)
(499, 0)
(23833198579, 0)
(502, 7)
(23976484342, 7)
(505, 2)
(24119770105, 2)
(508, 5)
(24263055868, 5)
(511, 5)
(24406341631, 4)
(514, 8)
(24549627394, 1)
(517, 0)
(24692913157, 0)
(520, 4)
(24836198920, 5)
(523, 0)
(24979484683, 0)
(526, 3)
(25122770446, 3)
(529, 5)
(25266056209, 5)
(532, 4)
(25409341972, 5)
(535, 5)
(25552627735, 5)
(538, 2)
(25695913498, 7)
(541, 7)
(25839199261, 7)
(544, 2)
(25982485024, 2)
(547, 0)
(26125770787, 0)
(550, 1)
(26269056550, 8)
(553, 2)
(26412342313, 2)
(556, 0)
(26555628076, 0)
(559, 4)
(26698913839, 4)
(562, 7)
(26842199602, 7)
(565, 3)
(26985485365, 3)
(568, 4)
(27128771128, 5)
(571, 0)
(27272056891, 0)
(574, 5)
(27415342654, 4)
(577, 5)
(27558628417, 4)
(580, 8)
(27701914180, 8)
(583, 5)
(27845199943, 5)
(586, 3)
(27988485706, 3)
(589, 1)
(28131771469, 1)
(592, 7)
(28275057232, 2)
(595, 0)
(28418342995, 0)
(598, 1)
(28561628758, 8)
(601, 2)
(28704914521, 2)
(604, 1)
(28848200284, 8)
(607, 1)
(28991486047, 8)
(610, 0)
(29134771810, 0)
(613, 1)
(29278057573, 8)
(616, 8)
(29421343336, 8)
(619, 0)
(29564629099, 0)
(622, 0)
(29707914862, 0)
(625, 5)
(29851200625, 5)
(628, 0)
(29994486388, 0)
(631, 4)
(30137772151, 5)
(634, 4)
(30281057914, 4)
(637, 5)
(30424343677, 4)
(640, 2)
(30567629440, 2)
(643, 0)
(30710915203, 0)
(646, 8)
(30854200966, 8)
(649, 2)
(30997486729, 7)
(652, 0)
(31140772492, 0)
(655, 6)
(31284058255, 3)
(658, 4)
(31427344018, 4)
(661, 3)
(31570629781, 6)
(664, 1)
(31713915544, 1)
(667, 0)
(31857201307, 0)
(670, 6)
(32000487070, 3)
(673, 3)
(32143772833, 6)
(676, 8)
(32287058596, 8)
(679, 6)
(32430344359, 3)
(682, 3)
(32573630122, 6)
(685, 0)
(32716915885, 0)
(688, 0)
(32860201648, 0)
(691, 0)
(33003487411, 0)
(694, 2)
(33146773174, 2)
(697, 5)
(33290058937, 5)
(700, 4)
(33433344700, 5)
(703, 5)
(33576630463, 4)
(706, 6)
(33719916226, 3)
(709, 1)
(33863201989, 1)
(712, 5)
(34006487752, 4)
(715, 0)
(34149773515, 0)
(718, 6)
(34293059278, 3)
(721, 4)
(34436345041, 5)
(724, 7)
(34579630804, 7)
(727, 1)
(34722916567, 8)
(730, 6)
(34866202330, 6)
(733, 8)
(35009488093, 1)
(736, 5)
(35152773856, 5)
(739, 0)
(35296059619, 0)
(742, 4)
(35439345382, 4)
(745, 7)
(35582631145, 2)
(748, 0)
(35725916908, 0)
(751, 6)
(35869202671, 3)
(754, 4)
(36012488434, 5)
(757, 1)
(36155774197, 8)
(760, 7)
(36299059960, 7)
(763, 0)
(36442345723, 0)
(766, 6)
(36585631486, 3)
(769, 2)
(36728917249, 2)
(772, 1)
(36872203012, 8)
(775, 3)
(37015488775, 3)
(778, 7)
(37158774538, 7)
(781, 2)
(37302060301, 2)
(784, 0)
(37445346064, 0)
(787, 0)
(37588631827, 0)
(790, 8)
(37731917590, 1)
(793, 5)
(37875203353, 5)
(796, 6)
(38018489116, 3)
(799, 7)
(38161774879, 2)
(802, 0)
(38305060642, 0)
(805, 1)
(38448346405, 8)
(808, 3)
(38591632168, 3)
(811, 0)
(38734917931, 0)
(814, 6)
(38878203694, 6)
(817, 6)
(39021489457, 3)
(820, 5)
(39164775220, 5)
(823, 3)
(39308060983, 3)
(826, 0)
(39451346746, 0)
(829, 7)
(39594632509, 2)
(832, 8)
(39737918272, 1)
(835, 0)
(39881204035, 0)
(838, 1)
(40024489798, 8)
(841, 7)
(40167775561, 7)
(844, 0)
(40311061324, 0)
(847, 8)
(40454347087, 1)
(850, 4)
(40597632850, 4)
