(1, 2)
(2505889, 2)
(4, 5)
(10023556, 5)
(7, 1)
(17541223, 8)
(10, 7)
(25058890, 2)
(13, 8)
(32576557, 8)
(16, 1)
(40094224, 1)
(19, 0)
(47611891, 0)
(22, 4)
(55129558, 4)
(25, 7)
(62647225, 7)
(28, 7)
(70164892, 2)
(31, 6)
(77682559, 3)
(34, 5)
(85200226, 5)
(37, 5)
(92717893, 4)
(40, 5)
(100235560, 4)
(43, 0)
(107753227, 0)
(46, 8)
(115270894, 8)
(49, 0)
(122788561, 0)
(52, 2)
(130306228, 2)
(55, 7)
(137823895, 2)
(58, 7)
(145341562, 2)
(61, 0)
(152859229, 0)
(64, 2)
(160376896, 2)
(67, 0)
(167894563, 0)
(70, 5)
(175412230, 5)
(73, 7)
(182929897, 7)
(76, 0)
(190447564, 0)
(79, 2)
(197965231, 2)
(82, 5)
(205482898, 5)
(85, 1)
(213000565, 8)
(88, 8)
(220518232, 8)
(91, 0)
(228035899, 0)
(94, 1)
(235553566, 8)
(97, 1)
(243071233, 1)
(100, 4)
(250588900, 4)
(103, 8)
(258106567, 1)
(106, 6)
(265624234, 6)
(109, 3)
(273141901, 6)
(112, 5)
(280659568, 4)
(115, 0)
(288177235, 0)
(118, 0)
(295694902, 0)
(121, 8)
(303212569, 8)
(124, 6)
(310730236, 3)
(127, 2)
(318247903, 2)
(130, 2)
(325765570, 7)
(133, 7)
(333283237, 7)
(136, 1)
(340800904, 1)
(139, 0)
(348318571, 0)
(142, 2)
(355836238, 2)
(145, 5)
(363353905, 5)
(148, 8)
(370871572, 1)
(151, 4)
(378389239, 4)
(154, 4)
(385906906, 5)
(157, 0)
(393424573, 0)
(160, 1)
(400942240, 8)
(163, 0)
(408459907, 0)
(166, 5)
(415977574, 5)
(169, 5)
(423495241, 5)
(172, 0)
(431012908, 0)
(175, 7)
(438530575, 2)
(178, 7)
(446048242, 2)
(181, 1)
(453565909, 1)
(184, 7)
(461083576, 7)
(187, 0)
(468601243, 0)
(190, 8)
(476118910, 8)
(193, 4)
(483636577, 5)
(196, 0)
(491154244, 0)
(199, 6)
(498671911, 6)
(202, 6)
(506189578, 6)
(205, 2)
(513707245, 7)
(208, 4)
(521224912, 4)
(211, 0)
(528742579, 0)
(214, 3)
(536260246, 6)
(217, 2)
(543777913, 2)
(220, 4)
(551295580, 5)
(223, 7)
(558813247, 7)
(226, 4)
(566330914, 4)
(229, 4)
(573848581, 4)
(232, 5)
(581366248, 4)
(235, 0)
(588883915, 0)
(238, 1)
(596401582, 8)
(241, 0)
(603919249, 0)
(244, 0)
(611436916, 0)
(247, 0)
(618954583, 0)
(250, 3)
(626472250, 6)
(253, 4)
(633989917, 4)
(256, 4)
(641507584, 4)
(259, 0)
(649025251, 0)
(262, 6)
(656542918, 3)
(265, 8)
(664060585, 1)
(268, 0)
(671578252, 0)
(271, 8)
(679095919, 1)
(274, 6)
(686613586, 6)
(277, 0)
(694131253, 0)
(280, 1)
(701648920, 1)
(283, 0)
(709166587, 0)
(286, 6)
(716684254, 6)
(289, 7)
(724201921, 7)
(292, 4)
(731719588, 4)
(295, 2)
(739237255, 2)
(298, 6)
(746754922, 3)
(301, 5)
(754272589, 5)
(304, 0)
(761790256, 0)
(307, 0)
(769307923, 0)
(310, 4)
(776825590, 4)
(313, 8)
(784343257, 8)
(316, 5)
(791860924, 5)
(319, 7)
(799378591, 2)
(322, 7)
(806896258, 2)
(325, 2)
(814413925, 2)
(328, 1)
(821931592, 1)
(331, 0)
(829449259, 0)
(334, 6)
(836966926, 6)
(337, 2)
(844484593, 7)
(340, 7)
(852002260, 2)
(343, 2)
(859519927, 7)
(346, 5)
(867037594, 4)
(349, 2)
(874555261, 7)
(352, 7)
(882072928, 7)
(355, 0)
(889590595, 0)
(358, 6)
(897108262, 3)
(361, 6)
(904625929, 6)
(364, 0)
(912143596, 0)
(367, 6)
(919661263, 6)
(370, 6)
(927178930, 6)
(373, 1)
(934696597, 1)
(376, 2)
(942214264, 7)
(379, 0)
(949731931, 0)
(382, 1)
(957249598, 1)
(385, 2)
(964767265, 2)
(388, 7)
(972284932, 7)
(391, 2)
(979802599, 2)
(394, 2)
(987320266, 2)
(397, 3)
(994837933, 6)
(400, 8)
(1002355600, 8)
(403, 0)
(1009873267, 0)
(406, 8)
(1017390934, 8)
(409, 1)
(1024908601, 1)
(412, 2)
(1032426268, 7)
(415, 1)
(1039943935, 8)
(418, 1)
(1047461602, 8)
(421, 4)
(1054979269, 4)
(424, 3)
(1062496936, 3)
(427, 0)
(1070014603, 0)
(430, 3)
(1077532270, 3)
(433, 6)
(1085049937, 3)
(436, 3)
(1092567604, 6)
(439, 3)
(1100085271, 6)
(442, 4)
(1107602938, 4)
(445, 5)
(1115120605, 5)
(448, 1)
(1122638272, 8)
(451, 0)
(1130155939, 0)
(454, 1)
(1137673606, 8)
(457, 8)
(1145191273, 1)
(460, 0)
(1152708940, 0)
(463, 7)
(1160226607, 2)
(466, 1)
(1167744274, 8)
(469, 1)
(1175261941, 8)
(472, 0)
(1182779608, 0)
(475, 0)
(1190297275, 0)
(478, 1)
(1197814942, 1)
(481, 7)
(1205332609, 2)
(484, 2)
(1212850276, 2)
(487, 1)
(1220367943, 8)
(490, 1)
(1227885610, 8)
(493, 0)
(1235403277, 0)
(496, 3)
(1242920944, 6)
(499, 0)
(1250438611, 0)
(502, 7)
(1257956278, 7)
(505, 2)
(1265473945, 7)
(508, 5)
(1272991612, 5)
(511, 5)
(1280509279, 4)
(514, 8)
(1288026946, 1)
(517, 0)
(1295544613, 0)
(520, 4)
(1303062280, 5)
(523, 0)
(1310579947, 0)
(526, 3)
(1318097614, 3)
(529, 5)
(1325615281, 5)
(532, 4)
(1333132948, 4)
(535, 5)
(1340650615, 5)
(538, 2)
(1348168282, 7)
(541, 7)
(1355685949, 2)
(544, 2)
(1363203616, 2)
(547, 0)
(1370721283, 0)
(550, 1)
(1378238950, 1)
(553, 2)
(1385756617, 7)
(556, 0)
(1393274284, 0)
(559, 4)
(1400791951, 5)
(562, 7)
(1408309618, 2)
(565, 3)
(1415827285, 6)
(568, 4)
(1423344952, 4)
(571, 0)
(1430862619, 0)
(574, 5)
(1438380286, 4)
(577, 5)
(1445897953, 4)
(580, 8)
(1453415620, 8)
(583, 5)
(1460933287, 5)
(586, 3)
(1468450954, 6)
(589, 1)
(1475968621, 1)
(592, 7)
(1483486288, 2)
(595, 0)
(1491003955, 0)
(598, 1)
(1498521622, 1)
(601, 2)
(1506039289, 7)
(604, 1)
(1513556956, 1)
(607, 1)
(1521074623, 8)
(610, 0)
(1528592290, 0)
(613, 1)
(1536109957, 1)
(616, 8)
(1543627624, 1)
(619, 0)
(1551145291, 0)
(622, 0)
(1558662958, 0)
(625, 5)
(1566180625, 5)
(628, 0)
(1573698292, 0)
(631, 4)
(1581215959, 4)
(634, 4)
(1588733626, 5)
(637, 5)
(1596251293, 5)
(640, 2)
(1603768960, 7)
(643, 0)
(1611286627, 0)
(646, 8)
(1618804294, 1)
(649, 2)
(1626321961, 7)
(652, 0)
(1633839628, 0)
(655, 6)
(1641357295, 6)
(658, 4)
(1648874962, 4)
(661, 3)
(1656392629, 3)
(664, 1)
(1663910296, 1)
(667, 0)
(1671427963, 0)
(670, 6)
(1678945630, 3)
(673, 3)
(1686463297, 6)
(676, 8)
(1693980964, 8)
(679, 6)
(1701498631, 3)
(682, 3)
(1709016298, 6)
(685, 0)
(1716533965, 0)
(688, 0)
(1724051632, 0)
(691, 0)
(1731569299, 0)
(694, 2)
(1739086966, 2)
(697, 5)
(1746604633, 5)
(700, 4)
(1754122300, 5)
(703, 5)
(1761639967, 5)
(706, 6)
(1769157634, 6)
(709, 1)
(1776675301, 1)
(712, 5)
(1784192968, 4)
(715, 0)
(1791710635, 0)
(718, 6)
(1799228302, 3)
(721, 4)
(1806745969, 4)
(724, 7)
(1814263636, 7)
(727, 1)
(1821781303, 1)
(730, 6)
(1829298970, 3)
(733, 8)
(1836816637, 1)
(736, 5)
(1844334304, 5)
(739, 0)
(1851851971, 0)
(742, 4)
(1859369638, 5)
(745, 7)
(1866887305, 7)
(748, 0)
(1874404972, 0)
(751, 6)
(1881922639, 3)
(754, 4)
(1889440306, 5)
(757, 1)
(1896957973, 8)
(760, 7)
(1904475640, 7)
(763, 0)
(1911993307, 0)
(766, 6)
(1919510974, 3)
(769, 2)
(1927028641, 2)
(772, 1)
(1934546308, 8)
(775, 3)
(1942063975, 6)
(778, 7)
(1949581642, 2)
(781, 2)
(1957099309, 2)
(784, 0)
(1964616976, 0)
(787, 0)
(1972134643, 0)
(790, 8)
(1979652310, 1)
(793, 5)
(1987169977, 5)
(796, 6)
(1994687644, 6)
(799, 7)
(2002205311, 2)
(802, 0)
(2009722978, 0)
(805, 1)
(2017240645, 1)
(808, 3)
(2024758312, 3)
(811, 0)
(2032275979, 0)
(814, 6)
(2039793646, 3)
(817, 6)
(2047311313, 6)
(820, 5)
(2054828980, 4)
(823, 3)
(2062346647, 6)
(826, 0)
(2069864314, 0)
(829, 7)
(2077381981, 7)
(832, 8)
(2084899648, 8)
(835, 0)
(2092417315, 0)
(838, 1)
(2099934982, 8)
(841, 7)
(2107452649, 7)
(844, 0)
(2114970316, 0)
(847, 8)
(2122487983, 1)
(850, 4)
(2130005650, 4)
