(1, 2)
(1324801, 2)
(4, 5)
(5299204, 5)
(7, 1)
(9273607, 1)
(10, 7)
(13248010, 7)
(13, 8)
(17222413, 1)
(16, 1)
(21196816, 1)
(19, 0)
(25171219, 0)
(22, 4)
(29145622, 4)
(25, 7)
(33120025, 7)
(28, 7)
(37094428, 7)
(31, 6)
(41068831, 3)
(34, 5)
(45043234, 4)
(37, 5)
(49017637, 5)
(40, 5)
(52992040, 5)
(43, 0)
(56966443, 0)
(46, 8)
(60940846, 1)
(49, 0)
(64915249, 0)
(52, 2)
(68889652, 7)
(55, 7)
(72864055, 7)
(58, 7)
(76838458, 7)
(61, 0)
(80812861, 0)
(64, 2)
(84787264, 2)
(67, 0)
(88761667, 0)
(70, 5)
(92736070, 5)
(73, 7)
(96710473, 2)
(76, 0)
(100684876, 0)
(79, 2)
(104659279, 7)
(82, 5)
(108633682, 4)
(85, 1)
(112608085, 8)
(88, 8)
(116582488, 8)
(91, 0)
(120556891, 0)
(94, 1)
(124531294, 1)
(97, 1)
(128505697, 8)
(100, 4)
(132480100, 4)
(103, 8)
(136454503, 1)
(106, 6)
(140428906, 6)
(109, 3)
(144403309, 3)
(112, 5)
(148377712, 5)
(115, 0)
(152352115, 0)
(118, 0)
(156326518, 0)
(121, 8)
(160300921, 8)
(124, 6)
(164275324, 3)
(127, 2)
(168249727, 7)
(130, 2)
(172224130, 7)
(133, 7)
(176198533, 2)
(136, 1)
(180172936, 8)
(139, 0)
(184147339, 0)
(142, 2)
(188121742, 7)
(145, 5)
(192096145, 5)
(148, 8)
(196070548, 8)
(151, 4)
(200044951, 5)
(154, 4)
(204019354, 4)
(157, 0)
(207993757, 0)
(160, 1)
(211968160, 1)
(163, 0)
(215942563, 0)
(166, 5)
(219916966, 5)
(169, 5)
(223891369, 5)
(172, 0)
(227865772, 0)
(175, 7)
(231840175, 7)
(178, 7)
(235814578, 2)
(181, 1)
(239788981, 1)
(184, 7)
(243763384, 2)
(187, 0)
(247737787, 0)
(190, 8)
(251712190, 1)
(193, 4)
(255686593, 4)
(196, 0)
(259660996, 0)
(199, 6)
(263635399, 6)
(202, 6)
(267609802, 3)
(205, 2)
(271584205, 7)
(208, 4)
(275558608, 5)
(211, 0)
(279533011, 0)
(214, 3)
(283507414, 6)
(217, 2)
(287481817, 7)
(220, 4)
(291456220, 4)
(223, 7)
(295430623, 2)
(226, 4)
(299405026, 5)
(229, 4)
(303379429, 5)
(232, 5)
(307353832, 5)
(235, 0)
(311328235, 0)
(238, 1)
(315302638, 8)
(241, 0)
(319277041, 0)
(244, 0)
(323251444, 0)
(247, 0)
(327225847, 0)
(250, 3)
(331200250, 3)
(253, 4)
(335174653, 5)
(256, 4)
(339149056, 4)
(259, 0)
(343123459, 0)
(262, 6)
(347097862, 6)
(265, 8)
(351072265, 8)
(268, 0)
(355046668, 0)
(271, 8)
(359021071, 1)
(274, 6)
(362995474, 3)
(277, 0)
(366969877, 0)
(280, 1)
(370944280, 1)
(283, 0)
(374918683, 0)
(286, 6)
(378893086, 3)
(289, 7)
(382867489, 7)
(292, 4)
(386841892, 5)
(295, 2)
(390816295, 2)
(298, 6)
(394790698, 3)
(301, 5)
(398765101, 5)
(304, 0)
(402739504, 0)
(307, 0)
(406713907, 0)
(310, 4)
(410688310, 5)
(313, 8)
(414662713, 1)
(316, 5)
(418637116, 4)
(319, 7)
(422611519, 7)
(322, 7)
(426585922, 2)
(325, 2)
(430560325, 7)
(328, 1)
(434534728, 8)
(331, 0)
(438509131, 0)
(334, 6)
(442483534, 6)
(337, 2)
(446457937, 7)
(340, 7)
(450432340, 2)
(343, 2)
(454406743, 2)
(346, 5)
(458381146, 5)
(349, 2)
(462355549, 2)
(352, 7)
(466329952, 7)
(355, 0)
(470304355, 0)
(358, 6)
(474278758, 3)
(361, 6)
(478253161, 6)
(364, 0)
(482227564, 0)
(367, 6)
(486201967, 3)
(370, 6)
(490176370, 6)
(373, 1)
(494150773, 8)
(376, 2)
(498125176, 2)
(379, 0)
(502099579, 0)
(382, 1)
(506073982, 8)
(385, 2)
(510048385, 2)
(388, 7)
(514022788, 2)
(391, 2)
(517997191, 2)
(394, 2)
(521971594, 7)
(397, 3)
(525945997, 3)
(400, 8)
(529920400, 8)
(403, 0)
(533894803, 0)
(406, 8)
(537869206, 8)
(409, 1)
(541843609, 8)
(412, 2)
(545818012, 7)
(415, 1)
(549792415, 1)
(418, 1)
(553766818, 8)
(421, 4)
(557741221, 4)
(424, 3)
(561715624, 3)
(427, 0)
(565690027, 0)
(430, 3)
(569664430, 3)
(433, 6)
(573638833, 6)
(436, 3)
(577613236, 3)
(439, 3)
(581587639, 3)
(442, 4)
(585562042, 4)
(445, 5)
(589536445, 4)
(448, 1)
(593510848, 1)
(451, 0)
(597485251, 0)
(454, 1)
(601459654, 8)
(457, 8)
(605434057, 8)
(460, 0)
(609408460, 0)
(463, 7)
(613382863, 2)
(466, 1)
(617357266, 1)
(469, 1)
(621331669, 1)
(472, 0)
(625306072, 0)
(475, 0)
(629280475, 0)
(478, 1)
(633254878, 1)
(481, 7)
(637229281, 2)
(484, 2)
(641203684, 2)
(487, 1)
(645178087, 8)
(490, 1)
(649152490, 1)
(493, 0)
(653126893, 0)
(496, 3)
(657101296, 6)
(499, 0)
(661075699, 0)
(502, 7)
(665050102, 2)
(505, 2)
(669024505, 7)
(508, 5)
(672998908, 4)
(511, 5)
(676973311, 4)
(514, 8)
(680947714, 8)
(517, 0)
(684922117, 0)
(520, 4)
(688896520, 5)
(523, 0)
(692870923, 0)
(526, 3)
(696845326, 6)
(529, 5)
(700819729, 5)
(532, 4)
(704794132, 5)
(535, 5)
(708768535, 4)
(538, 2)
(712742938, 7)
(541, 7)
(716717341, 7)
(544, 2)
(720691744, 7)
(547, 0)
(724666147, 0)
(550, 1)
(728640550, 1)
(553, 2)
(732614953, 7)
(556, 0)
(736589356, 0)
(559, 4)
(740563759, 5)
(562, 7)
(744538162, 2)
(565, 3)
(748512565, 6)
(568, 4)
(752486968, 5)
(571, 0)
(756461371, 0)
(574, 5)
(760435774, 4)
(577, 5)
(764410177, 5)
(580, 8)
(768384580, 8)
(583, 5)
(772358983, 5)
(586, 3)
(776333386, 3)
(589, 1)
(780307789, 1)
(592, 7)
(784282192, 7)
(595, 0)
(788256595, 0)
(598, 1)
(792230998, 1)
(601, 2)
(796205401, 7)
(604, 1)
(800179804, 8)
(607, 1)
(804154207, 1)
(610, 0)
(808128610, 0)
(613, 1)
(812103013, 1)
(616, 8)
(816077416, 8)
(619, 0)
(820051819, 0)
(622, 0)
(824026222, 0)
(625, 5)
(828000625, 5)
(628, 0)
(831975028, 0)
(631, 4)
(835949431, 4)
(634, 4)
(839923834, 5)
(637, 5)
(843898237, 4)
(640, 2)
(847872640, 2)
(643, 0)
(851847043, 0)
(646, 8)
(855821446, 8)
(649, 2)
(859795849, 2)
(652, 0)
(863770252, 0)
(655, 6)
(867744655, 6)
(658, 4)
(871719058, 4)
(661, 3)
(875693461, 6)
(664, 1)
(879667864, 1)
(667, 0)
(883642267, 0)
(670, 6)
(887616670, 6)
(673, 3)
(891591073, 6)
(676, 8)
(895565476, 8)
(679, 6)
(899539879, 3)
(682, 3)
(903514282, 6)
(685, 0)
(907488685, 0)
(688, 0)
(911463088, 0)
(691, 0)
(915437491, 0)
(694, 2)
(919411894, 7)
(697, 5)
(923386297, 5)
(700, 4)
(927360700, 4)
(703, 5)
(931335103, 4)
(706, 6)
(935309506, 6)
(709, 1)
(939283909, 8)
(712, 5)
(943258312, 4)
(715, 0)
(947232715, 0)
(718, 6)
(951207118, 3)
(721, 4)
(955181521, 5)
(724, 7)
(959155924, 7)
(727, 1)
(963130327, 8)
(730, 6)
(967104730, 3)
(733, 8)
(971079133, 8)
(736, 5)
(975053536, 4)
(739, 0)
(979027939, 0)
(742, 4)
(983002342, 4)
(745, 7)
(986976745, 2)
(748, 0)
(990951148, 0)
(751, 6)
(994925551, 3)
(754, 4)
(998899954, 5)
(757, 1)
(1002874357, 1)
(760, 7)
(1006848760, 2)
(763, 0)
(1010823163, 0)
(766, 6)
(1014797566, 3)
(769, 2)
(1018771969, 2)
(772, 1)
(1022746372, 1)
(775, 3)
(1026720775, 6)
(778, 7)
(1030695178, 7)
(781, 2)
(1034669581, 7)
(784, 0)
(1038643984, 0)
(787, 0)
(1042618387, 0)
(790, 8)
(1046592790, 1)
(793, 5)
(1050567193, 5)
(796, 6)
(1054541596, 6)
(799, 7)
(1058515999, 2)
(802, 0)
(1062490402, 0)
(805, 1)
(1066464805, 8)
(808, 3)
(1070439208, 6)
(811, 0)
(1074413611, 0)
(814, 6)
(1078388014, 6)
(817, 6)
(1082362417, 3)
(820, 5)
(1086336820, 4)
(823, 3)
(1090311223, 3)
(826, 0)
(1094285626, 0)
(829, 7)
(1098260029, 7)
(832, 8)
(1102234432, 1)
(835, 0)
(1106208835, 0)
(838, 1)
(1110183238, 1)
(841, 7)
(1114157641, 7)
(844, 0)
(1118132044, 0)
(847, 8)
(1122106447, 8)
(850, 4)
(1126080850, 5)
