(1, 2)
(77141089, 2)
(4, 5)
(308564356, 5)
(7, 1)
(539987623, 1)
(10, 7)
(771410890, 2)
(13, 8)
(1002834157, 1)
(16, 1)
(1234257424, 1)
(19, 0)
(1465680691, 0)
(22, 4)
(1697103958, 5)
(25, 7)
(1928527225, 7)
(28, 7)
(2159950492, 7)
(31, 6)
(2391373759, 3)
(34, 5)
(2622797026, 4)
(37, 5)
(2854220293, 4)
(40, 5)
(3085643560, 4)
(43, 0)
(3317066827, 0)
(46, 8)
(3548490094, 8)
(49, 0)
(3779913361, 0)
(52, 2)
(4011336628, 7)
(55, 7)
(4242759895, 7)
(58, 7)
(4474183162, 7)
(61, 0)
(4705606429, 0)
(64, 2)
(4937029696, 2)
(67, 0)
(5168452963, 0)
(70, 5)
(5399876230, 4)
(73, 7)
(5631299497, 7)
(76, 0)
(5862722764, 0)
(79, 2)
(6094146031, 2)
(82, 5)
(6325569298, 5)
(85, 1)
(6556992565, 1)
(88, 8)
(6788415832, 1)
(91, 0)
(7019839099, 0)
(94, 1)
(7251262366, 1)
(97, 1)
(7482685633, 1)
(100, 4)
(7714108900, 4)
(103, 8)
(7945532167, 1)
(106, 6)
(8176955434, 6)
(109, 3)
(8408378701, 3)
(112, 5)
(8639801968, 5)
(115, 0)
(8871225235, 0)
(118, 0)
(9102648502, 0)
(121, 8)
(9334071769, 8)
(124, 6)
(9565495036, 3)
(127, 2)
(9796918303, 2)
(130, 2)
(10028341570, 2)
(133, 7)
(10259764837, 2)
(136, 1)
(10491188104, 8)
(139, 0)
(10722611371, 0)
(142, 2)
(10954034638, 7)
(145, 5)
(11185457905, 4)
(148, 8)
(11416881172, 1)
(151, 4)
(11648304439, 5)
(154, 4)
(11879727706, 5)
(157, 0)
(12111150973, 0)
(160, 1)
(12342574240, 8)
(163, 0)
(12573997507, 0)
(166, 5)
(12805420774, 4)
(169, 5)
(13036844041, 5)
(172, 0)
(13268267308, 0)
(175, 7)
(13499690575, 7)
(178, 7)
(13731113842, 2)
(181, 1)
(13962537109, 8)
(184, 7)
(14193960376, 7)
(187, 0)
(14425383643, 0)
(190, 8)
(14656806910, 8)
(193, 4)
(14888230177, 4)
(196, 0)
(15119653444, 0)
(199, 6)
(15351076711, 6)
(202, 6)
(15582499978, 6)
(205, 2)
(15813923245, 7)
(208, 4)
(16045346512, 5)
(211, 0)
(16276769779, 0)
(214, 3)
(16508193046, 6)
(217, 2)
(16739616313, 7)
(220, 4)
(16971039580, 4)
(223, 7)
(17202462847, 2)
(226, 4)
(17433886114, 4)
(229, 4)
(17665309381, 4)
(232, 5)
(17896732648, 5)
(235, 0)
(18128155915, 0)
(238, 1)
(18359579182, 8)
(241, 0)
(18591002449, 0)
(244, 0)
(18822425716, 0)
(247, 0)
(19053848983, 0)
(250, 3)
(19285272250, 6)
(253, 4)
(19516695517, 5)
(256, 4)
(19748118784, 4)
(259, 0)
(19979542051, 0)
(262, 6)
(20210965318, 6)
(265, 8)
(20442388585, 1)
(268, 0)
(20673811852, 0)
(271, 8)
(20905235119, 8)
(274, 6)
(21136658386, 6)
(277, 0)
(21368081653, 0)
(280, 1)
(21599504920, 8)
(283, 0)
(21830928187, 0)
(286, 6)
(22062351454, 6)
(289, 7)
(22293774721, 7)
(292, 4)
(22525197988, 4)
(295, 2)
(22756621255, 2)
(298, 6)
(22988044522, 3)
(301, 5)
(23219467789, 4)
(304, 0)
(23450891056, 0)
(307, 0)
(23682314323, 0)
(310, 4)
(23913737590, 4)
(313, 8)
(24145160857, 8)
(316, 5)
(24376584124, 5)
(319, 7)
(24608007391, 2)
(322, 7)
(24839430658, 7)
(325, 2)
(25070853925, 7)
(328, 1)
(25302277192, 1)
(331, 0)
(25533700459, 0)
(334, 6)
(25765123726, 3)
(337, 2)
(25996546993, 2)
(340, 7)
(26227970260, 7)
(343, 2)
(26459393527, 2)
(346, 5)
(26690816794, 5)
(349, 2)
(26922240061, 7)
(352, 7)
(27153663328, 2)
(355, 0)
(27385086595, 0)
(358, 6)
(27616509862, 3)
(361, 6)
(27847933129, 6)
(364, 0)
(28079356396, 0)
(367, 6)
(28310779663, 6)
(370, 6)
(28542202930, 6)
(373, 1)
(28773626197, 1)
(376, 2)
(29005049464, 2)
(379, 0)
(29236472731, 0)
(382, 1)
(29467895998, 1)
(385, 2)
(29699319265, 2)
(388, 7)
(29930742532, 7)
(391, 2)
(30162165799, 7)
(394, 2)
(30393589066, 7)
(397, 3)
(30625012333, 3)
(400, 8)
(30856435600, 8)
(403, 0)
(31087858867, 0)
(406, 8)
(31319282134, 8)
(409, 1)
(31550705401, 8)
(412, 2)
(31782128668, 7)
(415, 1)
(32013551935, 1)
(418, 1)
(32244975202, 1)
(421, 4)
(32476398469, 4)
(424, 3)
(32707821736, 3)
(427, 0)
(32939245003, 0)
(430, 3)
(33170668270, 3)
(433, 6)
(33402091537, 6)
(436, 3)
(33633514804, 3)
(439, 3)
(33864938071, 3)
(442, 4)
(34096361338, 4)
(445, 5)
(34327784605, 5)
(448, 1)
(34559207872, 1)
(451, 0)
(34790631139, 0)
(454, 1)
(35022054406, 1)
(457, 8)
(35253477673, 8)
(460, 0)
(35484900940, 0)
(463, 7)
(35716324207, 2)
(466, 1)
(35947747474, 1)
(469, 1)
(36179170741, 8)
(472, 0)
(36410594008, 0)
(475, 0)
(36642017275, 0)
(478, 1)
(36873440542, 1)
(481, 7)
(37104863809, 7)
(484, 2)
(37336287076, 2)
(487, 1)
(37567710343, 1)
(490, 1)
(37799133610, 8)
(493, 0)
(38030556877, 0)
(496, 3)
(38261980144, 6)
(499, 0)
(38493403411, 0)
(502, 7)
(38724826678, 2)
(505, 2)
(38956249945, 7)
(508, 5)
(39187673212, 5)
(511, 5)
(39419096479, 5)
(514, 8)
(39650519746, 1)
(517, 0)
(39881943013, 0)
(520, 4)
(40113366280, 4)
(523, 0)
(40344789547, 0)
(526, 3)
(40576212814, 6)
(529, 5)
(40807636081, 5)
(532, 4)
(41039059348, 5)
(535, 5)
(41270482615, 5)
(538, 2)
(41501905882, 7)
(541, 7)
(41733329149, 2)
(544, 2)
(41964752416, 7)
(547, 0)
(42196175683, 0)
(550, 1)
(42427598950, 8)
(553, 2)
(42659022217, 2)
(556, 0)
(42890445484, 0)
(559, 4)
(43121868751, 4)
(562, 7)
(43353292018, 7)
(565, 3)
(43584715285, 6)
(568, 4)
(43816138552, 5)
(571, 0)
(44047561819, 0)
(574, 5)
(44278985086, 5)
(577, 5)
(44510408353, 5)
(580, 8)
(44741831620, 1)
(583, 5)
(44973254887, 4)
(586, 3)
(45204678154, 6)
(589, 1)
(45436101421, 1)
(592, 7)
(45667524688, 2)
(595, 0)
(45898947955, 0)
(598, 1)
(46130371222, 8)
(601, 2)
(46361794489, 7)
(604, 1)
(46593217756, 8)
(607, 1)
(46824641023, 8)
(610, 0)
(47056064290, 0)
(613, 1)
(47287487557, 1)
(616, 8)
(47518910824, 1)
(619, 0)
(47750334091, 0)
(622, 0)
(47981757358, 0)
(625, 5)
(48213180625, 5)
(628, 0)
(48444603892, 0)
(631, 4)
(48676027159, 5)
(634, 4)
(48907450426, 5)
(637, 5)
(49138873693, 4)
(640, 2)
(49370296960, 7)
(643, 0)
(49601720227, 0)
(646, 8)
(49833143494, 8)
(649, 2)
(50064566761, 2)
(652, 0)
(50295990028, 0)
(655, 6)
(50527413295, 3)
(658, 4)
(50758836562, 4)
(661, 3)
(50990259829, 3)
(664, 1)
(51221683096, 8)
(667, 0)
(51453106363, 0)
(670, 6)
(51684529630, 6)
(673, 3)
(51915952897, 6)
(676, 8)
(52147376164, 8)
(679, 6)
(52378799431, 6)
(682, 3)
(52610222698, 3)
(685, 0)
(52841645965, 0)
(688, 0)
(53073069232, 0)
(691, 0)
(53304492499, 0)
(694, 2)
(53535915766, 7)
(697, 5)
(53767339033, 4)
(700, 4)
(53998762300, 4)
(703, 5)
(54230185567, 5)
(706, 6)
(54461608834, 6)
(709, 1)
(54693032101, 1)
(712, 5)
(54924455368, 4)
(715, 0)
(55155878635, 0)
(718, 6)
(55387301902, 6)
(721, 4)
(55618725169, 5)
(724, 7)
(55850148436, 2)
(727, 1)
(56081571703, 1)
(730, 6)
(56312994970, 3)
(733, 8)
(56544418237, 1)
(736, 5)
(56775841504, 5)
(739, 0)
(57007264771, 0)
(742, 4)
(57238688038, 4)
(745, 7)
(57470111305, 7)
(748, 0)
(57701534572, 0)
(751, 6)
(57932957839, 6)
(754, 4)
(58164381106, 5)
(757, 1)
(58395804373, 8)
(760, 7)
(58627227640, 7)
(763, 0)
(58858650907, 0)
(766, 6)
(59090074174, 3)
(769, 2)
(59321497441, 2)
(772, 1)
(59552920708, 1)
(775, 3)
(59784343975, 6)
(778, 7)
(60015767242, 7)
(781, 2)
(60247190509, 2)
(784, 0)
(60478613776, 0)
(787, 0)
(60710037043, 0)
(790, 8)
(60941460310, 1)
(793, 5)
(61172883577, 4)
(796, 6)
(61404306844, 6)
(799, 7)
(61635730111, 2)
(802, 0)
(61867153378, 0)
(805, 1)
(62098576645, 8)
(808, 3)
(62329999912, 3)
(811, 0)
(62561423179, 0)
(814, 6)
(62792846446, 6)
(817, 6)
(63024269713, 6)
(820, 5)
(63255692980, 4)
(823, 3)
(63487116247, 3)
(826, 0)
(63718539514, 0)
(829, 7)
(63949962781, 2)
(832, 8)
(64181386048, 1)
(835, 0)
(64412809315, 0)
(838, 1)
(64644232582, 1)
(841, 7)
(64875655849, 7)
(844, 0)
(65107079116, 0)
(847, 8)
(65338502383, 8)
(850, 4)
(65569925650, 5)
