(1, 2)
(22572001, 2)
(4, 5)
(90288004, 5)
(7, 1)
(158004007, 1)
(10, 7)
(225720010, 7)
(13, 8)
(293436013, 1)
(16, 1)
(361152016, 1)
(19, 0)
(428868019, 0)
(22, 4)
(496584022, 4)
(25, 7)
(564300025, 7)
(28, 7)
(632016028, 7)
(31, 6)
(699732031, 3)
(34, 5)
(767448034, 5)
(37, 5)
(835164037, 4)
(40, 5)
(902880040, 5)
(43, 0)
(970596043, 0)
(46, 8)
(1038312046, 1)
(49, 0)
(1106028049, 0)
(52, 2)
(1173744052, 7)
(55, 7)
(1241460055, 7)
(58, 7)
(1309176058, 7)
(61, 0)
(1376892061, 0)
(64, 2)
(1444608064, 2)
(67, 0)
(1512324067, 0)
(70, 5)
(1580040070, 5)
(73, 7)
(1647756073, 7)
(76, 0)
(1715472076, 0)
(79, 2)
(1783188079, 7)
(82, 5)
(1850904082, 5)
(85, 1)
(1918620085, 1)
(88, 8)
(1986336088, 8)
(91, 0)
(2054052091, 0)
(94, 1)
(2121768094, 8)
(97, 1)
(2189484097, 1)
(100, 4)
(2257200100, 4)
(103, 8)
(2324916103, 1)
(106, 6)
(2392632106, 3)
(109, 3)
(2460348109, 3)
(112, 5)
(2528064112, 5)
(115, 0)
(2595780115, 0)
(118, 0)
(2663496118, 0)
(121, 8)
(2731212121, 8)
(124, 6)
(2798928124, 3)
(127, 2)
(2866644127, 7)
(130, 2)
(2934360130, 7)
(133, 7)
(3002076133, 2)
(136, 1)
(3069792136, 1)
(139, 0)
(3137508139, 0)
(142, 2)
(3205224142, 2)
(145, 5)
(3272940145, 5)
(148, 8)
(3340656148, 1)
(151, 4)
(3408372151, 4)
(154, 4)
(3476088154, 4)
(157, 0)
(3543804157, 0)
(160, 1)
(3611520160, 1)
(163, 0)
(3679236163, 0)
(166, 5)
(3746952166, 5)
(169, 5)
(3814668169, 5)
(172, 0)
(3882384172, 0)
(175, 7)
(3950100175, 7)
(178, 7)
(4017816178, 7)
(181, 1)
(4085532181, 1)
(184, 7)
(4153248184, 2)
(187, 0)
(4220964187, 0)
(190, 8)
(4288680190, 1)
(193, 4)
(4356396193, 5)
(196, 0)
(4424112196, 0)
(199, 6)
(4491828199, 6)
(202, 6)
(4559544202, 6)
(205, 2)
(4627260205, 2)
(208, 4)
(4694976208, 5)
(211, 0)
(4762692211, 0)
(214, 3)
(4830408214, 3)
(217, 2)
(4898124217, 7)
(220, 4)
(4965840220, 4)
(223, 7)
(5033556223, 2)
(226, 4)
(5101272226, 5)
(229, 4)
(5168988229, 4)
(232, 5)
(5236704232, 5)
(235, 0)
(5304420235, 0)
(238, 1)
(5372136238, 1)
(241, 0)
(5439852241, 0)
(244, 0)
(5507568244, 0)
(247, 0)
(5575284247, 0)
(250, 3)
(5643000250, 3)
(253, 4)
(5710716253, 5)
(256, 4)
(5778432256, 4)
(259, 0)
(5846148259, 0)
(262, 6)
(5913864262, 3)
(265, 8)
(5981580265, 1)
(268, 0)
(6049296268, 0)
(271, 8)
(6117012271, 1)
(274, 6)
(6184728274, 6)
(277, 0)
(6252444277, 0)
(280, 1)
(6320160280, 1)
(283, 0)
(6387876283, 0)
(286, 6)
(6455592286, 3)
(289, 7)
(6523308289, 7)
(292, 4)
(6591024292, 4)
(295, 2)
(6658740295, 2)
(298, 6)
(6726456298, 6)
(301, 5)
(6794172301, 4)
(304, 0)
(6861888304, 0)
(307, 0)
(6929604307, 0)
(310, 4)
(6997320310, 5)
(313, 8)
(7065036313, 1)
(316, 5)
(7132752316, 4)
(319, 7)
(7200468319, 7)
(322, 7)
(7268184322, 2)
(325, 2)
(7335900325, 7)
(328, 1)
(7403616328, 1)
(331, 0)
(7471332331, 0)
(334, 6)
(7539048334, 3)
(337, 2)
(7606764337, 7)
(340, 7)
(7674480340, 7)
(343, 2)
(7742196343, 2)
(346, 5)
(7809912346, 4)
(349, 2)
(7877628349, 2)
(352, 7)
(7945344352, 7)
(355, 0)
(8013060355, 0)
(358, 6)
(8080776358, 6)
(361, 6)
(8148492361, 6)
(364, 0)
(8216208364, 0)
(367, 6)
(8283924367, 3)
(370, 6)
(8351640370, 3)
(373, 1)
(8419356373, 8)
(376, 2)
(8487072376, 7)
(379, 0)
(8554788379, 0)
(382, 1)
(8622504382, 1)
(385, 2)
(8690220385, 2)
(388, 7)
(8757936388, 7)
(391, 2)
(8825652391, 7)
(394, 2)
(8893368394, 2)
(397, 3)
(8961084397, 6)
(400, 8)
(9028800400, 8)
(403, 0)
(9096516403, 0)
(406, 8)
(9164232406, 8)
(409, 1)
(9231948409, 8)
(412, 2)
(9299664412, 7)
(415, 1)
(9367380415, 1)
(418, 1)
(9435096418, 8)
(421, 4)
(9502812421, 5)
(424, 3)
(9570528424, 6)
(427, 0)
(9638244427, 0)
(430, 3)
(9705960430, 6)
(433, 6)
(9773676433, 6)
(436, 3)
(9841392436, 3)
(439, 3)
(9909108439, 6)
(442, 4)
(9976824442, 5)
(445, 5)
(10044540445, 5)
(448, 1)
(10112256448, 1)
(451, 0)
(10179972451, 0)
(454, 1)
(10247688454, 1)
(457, 8)
(10315404457, 1)
(460, 0)
(10383120460, 0)
(463, 7)
(10450836463, 2)
(466, 1)
(10518552466, 1)
(469, 1)
(10586268469, 1)
(472, 0)
(10653984472, 0)
(475, 0)
(10721700475, 0)
(478, 1)
(10789416478, 1)
(481, 7)
(10857132481, 7)
(484, 2)
(10924848484, 2)
(487, 1)
(10992564487, 1)
(490, 1)
(11060280490, 1)
(493, 0)
(11127996493, 0)
(496, 3)
(11195712496, 6)
(499, 0)
(11263428499, 0)
(502, 7)
(11331144502, 2)
(505, 2)
(11398860505, 2)
(508, 5)
(11466576508, 4)
(511, 5)
(11534292511, 5)
(514, 8)
(11602008514, 1)
(517, 0)
(11669724517, 0)
(520, 4)
(11737440520, 5)
(523, 0)
(11805156523, 0)
(526, 3)
(11872872526, 6)
(529, 5)
(11940588529, 5)
(532, 4)
(12008304532, 5)
(535, 5)
(12076020535, 5)
(538, 2)
(12143736538, 7)
(541, 7)
(12211452541, 7)
(544, 2)
(12279168544, 2)
(547, 0)
(12346884547, 0)
(550, 1)
(12414600550, 1)
(553, 2)
(12482316553, 7)
(556, 0)
(12550032556, 0)
(559, 4)
(12617748559, 4)
(562, 7)
(12685464562, 2)
(565, 3)
(12753180565, 6)
(568, 4)
(12820896568, 4)
(571, 0)
(12888612571, 0)
(574, 5)
(12956328574, 5)
(577, 5)
(13024044577, 4)
(580, 8)
(13091760580, 8)
(583, 5)
(13159476583, 4)
(586, 3)
(13227192586, 6)
(589, 1)
(13294908589, 1)
(592, 7)
(13362624592, 2)
(595, 0)
(13430340595, 0)
(598, 1)
(13498056598, 1)
(601, 2)
(13565772601, 7)
(604, 1)
(13633488604, 1)
(607, 1)
(13701204607, 1)
(610, 0)
(13768920610, 0)
(613, 1)
(13836636613, 1)
(616, 8)
(13904352616, 8)
(619, 0)
(13972068619, 0)
(622, 0)
(14039784622, 0)
(625, 5)
(14107500625, 5)
(628, 0)
(14175216628, 0)
(631, 4)
(14242932631, 4)
(634, 4)
(14310648634, 4)
(637, 5)
(14378364637, 4)
(640, 2)
(14446080640, 2)
(643, 0)
(14513796643, 0)
(646, 8)
(14581512646, 1)
(649, 2)
(14649228649, 2)
(652, 0)
(14716944652, 0)
(655, 6)
(14784660655, 3)
(658, 4)
(14852376658, 5)
(661, 3)
(14920092661, 3)
(664, 1)
(14987808664, 1)
(667, 0)
(15055524667, 0)
(670, 6)
(15123240670, 6)
(673, 3)
(15190956673, 6)
(676, 8)
(15258672676, 8)
(679, 6)
(15326388679, 6)
(682, 3)
(15394104682, 6)
(685, 0)
(15461820685, 0)
(688, 0)
(15529536688, 0)
(691, 0)
(15597252691, 0)
(694, 2)
(15664968694, 2)
(697, 5)
(15732684697, 5)
(700, 4)
(15800400700, 4)
(703, 5)
(15868116703, 5)
(706, 6)
(15935832706, 6)
(709, 1)
(16003548709, 8)
(712, 5)
(16071264712, 5)
(715, 0)
(16138980715, 0)
(718, 6)
(16206696718, 6)
(721, 4)
(16274412721, 5)
(724, 7)
(16342128724, 7)
(727, 1)
(16409844727, 1)
(730, 6)
(16477560730, 6)
(733, 8)
(16545276733, 1)
(736, 5)
(16612992736, 4)
(739, 0)
(16680708739, 0)
(742, 4)
(16748424742, 5)
(745, 7)
(16816140745, 7)
(748, 0)
(16883856748, 0)
(751, 6)
(16951572751, 3)
(754, 4)
(17019288754, 5)
(757, 1)
(17087004757, 1)
(760, 7)
(17154720760, 2)
(763, 0)
(17222436763, 0)
(766, 6)
(17290152766, 6)
(769, 2)
(17357868769, 7)
(772, 1)
(17425584772, 8)
(775, 3)
(17493300775, 6)
(778, 7)
(17561016778, 2)
(781, 2)
(17628732781, 2)
(784, 0)
(17696448784, 0)
(787, 0)
(17764164787, 0)
(790, 8)
(17831880790, 1)
(793, 5)
(17899596793, 5)
(796, 6)
(17967312796, 6)
(799, 7)
(18035028799, 2)
(802, 0)
(18102744802, 0)
(805, 1)
(18170460805, 8)
(808, 3)
(18238176808, 3)
(811, 0)
(18305892811, 0)
(814, 6)
(18373608814, 3)
(817, 6)
(18441324817, 6)
(820, 5)
(18509040820, 5)
(823, 3)
(18576756823, 3)
(826, 0)
(18644472826, 0)
(829, 7)
(18712188829, 2)
(832, 8)
(18779904832, 1)
(835, 0)
(18847620835, 0)
(838, 1)
(18915336838, 8)
(841, 7)
(18983052841, 7)
(844, 0)
(19050768844, 0)
(847, 8)
(19118484847, 8)
(850, 4)
(19186200850, 4)
